Y(hoy),Y(ayer)
-0.8535891110459488,-1.2512291476184885
-0.8535891110459488,-1.7151425236197753
-0.8535891110459488,-1.5163225053335054
-2.1127825601923007,-1.11868246876098
-2.0465092207635536,-1.5163225053335054
-2.0465092207635536,-1.7814158630485224
-2.0465092207635536,-1.2512291476184885
-1.9802358813347922,-0.8535891110459488
-1.913962541906045,-0.9198624504747102
-2.70924261505111,-1.2512291476184885
-2.974335972766127,-1.7814158630485224
-2.908062633337366,-2.179055899621062
-2.5766959361935875,-2.70924261505111
-2.1127825601923007,-2.5766959361935875
-2.0465092207635536,-1.913962541906045
-2.0465092207635536,-1.913962541906045
-1.913962541906045,-1.913962541906045
-1.2512291476184885,-1.5163225053335054
-0.9861357899034573,-0.9198624504747102
-1.648869184191014,-0.8535891110459488
-2.0465092207635536,-0.3234023956159007
-1.9802358813347922,-0.8535891110459488
-1.5163225053335054,0.20678431981413326
-0.9861357899034573,0.20678431981413326
-0.8535891110459488,0.20678431981413326
-0.8535891110459488,0.20678431981413326
-0.8535891110459488,0.20678431981413326
-0.8535891110459488,0.4056043381004031
-0.7873157716172017,0.8695177141016899
0.07423764095662477,1.2671577506742295
-0.45594907447342337,1.2671577506742295
0.20678431981413326,1.2671577506742295
0.20678431981413326,1.2671577506742295
0.20678431981413326,1.7310711266755163
0.20678431981413326,2.2612578421055503
0.2730576592428946,2.5263511998205814
1.0020643929591984,3.1228112546793767
0.33933099867164174,3.3879046123944008
1.2671577506742295,2.990264575821868
1.399704429531738,2.5263511998205814
1.929891144961772,2.5263511998205814
2.46007786039182,3.1228112546793767
3.0565379152506154,3.6529979701094177
3.5204512912519093,4.315731364396974
3.5204512912519093,3.918091327824442
4.05063800668195,5.177284776970794
3.5204512912519093,4.713371400969507
4.580824722111998,5.6411981529720805
3.918091327824442,6.171384868402129
3.255357933536885,7.032938280975948
2.725171218106837,6.569024904974661
2.3938045209630587,7.496851656977235
2.46007786039182,7.894491693549767
3.0565379152506154,7.894491693549767
2.46007786039182,8.689771766694832
3.5204512912519093,8.159585051264791
3.8518179883956876,8.557225087837324
3.3879046123944008,8.093311711836037
4.448278043254483,7.894491693549767
4.580824722111998,7.894491693549767
4.580824722111998,8.2921317301223
4.91219141925577,8.888591784981102
4.448278043254483,8.954865124409856
5.508651474114572,9.418778500411143
6.171384868402129,10.015238555269946
6.834118262689678,10.280331912984963
7.541033883263069,10.677971949557495
7.761945014692259,11.274432004416298
7.099211620404702,11.47325202270256
6.834118262689678,12.401078774705141
6.834118262689678,11.870892059275093
6.834118262689678,13.726545563280247
7.099211620404702,13.06381216899269
7.761945014692259,14.256732278710288
7.4305783175484805,13.660272223851493
6.834118262689678,13.461452205565223
6.237658207830883,13.461452205565223
5.84001817125835,13.461452205565223
6.480660452402979,13.461452205565223
6.834118262689678,13.593998884422739
6.834118262689678,14.12418559985278
6.834118262689678,14.521825636425312
6.834118262689678,14.588098975854066
6.834118262689678,15.184559030712869
6.834118262689678,14.786918994140336
6.9003916021184395,15.648472406714156
7.629398335834743,16.907665855860508
7.099211620404702,16.244932461572958
7.894491693549767,15.847292425000418
7.894491693549767,17.570399250148064
8.093311711836037,17.106485874146777
8.689771766694832,16.64257249814549
9.352505160982389,16.244932461572958
10.015238555269946,15.781019085571664
10.677971949557495,15.582199067285401
11.208158664987543,15.781019085571664
10.545425270699987,16.377479140430466
10.0815118946987,16.775119177003
10.412878591842478,16.907665855860508
10.015238555269946,17.702945929005573
11.075611986130028,17.968039286720597
11.208158664987543,18.16685930500686
11.47325202270256,18.630772681008153
11.075611986130028,19.160959396438194
12.003438738132608,20.022512809012014
12.599898792991404,19.558599433010727
13.196358847850206,20.552699524442062
13.638181110708572,20.884066221585833
14.455552296996558,20.088786148440768
13.991638920995271,19.558599433010727
14.521825636425312,19.028412717580686
14.588098975854066,21.856075199874248
15.71474574614291,21.281706258158366
15.184559030712869,20.751519542728325
14.65437231528282,20.221332827298284
16.775119177003,19.82369279072575
16.244932461572958,22.209533010160946
16.775119177003,22.40835302844721
16.775119177003,23.00481308330601
16.775119177003,23.534999798736052
17.371579231861794,24.330279871881118
16.907665855860508,23.800093156451076
17.835492607863088,24.59537322959614
17.835492607863088,24.993013266168674
18.36567932329313,25.854566678742493
17.968039286720597,25.390653302741207
19.028412717580686,26.384753394172535
19.73532833815407,26.84866677017383
19.82369279072575,27.37885348560387
19.293506075295703,27.776493522176402
19.028412717580686,27.842766861605156
21.01661290044335,28.571773595321467
20.4864261850133,28.041586879891426
19.95623946958326,28.43922691646396
19.42605275415322,27.90904020103391
21.149159579300857,27.90904020103391
21.21543291872961,28.571773595321467
21.54679961587339,28.83686695303649
21.149159579300857,28.83686695303649
22.07698633130343,29.234506989609024
21.41425293701588,29.89724038389658
21.149159579300857,29.83096704446782
20.751519542728325,29.300780329037778
20.221332827298284,29.83096704446782
21.149159579300857,29.367053668466532
20.618972863870816,30.294880420469113
21.54679961587339,30.957613814756662
21.149159579300857,31.222707172471686
22.07698633130343,31.42152719075795
21.74561963415966,31.929622793045077
21.281706258158366,31.62034720904422
21.149159579300857,31.222707172471686
21.21543291872961,32.216807263903014
21.613072955302144,33.2771806947631
21.149159579300857,32.68072063990431
22.07698633130343,33.07836067647684
21.613072955302144,32.415627282189284
21.21543291872961,32.283080603331776
21.149159579300857,31.885440566759243
21.082886239872103,31.39943607761503
21.01661290044335,32.216807263903014
20.552699524442062,32.415627282189284
20.15505948786953,32.98999622390516
20.022512809012014,32.68072063990431
19.95623946958326,32.283080603331776
19.42605275415322,32.81326731876182
18.962139378151925,32.283080603331776
18.23313264443562,34.050369654765255
17.968039286720597,33.47600071304937
17.437852571290556,34.33755412562319
17.17275921357553,33.74109407076439
16.775119177003,33.2771806947631
16.112385782715442,32.68072063990431
15.449652388427886,32.283080603331776
14.786918994140336,32.01798724561675
14.190458939281534,31.48780053018671
13.593998884422739,31.090160493614178
12.931265490135182,30.42742709932662
12.268532095847625,29.764693705039065
11.738345380417584,29.101960310751508
11.274432004416298,28.571773595321467
11.605798701560076,28.174133558748935
11.075611986130028,27.710220182747648
12.268532095847625,27.24630680674636
11.605798701560076,26.782393430745074
11.340705343845052,26.583573412458804
10.94306530727252,26.053386697028763
10.280331912984963,25.523199981598715
10.015238555269946,25.05928660559743
9.617598518697413,24.330279871881118
9.219958482124873,23.667546477593568
9.88269187641243,23.203633101592274
9.88269187641243,22.60717304673348
9.219958482124873,22.209533010160946
9.087411803267365,21.811892973588414
9.617598518697413,21.21543291872961
10.015238555269946,21.01661290044335
9.352505160982389,20.353879506155792
9.02113846383861,20.088786148440768
9.087411803267365,19.691146111868235
10.147785234127454,19.028412717580686
9.617598518697413,18.498226002150638
9.087411803267365,18.100585965578105
11.208158664987543,17.63667258957682
10.677971949557495,17.040212534718023
10.236149686699129,16.64257249814549
10.94306530727252,16.244932461572958
12.047620964418442,15.781019085571664
11.47325202270256,15.582199067285401
10.412878591842478,15.317105709570377
12.268532095847625,14.720645654711582
11.738345380417584,14.521825636425312
11.406978683273806,14.919465672997845
12.047620964418442,15.449652388427886
12.33480543527638,14.985739012426599
12.577807679848483,14.65437231528282
13.461452205565223,15.184559030712869
12.931265490135182,16.046112443286688
14.168367826138613,15.582199067285401
14.389278957567804,16.510025819287975
13.859092242137756,15.847292425000418
13.461452205565223,15.781019085571664
14.455552296996558,16.244932461572958
13.859092242137756,16.708845837574245
14.985739012426599,17.040212534718023
15.449652388427886,17.901765947291842
14.919465672997845,17.437852571290556
15.317105709570377,18.431952662721883
14.786918994140336,18.763319359865662
15.979839103857934,18.100585965578105
16.64257249814549,17.968039286720597
16.775119177003,17.968039286720597
16.907665855860508,17.968039286720597
17.570399250148064,18.16685930500686
17.570399250148064,18.763319359865662
16.907665855860508,19.028412717580686
16.775119177003,19.42605275415322
16.775119177003,19.82369279072575
16.112385782715442,19.22723273586695
15.71474574614291,19.028412717580686
15.71474574614291,19.028412717580686
15.184559030712869,19.028412717580686
14.65437231528282,19.028412717580686
14.521825636425312,19.160959396438194
14.588098975854066,20.022512809012014
14.985739012426599,19.558599433010727
14.521825636425312,20.4864261850133
15.449652388427886,21.082886239872103
15.118285691284115,21.347979597587127
14.65437231528282,21.811892973588414
15.250832370141623,22.209533010160946
15.71474574614291,22.209533010160946
15.582199067285401,22.209533010160946
15.317105709570377,22.209533010160946
14.786918994140336,22.209533010160946
14.521825636425312,22.143259670732192
14.521825636425312,21.679346294730898
14.588098975854066,21.281706258158366
14.919465672997845,20.618972863870816
14.521825636425312,19.95623946958326
15.493834614713727,19.492326093581973
15.71474574614291,19.028412717580686
15.71474574614291,19.691146111868235
15.979839103857934,20.088786148440768
15.582199067285401,19.691146111868235
16.64257249814549,19.22723273586695
16.775119177003,19.82369279072575
16.775119177003,20.088786148440768
17.106485874146777,20.552699524442062
16.64257249814549,21.082886239872103
17.702945929005573,21.149159579300857
17.835492607863088,20.751519542728325
17.30530589243304,20.287606166727038
16.907665855860508,19.757419451296997
17.570399250148064,19.22723273586695
17.570399250148064,19.95623946958326
16.907665855860508,19.558599433010727
16.775119177003,19.09468605700944
16.775119177003,19.028412717580686
16.244932461572958,19.028412717580686
15.781019085571664,19.028412717580686
16.510025819287975,19.82369279072575
15.979839103857934,19.293506075295703
16.510025819287975,19.691146111868235
15.847292425000418,19.293506075295703
15.582199067285401,18.89586603872317
15.052012351855353,18.431952662721883
14.588098975854066,17.901765947291842
14.521825636425312,17.437852571290556
14.256732278710288,17.084394761003857
13.991638920995271,17.835492607863088
13.593998884422739,17.437852571290556
13.461452205565223,16.841392516431753
13.328905526707715,16.841392516431753
12.798718811277674,17.437852571290556
12.401078774705141,17.968039286720597
13.328905526707715,17.968039286720597
12.798718811277674,19.028412717580686
13.328905526707715,18.36567932329313
12.798718811277674,19.691146111868235
12.401078774705141,20.15505948786953
12.401078774705141,20.81779288215708
12.467352114133895,20.353879506155792
13.107994395278524,21.281706258158366
12.53362545356265,22.07698633130343
13.328905526707715,21.679346294730898
12.864992150706428,21.590981842159223
13.328905526707715,22.40835302844721
12.467352114133895,23.468726459307298
11.870892059275093,22.872266404448496
11.208158664987543,23.97682206159442
10.677971949557495,23.667546477593568
10.015238555269946,23.13735976216352
9.750145197554922,22.60717304673348
9.352505160982389,23.13735976216352
8.822318445552341,22.673446386162233
8.2921317301223,22.07698633130343
7.629398335834743,21.54679961587339
6.966664941547194,20.884066221585833
6.436478226117146,20.618972863870816
5.906291510687105,20.221332827298284
5.3761047952570635,19.691146111868235
4.713371400969507,19.160959396438194
4.448278043254483,18.630772681008153
4.05063800668195,18.16685930500686
3.3879046123944008,17.570399250148064
2.725171218106837,17.040212534718023
2.3938045209630587,16.510025819287975
2.46007786039182,15.847292425000418
1.929891144961772,15.582199067285401
1.399704429531738,15.184559030712869
1.2671577506742295,14.65437231528282
1.2671577506742295,13.991638920995271
1.0020643929591984,13.328905526707715
0.7369710352441814,12.666172132420158
0.33933099867164174,12.003438738132608
0.20678431981413326,11.340705343845052
0.20678431981413326,10.677971949557495
,10.147785234127454
,9.617598518697413
,8.954865124409856
,8.2921317301223
,7.629398335834743
,6.966664941547194
,6.303931547259637
,5.6411981529720805
,5.1110114375420395
,4.580824722111998
,4.1169113461107045
,3.6529979701094177
,3.255357933536885
,2.7914445575355984
,2.3275311815343116
,2.2612578421055503
,1.664797787246755
,1.2671577506742295
,1.2671577506742295
,1.2671577506742295
