Y(hoy),Y(ayer)
-0.8535891110459488,0.20678431981413326
-0.3234023956159007,0.20678431981413326
-0.1908557167583922,0.20678431981413326
-0.654769092759679,0.20678431981413326
-0.8535891110459488,0.20678431981413326
-0.8535891110459488,0.20678431981413326
-0.8535891110459488,0.14051098038538612
-0.8535891110459488,-0.45594907447342337
-0.8535891110459488,-0.8535891110459488
-1.1849558081897271,-0.8535891110459488
-1.7814158630485224,-0.8535891110459488
-2.1127825601923007,-0.8535891110459488
-2.0465092207635536,-0.8535891110459488
-2.0465092207635536,-0.8535891110459488
-2.0465092207635536,-0.8535891110459488
-2.70924261505111,-0.8535891110459488
-2.974335972766127,-0.8535891110459488
-2.974335972766127,-0.8535891110459488
-2.974335972766127,-0.8535891110459488
-2.974335972766127,-0.8535891110459488
-2.974335972766127,-0.8535891110459488
-2.974335972766127,-0.8535891110459488
-2.974335972766127,-0.8535891110459488
-2.974335972766127,-0.8535891110459488
-2.974335972766127,-0.8535891110459488
-2.974335972766127,-0.8535891110459488
-2.5766959361935875,-0.8535891110459488
-2.0465092207635536,-0.8535891110459488
-2.5766959361935875,-0.8535891110459488
-2.908062633337366,-0.8535891110459488
-2.3116025784785705,-0.8535891110459488
-2.3116025784785705,-0.8535891110459488
-2.908062633337366,-0.8535891110459488
-2.974335972766127,-0.8535891110459488
-2.974335972766127,-0.8535891110459488
-2.974335972766127,-0.8535891110459488
-2.974335972766127,-0.8535891110459488
-2.974335972766127,-0.8535891110459488
-2.974335972766127,-0.8535891110459488
-2.974335972766127,-0.8535891110459488
-2.974335972766127,-0.8535891110459488
-2.974335972766127,-0.8535891110459488
-2.974335972766127,-0.8535891110459488
-2.974335972766127,-0.8535891110459488
-2.974335972766127,-0.8535891110459488
-2.974335972766127,-0.8535891110459488
-2.908062633337366,-0.8535891110459488
-2.0465092207635536,-0.8535891110459488
-2.5766959361935875,-0.8535891110459488
-2.5766959361935875,-0.8535891110459488
-2.974335972766127,-0.8535891110459488
-2.179055899621062,-0.8535891110459488
-2.70924261505111,-0.8535891110459488
-2.908062633337366,-0.8535891110459488
-2.974335972766127,-0.389675735044662
-2.2674203521927296,-0.8535891110459488
-2.8417892939086187,0.14051098038538612
-2.0465092207635536,0.20678431981413326
-2.0465092207635536,0.20678431981413326
-2.0465092207635536,0.20678431981413326
-2.0465092207635536,0.6044243563866729
-2.0465092207635536,1.2008844112454682
-2.0465092207635536,1.2671577506742295
-2.0465092207635536,1.2671577506742295
-2.0023269944777127,1.2671577506742295
-1.11868246876098,1.2671577506742295
-1.648869184191014,1.2671577506742295
-0.8535891110459488,1.7310711266755163
-0.8535891110459488,2.194984502676803
-0.8535891110459488,1.7310711266755163
-0.8535891110459488,1.399704429531738
-0.8535891110459488,2.0624378238192946
-0.8535891110459488,2.3275311815343116
-0.8535891110459488,2.7914445575355984
-0.8535891110459488,3.3879046123944008
-0.8535891110459488,3.5204512912519093
-0.8535891110459488,3.5204512912519093
-0.45594907447342337,3.1228112546793767
-0.8535891110459488,2.5263511998205814
0.07423764095662477,2.3275311815343116
-0.389675735044662,2.46007786039182
-0.7873157716172017,2.990264575821868
-0.1466734904725655,3.454177951823155
0.14051098038538612,3.5204512912519093
0.20678431981413326,3.5867246306806635
0.07423764095662477,4.315731364396974
-0.45594907447342337,3.918091327824442
-0.7873157716172017,3.7855446489669333
-0.1466734904725655,3.255357933536885
-0.1908557167583922,2.5926245392493286
-0.7210424321884403,2.3275311815343116
-0.8535891110459488,2.3275311815343116
-0.7210424321884403,1.929891144961772
-0.1466734904725655,1.4659777689604852
0.07423764095662477,0.9357910535304512
-0.5884957533309318,0.42769545124332353
-0.8535891110459488,1.2008844112454682
-0.7210424321884403,0.7369710352441814
-0.1466734904725655,1.2671577506742295
0.07423764095662477,1.2671577506742295
-0.45594907447342337,1.2671577506742295
-0.8535891110459488,1.3334310901029767
0.07423764095662477,2.0624378238192946
-0.45594907447342337,1.5322511083892465
0.07423764095662477,1.929891144961772
-0.45594907447342337,1.4659777689604852
-0.7873157716172017,1.2671577506742295
-0.1466734904725655,1.664797787246755
0.07423764095662477,2.2612578421055503
-0.5884957533309318,2.0624378238192946
-0.8535891110459488,1.4880688821034056
-0.8535891110459488,2.2612578421055503
-0.8535891110459488,1.7973444661042635
-0.8535891110459488,2.3275311815343116
-0.8535891110459488,2.3275311815343116
-0.8535891110459488,2.194984502676803
-0.8535891110459488,1.664797787246755
-0.8535891110459488,1.2671577506742295
-0.8535891110459488,1.2671577506742295
-0.8535891110459488,1.2671577506742295
-0.8535891110459488,1.2671577506742295
-0.8535891110459488,1.664797787246755
-0.8535891110459488,2.194984502676803
-0.8535891110459488,1.7973444661042635
-0.8535891110459488,1.3334310901029767
-0.8535891110459488,1.399704429531738
-0.8535891110459488,2.2612578421055503
-0.8535891110459488,1.7973444661042635
-0.8535891110459488,2.3275311815343116
-0.7873157716172017,2.3275311815343116
-0.389675735044662,1.929891144961772
-0.8535891110459488,1.4659777689604852
0.07423764095662477,1.2671577506742295
0.14051098038538612,1.7310711266755163
-0.05830903790088371,2.2612578421055503
-0.3234023956159007,2.3275311815343116
-0.7210424321884403,2.0624378238192946
-0.8535891110459488,1.4880688821034056
-0.8535891110459488,2.2612578421055503
-0.8535891110459488,1.7973444661042635
-0.8535891110459488,2.3275311815343116
-0.8535891110459488,2.3938045209630587
-0.8535891110459488,2.3275311815343116
-0.8535891110459488,2.3275311815343116
-0.8535891110459488,2.3938045209630587
-0.8535891110459488,3.255357933536885
-0.8535891110459488,2.8577178969643597
-0.7873157716172017,2.990264575821868
-0.1466734904725655,2.5926245392493286
-0.7210424321884403,2.194984502676803
0.07423764095662477,1.7310711266755163
-0.389675735044662,1.399704429531738
0.07423764095662477,2.0624378238192946
-0.8535891110459488,2.3275311815343116
-0.389675735044662,2.3275311815343116
0.07423764095662477,2.3275311815343116
0.14051098038538612,2.3938045209630587
0.07423764095662477,2.3275311815343116
-0.389675735044662,2.3938045209630587
-0.8535891110459488,3.1228112546793767
-0.45594907447342337,2.5926245392493286
0.07423764095662477,2.990264575821868
-0.45594907447342337,2.3938045209630587
-0.8535891110459488,2.3275311815343116
-0.5884957533309318,2.3938045209630587
0.07423764095662477,3.1228112546793767
0.20678431981413326,2.5926245392493286
0.20678431981413326,2.8577178969643597
0.20678431981413326,2.5926245392493286
0.20678431981413326,3.3879046123944008
0.20678431981413326,2.8577178969643597
0.20678431981413326,3.3879046123944008
0.20678431981413326,2.7914445575355984
0.38351322495748263,3.3216312729656394
1.1346110718167068,2.8577178969643597
0.67069769581542,3.5204512912519093
0.47187767752916443,3.5204512912519093
0.20678431981413326,3.5204512912519093
0.6044243563866729,3.5204512912519093
0.20678431981413326,3.5204512912519093
1.1346110718167068,3.5204512912519093
0.67069769581542,3.5204512912519093
0.2730576592428946,3.5204512912519093
0.20678431981413326,3.5204512912519093
0.20678431981413326,3.7855446489669333
0.20678431981413326,4.448278043254483
0.20678431981413326,4.448278043254483
0.20678431981413326,3.829726875252767
0.20678431981413326,4.315731364396974
0.20678431981413326,4.713371400969507
0.20678431981413326,4.183184685539466
0.20678431981413326,3.5867246306806635
0.14051098038538612,3.3879046123944008
0.07423764095662477,2.7914445575355984
-0.45594907447342337,3.1228112546793767
-0.8535891110459488,2.5926245392493286
-0.8535891110459488,2.990264575821868
-0.8535891110459488,2.5263511998205814
-0.8535891110459488,2.3938045209630587
-0.8535891110459488,2.3275311815343116
-0.8535891110459488,2.46007786039182
-0.8535891110459488,3.255357933536885
-0.8535891110459488,2.8577178969643597
-0.8535891110459488,2.5926245392493286
-0.8535891110459488,2.3275311815343116
-0.8535891110459488,1.929891144961772
-0.8535891110459488,1.3334310901029767
-0.8535891110459488,1.2671577506742295
-0.8535891110459488,1.2671577506742295
-0.8535891110459488,1.2008844112454682
-0.9198624504747102,0.8695177141016899
-1.11868246876098,0.4056043381004031
-1.383775826475997,1.1346110718167068
-1.7372336367626815,0.67069769581542
-0.9861357899034573,0.6044243563866729
-1.5163225053335054,0.20678431981413326
-0.9861357899034573,0.4056043381004031
-1.5163225053335054,1.0020643929591984
-1.9802358813347922,0.6044243563866729
-0.9861357899034573,0.20678431981413326
-1.5163225053335054,0.20678431981413326
-1.913962541906045,0.20678431981413326
-0.8535891110459488,0.20678431981413326
-0.8535891110459488,0.20678431981413326
-0.8535891110459488,0.20678431981413326
-0.8535891110459488,0.07423764095662477
-0.8535891110459488,-0.45594907447342337
-0.8535891110459488,-0.8535891110459488
-0.8535891110459488,-0.1908557167583922
-0.8535891110459488,0.20678431981413326
-0.8535891110459488,0.20678431981413326
-0.6768602059025994,0.20678431981413326
-0.12458237732964506,0.20678431981413326
-0.12458237732964506,-0.1908557167583922
-0.45594907447342337,-0.654769092759679
-0.8535891110459488,-0.05830903790088371
-0.12458237732964506,-0.1908557167583922
0.20678431981413326,-0.5884957533309318
0.20678431981413326,-0.1908557167583922
0.20678431981413326,0.20678431981413326
0.33933099867164174,0.20678431981413326
0.9357910535304512,0.20678431981413326
0.9357910535304512,0.20678431981413326
0.8695177141016899,0.20678431981413326
0.33933099867164174,0.20678431981413326
0.20678431981413326,0.20678431981413326
0.20678431981413326,0.20678431981413326
0.20678431981413326,0.20678431981413326
0.20678431981413326,0.20678431981413326
0.14051098038538612,0.20678431981413326
0.07423764095662477,0.20678431981413326
-0.389675735044662,0.20678431981413326
-0.7873157716172017,0.20678431981413326
-0.7210424321884403,0.20678431981413326
-0.1466734904725655,0.20678431981413326
0.07423764095662477,0.33933099867164174
-0.5884957533309318,0.8695177141016899
-0.8535891110459488,1.2671577506742295
-0.45594907447342337,1.2671577506742295
0.07423764095662477,0.8695177141016899
-0.45594907447342337,0.2730576592428946
-0.7873157716172017,0.20678431981413326
-0.1466734904725655,0.20678431981413326
0.07423764095662477,0.20678431981413326
-0.5884957533309318,0.20678431981413326
-0.8535891110459488,0.20678431981413326
-0.8535891110459488,0.6044243563866729
-0.8535891110459488,1.2008844112454682
-0.8535891110459488,1.2671577506742295
-0.9198624504747102,1.2671577506742295
-0.9861357899034573,1.2671577506742295
-1.5163225053335054,1.0020643929591984
-1.9802358813347922,0.33933099867164174
-1.7814158630485224,0.20678431981413326
-2.179055899621062,0.20678431981413326
-1.2512291476184885,0.20678431981413326
,0.20678431981413326
,0.20678431981413326
,0.20678431981413326
,0.33933099867164174
,0.8695177141016899
,1.2671577506742295
,1.2671577506742295
,1.2671577506742295
,1.2671577506742295
,1.2671577506742295
,1.2671577506742295
,1.2671577506742295
,1.2671577506742295
,1.2671577506742295
,1.2671577506742295
,1.2671577506742295
,1.2671577506742295
,1.2671577506742295
,0.8695177141016899
,0.2730576592428946
,0.20678431981413326
,0.67069769581542
,1.1346110718167068
,0.7369710352441814
,0.2730576592428946
