Y(hoy),Y(ayer)
4.713371400969507,3.5204512912519093
5.177284776970794,3.454177951823155
5.6411981529720805,2.990264575821868
5.6411981529720805,2.5263511998205814
4.978464758684531,2.2612578421055503
4.713371400969507,1.7310711266755163
4.183184685539466,1.2008844112454682
3.5867246306806635,0.8695177141016899
3.5204512912519093,0.4056043381004031
2.8577178969643597,0.20678431981413326
2.3938045209630587,0.20678431981413326
2.3275311815343116,0.20678431981413326
2.0624378238192946,-0.05830903790088371
1.5322511083892465,-0.45594907447342337
1.2671577506742295,-0.8535891110459488
1.1346110718167068,-0.8535891110459488
0.6044243563866729,-0.8535891110459488
0.47187767752916443,-0.8535891110459488
0.14051098038538612,-1.383775826475997
-0.389675735044662,-1.913962541906045
-0.5884957533309318,-1.383775826475997
-0.8535891110459488,-1.648869184191014
-0.8535891110459488,-1.913962541906045
-0.8535891110459488,-1.913962541906045
-0.8535891110459488,-1.383775826475997
-0.8535891110459488,-1.648869184191014
-0.8535891110459488,-1.913962541906045
-0.8535891110459488,-1.913962541906045
-0.9198624504747102,-1.383775826475997
-0.9861357899034573,-1.648869184191014
-1.5825958447622668,-1.913962541906045
-2.179055899621062,-1.450049165904744
-1.8476892024772837,-0.9861357899034573
-0.9198624504747102,-1.383775826475997
-1.383775826475997,-1.648869184191014
-0.5884957533309318,-0.8535891110459488
0.14051098038538612,-0.8535891110459488
0.6486065826724996,-0.8535891110459488
2.5926245392493286,-0.8535891110459488
2.990264575821868,-0.7210424321884403
3.3879046123944008,0.8695177141016899
2.990264575821868,1.2671577506742295
2.5926245392493286,1.5322511083892465
4.514551382683237,2.194984502676803
5.177284776970794,2.3275311815343116
5.6411981529720805,2.5926245392493286
6.303931547259637,3.1228112546793767
7.629398335834743,3.918091327824442
14.389278957567804,4.448278043254483
13.859092242137756,5.3761047952570635
16.775119177003,4.978464758684531
16.244932461572958,5.906291510687105
15.71474574614291,6.303931547259637
15.184559030712869,7.099211620404702
17.30530589243304,7.761945014692259
17.702945929005573,9.087411803267365
18.23313264443562,8.689771766694832
18.89586603872317,10.147785234127454
19.558599433010727,11.47325202270256
26.053386697028763,11.075611986130028
25.523199981598715,12.798718811277674
25.125559945026183,13.859092242137756
28.24040689817769,13.461452205565223
27.643946843318894,15.979839103857934
27.113760127888845,15.449652388427886
26.583573412458804,14.919465672997845
29.234506989609024,14.521825636425312
28.704320274178976,17.570399250148064
31.355253851329195,17.040212534718023
30.825067135899154,16.510025819287975
30.42742709932662,18.36567932329313
33.60854739190688,19.160959396438194
32.945813997619325,18.763319359865662
32.415627282189284,19.558599433010727
34.93401418048199,20.088786148440768
34.27128078619444,20.088786148440768
35.596747574769545,21.54679961587339
37.4524010787747,21.01661290044335
36.92221436334465,23.667546477593568
39.04296122506483,23.13735976216352
38.51277450963478,27.113760127888845
40.36842801363994,26.583573412458804
39.838241298209894,26.053386697028763
42.22408151764509,25.523199981598715
41.69389480221505,25.125559945026183
46.73066859880046,28.43922691646396
44.87501509479531,27.90904020103391
44.34482837936527,27.511400164461378
47.59222201137428,29.764693705039065
47.12830863537299,29.234506989609024
46.73066859880046,32.415627282189284
46.33302856222792,31.885440566759243
43.15190826964766,31.355253851329195
42.62172155421762,30.825067135899154
42.22408151764509,30.42742709932662
42.26826374393093,34.27128078619444
42.75426823307514,33.74109407076439
43.41700162736269,33.21090735533435
44.477375058222776,32.81326731876182
45.00756177365282,35.0665608593395
45.670295167940374,34.66892082276697
46.200481883370415,36.126934290199586
45.40520181022535,35.596747574769545
46.200481883370415,38.247681151919764
44.609921737080285,37.717494436489716
44.079735021650244,37.187307721059675
43.61582164564895,36.78966768448714
42.75426823307514,39.57314794049488
42.22408151764509,39.04296122506483
41.69389480221505,38.6453211884923
41.20789031307084,40.63352137135496
43.019361590790155,40.10333465592491
42.3566281965026,42.75426823307514
41.95898815993007,42.22408151764509
43.019361590790155,41.69389480221505
42.48917487536011,45.14010845251033
41.95898815993007,44.609921737080285
41.428801444500024,44.079735021650244
40.76606805021247,45.80284184679789
40.50097469249745,46.33302856222792
39.9707879770674,47.12830863537299
39.37432792220861,47.39340199308802
38.77786786734981,46.86321527765797
38.115134473062255,46.200481883370415
37.51867441820345,44.87501509479531
36.92221436334465,43.94718834279273
36.39202764791461,43.41700162736269
35.86184093248457,43.28445494850518
35.464200895912036,43.28445494850518
36.657121005629634,42.886814911932646
37.717494436489716,42.3566281965026
37.187307721059675,42.48917487536011
36.524574326772125,43.81464166393522
36.2594809690571,44.21228170050775
35.72929425362706,43.61582164564895
35.464200895912036,43.085634930218916
35.464200895912036,42.48917487536011
35.19910753819701,41.82644148107256
34.66892082276697,41.16370808678501
34.40382746505195,40.63352137135496
33.873640749621906,40.16960799535367
33.40972737362062,40.10333465592491
34.050369654765255,40.76606805021247
34.27128078619444,40.63352137135496
33.60854739190688,40.23588133478243
33.34345403419186,39.838241298209894
33.34345403419186,39.308054582779846
33.47600071304937,38.84414120677856
34.13873410733692,38.38022783077727
34.40382746505195,37.98258779420474
34.27128078619444,37.51867441820345
33.80736741019315,36.92221436334465
33.21090735533435,36.2594809690571
32.68072063990431,35.596747574769545
32.283080603331776,35.19910753819701
33.21090735533435,34.735194162195725
32.68072063990431,35.33165421705452
32.283080603331776,34.867740841053234
34.27128078619444,34.13873410733692
33.74109407076439,33.40972737362062
35.33165421705452,33.34345403419186
34.80146750162448,33.21090735533435
34.27128078619444,32.68072063990431
33.60854739190688,32.216807263903014
33.34345403419186,31.62034720904422
33.34345403419186,31.222707172471686
33.52018293933521,31.355253851329195
34.80146750162448,31.929622793045077
34.27128078619444,31.62034720904422
35.33165421705452,31.222707172471686
34.80146750162448,31.222707172471686
34.40382746505195,31.929622793045077
35.464200895912036,31.48780053018671
34.80146750162448,31.62034720904422
35.464200895912036,31.222707172471686
35.19910753819701,31.156433833042932
34.80146750162448,30.825067135899154
34.4701008044807,30.361153759897867
34.4701008044807,30.957613814756662
34.867740841053234,30.42742709932662
34.40382746505195,31.222707172471686
35.464200895912036,31.752893887901728
35.72929425362706,32.34935394276053
36.39202764791461,32.945813997619325
35.79556759305581,32.54817396104679
35.33165421705452,33.34345403419186
34.80146750162448,32.81326731876182
34.205007446765684,32.283080603331776
34.80146750162448,32.68072063990431
33.74109407076439,33.2771806947631
35.33165421705452,33.34345403419186
34.40382746505195,33.34345403419186
34.80146750162448,32.945813997619325
35.37583644334036,32.34935394276053
34.80146750162448,32.415627282189284
35.596747574769545,32.98999622390516
35.596747574769545,32.68072063990431
35.86184093248457,32.283080603331776
35.464200895912036,33.54227405247813
36.524574326772125,33.07836067647684
36.657121005629634,34.13873410733692
36.78966768448714,34.27128078619444
37.4524010787747,33.47600071304937
38.115134473062255,33.54227405247813
38.77786786734981,34.13873410733692
38.247681151919764,33.873640749621906
39.17550790392234,33.47600071304937
38.51277450963478,34.27128078619444
40.36842801363994,33.873640749621906
39.90451463763865,33.47600071304937
41.428801444500024,32.81326731876182
40.898614729069976,32.415627282189284
41.95898815993007,34.13873410733692
41.296254765642516,33.47600071304937
40.63352137135496,32.945813997619325
40.30215467421118,34.40382746505195
41.03116140792749,34.60264748333822
40.50097469249745,35.19910753819701
42.3566281965026,35.464200895912036
47.52594867194553,35.92811427191332
49.6466955336657,36.39202764791461
49.11650881823566,37.4524010787747
49.91178889138072,36.92221436334465
49.24905549709317,38.51277450963478
48.58632210280561,37.98258779420474
47.923588708518054,39.37432792220861
47.32712865365926,39.838241298209894
46.86321527765797,39.308054582779846
47.52594867194553,38.6453211884923
46.86321527765797,38.115134473062255
46.06793520451291,39.57314794049488
45.53774848908286,39.04296122506483
44.74246841593779,38.6453211884923
43.35072828793393,39.308054582779846
43.81464166393522,38.91041454620732
44.87501509479531,40.63352137135496
44.34482837936527,40.10333465592491
43.41700162736269,39.705694619352386
45.47147514965411,43.28445494850518
44.609921737080285,42.75426823307514
43.81464166393522,42.22408151764509
43.28445494850518,45.9353885256554
42.62172155421762,45.27265513136784
38.247681151919764,47.791042029660545
37.85004111534723,47.39340199308802
37.187307721059675,48.58632210280561
37.717494436489716,48.12240872680432
37.187307721059675,47.65849535080304
36.92221436334465,47.260855314230504
36.2594809690571,46.79694193822922
35.596747574769545,46.73066859880046
34.93401418048199,47.32712865365926
33.47600071304937,46.73066859880046
32.945813997619325,46.266755222799176
32.283080603331776,45.80284184679789
31.48780053018671,45.40520181022535
30.957613814756662,44.74246841593779
30.162333741611597,44.21228170050775
30.957613814756662,43.5495483062202
30.42742709932662,42.62172155421762
31.222707172471686,42.75426823307514
31.090160493614178,42.3566281965026
31.090160493614178,43.88091500336398
30.55997377818413,43.28445494850518
30.162333741611597,44.87501509479531
31.090160493614178,44.34482837936527
30.55997377818413,45.27265513136784
30.162333741611597,44.74246841593779
31.686620548472973,44.079735021650244
32.283080603331776,43.5495483062202
32.98999622390516,43.019361590790155
33.21090735533435,42.48917487536011
32.54817396104679,41.16370808678501
32.15053392447426,40.10333465592491
31.686620548472973,39.705694619352386
31.222707172471686,38.247681151919764
31.686620548472973,37.717494436489716
32.15053392447426,37.187307721059675
32.945813997619325,36.78966768448714
32.415627282189284,36.458300987343364
34.27128078619444,35.99438761134208
33.74109407076439,35.596747574769545
34.27128078619444,35.0665608593395
33.80736741019315,33.74109407076439
33.40972737362062,33.21090735533435
33.40972737362062,32.74699397933306
33.80736741019315,32.01798724561675
33.34345403419186,31.355253851329195
34.33755412562319,30.294880420469113
34.27128078619444,29.89724038389658
33.74109407076439,30.361153759897867
33.34345403419186,30.825067135899154
34.27128078619444,30.294880420469113
35.464200895912036,29.83096704446782
34.80146750162448,29.234506989609024
36.126934290199586,28.571773595321467
36.657121005629634,27.90904020103391
36.701303231915475,29.54378257360988
37.717494436489716,28.969413631894
37.31985439991719,28.43922691646396
36.524574326772125,29.49960034732404
36.126934290199586,29.101960310751508
35.464200895912036,30.02978706275409
36.657121005629634,31.156433833042932
36.2594809690571,30.55997377818413
36.72339434505839,31.686620548472973
38.51277450963478,32.01798724561675
37.98258779420474,31.48780053018671
37.4524010787747,31.090160493614178
37.054761042202166,30.55997377818413
39.838241298209894,30.096060402182843
39.308054582779846,29.632147026181556
38.6453211884923,29.278689215894858
38.38022783077727,30.096060402182843
37.98258779420474,29.632147026181556
37.51867441820345,30.55997377818413
36.92221436334465,31.686620548472973
36.59084766620087,31.090160493614178
37.187307721059675,32.68072063990431
36.657121005629634,32.216807263903014
37.717494436489716,33.21090735533435
37.187307721059675,32.15053392447426
36.78966768448714,31.62034720904422
37.49658330506054,31.222707172471686
37.85004111534723,31.222707172471686
37.31985439991719,31.42152719075795
36.657121005629634,31.885440566759243
37.4524010787747,32.415627282189284
36.92221436334465,33.2771806947631
37.4524010787747,32.81326731876182
36.78966768448714,33.74109407076439
36.657121005629634,34.13873410733692
35.99438761134208,33.54227405247813
35.53047423534079,33.01208733704808
35.464200895912036,32.415627282189284
34.93401418048199,33.01208733704808
34.66892082276697,34.006187428479414
34.27128078619444,33.47600071304937
33.60854739190688,34.4701008044807
33.34345403419186,35.99438761134208
35.596747574769545,35.33165421705452
35.0665608593395,34.80146750162448
36.96639658963049,37.187307721059675
36.39202764791461,36.657121005629634
37.717494436489716,38.247681151919764
37.054761042202166,37.717494436489716
36.657121005629634,38.77786786734981
36.657121005629634,38.115134473062255
35.99438761134208,37.4524010787747
35.72929425362706,37.054761042202166
35.33165421705452,36.39202764791461
34.536374143909455,35.596747574769545
33.873640749621906,35.464200895912036
33.40972737362062,35.99438761134208
33.60854739190688,36.657121005629634
34.27128078619444,36.524574326772125
33.80736741019315,36.126934290199586
34.27128078619444,35.6630209141983
33.2771806947631,35.0665608593395
32.74699397933306,34.60264748333822
32.15053392447426,34.006187428479414
31.48780053018671,33.47600071304937
30.891340475327908,35.39792755648328
30.294880420469113,34.80146750162448
29.632147026181556,34.40382746505195
28.969413631894,35.6630209141983
29.49960034732404,36.126934290199586
29.89724038389658,36.657121005629634
29.300780329037778,37.187307721059675
28.903140292465245,36.126934290199586
28.83686695303649,35.464200895912036
28.571773595321467,34.867740841053234
28.041586879891426,34.40382746505195
27.776493522176402,34.536374143909455
27.24630680674636,35.33165421705452
26.583573412458804,34.93401418048199
26.053386697028763,34.80146750162448
25.523199981598715,34.40382746505195
25.05928660559743,34.006187428479414
24.529099890167387,33.54227405247813
24.462826550738633,32.81326731876182
23.800093156451076,32.15053392447426
23.269906441021035,31.48780053018671
22.60717304673348,33.74109407076439
21.944439652445922,33.21090735533435
21.41425293701588,32.68072063990431
21.01661290044335,35.0665608593395
20.4864261850133,34.536374143909455
19.95623946958326,36.39202764791461
19.42605275415322,35.86184093248457
18.89586603872317,35.19910753819701
18.23313264443562,34.536374143909455
17.570399250148064,35.0665608593395
17.239032553004286,34.27128078619444
17.835492607863088,33.74109407076439
17.30530589243304,33.21090735533435
18.36567932329313,32.68072063990431
18.89586603872317,32.15053392447426
18.36567932329313,31.62034720904422
17.702945929005573,31.222707172471686
17.17275921357553,32.01798724561675
16.510025819287975,31.62034720904422
15.847292425000418,31.156433833042932
15.582199067285401,30.825067135899154
15.052012351855353,30.294880420469113
14.521825636425312,29.83096704446782
13.726545563280247,29.300780329037778
13.461452205565223,28.83686695303649
13.461452205565223,28.43922691646396
13.328905526707715,27.975313540462672
12.666172132420158,27.511400164461378
12.401078774705141,27.113760127888845
12.003438738132608,26.716120091316313
11.47325202270256,27.113760127888845
10.94306530727252,27.511400164461378
10.412878591842478,26.914940109602583
10.0815118946987,26.451026733601296
10.147785234127454,26.053386697028763
10.147785234127454,25.523199981598715
,24.993013266168674
,24.529099890167387
,23.932639835308585
,23.534999798736052
,23.13735976216352
,22.673446386162233
,22.209533010160946
,21.811892973588414
,21.347979597587127
,20.81779288215708
,20.353879506155792
,19.95623946958326
,19.492326093581973
,19.028412717580686
,18.630772681008153
,18.100585965578105
,17.63667258957682
,17.040212534718023
,16.708845837574245
,16.377479140430466
,15.71474574614291
,15.250832370141623
,14.65437231528282
,14.190458939281534
,13.726545563280247
,13.328905526707715
,12.798718811277674
,12.33480543527638
,11.870892059275093
,11.406978683273806
,11.208158664987543
,10.677971949557495
,10.214058573556208
,9.683871858126167
,9.15368514269612
,8.888591784981102
,8.424678408979808
,7.960765032978522
