Y(hoy),Y(ayer)
-1.9802358813347922,-0.8535891110459488
-2.0465092207635536,-0.8535891110459488
-2.0465092207635536,-0.9198624504747102
-2.1127825601923007,-1.450049165904744
-2.0465092207635536,-1.913962541906045
-2.0465092207635536,-1.7814158630485224
-2.179055899621062,-1.11868246876098
-2.0465092207635536,-0.8535891110459488
-2.0465092207635536,-1.383775826475997
-2.0465092207635536,-1.7814158630485224
-2.0465092207635536,-1.11868246876098
-2.1127825601923007,-0.8535891110459488
-2.70924261505111,-0.8535891110459488
-2.974335972766127,-0.8535891110459488
-2.974335972766127,-0.9861357899034573
-2.5766959361935875,-1.5163225053335054
-1.450049165904744,-1.913962541906045
-0.9861357899034573,-1.913962541906045
-0.8535891110459488,-1.913962541906045
-0.8535891110459488,-1.913962541906045
-0.8535891110459488,-1.913962541906045
-0.8535891110459488,-1.913962541906045
-0.8535891110459488,-1.383775826475997
-0.8535891110459488,-1.913962541906045
-0.654769092759679,-1.2512291476184885
-0.05830903790088371,-1.7151425236197753
0.38351322495748263,-1.913962541906045
1.399704429531738,-1.913962541906045
0.8695177141016899,-1.383775826475997
1.9961644843905333,-0.8535891110459488
2.5926245392493286,-1.2512291476184885
3.299540159822719,-1.7151425236197753
3.5204512912519093,-1.2512291476184885
3.5204512912519093,-1.648869184191014
3.6529979701094177,-0.8535891110459488
4.315731364396974,-0.9198624504747102
4.978464758684531,-1.2512291476184885
5.6411981529720805,-1.7151425236197753
6.171384868402129,-1.11868246876098
6.834118262689678,-1.648869184191014
7.541033883263069,-0.8535891110459488
8.336313956408134,-0.8535891110459488
9.617598518697413,-0.654769092759679
9.087411803267365,-0.1908557167583922
10.457060818128312,0.20678431981413326
11.208158664987543,0.20678431981413326
12.268532095847625,0.20678431981413326
11.738345380417584,0.20678431981413326
13.593998884422739,0.20678431981413326
13.130085508421452,0.67069769581542
14.65437231528282,1.2008844112454682
14.12418559985278,1.2008844112454682
15.71474574614291,0.33933099867164174
15.184559030712869,0.33933099867164174
16.377479140430466,1.0020643929591984
17.040212534718023,1.2671577506742295
17.702945929005573,1.7310711266755163
17.835492607863088,2.2612578421055503
18.630772681008153,2.3275311815343116
18.03431262614935,2.3275311815343116
17.702945929005573,2.3275311815343116
21.01661290044335,2.3275311815343116
20.420152845584546,2.3275311815343116
19.95623946958326,2.3275311815343116
19.42605275415322,2.3275311815343116
22.916448630734337,1.664797787246755
22.342079689018455,1.3334310901029767
21.811892973588414,1.929891144961772
24.19773319302361,1.5322511083892465
23.733819817022322,2.3275311815343116
25.78829333931374,2.3938045209630587
25.324379963312452,3.1228112546793767
24.72791990845365,2.5926245392493286
27.90904020103391,3.5204512912519093
27.312580146175115,3.6529979701094177
26.84866677017383,4.448278043254483
26.31848005474378,4.448278043254483
29.764693705039065,3.7855446489669333
29.16823365018027,3.5204512912519093
28.704320274178976,3.5204512912519093
31.62034720904422,3.5204512912519093
31.023887154185417,3.5204512912519093
30.55997377818413,3.5204512912519093
33.47600071304937,3.5204512912519093
33.01208733704808,4.05063800668195
32.415627282189284,3.6529979701094177
34.66892082276697,4.580824722111998
34.006187428479414,4.713371400969507
35.33165421705452,5.243558116399548
36.92221436334465,4.713371400969507
36.39202764791461,5.773744831829596
35.86184093248457,5.773744831829596
38.77786786734981,5.773744831829596
38.247681151919764,5.773744831829596
37.717494436489716,5.773744831829596
40.63352137135496,5.972564850115859
40.16960799535367,6.436478226117146
39.57314794049488,6.834118262689678
42.22408151764509,7.231758299262211
41.69389480221505,8.093311711836037
41.16370808678501,7.629398335834743
42.886814911932646,8.689771766694832
43.5495483062202,8.557225087837324
44.12391724793608,8.093311711836037
44.34482837936527,7.894491693549767
43.81464166393522,8.2921317301223
43.15190826964766,8.689771766694832
42.62172155421762,8.424678408979808
41.95898815993007,7.894491693549767
41.296254765642516,8.954865124409856
41.03116140792749,9.02113846383861
41.296254765642516,10.479151931271232
41.95898815993007,9.88269187641243
41.428801444500024,9.352505160982389
40.898614729069976,10.81051862841501
40.36842801363994,10.280331912984963
39.838241298209894,10.214058573556208
39.308054582779846,10.74424528898625
38.91041454620732,11.274432004416298
40.898614729069976,11.738345380417584
40.36842801363994,12.33480543527638
39.838241298209894,12.401078774705141
39.838241298209894,12.401078774705141
39.17550790392234,12.33480543527638
38.91041454620732,12.003438738132608
38.91041454620732,11.47325202270256
39.308054582779846,11.340705343845052
38.91041454620732,11.340705343845052
39.838241298209894,11.804618719846339
39.308054582779846,12.135985416990117
38.77786786734981,11.47325202270256
38.115134473062255,11.340705343845052
37.65122109706097,11.406978683273806
37.717494436489716,12.666172132420158
37.25358106048843,12.003438738132608
36.657121005629634,13.395178866136469
36.126934290199586,13.461452205565223
35.464200895912036,13.461452205565223
38.51277450963478,13.395178866136469
37.85004111534723,13.06381216899269
37.31985439991719,12.599898792991404
36.8559410239159,13.06381216899269
36.39202764791461,12.666172132420158
35.86184093248457,13.925365581566517
38.51277450963478,13.461452205565223
37.98258779420474,14.389278957567804
37.4524010787747,13.925365581566517
36.92221436334465,13.593998884422739
36.39202764791461,14.190458939281534
35.86184093248457,14.65437231528282
35.19910753819701,15.317105709570377
34.93401418048199,14.919465672997845
34.536374143909455,15.515925727856647
34.006187428479414,15.582199067285401
33.34345403419186,15.184559030712869
33.07836067647684,14.720645654711582
32.68072063990431,14.521825636425312
32.15053392447426,14.521825636425312
31.48780053018671,14.12418559985278
30.891340475327908,13.527725544993984
30.294880420469113,13.593998884422739
29.632147026181556,14.389278957567804
28.969413631894,13.925365581566517
28.83686695303649,13.395178866136469
28.306680237606443,12.798718811277674
27.643946843318894,12.401078774705141
26.981213449031337,13.395178866136469
26.451026733601296,13.328905526707715
25.78829333931374,12.666172132420158
26.451026733601296,11.870892059275093
26.583573412458804,11.406978683273806
25.920840018171248,12.003438738132608
25.390653302741207,11.539525362131315
24.72791990845365,11.009338646701273
24.330279871881118,10.412878591842478
24.72791990845365,10.015238555269946
25.258106623883698,9.352505160982389
24.661646569024896,8.888591784981102
25.258106623883698,8.358405069551054
24.19773319302361,7.894491693549767
23.667546477593568,7.761945014692259
23.269906441021035,6.966664941547194
24.462826550738633,6.834118262689678
23.932639835308585,6.834118262689678
24.462826550738633,6.834118262689678
23.800093156451076,6.834118262689678
23.534999798736052,6.767844923260924
23.00481308330601,6.436478226117146
22.474626367875963,5.906291510687105
21.811892973588414,5.773744831829596
21.281706258158366,5.773744831829596
23.402453119878544,5.773744831829596
22.872266404448496,5.906291510687105
22.342079689018455,6.480660452402979
25.523199981598715,6.171384868402129
24.993013266168674,5.773744831829596
24.462826550738633,6.767844923260924
23.932639835308585,6.70157158383217
24.462826550738633,6.171384868402129
23.932639835308585,5.773744831829596
23.402453119878544,6.70157158383217
23.402453119878544,6.303931547259637
23.800093156451076,7.231758299262211
23.269906441021035,7.828218354121013
24.462826550738633,7.894491693549767
23.932639835308585,7.894491693549767
23.534999798736052,7.894491693549767
24.241915419309443,7.496851656977235
24.462826550738633,7.032938280975948
23.800093156451076,7.828218354121013
23.534999798736052,7.364304978119726
23.13735976216352,7.894491693549767
22.60717304673348,8.093311711836037
22.209533010160946,8.689771766694832
24.19773319302361,8.424678408979808
23.667546477593568,8.027038372407276
25.523199981598715,8.888591784981102
24.993013266168674,8.424678408979808
25.58947332102747,9.15368514269612
25.390653302741207,9.617598518697413
25.125559945026183,10.0815118946987
24.772102134739484,10.479151931271232
25.523199981598715,10.94306530727252
24.993013266168674,12.33480543527638
24.993013266168674,11.738345380417584
24.462826550738633,11.340705343845052
25.523199981598715,13.395178866136469
25.523199981598715,12.798718811277674
25.05928660559743,13.660272223851493
24.661646569024896,14.12418559985278
25.302288850169532,14.521825636425312
25.523199981598715,14.389278957567804
25.191833284454937,13.859092242137756
24.772102134739484,13.395178866136469
25.523199981598715,12.798718811277674
26.583573412458804,12.401078774705141
26.053386697028763,13.196358847850206
26.716120091316313,12.53362545356265
26.64984675188756,12.401078774705141
26.583573412458804,12.401078774705141
26.119660036457518,12.135985416990117
25.722019999884985,11.605798701560076
25.65574666045623,11.208158664987543
26.362662281029614,10.74424528898625
25.78829333931374,10.346605252413717
27.643946843318894,11.075611986130028
27.113760127888845,11.340705343845052
27.37885348560387,11.340705343845052
26.84866677017383,10.81051862841501
28.174133558748935,10.214058573556208
27.643946843318894,10.147785234127454
27.24630680674636,10.147785234127454
29.764693705039065,10.147785234127454
29.16823365018027,10.0815118946987
28.704320274178976,9.88269187641243
29.764693705039065,9.485051839839898
29.101960310751508,9.02113846383861
29.013595858179833,9.02113846383861
30.294880420469113,9.352505160982389
29.764693705039065,9.88269187641243
31.090160493614178,9.485051839839898
31.090160493614178,9.02113846383861
30.957613814756662,8.822318445552341
30.692520457041645,8.2921317301223
30.294880420469113,7.894491693549767
31.222707172471686,7.828218354121013
30.55997377818413,7.496851656977235
31.929622793045077,7.032938280975948
34.27128078619444,6.834118262689678
33.74109407076439,6.834118262689678
33.21090735533435,6.834118262689678
32.68072063990431,6.834118262689678
37.98258779420474,6.834118262689678
37.31985439991719,6.834118262689678
36.8559410239159,6.834118262689678
36.39202764791461,6.834118262689678
35.86184093248457,6.834118262689678
35.33165421705452,6.834118262689678
34.80146750162448,6.70157158383217
40.36842801363994,6.171384868402129
39.838241298209894,5.6411981529720805
39.308054582779846,5.177284776970794
38.77786786734981,4.713371400969507
41.95898815993007,4.315731364396974
41.428801444500024,3.8518179883956876
40.898614729069976,3.3216312729656394
41.95898815993007,2.8577178969643597
41.428801444500024,2.3938045209630587
41.03116140792749,2.3275311815343116
42.48917487536011,2.194984502676803
43.15190826964766,1.7310711266755163
42.48917487536011,1.2671577506742295
41.82644148107256,0.8695177141016899
41.296254765642516,0.4056043381004031
40.63352137135496,0.20678431981413326
40.10333465592491,0.20678431981413326
41.16370808678501,0.20678431981413326
40.63352137135496,0.20678431981413326
42.003170386215906,0.07423764095662477
42.09153483878758,-0.45594907447342337
41.82644148107256,-0.8535891110459488
41.296254765642516,-0.8535891110459488
40.69979471078371,-0.8535891110459488
40.10333465592491,
39.44060126163736,
38.976687885636075,
38.91041454620732,
39.17550790392234,
39.838241298209894,
39.37432792220861,
38.77786786734981,
38.247681151919764,
37.717494436489716,
37.25358106048843,
36.524574326772125,
36.2594809690571,
35.86184093248457,
35.19910753819701,
34.93401418048199,
34.536374143909455,
34.006187428479414,
33.47600071304937,
32.945813997619325,
32.415627282189284,
31.885440566759243,
31.222707172471686,
30.692520457041645,
30.162333741611597,
30.02978706275409,
30.626247117612884,
31.090160493614178,
30.957613814756662,
30.42742709932662,
29.89724038389658,
29.234506989609024,
28.571773595321467,
28.041586879891426,
27.37885348560387,
26.716120091316313,
26.119660036457518,
25.523199981598715,
24.993013266168674,
24.462826550738633,
26.362662281029614,
25.78829333931374,
25.258106623883698,
24.72791990845365,
26.583573412458804,
26.053386697028763,
25.390653302741207,
24.860466587311166,
24.59537322959614,
24.19773319302361,
23.667546477593568,
23.269906441021035,
24.330279871881118,
23.800093156451076,
23.932639835308585,
23.468726459307298,
24.462826550738633,
24.72791990845365,
24.330279871881118,
25.258106623883698,
25.258106623883698,
24.72791990845365,
24.0651865141661,
23.800093156451076,
23.402453119878544,
23.402453119878544,
23.402453119878544,
24.19773319302361,
23.667546477593568,
25.302288850169532,
24.72791990845365,
26.583573412458804,
26.053386697028763,
25.523199981598715,
24.993013266168674,
24.462826550738633,
23.932639835308585,
23.402453119878544,
22.872266404448496,
22.474626367875963,
23.181541988449354,
23.402453119878544,
23.932639835308585,
24.462826550738633,
24.462826550738633,
24.462826550738633,
25.523199981598715,
24.993013266168674,
24.59537322959614,
26.84866677017383,
26.384753394172535,
29.49960034732404,
28.83686695303649,
28.43922691646396,
27.90904020103391,
27.37885348560387,
31.39943607761503,
30.825067135899154,
30.294880420469113,
32.72490286619014,
32.15053392447426,
33.60854739190688,
34.27128078619444,
33.93991408905066,
33.34345403419186,
33.07836067647684,
32.68072063990431,
32.01798724561675,
31.48780053018671,
31.222707172471686,
30.825067135899154,
30.162333741611597,
29.632147026181556,
28.83686695303649,
28.306680237606443,
27.643946843318894,
26.981213449031337,
26.716120091316313,
26.185933375886272,
25.65574666045623,
24.860466587311166,
24.462826550738633,
24.462826550738633,
23.800093156451076,
23.00481308330601,
22.739719725590987,
22.342079689018455,
21.811892973588414,
21.347979597587127,
21.325888484444206,
22.342079689018455,
21.811892973588414,
23.00481308330601,
23.667546477593568,
24.19773319302361,
23.601273138164807,
24.19773319302361,
23.13735976216352,
22.60717304673348,
22.07698633130343,
21.41425293701588,
21.149159579300857,
20.751519542728325,
20.088786148440768,
19.42605275415322,
19.028412717580686,
19.028412717580686,
18.962139378151925,
18.89586603872317,
18.36567932329313,
17.702945929005573,
17.040212534718023,
16.510025819287975,
15.979839103857934,
16.775119177003,
16.244932461572958,
18.89586603872317,
18.36567932329313,
17.835492607863088,
17.30530589243304,
19.95623946958326,
19.42605275415322,
18.763319359865662,
18.498226002150638,
18.100585965578105,
17.570399250148064,
16.907665855860508,
16.311205801001712,
15.71474574614291,
15.184559030712869,
14.65437231528282,
14.190458939281534,
13.593998884422739,
14.256732278710288,
14.389278957567804,
13.859092242137756,
13.395178866136469,
12.666172132420158,
12.401078774705141,
11.870892059275093,
11.47325202270256,
11.208158664987543,
11.252340891273377,
12.268532095847625,
11.738345380417584,
12.864992150706428,
13.328905526707715,
12.798718811277674,
12.33480543527638,
12.135985416990117,
11.870892059275093,
11.47325202270256,
11.141885325558782,
11.208158664987543,
10.677971949557495,
10.280331912984963,
10.94306530727252,
10.346605252413717,
10.94306530727252,
9.88269187641243,
9.352505160982389,
8.689771766694832,
8.424678408979808,
7.894491693549767,
7.298031638690972,
6.70157158383217,
6.038838189544613,
5.773744831829596,
5.6411981529720805,
5.1110114375420395,
4.448278043254483,
4.183184685539466,
3.7855446489669333,
3.1228112546793767,
2.8577178969643597,
2.46007786039182,
2.46007786039182,
2.46007786039182,
1.929891144961772,
1.4438866558175647,
2.194984502676803,
2.194984502676803,
1.5322511083892465,
0.8695177141016899,
0.33933099867164174,
0.20678431981413326,
0.47187767752916443,
1.1346110718167068,
