Y(hoy),Y(ayer)
2.990264575821868,2.3275311815343116
3.5204512912519093,2.3275311815343116
3.3879046123944008,2.0624378238192946
2.990264575821868,1.399704429531738
2.5263511998205814,1.2671577506742295
2.46007786039182,1.1346110718167068
2.0182555975334537,0.6044243563866729
1.5985244478179936,0.20678431981413326
1.2008844112454682,0.20678431981413326
0.67069769581542,-0.3234023956159007
0.47187767752916443,-0.8535891110459488
0.20678431981413326,-0.8535891110459488
-0.8535891110459488,-0.8535891110459488
-0.389675735044662,-0.8535891110459488
0.07423764095662477,-0.8535891110459488
-0.389675735044662,-0.8535891110459488
-0.5884957533309318,-1.2512291476184885
-0.8535891110459488,-1.8476892024772837
-0.9861357899034573,-1.913962541906045
-1.4279580527618378,-1.7814158630485224
-2.1127825601923007,-1.2512291476184885
-2.0465092207635536,-1.7814158630485224
-1.450049165904744,-1.913962541906045
-0.9198624504747102,-1.5163225053335054
-0.5884957533309318,-0.9861357899034573
-0.05830903790088371,-0.8535891110459488
1.0020643929591984,-0.8535891110459488
1.2671577506742295,-0.8535891110459488
3.0565379152506154,-0.8535891110459488
3.6529979701094177,-0.7210424321884403
4.315731364396974,0.20678431981413326
4.978464758684531,0.8695177141016899
5.6411981529720805,1.2671577506742295
6.171384868402129,1.664797787246755
11.47325202270256,2.3275311815343116
11.075611986130028,2.5263511998205814
15.71474574614291,2.990264575821868
15.184559030712869,3.5204512912519093
12.666172132420158,4.448278043254483
17.040212534718023,3.918091327824442
16.510025819287975,5.1110114375420395
17.835492607863088,6.171384868402129
17.437852571290556,5.6411981529720805
18.763319359865662,7.099211620404702
20.353879506155792,7.629398335834743
21.281706258158366,9.087411803267365
20.884066221585833,8.689771766694832
22.872266404448496,10.147785234127454
22.474626367875963,11.738345380417584
32.81326731876182,11.208158664987543
34.006187428479414,12.798718811277674
33.47600071304937,13.859092242137756
35.72929425362706,15.184559030712869
46.33302856222792,14.786918994140336
47.12830863537299,16.510025819287975
46.46557524108544,15.979839103857934
46.00166186508415,17.835492607863088
43.5495483062202,17.30530589243304
43.019361590790155,16.907665855860508
42.48917487536011,18.763319359865662
42.09153483878758,19.558599433010727
44.477375058222776,20.088786148440768
43.28445494850518,20.353879506155792
42.886814911932646,20.884066221585833
42.22408151764509,23.402453119878544
41.69389480221505,22.872266404448496
41.16370808678501,22.342079689018455
40.63352137135496,21.811892973588414
40.16960799535367,21.41425293701588
41.296254765642516,25.258106623883698
40.63352137135496,24.860466587311166
40.23588133478243,26.84866677017383
41.82644148107256,26.451026733601296
41.16370808678501,28.704320274178976
41.69389480221505,28.174133558748935
40.69979471078371,31.090160493614178
40.10333465592491,30.55997377818413
39.57314794049488,30.162333741611597
39.838241298209894,33.21090735533435
39.44060126163736,32.68072063990431
39.90451463763865,34.006187428479414
39.838241298209894,35.86184093248457
39.308054582779846,35.33165421705452
38.6453211884923,37.717494436489716
38.115134473062255,37.187307721059675
37.58494775763221,39.57314794049488
36.78966768448714,39.17550790392234
35.72929425362706,41.428801444500024
35.596747574769545,42.48917487536011
35.26538087762577,43.81464166393522
34.66892082276697,45.14010845251033
34.40382746505195,44.74246841593779
34.006187428479414,45.80284184679789
33.60854739190688,46.598121919942955
33.01208733704808,47.260855314230504
32.415627282189284,46.73066859880046
32.15053392447426,46.200481883370415
31.178524946185853,45.60402182851162
31.355253851329195,45.00756177365282
30.957613814756662,44.21228170050775
32.61444730047555,43.61582164564895
31.885440566759243,44.079735021650244
33.21090735533435,43.5495483062202
32.68072063990431,42.75426823307514
32.283080603331776,42.22408151764509
31.752893887901728,41.69389480221505
29.89724038389658,41.296254765642516
31.222707172471686,43.019361590790155
31.156433833042932,42.48917487536011
31.156433833042932,42.09153483878758
31.222707172471686,42.3566281965026
30.42742709932662,42.09153483878758
30.02978706275409,41.69389480221505
30.02978706275409,40.96488806849874
30.02978706275409,40.50097469249745
29.89724038389658,40.10333465592491
32.283080603331776,39.57314794049488
32.283080603331776,38.91041454620732
32.283080603331776,40.36842801363994
32.283080603331776,39.838241298209894
33.21090735533435,39.44060126163736
32.68072063990431,40.898614729069976
31.752893887901728,40.36842801363994
31.48780053018671,39.838241298209894
30.957613814756662,39.17550790392234
30.42742709932662,38.38022783077727
30.02978706275409,37.85004111534723
31.090160493614178,37.4524010787747
30.692520457041645,36.78966768448714
31.090160493614178,35.86184093248457
31.090160493614178,35.19910753819701
31.134342719900012,34.4701008044807
31.951713906187997,34.27128078619444
31.355253851329195,33.74109407076439
32.48190062161804,33.34345403419186
32.945813997619325,33.2771806947631
33.21090735533435,32.68072063990431
32.34935394276053,32.15053392447426
35.6630209141983,31.48780053018671
35.596747574769545,31.752893887901728
36.657121005629634,32.216807263903014
35.99438761134208,32.283080603331776
36.458300987343364,31.752893887901728
35.464200895912036,30.957613814756662
37.717494436489716,30.294880420469113
37.187307721059675,30.825067135899154
36.92221436334465,30.361153759897867
36.524574326772125,30.692520457041645
37.4524010787747,30.162333741611597
38.115134473062255,30.42742709932662
38.6453211884923,30.162333741611597
39.57314794049488,30.825067135899154
39.17550790392234,31.42152719075795
41.16370808678501,31.929622793045077
40.76606805021247,31.62034720904422
43.81464166393522,31.222707172471686
43.28445494850518,30.825067135899154
45.80284184679789,30.294880420469113
47.39340199308802,31.090160493614178
48.718868781663126,30.692520457041645
47.260855314230504,32.01798724561675
46.86321527765797,31.48780053018671
46.200481883370415,31.885440566759243
45.80284184679789,32.283080603331776
46.86321527765797,32.283080603331776
46.598121919942955,32.415627282189284
46.46557524108544,32.98999622390516
45.9353885256554,32.72490286619014
45.53774848908286,33.52018293933521
44.609921737080285,34.27128078619444
44.21228170050775,33.74109407076439
43.15190826964766,33.21090735533435
44.146008361079,32.81326731876182
44.609921737080285,32.283080603331776
45.86911518622664,32.283080603331776
46.46557524108544,32.68072063990431
46.00166186508415,33.2771806947631
45.47147514965411,33.21090735533435
44.87501509479531,32.68072063990431
44.21228170050775,32.283080603331776
43.5495483062202,32.68072063990431
43.019361590790155,33.2771806947631
42.48917487536011,33.34345403419186
41.95898815993007,33.07836067647684
40.63352137135496,32.54817396104679
40.10333465592491,32.283080603331776
39.44060126163736,33.07836067647684
39.04296122506483,32.415627282189284
38.6453211884923,34.27128078619444
38.181407812491,33.873640749621906
37.717494436489716,35.33165421705452
37.187307721059675,34.80146750162448
36.72339434505839,35.33165421705452
35.99438761134208,35.99438761134208
35.72929425362706,36.524574326772125
35.33165421705452,35.86184093248457
34.66892082276697,36.2594809690571
34.40382746505195,36.92221436334465
34.006187428479414,37.717494436489716
33.34345403419186,38.247681151919764
33.07836067647684,38.77786786734981
32.54817396104679,38.048861133633494
32.283080603331776,38.77786786734981
32.48190062161804,39.04296122506483
33.07836067647684,41.428801444500024
33.21090735533435,40.898614729069976
32.74699397933306,40.36842801363994
32.216807263903014,39.705694619352386
32.15053392447426,44.079735021650244
31.090160493614178,43.5495483062202
34.80146750162448,43.019361590790155
34.27128078619444,46.46557524108544
33.74109407076439,45.9353885256554
33.21090735533435,45.53774848908286
33.34345403419186,47.39340199308802
34.27128078619444,46.99576195651548
33.74109407076439,47.52594867194553
34.13873410733692,48.58632210280561
33.60854739190688,48.188682066233085
33.144634015905595,47.52594867194553
32.68072063990431,46.99576195651548
32.283080603331776,46.46557524108544
33.78527629705023,46.06793520451291
33.21090735533435,45.60402182851162
36.43620987420045,45.9353885256554
35.86184093248457,47.260855314230504
34.536374143909455,46.86321527765797
36.657121005629634,46.46557524108544
35.99438761134208,45.9353885256554
35.72929425362706,45.40520181022535
35.33165421705452,44.87501509479531
34.735194162195725,44.34482837936527
34.536374143909455,43.88091500336398
35.0665608593395,43.28445494850518
36.92221436334465,42.75426823307514
38.57904784906354,42.3566281965026
37.98258779420474,45.670295167940374
38.77786786734981,45.20638179193909
37.58494775763221,44.609921737080285
37.054761042202166,44.079735021650244
36.59084766620087,46.99576195651548
37.054761042202166,46.200481883370415
36.524574326772125,47.52594867194553
38.77786786734981,46.99576195651548
38.247681151919764,46.46557524108544
39.838241298209894,46.00166186508415
39.308054582779846,45.40520181022535
38.6453211884923,44.87501509479531
38.38022783077727,44.34482837936527
37.916314454775986,43.94718834279273
37.58494775763221,43.41700162736269
37.054761042202166,44.34482837936527
37.98258779420474,43.81464166393522
37.58494775763221,45.40520181022535
38.77786786734981,45.40520181022535
38.77786786734981,44.94128843422406
38.38022783077727,44.477375058222776
37.98258779420474,44.079735021650244
37.58494775763221,43.5495483062202
35.596747574769545,43.085634930218916
34.80146750162448,42.3566281965026
34.27128078619444,41.95898815993007
33.34345403419186,41.428801444500024
33.21090735533435,40.63352137135496
32.68072063990431,40.10333465592491
32.283080603331776,39.44060126163736
33.21090735533435,39.04296122506483
34.27128078619444,39.57314794049488
33.74109407076439,39.9707879770674
34.40382746505195,39.57314794049488
34.40382746505195,38.976687885636075
31.62034720904422,38.77786786734981
31.156433833042932,38.115134473062255
31.090160493614178,37.4524010787747
30.957613814756662,36.78966768448714
30.692520457041645,36.126934290199586
30.162333741611597,35.464200895912036
29.89724038389658,34.84564972791032
29.49960034732404,34.40382746505195
28.83686695303649,35.39792755648328
28.571773595321467,35.464200895912036
28.174133558748935,35.33165421705452
26.84866677017383,34.80146750162448
24.59537322959614,34.33755412562319
25.05928660559743,33.74109407076439
25.523199981598715,33.34345403419186
25.523199981598715,33.21090735533435
25.05928660559743,32.74699397933306
24.462826550738633,32.15053392447426
23.932639835308585,31.355253851329195
23.402453119878544,31.752893887901728
22.739719725590987,32.68072063990431
22.07698633130343,34.006187428479414
21.54679961587339,34.80146750162448
21.01661290044335,35.464200895912036
20.221332827298284,34.93401418048199
19.691146111868235,34.536374143909455
19.028412717580686,34.006187428479414
18.763319359865662,33.60854739190688
18.89586603872317,33.07836067647684
18.23313264443562,32.54817396104679
17.968039286720597,33.07836067647684
17.437852571290556,34.07246076790817
16.775119177003,34.536374143909455
16.112385782715442,35.33165421705452
12.401078774705141,34.93401418048199
12.931265490135182,34.80146750162448
13.925365581566517,34.13873410733692
14.389278957567804,33.47600071304937
14.389278957567804,33.54227405247813
13.925365581566517,34.006187428479414
13.461452205565223,34.66892082276697
13.06381216899269,35.33165421705452
8.954865124409856,35.19910753819701
8.689771766694832,34.536374143909455
8.2921317301223,33.873640749621906
7.894491693549767,33.47600071304937
9.087411803267365,34.13873410733692
8.623498427266078,33.74109407076439
8.027038372407276,33.34345403419186
7.960765032978522,35.0665608593395
8.159585051264791,34.536374143909455
8.822318445552341,37.717494436489716
,37.187307721059675
,36.657121005629634
,38.84414120677856
,38.38022783077727
,38.77786786734981
,37.98258779420474
,37.85004111534723
,37.85004111534723
,37.58494775763221
,36.98848770277341
,37.187307721059675
,37.58494775763221
,37.054761042202166
,37.054761042202166
,37.58494775763221
,39.308054582779846
,38.77786786734981
,38.247681151919764
,39.838241298209894
,39.04296122506483
,38.51277450963478
,38.115134473062255
,37.4524010787747
,36.92221436334465
,36.2594809690571
,35.72929425362706
,35.19910753819701
,34.60264748333822
,35.0665608593395
,36.39202764791461
,35.86184093248457
,35.33165421705452
,34.80146750162448
,34.006187428479414
,33.21090735533435
,32.68072063990431
,32.15053392447426
,31.664529435330053
,31.222707172471686
,32.283080603331776
,32.74699397933306
,33.21090735533435
,34.13873410733692
,33.60854739190688
,33.873640749621906
,33.07836067647684
,32.54817396104679
,31.62034720904422
,31.090160493614178
,30.42742709932662
,29.632147026181556
,29.16823365018027
,29.632147026181556
,29.367053668466532
,28.969413631894
,28.306680237606443
,27.776493522176402
,28.704320274178976
,28.306680237606443
,28.041586879891426
,27.113760127888845
,26.716120091316313
,25.920840018171248
,25.125559945026183
,24.59537322959614
,24.72791990845365
,25.125559945026183
,24.462826550738633
,23.932639835308585
,23.402453119878544
,22.872266404448496
,22.07698633130343
,21.54679961587339
,21.01661290044335
,20.4864261850133
,19.691146111868235
,19.160959396438194
,18.630772681008153
,18.03431262614935
,17.835492607863088
,17.30530589243304
,16.775119177003
,16.112385782715442
,15.582199067285401
,15.184559030712869
,14.786918994140336
,13.859092242137756
,12.931265490135182
,12.53362545356265
,12.931265490135182
,13.461452205565223
,13.461452205565223
,12.931265490135182
,12.401078774705141
,11.738345380417584
,11.075611986130028
,10.545425270699987
,9.88269187641243
,9.352505160982389
,8.954865124409856
,8.557225087837324
,8.093311711836037
,7.629398335834743
,7.231758299262211
,6.70157158383217
,6.237658207830883
,5.773744831829596
,5.972564850115859
,6.436478226117146
