Y(hoy),Y(ayer)
13.461452205565223,12.401078774705141
13.593998884422739,12.33480543527638
14.168367826138613,12.003438738132608
14.389278957567804,11.539525362131315
13.726545563280247,12.003438738132608
13.461452205565223,12.401078774705141
13.461452205565223,12.401078774705141
13.395178866136469,12.401078774705141
13.196358847850206,12.401078774705141
12.798718811277674,12.401078774705141
12.003438738132608,12.003438738132608
11.47325202270256,11.47325202270256
11.075611986130028,10.94306530727252
10.545425270699987,10.412878591842478
10.015238555269946,10.015238555269946
10.280331912984963,9.219958482124873
9.15368514269612,8.424678408979808
9.087411803267365,7.894491693549767
9.087411803267365,7.629398335834743
9.087411803267365,6.966664941547194
9.683871858126167,6.834118262689678
10.147785234127454,6.834118262689678
10.147785234127454,6.436478226117146
10.147785234127454,5.972564850115859
10.147785234127454,5.773744831829596
9.617598518697413,5.243558116399548
8.954865124409856,4.713371400969507
8.689771766694832,4.713371400969507
8.2921317301223,4.713371400969507
7.761945014692259,4.647098061540753
7.099211620404702,4.315731364396974
6.70157158383217,3.6529979701094177
6.370204886688391,3.5204512912519093
5.773744831829596,3.1228112546793767
5.1110114375420395,2.5263511998205814
4.647098061540753,2.3275311815343116
4.580824722111998,2.2612578421055503
4.580824722111998,1.7973444661042635
4.1169113461107045,1.5322511083892465
3.5867246306806635,2.0624378238192946
3.5204512912519093,2.3275311815343116
2.990264575821868,1.7973444661042635
3.255357933536885,1.2671577506742295
2.8577178969643597,1.2671577506742295
3.255357933536885,1.2671577506742295
2.5926245392493286,1.2671577506742295
2.3275311815343116,1.2671577506742295
2.5926245392493286,1.2671577506742295
2.46007786039182,1.2008844112454682
1.2671577506742295,0.38351322495748263
1.9740733712476128,1.0020643929591984
2.194984502676803,0.4056043381004031
1.7310711266755163,0.8695177141016899
1.5322511083892465,0.47187767752916443
0.9357910535304512,1.2671577506742295
0.33933099867164174,1.2671577506742295
1.2008844112454682,0.8695177141016899
1.2671577506742295,0.2730576592428946
0.9357910535304512,0.20678431981413326
0.6044243563866729,0.20678431981413326
0.20678431981413326,0.20678431981413326
1.2008844112454682,0.33933099867164174
1.2671577506742295,1.1346110718167068
1.2008844112454682,0.7369710352441814
1.1346110718167068,0.6486065826724996
0.6044243563866729,1.2008844112454682
0.20678431981413326,1.2671577506742295
0.20678431981413326,1.2671577506742295
0.20678431981413326,1.2671577506742295
0.20678431981413326,1.2671577506742295
0.2730576592428946,1.2671577506742295
0.9357910535304512,1.7310711266755163
0.47187767752916443,2.2612578421055503
1.2671577506742295,2.3275311815343116
1.2671577506742295,1.929891144961772
1.2671577506742295,1.399704429531738
1.2671577506742295,1.7310711266755163
1.4438866558175647,2.194984502676803
1.929891144961772,1.7310711266755163
1.929891144961772,2.0624378238192946
1.399704429531738,2.3275311815343116
2.46007786039182,2.5263511998205814
2.0624378238192946,2.990264575821868
2.46007786039182,3.454177951823155
2.990264575821868,3.8518179883956876
2.46007786039182,4.448278043254483
3.3879046123944008,4.713371400969507
2.725171218106837,4.580824722111998
2.3938045209630587,3.918091327824442
2.46007786039182,3.6529979701094177
2.46007786039182,4.315731364396974
2.504260086677661,3.918091327824442
3.299540159822719,3.829726875252767
2.725171218106837,4.580824722111998
3.5204512912519093,4.91219141925577
3.5867246306806635,5.3761047952570635
4.1169113461107045,5.773744831829596
4.580824722111998,6.171384868402129
4.580824722111998,6.569024904974661
4.580824722111998,5.972564850115859
4.580824722111998,6.569024904974661
4.580824722111998,7.761945014692259
4.24945802496822,7.298031638690972
3.7855446489669333,7.231758299262211
4.580824722111998,6.834118262689678
4.05063800668195,7.828218354121013
4.580824722111998,7.629398335834743
4.978464758684531,6.966664941547194
4.448278043254483,6.834118262689678
5.6411981529720805,7.231758299262211
5.6411981529720805,7.828218354121013
5.1110114375420395,8.689771766694832
4.647098061540753,8.027038372407276
4.580824722111998,9.926874102698264
5.1110114375420395,9.352505160982389
4.713371400969507,10.147785234127454
5.6411981529720805,10.147785234127454
5.1110114375420395,10.81051862841501
4.779644740398261,10.280331912984963
5.420287021542897,12.069712077561363
5.707471492400835,11.47325202270256
6.171384868402129,12.53362545356265
6.70157158383217,13.06381216899269
6.834118262689678,13.461452205565223
6.834118262689678,13.461452205565223
6.9003916021184395,13.527725544993984
7.298031638690972,14.12418559985278
6.834118262689678,14.521825636425312
7.828218354121013,14.588098975854066
7.960765032978522,15.184559030712869
8.2921317301223,14.786918994140336
7.894491693549767,16.046112443286688
8.866500671838182,15.582199067285401
9.087411803267365,16.64257249814549
9.219958482124873,16.775119177003
9.926874102698264,17.17275921357553
10.147785234127454,18.498226002150638
9.617598518697413,17.835492607863088
9.087411803267365,19.160959396438194
9.683871858126167,19.691146111868235
10.147785234127454,20.552699524442062
10.479151931271232,20.088786148440768
10.015238555269946,21.01661290044335
11.075611986130028,20.618972863870816
11.738345380417584,20.15505948786953
12.268532095847625,20.221332827298284
12.268532095847625,21.01661290044335
11.738345380417584,20.552699524442062
11.208158664987543,20.022512809012014
13.328905526707715,19.42605275415322
12.798718811277674,19.028412717580686
12.268532095847625,20.287606166727038
11.738345380417584,19.82369279072575
13.06381216899269,20.884066221585833
12.53362545356265,21.149159579300857
13.638181110708572,21.149159579300857
14.389278957567804,21.149159579300857
13.859092242137756,21.878166313017168
13.461452205565223,21.281706258158366
14.389278957567804,22.938539743877257
13.925365581566517,22.342079689018455
14.12418559985278,23.402453119878544
13.593998884422739,23.33617978044979
13.593998884422739,23.13735976216352
14.190458939281534,22.673446386162233
14.786918994140336,23.203633101592274
15.493834614713727,22.739719725590987
15.71474574614291,24.264006532452363
15.71474574614291,23.667546477593568
15.979839103857934,25.258106623883698
15.582199067285401,24.72791990845365
16.55420804557381,24.661646569024896
16.775119177003,24.794193247882404
16.775119177003,25.390653302741207
16.775119177003,25.65574666045623
16.775119177003,25.65574666045623
17.30530589243304,25.854566678742493
16.775119177003,26.451026733601296
17.835492607863088,26.716120091316313
17.835492607863088,27.180033467317607
17.702945929005573,27.643946843318894
17.437852571290556,27.24630680674636
17.040212534718023,26.782393430745074
17.835492607863088,26.716120091316313
17.30530589243304,26.583573412458804
17.570399250148064,26.119660036457518
16.97393919528926,25.65574666045623
16.64257249814549,26.053386697028763
18.36567932329313,26.64984675188756
18.89586603872317,26.583573412458804
18.962139378151925,26.053386697028763
18.89586603872317,25.65574666045623
18.36567932329313,26.64984675188756
18.03431262614935,27.643946843318894
18.674954907293987,27.113760127888845
18.962139378151925,28.174133558748935
19.42605275415322,28.770593613607737
19.95623946958326,28.571773595321467
20.221332827298284,27.975313540462672
20.79570176901416,27.776493522176402
21.01661290044335,27.776493522176402
20.353879506155792,27.37885348560387
20.088786148440768,26.914940109602583
20.088786148440768,27.511400164461378
20.265515053584117,26.981213449031337
21.01661290044335,27.113760127888845
20.4864261850133,26.716120091316313
21.01661290044335,27.511400164461378
19.82369279072575,26.981213449031337
19.293506075295703,27.776493522176402
19.028412717580686,27.776493522176402
19.95623946958326,27.975313540462672
19.42605275415322,28.571773595321467
20.088786148440768,28.43922691646396
19.95623946958326,27.975313540462672
19.42605275415322,27.776493522176402
19.028412717580686,27.511400164461378
19.95623946958326,26.84866677017383
19.42605275415322,26.384753394172535
18.89586603872317,25.854566678742493
18.36567932329313,26.384753394172535
17.968039286720597,27.511400164461378
18.89586603872317,26.84866677017383
18.36567932329313,28.704320274178976
18.03431262614935,28.24040689817769
17.437852571290556,28.174133558748935
16.841392516431753,27.776493522176402
16.244932461572958,27.37885348560387
15.582199067285401,26.84866677017383
14.985739012426599,26.384753394172535
14.588098975854066,25.722019999884985
14.389278957567804,25.523199981598715
13.726545563280247,24.993013266168674
13.461452205565223,24.462826550738633
12.931265490135182,23.932639835308585
12.467352114133895,23.402453119878544
12.33480543527638,22.739719725590987
12.268532095847625,22.474626367875963
11.804618719846339,22.07698633130343
11.296523117559218,21.54679961587339
11.208158664987543,21.082886239872103
10.545425270699987,20.618972863870816
9.948965215841184,20.221332827298284
9.352505160982389,19.757419451296997
10.015238555269946,19.22723273586695
9.352505160982389,18.763319359865662
10.147785234127454,18.36567932329313
10.147785234127454,17.901765947291842
10.147785234127454,17.50412591071931
10.147785234127454,17.040212534718023
10.147785234127454,16.57629915871673
10.191967460413288,15.979839103857934
11.075611986130028,15.582199067285401
10.412878591842478,15.184559030712869
11.208158664987543,14.588098975854066
11.208158664987543,14.521825636425312
11.47325202270256,14.521825636425312
11.075611986130028,14.12418559985278
12.135985416990117,13.660272223851493
12.33480543527638,13.461452205565223
12.401078774705141,13.461452205565223
12.53362545356265,13.461452205565223
13.196358847850206,13.06381216899269
14.521825636425312,12.599898792991404
15.052012351855353,13.196358847850206
14.65437231528282,12.666172132420158
14.698554541568662,13.06381216899269
15.184559030712869,12.53362545356265
15.582199067285401,12.401078774705141
16.907665855860508,12.599898792991404
18.299405983864375,13.196358847850206
18.89586603872317,13.461452205565223
19.160959396438194,13.461452205565223
19.691146111868235,13.660272223851493
19.95623946958326,14.12418559985278
19.42605275415322,14.521825636425312
19.028412717580686,14.389278957567804
18.630772681008153,13.925365581566517
18.03431262614935,13.527725544993984
18.962139378151925,14.256732278710288
19.09468605700944,13.726545563280247
19.95623946958326,14.12418559985278
19.492326093581973,13.726545563280247
19.42605275415322,14.256732278710288
19.028412717580686,13.859092242137756
19.95623946958326,14.521825636425312
19.558599433010727,14.521825636425312
20.287606166727038,14.919465672997845
20.81779288215708,15.582199067285401
21.325888484444206,15.582199067285401
22.60717304673348,15.582199067285401
22.07698633130343,15.979839103857934
22.872266404448496,16.64257249814549
22.342079689018455,16.907665855860508
21.811892973588414,17.437852571290556
21.281706258158366,17.968039286720597
21.613072955302144,17.968039286720597
21.149159579300857,18.498226002150638
22.209533010160946,17.835492607863088
22.872266404448496,17.30530589243304
23.269906441021035,17.040212534718023
22.60717304673348,17.702945929005573
23.13735976216352,18.03431262614935
22.540899707304725,19.359779414724457
22.60717304673348,18.630772681008153
21.944439652445922,20.022512809012014
21.41425293701588,20.221332827298284
21.149159579300857,20.79570176901416
22.209533010160946,20.4864261850133
21.679346294730898,20.088786148440768
22.60717304673348,21.082886239872103
22.209533010160946,21.149159579300857
23.13735976216352,22.143259670732192
23.00481308330601,21.54679961587339
22.474626367875963,23.269906441021035
22.209533010160946,22.60717304673348
23.269906441021035,24.0651865141661
22.739719725590987,23.534999798736052
22.474626367875963,25.390653302741207
22.07698633130343,24.72791990845365
21.613072955302144,25.65574666045623
21.01661290044335,25.78829333931374
20.4864261850133,26.451026733601296
20.088786148440768,26.782393430745074
21.01661290044335,27.643946843318894
22.12116855758927,27.180033467317607
21.54679961587339,26.64984675188756
20.618972863870816,26.053386697028763
22.209533010160946,25.65574666045623
21.944439652445922,25.854566678742493
21.41425293701588,26.451026733601296
20.884066221585833,26.053386697028763
20.618972863870816,25.65574666045623
20.221332827298284,26.451026733601296
21.811892973588414,26.185933375886272
21.281706258158366,25.78829333931374
20.751519542728325,25.324379963312452
22.474626367875963,24.860466587311166
20.088786148440768,24.462826550738633
19.492326093581973,23.99891317473734
18.630772681008153,23.468726459307298
18.100585965578105,23.269906441021035
17.437852571290556,22.673446386162233
16.775119177003,22.209533010160946
16.112385782715442,21.944439652445922
15.648472406714156,21.41425293701588
15.582199067285401,20.884066221585833
15.317105709570377,20.353879506155792
14.786918994140336,19.42605275415322
14.389278957567804,19.028412717580686
13.925365581566517,18.763319359865662
13.328905526707715,18.36567932329313
12.798718811277674,17.968039286720597
12.401078774705141,17.968039286720597
13.328905526707715,17.835492607863088
12.798718811277674,17.17275921357553
13.328905526707715,16.907665855860508
12.798718811277674,17.702945929005573
12.401078774705141,17.702945929005573
12.33480543527638,17.17275921357553
12.268532095847625,16.775119177003
11.605798701560076,16.244932461572958
11.340705343845052,15.781019085571664
10.94306530727252,15.515925727856647
10.412878591842478,14.985739012426599
10.015238555269946,14.521825636425312
9.88269187641243,14.12418559985278
9.418778500411143,13.527725544993984
9.02113846383861,13.328905526707715
,12.798718811277674
,12.268532095847625
,11.738345380417584
,11.340705343845052
,10.81051862841501
,10.412878591842478
,11.208158664987543
