Y(hoy),Y(ayer)
-1.913962541906045,-0.8535891110459488
-1.4721402790476645,-0.9198624504747102
-1.2512291476184885,-1.2512291476184885
-1.7151425236197753,-1.7814158630485224
-2.179055899621062,-2.3116025784785705
-1.9802358813347922,-2.7755159544798573
-1.913962541906045,-2.5766959361935875
-1.9802358813347922,-2.179055899621062
-1.913962541906045,-2.70924261505111
-2.5104225967648404,-2.5766959361935875
-2.974335972766127,-1.913962541906045
-2.5766959361935875,-2.179055899621062
-1.9802358813347922,-2.70924261505111
-1.913962541906045,-2.3116025784785705
-1.5163225053335054,-1.913962541906045
-0.9861357899034573,-1.913962541906045
-1.450049165904744,-1.383775826475997
-1.913962541906045,-0.8535891110459488
-0.5884957533309318,-0.7210424321884403
-0.05830903790088371,0.33933099867164174
0.20678431981413326,0.8695177141016899
0.7369710352441814,1.2671577506742295
1.2671577506742295,2.0624378238192946
1.9961644843905333,1.5322511083892465
1.5322511083892465,2.3275311815343116
2.923991236393107,2.725171218106837
3.5204512912519093,3.255357933536885
6.569024904974661,4.05063800668195
7.099211620404702,4.713371400969507
7.761945014692259,5.243558116399548
8.2921317301223,6.038838189544613
14.65437231528282,6.569024904974661
14.256732278710288,7.231758299262211
15.71474574614291,8.027038372407276
15.317105709570377,7.629398335834743
18.23313264443562,8.424678408979808
18.763319359865662,8.954865124409856
17.702945929005573,9.750145197554922
18.100585965578105,10.94306530727252
18.630772681008153,10.412878591842478
19.95623946958326,12.798718811277674
24.993013266168674,12.268532095847625
24.59537322959614,13.726545563280247
27.643946843318894,14.256732278710288
29.49960034732404,15.449652388427886
29.101960310751508,14.919465672997845
32.415627282189284,16.775119177003
34.27128078619444,16.377479140430466
33.873640749621906,18.100585965578105
37.98258779420474,17.702945929005573
35.72929425362706,18.763319359865662
39.838241298209894,18.299405983864375
39.44060126163736,18.763319359865662
43.68209498507771,19.95623946958326
44.609921737080285,19.558599433010727
44.21228170050775,21.281706258158366
45.47147514965411,20.884066221585833
45.00756177365282,23.13735976216352
45.86911518622664,22.60717304673348
46.46557524108544,25.258106623883698
45.9353885256554,24.72791990845365
45.14010845251033,24.330279871881118
43.15190826964766,28.43922691646396
41.229981426213755,27.90904020103391
41.69389480221505,27.37885348560387
41.296254765642516,26.981213449031337
41.95898815993007,29.49960034732404
41.428801444500024,30.825067135899154
40.63352137135496,30.42742709932662
40.16960799535367,33.21090735533435
40.69979471078371,32.68072063990431
40.23588133478243,32.15053392447426
41.49507478392878,34.536374143909455
41.95898815993007,34.006187428479414
41.49507478392878,35.596747574769545
40.43470135306869,36.92221436334465
40.898614729069976,36.524574326772125
40.23588133478243,38.247681151919764
39.9707879770674,37.85004111534723
39.57314794049488,40.10333465592491
39.04296122506483,39.57314794049488
38.38022783077727,39.17550790392234
37.98258779420474,42.75426823307514
38.51277450963478,42.22408151764509
38.115134473062255,41.82644148107256
38.51277450963478,43.68209498507771
37.98258779420474,44.21228170050775
37.187307721059675,44.87501509479531
35.86184093248457,45.40520181022535
35.0665608593395,45.14010845251033
34.536374143909455,44.74246841593779
33.873640749621906,43.81464166393522
33.21090735533435,42.75426823307514
32.54817396104679,41.95898815993007
33.21090735533435,40.898614729069976
32.68072063990431,40.36842801363994
32.68072063990431,39.9707879770674
32.15053392447426,40.63352137135496
30.692520457041645,41.03116140792749
30.42742709932662,41.03116140792749
29.89724038389658,41.03116140792749
29.300780329037778,41.03116140792749
28.571773595321467,41.03116140792749
28.306680237606443,40.63352137135496
27.90904020103391,39.705694619352386
27.37885348560387,39.17550790392234
26.914940109602583,38.77786786734981
26.583573412458804,38.115134473062255
26.119660036457518,37.85004111534723
25.722019999884985,37.31985439991719
26.362662281029614,36.8559410239159
26.583573412458804,37.4524010787747
26.053386697028763,37.58494775763221
25.65574666045623,37.187307721059675
26.384753394172535,36.524574326772125
25.920840018171248,35.99438761134208
26.981213449031337,35.33165421705452
27.90904020103391,34.80146750162448
28.24040689817769,34.40382746505195
28.83686695303649,34.006187428479414
28.83686695303649,33.47600071304937
28.306680237606443,32.34935394276053
27.643946843318894,32.01798724561675
27.842766861605156,31.42152719075795
28.43922691646396,31.885440566759243
27.90904020103391,31.355253851329195
28.43922691646396,30.825067135899154
27.975313540462672,30.294880420469113
27.90904020103391,29.89724038389658
28.43922691646396,29.49960034732404
29.565873686752802,28.969413631894
30.02978706275409,28.505500255892713
30.096060402182843,28.041586879891426
30.096060402182843,27.643946843318894
30.02978706275409,27.180033467317607
30.162333741611597,26.716120091316313
30.118151515325764,27.113760127888845
31.48780053018671,27.511400164461378
30.825067135899154,26.914940109602583
32.15053392447426,26.716120091316313
31.48780053018671,26.84866677017383
31.222707172471686,27.511400164461378
30.825067135899154,26.914940109602583
30.294880420469113,27.37885348560387
31.090160493614178,26.981213449031337
30.55997377818413,27.776493522176402
30.22860708104035,27.776493522176402
29.89724038389658,27.37885348560387
30.42742709932662,26.84866677017383
30.957613814756662,27.24630680674636
31.222707172471686,27.776493522176402
29.89724038389658,28.174133558748935
31.44361830390087,28.770593613607737
31.752893887901728,28.83686695303649
31.222707172471686,28.83686695303649
32.54817396104679,28.83686695303649
32.01798724561675,29.367053668466532
33.21090735533435,29.764693705039065
33.873640749621906,29.101960310751508
35.99438761134208,29.035686971322754
36.39202764791461,29.49960034732404
35.13283419876826,29.89724038389658
34.536374143909455,29.764693705039065
35.99438761134208,29.234506989609024
35.0665608593395,29.764693705039065
46.13420854394166,30.825067135899154
45.80284184679789,30.361153759897867
46.46557524108544,30.02978706275409
45.9353885256554,29.565873686752802
45.53774848908286,29.035686971322754
45.00756177365282,28.83686695303649
43.15190826964766,29.035686971322754
43.81464166393522,29.49960034732404
44.34482837936527,29.89724038389658
44.477375058222776,30.294880420469113
41.16370808678501,30.825067135899154
41.16370808678501,30.162333741611597
43.41700162736269,30.162333741611597
41.16370808678501,31.355253851329195
40.63352137135496,32.283080603331776
38.115134473062255,32.283080603331776
37.187307721059675,32.68072063990431
36.657121005629634,33.21090735533435
35.464200895912036,32.15053392447426
36.524574326772125,31.355253851329195
34.27128078619444,31.885440566759243
33.74109407076439,32.945813997619325
34.006187428479414,32.415627282189284
33.47600071304937,34.006187428479414
34.27128078619444,33.47600071304937
33.74109407076439,34.93401418048199
32.81326731876182,35.464200895912036
32.01798724561675,35.464200895912036
31.355253851329195,36.126934290199586
30.825067135899154,35.72929425362706
30.294880420469113,40.36842801363994
29.764693705039065,39.838241298209894
29.101960310751508,39.308054582779846
28.83686695303649,38.77786786734981
28.306680237606443,38.38022783077727
27.842766861605156,43.81464166393522
28.041586879891426,43.28445494850518
28.704320274178976,42.886814911932646
29.278689215894858,45.73656850736913
30.162333741611597,45.14010845251033
27.776493522176402,46.200481883370415
28.704320274178976,45.00756177365282
28.306680237606443,44.54364839765153
29.101960310751508,45.07383511308157
30.825067135899154,44.21228170050775
30.294880420469113,43.63791275879187
29.89724038389658,44.34482837936527
32.15053392447426,45.14010845251033
31.62034720904422,44.74246841593779
32.15053392447426,44.609921737080285
31.48780053018671,43.94718834279273
30.825067135899154,43.15190826964766
30.162333741611597,42.62172155421762
30.096060402182843,41.95898815993007
30.626247117612884,41.296254765642516
31.090160493614178,40.63352137135496
31.885440566759243,40.16960799535367
33.21090735533435,40.69979471078371
32.68072063990431,41.296254765642516
32.283080603331776,42.48917487536011
32.415627282189284,42.09153483878758
31.885440566759243,43.019361590790155
31.355253851329195,41.16370808678501
30.957613814756662,40.63352137135496
31.156433833042932,40.23588133478243
30.648338230755805,39.308054582779846
29.89724038389658,38.247681151919764
32.15053392447426,37.85004111534723
31.48780053018671,37.4524010787747
31.023887154185417,37.054761042202166
31.62034720904422,36.657121005629634
31.222707172471686,35.596747574769545
32.15053392447426,35.19910753819701
32.54817396104679,34.536374143909455
33.674820731335636,34.006187428479414
34.27128078619444,32.81326731876182
33.829458523336065,32.34935394276053
32.283080603331776,32.945813997619325
31.929622793045077,33.34345403419186
31.355253851329195,32.945813997619325
32.15053392447426,32.54817396104679
31.81916722733048,32.15053392447426
31.355253851329195,31.62034720904422
31.090160493614178,31.156433833042932
31.156433833042932,30.55997377818413
30.626247117612884,29.89724038389658
31.090160493614178,29.278689215894858
30.162333741611597,29.89724038389658
29.49960034732404,30.02978706275409
30.096060402182843,29.49960034732404
28.83686695303649,28.483409142749792
31.090160493614178,28.041586879891426
30.55997377818413,29.300780329037778
31.664529435330053,29.764693705039065
31.090160493614178,29.234506989609024
32.945813997619325,28.83686695303649
32.415627282189284,28.041586879891426
32.945813997619325,28.571773595321467
32.415627282189284,29.101960310751508
31.885440566759243,29.764693705039065
31.355253851329195,30.692520457041645
30.891340475327908,30.162333741611597
30.294880420469113,30.55997377818413
29.89724038389658,30.02978706275409
30.825067135899154,29.367053668466532
30.692520457041645,28.704320274178976
30.162333741611597,28.174133558748935
30.825067135899154,28.770593613607737
30.294880420469113,28.306680237606443
30.55997377818413,29.367053668466532
30.02978706275409,28.83686695303649
29.49960034732404,30.626247117612884
28.83686695303649,30.02978706275409
28.571773595321467,31.090160493614178
28.174133558748935,31.81916722733048
27.776493522176402,31.355253851329195
26.84866677017383,30.692520457041645
26.31848005474378,30.22860708104035
25.920840018171248,30.692520457041645
28.43922691646396,30.162333741611597
28.83686695303649,30.55997377818413
28.969413631894,30.162333741611597
28.306680237606443,31.752893887901728
27.643946843318894,31.355253851329195
26.84866677017383,30.891340475327908
26.31848005474378,30.294880420469113
25.78829333931374,29.632147026181556
25.390653302741207,28.969413631894
26.716120091316313,28.903140292465245
25.78829333931374,30.825067135899154
25.390653302741207,30.294880420469113
24.993013266168674,29.764693705039065
24.529099890167387,29.234506989609024
24.462826550738633,31.885440566759243
24.529099890167387,31.355253851329195
24.993013266168674,32.68072063990431
25.523199981598715,33.34345403419186
24.993013266168674,33.34345403419186
24.330279871881118,32.68072063990431
24.0651865141661,32.15053392447426
23.667546477593568,30.692520457041645
23.13735976216352,30.22860708104035
22.60717304673348,31.156433833042932
21.944439652445922,30.692520457041645
21.281706258158366,30.22860708104035
20.751519542728325,30.692520457041645
20.221332827298284,30.02978706275409
19.691146111868235,29.49960034732404
19.160959396438194,29.101960310751508
18.829592699294416,29.89724038389658
18.89586603872317,30.02978706275409
18.23313264443562,30.02978706275409
17.968039286720597,29.764693705039065
17.437852571290556,29.101960310751508
16.907665855860508,28.83686695303649
16.44375247985922,28.704320274178976
16.112385782715442,28.24040689817769
15.582199067285401,27.643946843318894
16.775119177003,27.113760127888845
16.112385782715442,26.716120091316313
15.449652388427886,27.710220182747648
14.919465672997845,27.24630680674636
14.588098975854066,27.776493522176402
14.985739012426599,26.84866677017383
14.521825636425312,26.31848005474378
15.449652388427886,25.722019999884985
14.985739012426599,26.053386697028763
14.389278957567804,27.113760127888845
13.726545563280247,28.969413631894
13.328905526707715,28.43922691646396
12.997538829563936,29.764693705039065
12.401078774705141,29.367053668466532
11.738345380417584,29.101960310751508
11.406978683273806,28.505500255892713
12.047620964418442,28.041586879891426
12.003438738132608,27.643946843318894
11.47325202270256,27.113760127888845
10.94306530727252,26.31848005474378
10.412878591842478,25.78829333931374
9.88269187641243,25.258106623883698
9.219958482124873,24.72791990845365
8.954865124409856,25.523199981598715
8.424678408979808,25.125559945026183
,26.31848005474378
,25.523199981598715
,24.860466587311166
,23.99891317473734
,23.402453119878544
,22.739719725590987
,22.209533010160946
,21.54679961587339
,21.149159579300857
,21.149159579300857
,21.149159579300857
,21.149159579300857
,20.751519542728325
,20.287606166727038
,19.691146111868235
,19.22723273586695
,18.630772681008153
,18.16685930500686
,17.570399250148064
,17.040212534718023
,16.377479140430466
,16.112385782715442
,15.71474574614291
,15.184559030712869
,14.786918994140336
,15.781019085571664
,15.317105709570377
,16.244932461572958
,15.582199067285401
,15.184559030712869
,14.65437231528282
,13.991638920995271
,13.593998884422739
,13.461452205565223
,13.06381216899269
,12.467352114133895
,12.401078774705141
,12.53362545356265
,13.328905526707715
,12.931265490135182
,12.53362545356265
,12.003438738132608
,11.539525362131315
,11.340705343845052
,10.81051862841501
,10.214058573556208
,10.214058573556208
,10.81051862841501
,10.412878591842478
,9.88269187641243
,9.418778500411143
,8.822318445552341
,8.2921317301223
,7.894491693549767
,7.231758299262211
,6.834118262689678
,5.906291510687105
,5.243558116399548
