Y(hoy),Y(ayer)
-1.9802358813347922,-2.70924261505111
-1.913962541906045,-2.5766959361935875
-2.5766959361935875,-1.9802358813347922
-2.974335972766127,-1.913962541906045
-2.5104225967648404,-1.913962541906045
-2.974335972766127,-1.913962541906045
-2.5766959361935875,-1.913962541906045
-2.5766959361935875,-2.5766959361935875
-2.974335972766127,-2.8417892939086187
-2.5766959361935875,-2.444149257336079
-2.5766959361935875,-2.8417892939086187
-2.974335972766127,-2.444149257336079
-2.974335972766127,-1.9802358813347922
-2.5104225967648404,-2.179055899621062
-2.5766959361935875,-2.974335972766127
-2.0465092207635536,-2.444149257336079
-1.913962541906045,-2.5766959361935875
-2.0465092207635536,-2.974335972766127
-2.444149257336079,-2.8417892939086187
-2.5766959361935875,-2.3116025784785705
-2.974335972766127,-2.444149257336079
-1.913962541906045,-2.974335972766127
-2.8417892939086187,-2.444149257336079
-2.179055899621062,-2.5766959361935875
-2.5766959361935875,-2.974335972766127
-2.70924261505111,-2.444149257336079
-2.179055899621062,-2.5766959361935875
-1.913962541906045,-2.974335972766127
-1.9802358813347922,-2.7755159544798573
-2.0465092207635536,-2.3116025784785705
-1.9802358813347922,-1.913962541906045
-2.0465092207635536,-1.913962541906045
-2.0465092207635536,-1.913962541906045
-2.0465092207635536,-1.913962541906045
-2.0465092207635536,-1.913962541906045
-2.0465092207635536,-1.913962541906045
-2.0465092207635536,-1.913962541906045
-1.913962541906045,-1.450049165904744
-1.9802358813347922,-0.9198624504747102
-2.0465092207635536,-0.9861357899034573
-1.7151425236197753,-1.648869184191014
-1.2070469213326476,-1.913962541906045
-0.9198624504747102,-1.2512291476184885
-0.8535891110459488,-1.648869184191014
-0.7210424321884403,-0.8535891110459488
-0.1466734904725655,-0.8535891110459488
0.14051098038538612,-0.8535891110459488
0.6044243563866729,-0.8535891110459488
1.1346110718167068,-0.8535891110459488
1.399704429531738,-0.654769092759679
2.0624378238192946,-0.1908557167583922
2.46007786039182,0.20678431981413326
2.46007786039182,0.20678431981413326
2.46007786039182,0.20678431981413326
3.0565379152506154,0.20678431981413326
3.6529979701094177,0.20678431981413326
4.315731364396974,0.20678431981413326
4.978464758684531,0.20678431981413326
5.6411981529720805,0.33933099867164174
6.171384868402129,0.8695177141016899
6.834118262689678,1.3334310901029767
7.496851656977235,2.0624378238192946
8.093311711836037,1.5322511083892465
8.623498427266078,2.3275311815343116
9.661780744983247,2.3275311815343116
9.087411803267365,2.3275311815343116
10.987247533558353,2.3275311815343116
10.412878591842478,1.929891144961772
12.268532095847625,1.4659777689604852
11.738345380417584,1.2671577506742295
13.593998884422739,1.2671577506742295
13.130085508421452,1.2671577506742295
14.65437231528282,1.399704429531738
14.12418559985278,1.929891144961772
15.71474574614291,2.3275311815343116
15.184559030712869,2.3275311815343116
16.377479140430466,2.3938045209630587
17.040212534718023,3.3216312729656394
17.702945929005573,2.8577178969643597
17.835492607863088,3.5204512912519093
18.36567932329313,3.3216312729656394
17.835492607863088,2.7914445575355984
20.221332827298284,3.3216312729656394
19.691146111868235,2.725171218106837
19.160959396438194,3.5204512912519093
22.07698633130343,3.5204512912519093
21.54679961587339,3.5204512912519093
21.01661290044335,3.5204512912519093
23.932639835308585,3.5204512912519093
23.402453119878544,4.183184685539466
22.872266404448496,3.6529979701094177
25.78829333931374,3.918091327824442
25.258106623883698,4.315731364396974
24.72791990845365,3.918091327824442
27.643946843318894,5.243558116399548
27.113760127888845,5.773744831829596
26.583573412458804,5.773744831829596
28.969413631894,5.773744831829596
28.43922691646396,5.243558116399548
30.55997377818413,4.713371400969507
30.02978706275409,5.177284776970794
29.49960034732404,5.707471492400835
33.21090735533435,5.972564850115859
32.61444730047555,6.480660452402979
32.15053392447426,6.171384868402129
31.62034720904422,5.773744831829596
31.090160493614178,6.767844923260924
35.0665608593395,6.834118262689678
34.60264748333822,7.298031638690972
34.006187428479414,6.834118262689678
36.17111651648543,7.828218354121013
35.596747574769545,7.894491693549767
38.51277450963478,8.027038372407276
37.916314454775986,8.601407314123158
37.4524010787747,8.2921317301223
36.92221436334465,7.960765032978522
40.898614729069976,8.822318445552341
40.30215467421118,8.2921317301223
39.838241298209894,10.147785234127454
39.308054582779846,10.147785234127454
42.75426823307514,10.74424528898625
42.29035485707385,10.280331912984963
41.69389480221505,11.274432004416298
44.34482837936527,11.804618719846339
43.81464166393522,12.135985416990117
43.28445494850518,11.539525362131315
44.609921737080285,12.003438738132608
44.21228170050775,11.605798701560076
45.14010845251033,12.401078774705141
45.14010845251033,12.003438738132608
44.477375058222776,11.539525362131315
43.81464166393522,11.406978683273806
43.28445494850518,12.003438738132608
42.75426823307514,11.605798701560076
42.157808178216335,12.401078774705141
43.15190826964766,13.726545563280247
42.62172155421762,13.06381216899269
42.3566281965026,12.666172132420158
41.82644148107256,14.256732278710288
41.56134812335753,13.660272223851493
41.16370808678501,13.196358847850206
40.96488806849874,12.798718811277674
40.898614729069976,12.401078774705141
40.43470135306869,13.395178866136469
39.705694619352386,14.389278957567804
39.44060126163736,13.925365581566517
39.04296122506483,13.527725544993984
38.51277450963478,13.593998884422739
37.98258779420474,14.12418559985278
37.58494775763221,14.521825636425312
39.61733016678071,14.521825636425312
39.04296122506483,14.588098975854066
38.51277450963478,15.184559030712869
37.98258779420474,15.582199067285401
39.9707879770674,15.648472406714156
39.838241298209894,16.244932461572958
39.37432792220861,15.847292425000418
38.6453211884923,16.708845837574245
38.115134473062255,16.377479140430466
37.65122109706097,15.91356576442918
37.717494436489716,16.64257249814549
37.054761042202166,16.64257249814549
36.78966768448714,16.112385782715442
36.39202764791461,15.847292425000418
35.86184093248457,16.64257249814549
35.464200895912036,16.112385782715442
36.92221436334465,16.64257249814549
36.39202764791461,16.046112443286688
35.99438761134208,16.377479140430466
38.51277450963478,16.244932461572958
37.85004111534723,15.847292425000418
37.38612773934594,15.449652388427886
38.51277450963478,14.985739012426599
37.98258779420474,15.228741256998703
37.4524010787747,14.786918994140336
36.92221436334465,15.184559030712869
36.39202764791461,14.65437231528282
35.86184093248457,13.991638920995271
35.53047423534079,13.328905526707715
35.596747574769545,12.798718811277674
34.93401418048199,12.401078774705141
34.27128078619444,12.003438738132608
33.74109407076439,11.539525362131315
33.07836067647684,11.009338646701273
32.81326731876182,10.412878591842478
32.45980950847512,10.015238555269946
33.21090735533435,9.352505160982389
32.68072063990431,8.888591784981102
32.216807263903014,8.358405069551054
31.48780053018671,8.027038372407276
31.090160493614178,8.689771766694832
31.090160493614178,8.888591784981102
30.42742709932662,8.2921317301223
29.764693705039065,7.894491693549767
29.101960310751508,7.496851656977235
28.505500255892713,7.032938280975948
27.90904020103391,6.834118262689678
27.776493522176402,6.834118262689678
27.776493522176402,6.834118262689678
27.643946843318894,6.834118262689678
27.113760127888845,6.834118262689678
26.716120091316313,7.298031638690972
27.643946843318894,7.761945014692259
27.180033467317607,8.689771766694832
26.981213449031337,8.159585051264791
26.716120091316313,8.954865124409856
26.981213449031337,8.954865124409856
27.643946843318894,8.954865124409856
28.24040689817769,8.954865124409856
28.83686695303649,9.02113846383861
28.969413631894,9.352505160982389
28.83686695303649,10.015238555269946
28.571773595321467,10.147785234127454
28.041586879891426,10.147785234127454
27.37885348560387,10.147785234127454
26.84866677017383,10.147785234127454
27.113760127888845,10.147785234127454
26.716120091316313,10.147785234127454
28.21831578503477,10.147785234127454
27.643946843318894,10.280331912984963
28.969413631894,10.81051862841501
28.969413631894,10.545425270699987
29.49960034732404,10.280331912984963
28.969413631894,11.075611986130028
30.02978706275409,11.340705343845052
30.02978706275409,11.539525362131315
30.42742709932662,12.135985416990117
29.89724038389658,12.401078774705141
31.090160493614178,13.395178866136469
30.55997377818413,12.798718811277674
29.89724038389658,14.455552296996558
29.234506989609024,13.859092242137756
29.764693705039065,14.720645654711582
29.234506989609024,15.184559030712869
30.42742709932662,15.582199067285401
31.090160493614178,15.449652388427886
30.55997377818413,14.985739012426599
30.162333741611597,14.455552296996558
30.825067135899154,14.12418559985278
30.825067135899154,13.660272223851493
30.294880420469113,14.12418559985278
29.963513723325335,14.521825636425312
31.090160493614178,15.317105709570377
30.55997377818413,14.786918994140336
30.02978706275409,15.184559030712869
32.15053392447426,14.720645654711582
31.62034720904422,14.256732278710288
30.957613814756662,13.859092242137756
30.692520457041645,13.461452205565223
30.294880420469113,13.859092242137756
29.89724038389658,14.455552296996558
30.869249362184988,14.256732278710288
31.090160493614178,13.593998884422739
31.090160493614178,13.461452205565223
30.42742709932662,13.726545563280247
29.963513723325335,14.985739012426599
31.090160493614178,14.389278957567804
30.626247117612884,15.515925727856647
30.02978706275409,15.582199067285401
33.21090735533435,15.582199067285401
32.68072063990431,15.184559030712869
32.15053392447426,14.588098975854066
31.686620548472973,14.521825636425312
32.415627282189284,14.521825636425312
31.885440566759243,14.12418559985278
31.355253851329195,13.660272223851493
33.21090735533435,14.12418559985278
32.68072063990431,13.726545563280247
32.283080603331776,14.521825636425312
32.34935394276053,14.389278957567804
32.34935394276053,13.859092242137756
33.52018293933521,13.395178866136469
32.945813997619325,12.798718811277674
32.415627282189284,12.401078774705141
34.27128078619444,12.401078774705141
34.4701008044807,12.268532095847625
34.867740841053234,11.804618719846339
34.40382746505195,11.340705343845052
35.464200895912036,11.804618719846339
35.6630209141983,12.135985416990117
36.19320762962835,11.539525362131315
38.77786786734981,11.009338646701273
38.247681151919764,10.412878591842478
37.717494436489716,10.280331912984963
37.187307721059675,10.94306530727252
36.657121005629634,10.479151931271232
42.48917487536011,10.015238555269946
41.95898815993007,9.485051839839898
41.428801444500024,9.88269187641243
40.898614729069976,9.485051839839898
40.36842801363994,9.219958482124873
39.838241298209894,8.822318445552341
39.308054582779846,8.2921317301223
44.609921737080285,7.629398335834743
44.079735021650244,7.099211620404702
43.5495483062202,6.569024904974661
43.019361590790155,6.303931547259637
46.46557524108544,5.906291510687105
45.9353885256554,5.3761047952570635
45.47147514965411,4.845918079827015
45.9353885256554,4.315731364396974
45.40520181022535,3.7855446489669333
44.74246841593779,3.255357933536885
44.079735021650244,2.725171218106837
43.61582164564895,2.194984502676803
43.019361590790155,1.664797787246755
42.48917487536011,1.1346110718167068
42.22408151764509,0.47187767752916443
43.28445494850518,-0.05830903790088371
42.75426823307514,-0.5222224139021705
44.34482837936527,-1.2512291476184885
43.81464166393522,-1.7814158630485224
45.40520181022535,-2.3116025784785705
44.87501509479531,-2.908062633337366
44.609921737080285,-2.974335972766127
44.146008361079,-2.974335972766127
43.5495483062202,-2.974335972766127
42.886814911932646,-2.974335972766127
42.22408151764509,-2.974335972766127
41.69389480221505,-2.974335972766127
41.16370808678501,
40.63352137135496,
40.10333465592491,
40.037061316496164,
41.16370808678501,
40.63352137135496,
40.10333465592491,
43.019361590790155,
42.3566281965026,
41.82644148107256,
41.16370808678501,
41.69389480221505,
40.63352137135496,
40.10333465592491,
39.57314794049488,
39.04296122506483,
38.71159452792105,
38.247681151919764,
38.77786786734981,
37.717494436489716,
37.187307721059675,
36.657121005629634,
36.19320762962835,
35.596747574769545,
34.93401418048199,
34.40382746505195,
33.74109407076439,
33.07836067647684,
32.54817396104679,
31.885440566759243,
31.355253851329195,
32.45980950847512,
31.885440566759243,
33.21090735533435,
32.54817396104679,
31.951713906187997,
31.355253851329195,
31.023887154185417,
31.090160493614178,
30.55997377818413,
30.02978706275409,
29.49960034732404,
28.903140292465245,
30.02978706275409,
29.632147026181556,
30.42742709932662,
29.89724038389658,
31.090160493614178,
30.55997377818413,
29.89724038389658,
29.300780329037778,
28.704320274178976,
28.174133558748935,
28.969413631894,
28.43922691646396,
28.041586879891426,
30.02978706275409,
29.49960034732404,
31.090160493614178,
30.55997377818413,
31.090160493614178,
30.42742709932662,
30.162333741611597,
29.764693705039065,
29.234506989609024,
28.704320274178976,
28.174133558748935,
27.776493522176402,
27.842766861605156,
28.43922691646396,
27.90904020103391,
30.825067135899154,
30.162333741611597,
29.764693705039065,
29.234506989609024,
30.825067135899154,
30.162333741611597,
29.89724038389658,
29.49960034732404,
28.969413631894,
28.43922691646396,
27.90904020103391,
27.776493522176402,
27.643946843318894,
27.113760127888845,
26.716120091316313,
27.643946843318894,
28.748502500464816,
28.174133558748935,
28.83686695303649,
28.571773595321467,
28.174133558748935,
27.842766861605156,
28.704320274178976,
28.174133558748935,
27.776493522176402,
30.294880420469113,
29.764693705039065,
29.234506989609024,
32.68072063990431,
32.15053392447426,
31.62034720904422,
31.090160493614178,
34.80146750162448,
34.27128078619444,
33.74109407076439,
33.21090735533435,
36.126934290199586,
35.596747574769545,
36.92221436334465,
37.4524010787747,
37.4524010787747,
36.78966768448714,
36.524574326772125,
36.126934290199586,
35.596747574769545,
35.0665608593395,
34.60264748333822,
34.006187428479414,
33.34345403419186,
33.07836067647684,
32.68072063990431,
32.01798724561675,
31.752893887901728,
31.355253851329195,
30.692520457041645,
30.42742709932662,
30.02978706275409,
29.49960034732404,
29.035686971322754,
28.505500255892713,
27.90904020103391,
27.643946843318894,
27.113760127888845,
26.451026733601296,
26.185933375886272,
25.78829333931374,
25.324379963312452,
24.72791990845365,
25.523199981598715,
24.993013266168674,
26.119660036457518,
26.583573412458804,
26.583573412458804,
26.053386697028763,
25.65574666045623,
26.583573412458804,
26.053386697028763,
25.58947332102747,
24.993013266168674,
24.19773319302361,
23.667546477593568,
23.269906441021035,
24.462826550738633,
24.0651865141661,
24.330279871881118,
23.800093156451076,
23.534999798736052,
23.13735976216352,
22.60717304673348,
22.342079689018455,
23.402453119878544,
22.872266404448496,
22.209533010160946,
21.944439652445922,
21.41425293701588,
21.149159579300857,
21.01661290044335,
20.4864261850133,
20.088786148440768,
21.01661290044335,
22.209533010160946,
21.54679961587339,
22.872266404448496,
23.402453119878544,
23.269906441021035,
22.739719725590987,
22.07698633130343,
21.54679961587339,
21.01661290044335,
20.4864261850133,
20.022512809012014,
19.293506075295703,
19.028412717580686,
18.498226002150638,
18.100585965578105,
17.835492607863088,
17.371579231861794,
17.835492607863088,
16.97393919528926,
16.377479140430466,
15.71474574614291,
15.052012351855353,
14.455552296996558,
13.859092242137756,
13.196358847850206,
12.53362545356265,
13.107994395278524,
14.389278957567804,
13.859092242137756,
14.985739012426599,
15.449652388427886,
14.919465672997845,
14.389278957567804,
13.726545563280247,
12.931265490135182,
12.666172132420158,
12.268532095847625,
11.605798701560076,
11.340705343845052,
10.81051862841501,
10.545425270699987,
10.214058573556208,
10.74424528898625,
11.208158664987543,
11.075611986130028,
10.81051862841501,
10.280331912984963,
10.147785234127454,
9.617598518697413,
8.954865124409856,
8.689771766694832,
8.159585051264791,
7.894491693549767,
7.761945014692259,
7.099211620404702,
6.834118262689678,
6.70157158383217,
6.171384868402129,
5.6411981529720805,
5.1110114375420395,
4.580824722111998,
3.918091327824442,
3.454177951823155,
3.5204512912519093,
3.0565379152506154,
2.46007786039182,
1.7973444661042635,
1.3334310901029767,
1.2671577506742295,
1.0020643929591984,
0.7369710352441814,
0.38351322495748263,
1.1346110718167068,
0.67069769581542,
0.6044243563866729,
0.20678431981413326,
1.1346110718167068,
