Y(hoy),Y(ayer)
7.099211620404702,6.038838189544613
7.563124996405989,6.70157158383217
8.159585051264791,6.834118262689678
8.822318445552341,6.834118262689678
8.358405069551054,6.834118262689678
8.822318445552341,6.834118262689678
7.960765032978522,6.834118262689678
10.457060818128312,6.834118262689678
9.88269187641243,6.303931547259637
9.352505160982389,5.773744831829596
8.954865124409856,5.3761047952570635
11.738345380417584,4.91219141925577
11.208158664987543,4.713371400969507
12.53362545356265,4.713371400969507
13.196358847850206,4.713371400969507
13.328905526707715,4.580824722111998
12.798718811277674,4.05063800668195
12.268532095847625,3.5867246306806635
11.738345380417584,3.5204512912519093
11.208158664987543,3.3216312729656394
10.74424528898625,2.8577178969643597
10.015238555269946,2.3938045209630587
9.750145197554922,2.3275311815343116
9.352505160982389,2.3275311815343116
8.689771766694832,2.3938045209630587
8.424678408979808,2.3275311815343116
8.027038372407276,2.3275311815343116
7.496851656977235,2.3275311815343116
7.032938280975948,1.929891144961772
6.436478226117146,1.3334310901029767
5.773744831829596,1.2671577506742295
5.177284776970794,1.1346110718167068
3.918091327824442,0.67069769581542
3.255357933536885,1.0020643929591984
2.725171218106837,0.47187767752916443
2.3938045209630587,1.2008844112454682
2.46007786039182,0.6044243563866729
2.46007786039182,0.20678431981413326
2.1287111632480418,0.14051098038538612
1.664797787246755,-0.1908557167583922
1.3334310901029767,-0.7210424321884403
1.2671577506742295,-0.8535891110459488
1.2008844112454682,-0.8535891110459488
1.1346110718167068,-0.8535891110459488
0.6044243563866729,-0.8535891110459488
0.20678431981413326,-0.8535891110459488
1.1346110718167068,-0.8535891110459488
0.6044243563866729,-0.8535891110459488
1.2671577506742295,-0.8535891110459488
1.1346110718167068,-1.2512291476184885
0.6044243563866729,-1.7814158630485224
0.20678431981413326,-1.7814158630485224
0.20678431981413326,-1.2512291476184885
0.20678431981413326,-1.7814158630485224
0.07423764095662477,-1.7814158630485224
-0.5884957533309318,-1.2512291476184885
-0.8535891110459488,-0.8535891110459488
-0.8535891110459488,-0.8535891110459488
-0.8535891110459488,-0.8535891110459488
-0.8535891110459488,-0.8535891110459488
-1.1849558081897271,-0.8535891110459488
-1.2512291476184885,-0.8535891110459488
-1.7814158630485224,-0.8535891110459488
-2.1127825601923007,-0.8535891110459488
-2.0465092207635536,-0.8535891110459488
-2.0465092207635536,-0.8535891110459488
-2.0465092207635536,-0.8535891110459488
-2.0465092207635536,-0.8535891110459488
-2.0465092207635536,-0.05830903790088371
-2.179055899621062,-0.5884957533309318
-1.9802358813347922,0.20678431981413326
-1.383775826475997,0.7369710352441814
-1.11868246876098,1.2671577506742295
-0.45594907447342337,1.2671577506742295
0.07423764095662477,1.2671577506742295
0.20678431981413326,1.2671577506742295
0.20678431981413326,1.2671577506742295
0.20678431981413326,1.2671577506742295
0.2730576592428946,1.7310711266755163
1.0020643929591984,2.2612578421055503
0.33933099867164174,2.3275311815343116
1.2671577506742295,2.5263511998205814
1.5322511083892465,2.990264575821868
1.9740733712476128,3.454177951823155
2.46007786039182,3.5204512912519093
2.1287111632480418,3.255357933536885
1.7089800135325959,2.7914445575355984
2.194984502676803,2.3275311815343116
1.7973444661042635,2.3938045209630587
1.929891144961772,2.5263511998205814
1.5322511083892465,3.1228112546793767
2.46007786039182,3.6529979701094177
2.0624378238192946,4.448278043254483
2.7914445575355984,3.918091327824442
2.3275311815343116,4.713371400969507
3.3879046123944008,4.713371400969507
3.5204512912519093,4.713371400969507
3.7855446489669333,4.713371400969507
3.3879046123944008,5.177284776970794
4.448278043254483,4.713371400969507
4.580824722111998,5.508651474114572
4.580824722111998,4.91219141925577
4.580824722111998,4.779644740398261
4.580824722111998,5.3761047952570635
4.580824722111998,4.890100306112849
4.625006948397832,5.707471492400835
5.442378134685818,5.773744831829596
4.845918079827015,6.237658207830883
6.038838189544613,5.773744831829596
6.70157158383217,6.569024904974661
6.237658207830883,5.972564850115859
5.84001817125835,6.569024904974661
5.906291510687105,6.038838189544613
6.502751565545907,6.834118262689678
7.099211620404702,7.298031638690972
7.761945014692259,7.828218354121013
7.894491693549767,7.894491693549767
7.894491693549767,7.496851656977235
7.894491693549767,7.032938280975948
7.894491693549767,7.496851656977235
7.960765032978522,7.894491693549767
8.623498427266078,7.960765032978522
8.027038372407276,8.557225087837324
9.087411803267365,8.159585051264791
9.418778500411143,8.954865124409856
8.954865124409856,8.954865124409856
10.015238555269946,9.02113846383861
10.147785234127454,9.617598518697413
10.412878591842478,9.219958482124873
10.015238555269946,10.0815118946987
11.075611986130028,10.147785234127454
11.208158664987543,10.147785234127454
11.208158664987543,10.147785234127454
11.208158664987543,10.280331912984963
11.605798701560076,11.075611986130028
11.075611986130028,10.545425270699987
12.268532095847625,11.340705343845052
11.738345380417584,11.340705343845052
11.340705343845052,11.47325202270256
11.804618719846339,12.003438738132608
12.268532095847625,12.401078774705141
12.666172132420158,12.401078774705141
13.328905526707715,12.401078774705141
13.461452205565223,12.401078774705141
13.593998884422739,12.864992150706428
14.256732278710288,13.395178866136469
14.521825636425312,13.461452205565223
14.65437231528282,13.593998884422739
15.228741256998703,14.389278957567804
15.317105709570377,13.991638920995271
14.786918994140336,13.859092242137756
15.493834614713727,13.527725544993984
14.919465672997845,14.256732278710288
15.71474574614291,13.726545563280247
16.024021330143768,14.12418559985278
15.582199067285401,13.593998884422739
17.30530589243304,13.461452205565223
16.841392516431753,13.859092242137756
17.835492607863088,14.256732278710288
18.36567932329313,13.660272223851493
17.968039286720597,13.461452205565223
18.89586603872317,13.461452205565223
19.160959396438194,13.461452205565223
19.73532833815407,13.196358847850206
19.95623946958326,12.599898792991404
19.62487277243948,13.328905526707715
19.205141622724028,12.931265490135182
19.95623946958326,12.467352114133895
19.558599433010727,12.599898792991404
20.088786148440768,13.196358847850206
20.088786148440768,12.798718811277674
20.15505948786953,12.401078774705141
20.79570176901416,12.401078774705141
20.221332827298284,12.401078774705141
21.01661290044335,12.401078774705141
21.01661290044335,12.135985416990117
20.353879506155792,11.539525362131315
20.088786148440768,11.406978683273806
20.088786148440768,12.003438738132608
20.088786148440768,11.605798701560076
20.088786148440768,11.738345380417584
20.088786148440768,11.340705343845052
20.022512809012014,11.340705343845052
19.95623946958326,10.81051862841501
19.42605275415322,10.346605252413717
19.028412717580686,10.94306530727252
19.95623946958326,10.479151931271232
19.42605275415322,10.015238555269946
19.95623946958326,9.617598518697413
19.42605275415322,9.15368514269612
19.028412717580686,8.689771766694832
19.028412717580686,8.2921317301223
18.962139378151925,7.894491693549767
18.89586603872317,8.689771766694832
18.36567932329313,7.960765032978522
17.901765947291842,7.894491693549767
17.835492607863088,7.364304978119726
17.371579231861794,6.834118262689678
16.841392516431753,6.569024904974661
16.775119177003,5.906291510687105
17.30530589243304,5.773744831829596
17.835492607863088,5.773744831829596
17.835492607863088,5.508651474114572
17.835492607863088,4.845918079827015
17.835492607863088,4.713371400969507
17.30530589243304,5.243558116399548
16.775119177003,5.773744831829596
16.244932461572958,5.773744831829596
15.648472406714156,5.773744831829596
16.64257249814549,5.773744831829596
16.112385782715442,5.773744831829596
15.71474574614291,5.773744831829596
15.250832370141623,5.773744831829596
14.65437231528282,5.773744831829596
14.65437231528282,5.773744831829596
15.184559030712869,5.773744831829596
15.449652388427886,5.773744831829596
14.919465672997845,5.773744831829596
14.256732278710288,5.773744831829596
13.726545563280247,5.773744831829596
13.06381216899269,5.773744831829596
12.53362545356265,5.773744831829596
11.870892059275093,5.773744831829596
11.274432004416298,5.773744831829596
11.208158664987543,5.773744831829596
11.208158664987543,5.773744831829596
11.208158664987543,5.773744831829596
10.74424528898625,6.237658207830883
10.147785234127454,5.773744831829596
10.147785234127454,6.767844923260924
9.485051839839898,6.834118262689678
9.219958482124873,6.834118262689678
8.689771766694832,6.834118262689678
8.027038372407276,6.834118262689678
8.601407314123158,6.834118262689678
8.822318445552341,6.834118262689678
8.358405069551054,7.828218354121013
7.960765032978522,7.231758299262211
7.894491693549767,8.822318445552341
7.894491693549767,8.358405069551054
7.894491693549767,7.960765032978522
8.027038372407276,7.894491693549767
8.866500671838182,8.358405069551054
8.2921317301223,8.888591784981102
9.087411803267365,8.954865124409856
8.424678408979808,9.352505160982389
7.960765032978522,9.948965215841184
7.894491693549767,10.412878591842478
7.894491693549767,11.075611986130028
7.960765032978522,11.340705343845052
8.601407314123158,11.539525362131315
8.027038372407276,12.135985416990117
8.822318445552341,12.401078774705141
8.159585051264791,12.401078774705141
7.960765032978522,12.401078774705141
7.894491693549767,12.53362545356265
8.093311711836037,13.395178866136469
8.623498427266078,12.931265490135182
9.087411803267365,13.859092242137756
9.087411803267365,14.455552296996558
8.623498427266078,14.65437231528282
9.087411803267365,15.184559030712869
8.159585051264791,15.582199067285401
7.894491693549767,15.449652388427886
7.960765032978522,14.985739012426599
8.358405069551054,15.250832370141623
7.894491693549767,14.786918994140336
8.954865124409856,15.71474574614291
9.087411803267365,16.377479140430466
9.087411803267365,16.112385782715442
9.087411803267365,15.847292425000418
9.087411803267365,16.64257249814549
9.087411803267365,16.775119177003
9.131594029553199,17.106485874146777
9.88269187641243,17.570399250148064
9.485051839839898,18.498226002150638
9.617598518697413,17.968039286720597
9.087411803267365,18.630772681008153
10.412878591842478,18.16685930500686
9.88269187641243,17.835492607863088
11.075611986130028,17.30530589243304
11.208158664987543,16.64257249814549
10.677971949557495,15.847292425000418
10.280331912984963,15.582199067285401
10.94306530727252,15.184559030712869
10.81051862841501,14.720645654711582
10.280331912984963,14.190458939281534
11.075611986130028,13.682363336994413
10.412878591842478,14.389278957567804
11.274432004416298,13.925365581566517
11.804618719846339,13.196358847850206
12.268532095847625,12.53362545356265
12.666172132420158,12.069712077561363
13.328905526707715,11.539525362131315
13.461452205565223,12.135985416990117
13.593998884422739,11.605798701560076
14.256732278710288,12.401078774705141
14.521825636425312,12.003438738132608
14.521825636425312,11.47325202270256
14.389278957567804,11.009338646701273
13.859092242137756,10.412878591842478
15.449652388427886,10.015238555269946
14.919465672997845,9.617598518697413
14.389278957567804,9.219958482124873
13.859092242137756,8.822318445552341
15.71474574614291,8.358405069551054
15.71474574614291,7.894491693549767
15.71474574614291,7.894491693549767
15.317105709570377,7.894491693549767
14.588098975854066,7.364304978119726
14.521825636425312,6.834118262689678
14.521825636425312,7.231758299262211
14.521825636425312,7.828218354121013
14.65437231528282,
15.228741256998703,
15.71474574614291,
15.71474574614291,
15.71474574614291,
16.244932461572958,
16.775119177003,
16.775119177003,
16.708845837574245,
15.582199067285401,
16.311205801001712,
16.907665855860508,
17.570399250148064,
16.97393919528926,
17.570399250148064,
16.510025819287975,
15.979839103857934,
15.538016840999568,
15.71474574614291,
15.052012351855353,
14.588098975854066,
14.521825636425312,
14.521825636425312,
14.455552296996558,
14.389278957567804,
13.726545563280247,
13.130085508421452,
12.53362545356265,
11.870892059275093,
11.274432004416298,
10.677971949557495,
10.147785234127454,
10.015238555269946,
9.750145197554922,
9.219958482124873,
8.557225087837324,
8.159585051264791,
7.894491693549767,
