Y(hoy),Y(ayer)
0.14051098038538612,-0.8535891110459488
-0.389675735044662,-0.9861357899034573
-0.9198624504747102,-1.5163225053335054
-1.4279580527618378,-1.913962541906045
-1.648869184191014,-1.913962541906045
-1.2070469213326476,-1.913962541906045
-0.9861357899034573,-1.913962541906045
-1.4279580527618378,-1.7151425236197753
-1.648869184191014,-1.2070469213326476
-2.5766959361935875,-1.5163225053335054
-2.974335972766127,-1.913962541906045
-2.5104225967648404,-1.2512291476184885
-2.0465092207635536,-0.8535891110459488
-2.179055899621062,-0.8535891110459488
-1.9802358813347922,-0.8535891110459488
-1.383775826475997,-0.7210424321884403
-1.11868246876098,1.0020643929591984
-0.5884957533309318,0.47187767752916443
0.14051098038538612,1.2671577506742295
0.38351322495748263,1.2671577506742295
0.8695177141016899,1.664797787246755
1.2671577506742295,2.3275311815343116
2.3275311815343116,2.5926245392493286
3.6529979701094177,3.255357933536885
5.773744831829596,4.05063800668195
6.303931547259637,4.713371400969507
15.449652388427886,5.243558116399548
15.052012351855353,6.038838189544613
16.775119177003,6.436478226117146
16.244932461572958,6.834118262689678
17.570399250148064,7.761945014692259
17.17275921357553,8.954865124409856
16.64257249814549,9.750145197554922
17.30530589243304,10.94306530727252
18.630772681008153,10.412878591842478
18.100585965578105,12.798718811277674
19.42605275415322,12.268532095847625
22.60717304673348,14.12418559985278
24.993013266168674,15.184559030712869
24.462826550738633,16.311205801001712
26.84866677017383,15.847292425000418
26.31848005474378,16.775119177003
28.43922691646396,18.630772681008153
27.90904020103391,18.100585965578105
29.49960034732404,17.702945929005573
28.969413631894,17.968039286720597
31.885440566759243,17.437852571290556
31.355253851329195,17.040212534718023
30.825067135899154,18.89586603872317
34.33755412562319,18.36567932329313
33.74109407076439,19.42605275415322
33.21090735533435,20.353879506155792
32.68072063990431,23.13735976216352
34.80146750162448,22.60717304673348
38.77786786734981,22.07698633130343
38.38022783077727,25.78829333931374
41.16370808678501,25.258106623883698
43.81464166393522,24.72791990845365
43.28445494850518,24.330279871881118
44.91919732108114,27.643946843318894
44.34482837936527,27.113760127888845
43.81464166393522,26.583573412458804
43.41700162736269,28.969413631894
45.86911518622664,28.43922691646396
46.46557524108544,28.041586879891426
45.9353885256554,30.55997377818413
45.14010845251033,30.02978706275409
44.609921737080285,29.49960034732404
43.28445494850518,32.945813997619325
42.75426823307514,32.415627282189284
41.7601681416438,31.885440566759243
41.16370808678501,31.355253851329195
40.898614729069976,34.536374143909455
40.23588133478243,34.006187428479414
39.9707879770674,33.60854739190688
39.77196795878114,35.0665608593395
39.17550790392234,36.39202764791461
38.91041454620732,35.86184093248457
39.308054582779846,39.04296122506483
39.9707879770674,38.51277450963478
40.63352137135496,37.98258779420474
40.10333465592491,41.428801444500024
39.57314794049488,40.898614729069976
39.04296122506483,40.50097469249745
38.51277450963478,43.81464166393522
38.02677002049058,43.28445494850518
37.58494775763221,42.886814911932646
38.77786786734981,44.94128843422406
38.247681151919764,45.47147514965411
37.717494436489716,45.53774848908286
37.25358106048843,45.14010845251033
36.657121005629634,44.609921737080285
35.99438761134208,44.079735021650244
35.53047423534079,43.28445494850518
35.86184093248457,42.75426823307514
35.464200895912036,42.3566281965026
37.4524010787747,42.02526149935882
36.78966768448714,41.69389480221505
36.39202764791461,41.296254765642516
37.4524010787747,40.898614729069976
36.92221436334465,40.36842801363994
36.2594809690571,39.9707879770674
35.72929425362706,40.76606805021247
34.93401418048199,40.23588133478243
34.40382746505195,41.03116140792749
33.60854739190688,41.49507478392878
33.34345403419186,41.95898815993007
33.21090735533435,42.55544821478887
32.54817396104679,42.886814911932646
32.15053392447426,42.22408151764509
31.81916722733048,41.69389480221505
31.355253851329195,41.296254765642516
32.01798724561675,40.898614729069976
32.68072063990431,40.36842801363994
33.21090735533435,39.9707879770674
32.15053392447426,39.9707879770674
31.62034720904422,39.44060126163736
31.090160493614178,38.91041454620732
30.55997377818413,39.308054582779846
30.02978706275409,39.705694619352386
30.02978706275409,39.17550790392234
29.49960034732404,38.77786786734981
28.969413631894,38.115134473062255
29.565873686752802,37.4524010787747
29.764693705039065,36.78966768448714
29.101960310751508,36.2594809690571
28.43922691646396,35.86184093248457
27.90904020103391,35.33165421705452
28.21831578503477,34.80146750162448
27.776493522176402,34.13873410733692
29.433327007895286,33.40972737362062
28.969413631894,33.21090735533435
30.02978706275409,32.68072063990431
30.02978706275409,33.21090735533435
29.367053668466532,34.27128078619444
28.83686695303649,33.80736741019315
31.62034720904422,33.47600071304937
32.15053392447426,33.07836067647684
32.415627282189284,32.68072063990431
32.98999622390516,32.15053392447426
33.52018293933521,31.62034720904422
34.27128078619444,31.222707172471686
33.80736741019315,30.825067135899154
33.60854739190688,30.22860708104035
33.34345403419186,30.361153759897867
33.21090735533435,30.825067135899154
32.68072063990431,30.55997377818413
32.283080603331776,30.096060402182843
34.27128078619444,30.096060402182843
33.74109407076439,29.89724038389658
33.21090735533435,29.49960034732404
32.81326731876182,29.101960310751508
33.74109407076439,30.825067135899154
33.34345403419186,30.42742709932662
34.27128078619444,30.294880420469113
33.873640749621906,29.83096704446782
34.27128078619444,29.234506989609024
33.74109407076439,29.632147026181556
33.34345403419186,30.42742709932662
34.27128078619444,30.957613814756662
33.873640749621906,31.222707172471686
34.40382746505195,31.222707172471686
34.4701008044807,31.62034720904422
34.867740841053234,32.216807263903014
34.40382746505195,32.283080603331776
35.33165421705452,32.283080603331776
34.867740841053234,32.216807263903014
34.4701008044807,31.885440566759243
35.11074308562534,31.355253851329195
34.536374143909455,31.222707172471686
36.43620987420045,31.222707172471686
35.86184093248457,31.62034720904422
36.701303231915475,32.216807263903014
38.02677002049058,32.283080603331776
37.4524010787747,32.283080603331776
38.77786786734981,32.68072063990431
38.77786786734981,33.07836067647684
38.31395449134852,32.48190062161804
37.85004111534723,32.01798724561675
38.247681151919764,31.48780053018671
38.77786786734981,31.222707172471686
39.44060126163736,31.885440566759243
40.14751688221075,31.222707172471686
40.898614729069976,30.957613814756662
40.36842801363994,30.55997377818413
40.898614729069976,30.162333741611597
39.838241298209894,31.752893887901728
39.17550790392234,31.090160493614178
38.91041454620732,33.07836067647684
40.898614729069976,32.415627282189284
40.36842801363994,33.34345403419186
39.838241298209894,33.74109407076439
39.44060126163736,34.60264748333822
41.097434747356246,34.13873410733692
42.75426823307514,35.19910753819701
42.22408151764509,34.93401418048199
41.69389480221505,34.536374143909455
41.16370808678501,35.33165421705452
45.9353885256554,34.93401418048199
45.40520181022535,35.86184093248457
44.94128843422406,36.524574326772125
44.34482837936527,36.657121005629634
43.81464166393522,36.657121005629634
43.28445494850518,36.92221436334465
47.52594867194553,37.4524010787747
47.06203529594424,37.916314454775986
46.46557524108544,39.08714345135067
48.63050432909145,38.51277450963478
48.05613538737557,41.428801444500024
48.718868781663126,40.898614729069976
48.4537754239481,40.36842801363994
48.05613538737557,39.838241298209894
47.72476869023179,43.61582164564895
47.52594867194553,43.019361590790155
47.06203529594424,42.48917487536011
46.598121919942955,41.95898815993007
47.06203529594424,44.21228170050775
47.52594867194553,44.477375058222776
46.99576195651548,44.21228170050775
46.33302856222792,43.68209498507771
45.670295167940374,43.28445494850518
45.00756177365282,42.820541572503885
44.477375058222776,42.42290153593136
43.81464166393522,43.15190826964766
43.28445494850518,43.15190826964766
44.34482837936527,42.75426823307514
43.81464166393522,42.157808178216335
43.81464166393522,42.09153483878758
43.28445494850518,41.95898815993007
44.74246841593779,41.49507478392878
44.079735021650244,41.03116140792749
45.40520181022535,42.02526149935882
44.74246841593779,41.428801444500024
44.079735021650244,41.03116140792749
43.28445494850518,44.079735021650244
42.75426823307514,43.5495483062202
41.95898815993007,43.019361590790155
40.10333465592491,42.48917487536011
39.308054582779846,42.75426823307514
38.77786786734981,42.22408151764509
38.247681151919764,41.82644148107256
37.717494436489716,41.296254765642516
37.054761042202166,40.10333465592491
36.126934290199586,39.57314794049488
35.596747574769545,39.04296122506483
35.464200895912036,38.51277450963478
34.93401418048199,38.115134473062255
34.27128078619444,37.717494436489716
33.60854739190688,37.187307721059675
33.07836067647684,36.78966768448714
32.415627282189284,36.657121005629634
31.951713906187997,36.59084766620087
31.355253851329195,36.126934290199586
31.023887154185417,35.6630209141983
31.090160493614178,35.19910753819701
30.55997377818413,34.80146750162448
30.02978706275409,34.33755412562319
29.49960034732404,33.74109407076439
28.83686695303649,33.2771806947631
28.174133558748935,32.68072063990431
29.764693705039065,32.283080603331776
29.16823365018027,31.885440566759243
28.704320274178976,31.42152719075795
28.174133558748935,31.28898051190044
29.764693705039065,31.885440566759243
29.101960310751508,31.48780053018671
28.83686695303649,32.283080603331776
28.43922691646396,32.68072063990431
27.90904020103391,33.07836067647684
28.505500255892713,32.48190062161804
28.969413631894,32.945813997619325
28.969413631894,34.33755412562319
29.49960034732404,33.74109407076439
28.969413631894,33.34345403419186
30.096060402182843,35.33165421705452
30.626247117612884,34.867740841053234
31.090160493614178,34.536374143909455
30.957613814756662,34.006187428479414
30.692520457041645,33.54227405247813
30.162333741611597,33.34345403419186
30.096060402182843,33.34345403419186
30.55997377818413,32.945813997619325
30.957613814756662,32.48190062161804
30.294880420469113,33.01208733704808
31.355253851329195,34.13873410733692
30.7587937964704,33.47600071304937
29.89724038389658,35.33165421705452
33.21090735533435,34.80146750162448
32.68072063990431,34.536374143909455
32.216807263903014,34.006187428479414
32.945813997619325,33.47600071304937
32.415627282189284,33.34345403419186
32.283080603331776,32.945813997619325
32.283080603331776,32.48190062161804
32.81326731876182,32.415627282189284
32.945813997619325,32.945813997619325
32.48190062161804,33.34345403419186
31.951713906187997,33.2771806947631
31.62034720904422,32.945813997619325
31.222707172471686,32.48190062161804
32.15053392447426,34.27128078619444
31.752893887901728,33.80736741019315
32.945813997619325,33.21090735533435
32.415627282189284,33.74109407076439
34.27128078619444,33.34345403419186
33.74109407076439,34.867740841053234
34.006187428479414,34.27128078619444
33.34345403419186,35.39792755648328
32.74699397933306,35.92811427191332
32.283080603331776,36.39202764791461
32.283080603331776,35.86184093248457
32.34935394276053,35.33165421705452
32.81326731876182,34.867740841053234
32.283080603331776,34.27128078619444
33.07836067647684,33.74109407076439
32.945813997619325,33.34345403419186
32.415627282189284,33.54227405247813
31.885440566759243,34.006187428479414
31.355253851329195,34.40382746505195
31.885440566759243,34.27128078619444
33.2771806947631,33.80736741019315
32.68072063990431,33.34345403419186
32.45980950847512,33.2771806947631
33.21090735533435,32.68072063990431
33.74109407076439,32.283080603331776
34.33755412562319,32.54817396104679
33.873640749621906,33.47600071304937
33.47600071304937,33.07836067647684
33.01208733704808,33.873640749621906
32.68072063990431,34.27128078619444
33.21090735533435,33.74109407076439
33.21090735533435,33.07836067647684
32.54817396104679,32.54817396104679
32.283080603331776,31.885440566759243
32.283080603331776,31.42152719075795
32.15053392447426,31.929622793045077
31.48780053018671,31.62034720904422
30.825067135899154,31.156433833042932
30.42742709932662,30.825067135899154
31.090160493614178,30.361153759897867
30.55997377818413,29.83096704446782
30.096060402182843,29.367053668466532
30.825067135899154,28.969413631894
30.294880420469113,29.49960034732404
26.716120091316313,29.101960310751508
27.180033467317607,30.55997377818413
27.643946843318894,30.02978706275409
26.981213449031337,31.752893887901728
26.384753394172535,32.216807263903014
26.053386697028763,31.885440566759243
26.583573412458804,31.48780053018671
25.920840018171248,30.825067135899154
25.65574666045623,29.764693705039065
25.65574666045623,29.367053668466532
25.523199981598715,28.43922691646396
24.860466587311166,28.041586879891426
24.39655321130987,27.15794235417468
24.330279871881118,27.511400164461378
24.0651865141661,26.716120091316313
23.534999798736052,26.451026733601296
23.269906441021035,25.920840018171248
22.872266404448496,25.258106623883698
22.342079689018455,24.794193247882404
21.811892973588414,24.264006532452363
21.281706258158366,23.667546477593568
21.01661290044335,23.534999798736052
20.353879506155792,24.19773319302361
20.088786148440768,23.733819817022322
19.95623946958326,23.269906441021035
19.42605275415322,22.872266404448496
18.89586603872317,22.342079689018455
18.431952662721883,21.878166313017168
17.835492607863088,21.41425293701588
17.30530589243304,21.01661290044335
16.841392516431753,20.4864261850133
17.702945929005573,19.82369279072575
17.040212534718023,19.558599433010727
18.36567932329313,19.160959396438194
18.89586603872317,18.630772681008153
18.36567932329313,18.03431262614935
17.901765947291842,17.702945929005573
17.835492607863088,17.17275921357553
17.835492607863088,16.775119177003
17.879674834148922,16.311205801001712
18.674954907293987,15.781019085571664
18.100585965578105,15.515925727856647
18.962139378151925,14.985739012426599
18.89586603872317,14.256732278710288
18.36567932329313,13.660272223851493
17.702945929005573,14.12418559985278
17.437852571290556,13.726545563280247
17.040212534718023,14.985739012426599
16.510025819287975,14.521825636425312
15.979839103857934,15.449652388427886
15.449652388427886,14.985739012426599
14.919465672997845,14.521825636425312
14.521825636425312,14.12418559985278
,13.660272223851493
,13.130085508421452
,12.666172132420158
,12.268532095847625
,11.804618719846339
,11.340705343845052
,11.340705343845052
,11.738345380417584
,12.33480543527638
,12.268532095847625
,11.804618719846339
,11.274432004416298
,10.81051862841501
,10.412878591842478
,9.948965215841184
,9.418778500411143
,8.954865124409856
,8.557225087837324
,8.159585051264791
