Y(hoy),Y(ayer)
4.647098061540753,8.954865124409856
4.580824722111998,8.954865124409856
4.845918079827015,9.418778500411143
4.448278043254483,10.94306530727252
5.420287021542897,10.412878591842478
5.243558116399548,9.948965215841184
4.779644740398261,9.88269187641243
5.6411981529720805,9.352505160982389
5.1110114375420395,8.822318445552341
4.845918079827015,8.159585051264791
4.382004703825729,7.364304978119726
3.7855446489669333,6.966664941547194
3.454177951823155,7.541033883263069
3.5204512912519093,7.231758299262211
3.5204512912519093,6.70157158383217
2.8577178969643597,6.237658207830883
2.3938045209630587,5.773744831829596
2.46007786039182,5.243558116399548
2.46007786039182,4.713371400969507
1.929891144961772,4.315731364396974
1.2671577506742295,3.8518179883956876
0.6044243563866729,3.5204512912519093
0.20678431981413326,3.3879046123944008
1.1346110718167068,2.769353444392678
0.67069769581542,3.3879046123944008
1.1346110718167068,3.1228112546793767
0.47187767752916443,2.5263511998205814
0.20678431981413326,2.3275311815343116
0.20678431981413326,2.3275311815343116
0.07423764095662477,1.929891144961772
-0.45594907447342337,1.3334310901029767
-0.8535891110459488,1.2671577506742295
0.07423764095662477,1.2671577506742295
-0.389675735044662,1.2671577506742295
-0.5884957533309318,1.2671577506742295
-0.8535891110459488,1.2671577506742295
-0.8535891110459488,1.2671577506742295
-0.8535891110459488,0.8695177141016899
-0.8535891110459488,0.2730576592428946
-0.8535891110459488,0.20678431981413326
-0.8535891110459488,0.20678431981413326
-0.8535891110459488,0.20678431981413326
-0.8535891110459488,0.14051098038538612
-0.8535891110459488,-0.45594907447342337
-0.8535891110459488,-0.05830903790088371
-0.9861357899034573,-0.3234023956159007
-1.383775826475997,-0.7873157716172017
-1.7814158630485224,-0.8535891110459488
-2.0465092207635536,-0.389675735044662
-2.0465092207635536,-0.8535891110459488
-1.9802358813347922,-0.05830903790088371
-1.5163225053335054,-0.654769092759679
-0.9861357899034573,-0.05830903790088371
-1.5163225053335054,-0.45594907447342337
-1.913962541906045,-0.8535891110459488
-1.11868246876098,-0.8535891110459488
-1.11868246876098,-0.05830903790088371
-1.0524091293322186,-0.5884957533309318
-1.5163225053335054,-0.45594907447342337
-1.9802358813347922,-0.8535891110459488
-1.1849558081897271,-0.8535891110459488
-1.7814158630485224,-0.8535891110459488
-1.1849558081897271,-0.8535891110459488
-1.5825958447622668,-0.8535891110459488
-1.913962541906045,-0.7210424321884403
-1.2512291476184885,-0.05830903790088371
-1.1849558081897271,-0.1908557167583922
-1.5825958447622668,-0.7210424321884403
-1.913962541906045,-0.8535891110459488
-1.2070469213326476,-0.8535891110459488
-0.9861357899034573,-0.45594907447342337
-0.8535891110459488,0.14051098038538612
-0.41176684818758247,0.20678431981413326
-0.8535891110459488,0.20678431981413326
-0.3234023956159007,0.20678431981413326
-0.7873157716172017,0.33933099867164174
-0.1908557167583922,0.8695177141016899
0.20678431981413326,1.2671577506742295
0.33933099867164174,1.2671577506742295
0.8695177141016899,1.929891144961772
1.2671577506742295,2.3275311815343116
1.7089800135325959,2.725171218106837
2.3275311815343116,3.3879046123944008
2.46007786039182,3.6529979701094177
3.299540159822719,4.05063800668195
2.725171218106837,4.647098061540753
3.5204512912519093,4.713371400969507
3.5867246306806635,4.713371400969507
4.1169113461107045,5.508651474114572
4.448278043254483,4.978464758684531
4.978464758684531,6.303931547259637
5.6411981529720805,7.629398335834743
6.7457538101180035,6.966664941547194
6.171384868402129,7.894491693549767
7.629398335834743,8.2921317301223
8.159585051264791,9.352505160982389
8.822318445552341,8.822318445552341
10.147785234127454,10.412878591842478
9.617598518697413,9.88269187641243
9.219958482124873,11.738345380417584
11.208158664987543,11.208158664987543
10.677971949557495,13.06381216899269
12.53362545356265,12.53362545356265
12.003438738132608,14.389278957567804
13.859092242137756,13.859092242137756
13.328905526707715,15.449652388427886
14.985739012426599,14.919465672997845
14.389278957567804,16.907665855860508
15.582199067285401,16.244932461572958
16.510025819287975,15.847292425000418
15.979839103857934,17.570399250148064
15.582199067285401,17.106485874146777
19.293506075295703,18.100585965578105
20.221332827298284,17.702945929005573
19.82369279072575,19.160959396438194
22.07698633130343,19.82369279072575
24.59537322959614,23.13735976216352
23.932639835308585,22.60717304673348
23.402453119878544,22.07698633130343
22.872266404448496,21.54679961587339
26.384753394172535,21.01661290044335
25.78829333931374,20.4864261850133
25.258106623883698,25.258106623883698
28.43922691646396,24.72791990845365
27.90904020103391,24.19773319302361
27.37885348560387,23.667546477593568
26.84866677017383,27.113760127888845
29.013595858179833,26.583573412458804
30.294880420469113,26.053386697028763
29.764693705039065,25.65574666045623
29.234506989609024,28.969413631894
31.929622793045077,28.43922691646396
31.355253851329195,27.90904020103391
30.825067135899154,27.511400164461378
33.21090735533435,30.957613814756662
32.68072063990431,30.294880420469113
35.0665608593395,29.764693705039065
34.536374143909455,29.367053668466532
34.13873410733692,31.355253851329195
36.92221436334465,32.415627282189284
36.39202764791461,31.885440566759243
37.98258779420474,34.006187428479414
37.4524010787747,33.47600071304937
39.308054582779846,32.945813997619325
40.76606805021247,35.86184093248457
41.16370808678501,35.33165421705452
41.16370808678501,34.80146750162448
40.63352137135496,37.4524010787747
40.10333465592491,36.92221436334465
39.57314794049488,36.524574326772125
39.04296122506483,38.51277450963478
38.57904784906354,37.98258779420474
37.98258779420474,39.57314794049488
39.08714345135067,39.17550790392234
38.51277450963478,40.63352137135496
39.838241298209894,41.82644148107256
39.9707879770674,41.296254765642516
39.705694619352386,41.49507478392878
38.6453211884923,43.019361590790155
38.38022783077727,42.48917487536011
37.98258779420474,42.02526149935882
38.51277450963478,41.627621462786294
39.17550790392234,41.16370808678501
39.882423524495735,40.50097469249745
40.69979471078371,40.10333465592491
41.229981426213755,41.95898815993007
41.69389480221505,42.886814911932646
41.16370808678501,42.3566281965026
42.02526149935882,41.56134812335753
41.296254765642516,40.76606805021247
41.03116140792749,40.10333465592491
40.63352137135496,39.838241298209894
39.838241298209894,39.308054582779846
39.308054582779846,38.91041454620732
38.55695673592062,40.43470135306869
37.98258779420474,39.838241298209894
38.84414120677856,40.96488806849874
38.91041454620732,41.296254765642516
38.77786786734981,41.82644148107256
38.247681151919764,42.48917487536011
37.717494436489716,43.019361590790155
37.054761042202166,42.48917487536011
36.2594809690571,42.09153483878758
35.99438761134208,41.16370808678501
35.596747574769545,40.76606805021247
35.0665608593395,40.36842801363994
34.60264748333822,39.57314794049488
34.580556370195296,39.04296122506483
35.33165421705452,38.6453211884923
34.80146750162448,37.98258779420474
34.27128078619444,37.31985439991719
33.60854739190688,36.8559410239159
33.07836067647684,37.4524010787747
32.415627282189284,37.85004111534723
31.885440566759243,37.85004111534723
31.355253851329195,37.31985439991719
30.55997377818413,36.78966768448714
29.89724038389658,36.39202764791461
29.234506989609024,35.86184093248457
28.83686695303649,35.33165421705452
29.764693705039065,34.867740841053234
30.825067135899154,34.13873410733692
32.216807263903014,33.674820731335636
31.708711661615894,33.34345403419186
31.023887154185417,34.27128078619444
32.61444730047555,33.80736741019315
31.62034720904422,33.21090735533435
31.222707172471686,32.74699397933306
33.21090735533435,32.283080603331776
31.951713906187997,33.2771806947631
32.68072063990431,32.68072063990431
31.554073869615465,32.283080603331776
30.957613814756662,34.13873410733692
30.692520457041645,33.74109407076439
30.294880420469113,33.34345403419186
31.090160493614178,32.68072063990431
30.55997377818413,32.15053392447426
31.090160493614178,31.62034720904422
30.626247117612884,30.957613814756662
30.02978706275409,30.493700438755376
29.49960034732404,30.162333741611597
29.035686971322754,31.752893887901728
30.869249362184988,31.222707172471686
30.294880420469113,31.48780053018671
29.764693705039065,31.885440566759243
29.234506989609024,32.283080603331776
31.090160493614178,32.283080603331776
30.55997377818413,32.283080603331776
30.02978706275409,33.21090735533435
29.565873686752802,32.68072063990431
29.101960310751508,34.27128078619444
29.764693705039065,33.80736741019315
30.294880420469113,33.74109407076439
30.957613814756662,33.34345403419186
31.62034720904422,33.873640749621906
32.15053392447426,33.34345403419186
32.15053392447426,35.0665608593395
31.62034720904422,34.536374143909455
31.156433833042932,34.536374143909455
32.216807263903014,34.006187428479414
31.686620548472973,33.34345403419186
32.15053392447426,32.68072063990431
31.090160493614178,32.15053392447426
30.55997377818413,31.62034720904422
30.162333741611597,31.222707172471686
31.885440566759243,34.27128078619444
31.355253851329195,33.74109407076439
30.825067135899154,33.21090735533435
32.15053392447426,32.68072063990431
31.62034720904422,32.15053392447426
31.090160493614178,35.33165421705452
30.55997377818413,34.80146750162448
30.02978706275409,34.27128078619444
30.957613814756662,33.60854739190688
30.42742709932662,33.34345403419186
30.162333741611597,33.34345403419186
29.89724038389658,32.945813997619325
31.090160493614178,32.48190062161804
30.55997377818413,31.885440566759243
30.02978706275409,31.62034720904422
32.15053392447426,31.222707172471686
31.62034720904422,32.945813997619325
31.62034720904422,32.415627282189284
31.222707172471686,33.80736741019315
32.15053392447426,33.34345403419186
32.216807263903014,34.27128078619444
32.15053392447426,33.74109407076439
31.62034720904422,33.21090735533435
31.090160493614178,32.72490286619014
30.626247117612884,32.283080603331776
30.02978706275409,33.2771806947631
30.825067135899154,33.21090735533435
30.294880420469113,32.74699397933306
29.89724038389658,32.283080603331776
32.15053392447426,34.27128078619444
31.62034720904422,33.74109407076439
31.885440566759243,33.21090735533435
31.355253851329195,32.68072063990431
32.45980950847512,35.19910753819701
33.21090735533435,34.735194162195725
33.40972737362062,34.536374143909455
33.47600071304937,34.006187428479414
36.657121005629634,33.54227405247813
36.126934290199586,32.945813997619325
35.596747574769545,32.34935394276053
35.0665608593395,33.74109407076439
34.536374143909455,35.33165421705452
37.187307721059675,34.867740841053234
36.657121005629634,34.27128078619444
36.126934290199586,34.80146750162448
35.6630209141983,34.40382746505195
36.126934290199586,34.13873410733692
36.524574326772125,33.56436516562104
37.85004111534723,34.27128078619444
36.524574326772125,33.80736741019315
35.86184093248457,33.21090735533435
35.464200895912036,32.68072063990431
36.92221436334465,32.283080603331776
36.325754308485855,33.25508958162019
35.86184093248457,32.68072063990431
35.464200895912036,32.283080603331776
37.717494436489716,35.0665608593395
43.5495483062202,34.4701008044807
40.23588133478243,34.006187428479414
45.40520181022535,34.536374143909455
44.87501509479531,34.006187428479414
44.477375058222776,33.47600071304937
44.87501509479531,35.72929425362706
44.477375058222776,35.0665608593395
45.27265513136784,34.66892082276697
44.74246841593779,36.92221436334465
43.15190826964766,36.39202764791461
43.41700162736269,37.4524010787747
41.7601681416438,36.92221436334465
41.16370808678501,36.39202764791461
41.69389480221505,35.86184093248457
41.229981426213755,35.33165421705452
40.69979471078371,34.93401418048199
40.14751688221075,33.74109407076439
40.898614729069976,33.34345403419186
42.22408151764509,35.33165421705452
41.69389480221505,34.80146750162448
41.296254765642516,34.27128078619444
43.5495483062202,37.38612773934594
43.15190826964766,36.92221436334465
44.87501509479531,36.39202764791461
44.34482837936527,35.86184093248457
43.94718834279273,36.78966768448714
42.75426823307514,36.78966768448714
42.22408151764509,37.51867441820345
42.09153483878758,36.96639658963049
40.898614729069976,38.247681151919764
40.23588133478243,37.717494436489716
39.705694619352386,40.36842801363994
39.44060126163736,39.838241298209894
39.04296122506483,39.44060126163736
38.51277450963478,42.48917487536011
37.98258779420474,43.94718834279273
37.51867441820345,43.41700162736269
36.92221436334465,43.59373053250604
36.39202764791461,44.079735021650244
35.86184093248457,43.28445494850518
35.464200895912036,42.22408151764509
37.717494436489716,41.69389480221505
37.187307721059675,40.23588133478243
36.72339434505839,39.705694619352386
36.2594809690571,39.17550790392234
37.187307721059675,38.91041454620732
36.657121005629634,42.75426823307514
36.524574326772125,42.22408151764509
36.2594809690571,41.82644148107256
35.72929425362706,43.15190826964766
35.0665608593395,42.75426823307514
32.54817396104679,42.48917487536011
33.47600071304937,43.019361590790155
33.07836067647684,42.75426823307514
34.536374143909455,42.3566281965026
34.13873410733692,41.82644148107256
34.80146750162448,41.428801444500024
34.13873410733692,42.48917487536011
35.596747574769545,41.95898815993007
33.47600071304937,44.079735021650244
36.524574326772125,43.5495483062202
35.99438761134208,43.15190826964766
35.26538087762577,47.260855314230504
34.80146750162448,46.86321527765797
33.873640749621906,46.33302856222792
33.60854739190688,45.670295167940374
33.21090735533435,45.27265513136784
32.68072063990431,45.14010845251033
32.283080603331776,44.609921737080285
34.80146750162448,44.079735021650244
34.13873410733692,43.019361590790155
33.74109407076439,42.48917487536011
36.657121005629634,41.49507478392878
36.19320762962835,41.95898815993007
35.596747574769545,41.49507478392878
36.524574326772125,40.898614729069976
35.99438761134208,40.23588133478243
35.19910753819701,39.9707879770674
34.66892082276697,40.43470135306869
33.873640749621906,40.898614729069976
33.60854739190688,40.36842801363994
33.07836067647684,39.838241298209894
32.54817396104679,39.308054582779846
32.283080603331776,38.77786786734981
33.34345403419186,38.291863378205605
32.81326731876182,37.85004111534723
34.006187428479414,38.77786786734981
34.66892082276697,38.247681151919764
35.37583644334036,37.58494775763221
36.657121005629634,37.054761042202166
36.19320762962835,36.39202764791461
38.77786786734981,35.86184093248457
38.247681151919764,35.33165421705452
37.717494436489716,34.006187428479414
37.25358106048843,33.60854739190688
37.98258779420474,32.68072063990431
37.4524010787747,32.283080603331776
36.78966768448714,34.006187428479414
36.524574326772125,33.47600071304937
36.126934290199586,33.07836067647684
35.596747574769545,34.66892082276697
37.4524010787747,35.13283419876826
36.8559410239159,34.536374143909455
36.39202764791461,34.006187428479414
35.86184093248457,33.47600071304937
37.31985439991719,33.01208733704808
36.78966768448714,32.415627282189284
37.717494436489716,31.752893887901728
37.187307721059675,31.28898051190044
38.247681151919764,32.01798724561675
38.77786786734981,31.62034720904422
38.247681151919764,31.090160493614178
37.717494436489716,30.42742709932662
37.187307721059675,29.764693705039065
36.72339434505839,29.16823365018027
38.77786786734981,31.134342719900012
38.247681151919764,30.55997377818413
37.717494436489716,32.945813997619325
37.187307721059675,32.415627282189284
36.78966768448714,31.885440566759243
37.98258779420474,33.2771806947631
37.4524010787747,32.74699397933306
36.92221436334465,32.15053392447426
38.51277450963478,31.686620548472973
36.524574326772125,31.090160493614178
39.882423524495735,30.55997377818413
39.308054582779846,30.096060402182843
40.96488806849874,30.02978706275409
40.36842801363994,30.42742709932662
39.9707879770674,31.752893887901728
43.019361590790155,31.090160493614178
42.42290153593136,32.945813997619325
41.95898815993007,32.415627282189284
41.428801444500024,34.006187428479414
43.019361590790155,33.34345403419186
42.3566281965026,32.54817396104679
41.82644148107256,32.283080603331776
41.16370808678501,31.885440566759243
40.50097469249745,31.222707172471686
39.9707879770674,30.692520457041645
39.44060126163736,30.22860708104035
38.77786786734981,32.01798724561675
38.247681151919764,31.554073869615465
37.85004111534723,31.222707172471686
40.898614729069976,31.752893887901728
40.36842801363994,31.222707172471686
39.838241298209894,33.07836067647684
39.308054582779846,32.415627282189284
41.95898815993007,33.34345403419186
41.428801444500024,33.74109407076439
40.898614729069976,34.13873410733692
40.36842801363994,33.56436516562104
40.037061316496164,35.33165421705452
41.16370808678501,34.80146750162448
40.63352137135496,34.27128078619444
40.10333465592491,33.873640749621906
40.898614729069976,34.27128078619444
40.36842801363994,33.74109407076439
39.705694619352386,33.21090735533435
39.04296122506483,32.68072063990431
38.51277450963478,32.283080603331776
37.98258779420474,34.66892082276697
37.4524010787747,34.006187428479414
36.92221436334465,33.47600071304937
36.657121005629634,35.99438761134208
37.76167666277556,35.33165421705452
37.187307721059675,37.717494436489716
39.57314794049488,37.187307721059675
39.04296122506483,36.657121005629634
38.51277450963478,39.838241298209894
40.898614729069976,39.308054582779846
40.36842801363994,38.77786786734981
41.296254765642516,38.247681151919764
42.003170386215906,40.898614729069976
42.09153483878758,40.36842801363994
41.82644148107256,39.308054582779846
41.428801444500024,38.77786786734981
40.898614729069976,38.247681151919764
40.36842801363994,37.717494436489716
39.705694619352386,37.054761042202166
39.17550790392234,36.78966768448714
38.91041454620732,36.39202764791461
40.14751688221075,35.90602315877041
39.57314794049488,36.524574326772125
40.898614729069976,36.2594809690571
40.36842801363994,35.79556759305581
39.57314794049488,39.04296122506483
39.04296122506483,38.51277450963478
39.838241298209894,37.98258779420474
39.308054582779846,37.4524010787747
39.308054582779846,36.92221436334465
38.91041454620732,36.39202764791461
39.9707879770674,41.95898815993007
40.43470135306869,41.428801444500024
39.9707879770674,40.898614729069976
41.03116140792749,40.36842801363994
41.73807702850088,39.838241298209894
41.95898815993007,39.308054582779846
41.428801444500024,38.77786786734981
40.76606805021247,38.31395449134852
40.10333465592491,37.717494436489716
39.57314794049488,37.187307721059675
39.04296122506483,36.657121005629634
38.77786786734981,35.99438761134208
38.115134473062255,35.33165421705452
37.4524010787747,34.80146750162448
36.92221436334465,34.27128078619444
36.59084766620087,33.80736741019315
38.51277450963478,33.34345403419186
37.85004111534723,35.0665608593395
37.4524010787747,34.536374143909455
36.92221436334465,34.13873410733692
36.524574326772125,35.53047423534079
39.838241298209894,36.92221436334465
39.308054582779846,36.39202764791461
38.77786786734981,35.86184093248457
38.247681151919764,37.4524010787747
37.717494436489716,36.92221436334465
37.054761042202166,36.657121005629634
36.524574326772125,36.524574326772125
35.99438761134208,35.86184093248457
35.72929425362706,35.33165421705452
35.33165421705452,34.80146750162448
34.80146750162448,34.40382746505195
34.27128078619444,34.27128078619444
33.74109407076439,33.80736741019315
33.34345403419186,33.21090735533435
34.27128078619444,32.54817396104679
35.33165421705452,32.283080603331776
34.80146750162448,32.74699397933306
33.873640749621906,33.07836067647684
35.0665608593395,32.415627282189284
34.40382746505195,31.752893887901728
33.74109407076439,31.355253851329195
33.07836067647684,31.951713906187997
32.48190062161804,33.07836067647684
32.15053392447426,32.415627282189284
31.62034720904422,34.33755412562319
30.957613814756662,33.74109407076439
30.42742709932662,34.80146750162448
29.764693705039065,35.6630209141983
29.101960310751508,35.19910753819701
28.83686695303649,36.2594809690571
28.306680237606443,36.524574326772125
27.643946843318894,35.86184093248457
26.981213449031337,35.33165421705452
26.31848005474378,34.80146750162448
25.854566678742493,34.27128078619444
25.258106623883698,33.74109407076439
23.932639835308585,33.21090735533435
23.402453119878544,32.54817396104679
23.402453119878544,32.283080603331776
22.739719725590987,31.885440566759243
22.07698633130343,31.355253851329195
21.54679961587339,30.891340475327908
21.01661290044335,30.294880420469113
20.4864261850133,31.39943607761503
19.95623946958326,30.825067135899154
19.42605275415322,32.15053392447426
19.028412717580686,31.355253851329195
19.95623946958326,30.825067135899154
19.42605275415322,30.294880420469113
21.01661290044335,29.632147026181556
20.4864261850133,29.367053668466532
22.07698633130343,28.969413631894
21.54679961587339,30.073969289039923
21.54679961587339,29.49960034732404
21.01661290044335,29.101960310751508
20.353879506155792,30.825067135899154
19.757419451296997,30.294880420469113
19.160959396438194,29.764693705039065
18.630772681008153,29.234506989609024
18.100585965578105,28.704320274178976
17.570399250148064,28.174133558748935
16.907665855860508,27.643946843318894
16.64257249814549,27.113760127888845
16.244932461572958,26.716120091316313
15.847292425000418,26.84866677017383
16.510025819287975,27.37885348560387
15.91356576442918,27.776493522176402
16.510025819287975,27.776493522176402
15.449652388427886,27.710220182747648
14.919465672997845,27.37885348560387
14.389278957567804,26.981213449031337
13.859092242137756,26.583573412458804
13.395178866136469,26.053386697028763
12.666172132420158,25.523199981598715
12.401078774705141,25.05928660559743
12.268532095847625,24.462826550738633
11.738345380417584,23.932639835308585
11.340705343845052,23.534999798736052
12.003438738132608,24.462826550738633
,24.0651865141661
,25.258106623883698
,24.794193247882404
,23.932639835308585
,23.402453119878544
,22.739719725590987
,22.474626367875963
,22.07698633130343
,21.54679961587339
,21.082886239872103
,20.4864261850133
,19.82369279072575
,19.160959396438194
,18.630772681008153
,18.100585965578105
,17.437852571290556
,17.040212534718023
,17.63667258957682
,18.100585965578105
,18.630772681008153
,18.03431262614935
,17.835492607863088
,17.17275921357553
,16.510025819287975
,16.046112443286688
,15.449652388427886
,14.919465672997845
,14.389278957567804
,13.859092242137756
,13.395178866136469
,12.798718811277674
,12.401078774705141
,12.135985416990117
,11.605798701560076
,11.208158664987543
,10.74424528898625
,10.280331912984963
,9.88269187641243
,9.352505160982389
,8.954865124409856
,8.954865124409856
