Y(hoy),Y(ayer)
5.84001817125835,6.834118262689678
6.436478226117146,7.231758299262211
7.032938280975948,7.761945014692259
7.364304978119726,7.629398335834743
6.767844923260924,6.834118262689678
6.436478226117146,6.834118262689678
5.906291510687105,6.767844923260924
5.707471492400835,6.436478226117146
5.6411981529720805,6.038838189544613
4.978464758684531,5.6411981529720805
4.713371400969507,5.1110114375420395
4.183184685539466,4.713371400969507
3.5867246306806635,4.713371400969507
3.5204512912519093,4.713371400969507
3.3879046123944008,4.183184685539466
3.1228112546793767,3.5867246306806635
2.725171218106837,3.3879046123944008
3.1228112546793767,2.990264575821868
2.725171218106837,2.5926245392493286
2.990264575821868,2.3275311815343116
2.46007786039182,2.3275311815343116
2.3938045209630587,2.0624378238192946
1.929891144961772,1.5985244478179936
1.399704429531738,2.194984502676803
1.2671577506742295,1.7973444661042635
1.2671577506742295,1.664797787246755
1.2671577506742295,0.8695177141016899
0.20678431981413326,0.20678431981413326
0.20678431981413326,0.20678431981413326
-0.12458237732964506,0.20678431981413326
-0.6326779796167585,1.0020643929591984
-0.05830903790088371,0.47187767752916443
-0.7210424321884403,0.8695177141016899
0.20678431981413326,0.33933099867164174
-0.12458237732964506,0.20678431981413326
-0.6326779796167585,0.20678431981413326
0.14051098038538612,1.0020643929591984
-0.8535891110459488,0.33933099867164174
-0.3234023956159007,2.725171218106837
-0.7873157716172017,2.194984502676803
0.07423764095662477,1.664797787246755
-0.389675735044662,3.255357933536885
-0.8535891110459488,2.194984502676803
-0.8535891110459488,1.664797787246755
-0.1466734904725655,1.1346110718167068
-0.5884957533309318,0.6044243563866729
0.07423764095662477,0.20678431981413326
-0.45594907447342337,0.20678431981413326
0.07423764095662477,-0.3234023956159007
-0.389675735044662,-0.7210424321884403
-0.45594907447342337,-0.05830903790088371
-0.8535891110459488,-0.7873157716172017
-0.7873157716172017,-0.7210424321884403
0.14051098038538612,-0.05830903790088371
-0.7210424321884403,0.14051098038538612
0.14051098038538612,-0.389675735044662
0.20678431981413326,-0.8535891110459488
0.20678431981413326,-0.8535891110459488
0.20678431981413326,-0.8535891110459488
0.20678431981413326,-0.8535891110459488
0.7369710352441814,-0.45594907447342337
1.0020643929591984,-0.05830903790088371
1.2671577506742295,-0.654769092759679
1.664797787246755,-0.7210424321884403
2.3275311815343116,0.07423764095662477
2.990264575821868,-0.3234023956159007
3.3879046123944008,-0.5884957533309318
4.647098061540753,0.07423764095662477
6.436478226117146,-0.3234023956159007
6.038838189544613,-0.654769092759679
5.1110114375420395,-0.1908557167583922
7.761945014692259,0.20678431981413326
7.231758299262211,0.2730576592428946
6.834118262689678,0.8695177141016899
7.761945014692259,1.2671577506742295
7.231758299262211,1.1346110718167068
9.352505160982389,0.67069769581542
8.822318445552341,0.20678431981413326
8.2921317301223,0.33933099867164174
6.834118262689678,0.8695177141016899
10.147785234127454,1.2671577506742295
10.147785234127454,1.2671577506742295
9.617598518697413,1.929891144961772
9.087411803267365,2.7914445575355984
9.750145197554922,2.3275311815343116
10.412878591842478,3.3879046123944008
11.870892059275093,3.918091327824442
11.208158664987543,4.448278043254483
13.107994395278524,4.845918079827015
12.53362545356265,5.3761047952570635
14.389278957567804,5.773744831829596
13.925365581566517,5.243558116399548
15.493834614713727,4.713371400969507
14.919465672997845,6.303931547259637
16.775119177003,5.6411981529720805
16.244932461572958,5.1110114375420395
17.371579231861794,7.032938280975948
17.835492607863088,7.496851656977235
18.409861549578963,7.894491693549767
17.835492607863088,8.2921317301223
19.73532833815407,9.15368514269612
19.160959396438194,8.689771766694832
20.552699524442062,10.147785234127454
21.01661290044335,9.617598518697413
21.811892973588414,11.208158664987543
21.41425293701588,10.677971949557495
23.800093156451076,12.069712077561363
29.234506989609024,11.605798701560076
31.355253851329195,13.196358847850206
30.825067135899154,12.53362545356265
30.42742709932662,14.455552296996558
34.536374143909455,13.859092242137756
34.07246076790817,14.919465672997845
33.47600071304937,15.515925727856647
32.945813997619325,16.244932461572958
32.415627282189284,15.71474574614291
36.524574326772125,17.437852571290556
35.99438761134208,16.775119177003
35.53047423534079,18.630772681008153
35.0665608593395,18.100585965578105
36.524574326772125,19.691146111868235
38.247681151919764,19.160959396438194
37.85004111534723,20.751519542728325
39.308054582779846,20.221332827298284
38.91041454620732,22.07698633130343
42.48917487536011,21.679346294730898
41.95898815993007,23.932639835308585
41.56134812335753,23.402453119878544
44.3890106056511,25.258106623883698
43.81464166393522,26.84866677017383
43.28445494850518,26.451026733601296
42.886814911932646,28.174133558748935
45.18429067879617,29.234506989609024
45.53774848908286,31.090160493614178
45.27265513136784,30.55997377818413
44.34482837936527,30.02978706275409
43.88091500336398,32.945813997619325
43.28445494850518,32.415627282189284
43.28445494850518,31.885440566759243
43.28445494850518,31.48780053018671
43.28445494850518,34.60264748333822
43.28445494850518,34.006187428479414
43.28445494850518,33.60854739190688
43.28445494850518,35.596747574769545
44.34482837936527,35.0665608593395
43.88091500336398,36.657121005629634
45.40520181022535,37.98258779420474
44.87501509479531,37.58494775763221
44.87501509479531,39.308054582779846
44.21228170050775,38.77786786734981
43.81464166393522,38.38022783077727
42.75426823307514,40.63352137135496
42.22408151764509,40.23588133478243
41.7601681416438,41.69389480221505
41.229981426213755,41.296254765642516
40.63352137135496,43.28445494850518
40.10333465592491,42.75426823307514
40.36842801363994,42.3566281965026
39.9707879770674,44.34482837936527
40.898614729069976,43.81464166393522
42.29035485707385,45.00756177365282
41.428801444500024,44.079735021650244
42.22408151764509,43.41700162736269
41.7601681416438,42.886814911932646
41.16370808678501,42.3566281965026
40.898614729069976,41.82644148107256
40.36842801363994,41.16370808678501
39.90451463763865,40.50097469249745
39.705694619352386,39.9707879770674
39.44060126163736,40.96488806849874
39.08714345135067,40.36842801363994
39.838241298209894,39.9707879770674
39.308054582779846,41.95898815993007
38.84414120677856,41.49507478392878
38.247681151919764,41.428801444500024
37.187307721059675,41.03116140792749
36.72339434505839,41.16370808678501
36.126934290199586,41.69389480221505
35.464200895912036,42.55544821478887
35.19910753819701,42.09153483878758
34.80146750162448,43.15190826964766
35.19910753819701,43.15190826964766
34.536374143909455,43.5495483062202
36.59084766620087,44.079735021650244
36.126934290199586,43.41700162736269
34.80146750162448,42.75426823307514
35.90602315877041,42.29035485707385
37.717494436489716,41.56134812335753
37.187307721059675,41.56134812335753
36.657121005629634,42.09153483878758
38.77786786734981,41.69389480221505
38.247681151919764,41.229981426213755
37.717494436489716,40.76606805021247
37.187307721059675,40.36842801363994
36.657121005629634,39.838241298209894
35.99438761134208,39.308054582779846
35.464200895912036,38.84414120677856
35.19910753819701,38.247681151919764
34.735194162195725,37.85004111534723
34.40382746505195,37.98258779420474
34.93401418048199,38.51277450963478
35.596747574769545,37.717494436489716
35.0665608593395,37.187307721059675
34.13873410733692,36.657121005629634
33.873640749621906,36.126934290199586
33.47600071304937,35.72929425362706
33.01208733704808,37.4524010787747
32.45980950847512,36.92221436334465
33.25508958162019,37.4524010787747
34.006187428479414,37.054761042202166
33.60854739190688,36.657121005629634
34.33755412562319,36.126934290199586
36.39202764791461,35.0665608593395
35.72929425362706,34.536374143909455
35.26538087762577,33.21090735533435
34.80146750162448,32.68072063990431
36.39202764791461,35.19910753819701
35.86184093248457,34.93401418048199
35.33165421705452,34.40382746505195
34.80146750162448,33.74109407076439
34.40382746505195,35.0665608593395
34.536374143909455,34.66892082276697
35.33165421705452,34.80146750162448
34.80146750162448,34.40382746505195
34.006187428479414,34.006187428479414
33.54227405247813,33.54227405247813
35.0665608593395,34.006187428479414
34.536374143909455,33.60854739190688
33.74109407076439,35.33165421705452
33.07836067647684,34.80146750162448
32.54817396104679,36.39202764791461
32.283080603331776,35.92811427191332
31.885440566759243,35.86184093248457
31.28898051190044,35.0665608593395
30.957613814756662,34.80146750162448
33.2771806947631,36.39202764791461
32.68072063990431,35.86184093248457
33.74109407076439,35.33165421705452
34.27128078619444,35.596747574769545
33.93991408905066,35.0665608593395
33.47600071304937,34.66892082276697
34.006187428479414,34.13873410733692
35.39792755648328,33.74109407076439
34.80146750162448,34.13873410733692
35.19910753819701,33.54227405247813
34.536374143909455,34.006187428479414
35.33165421705452,34.80146750162448
34.93401418048199,35.33165421705452
34.66892082276697,34.80146750162448
34.40382746505195,34.13873410733692
34.40382746505195,33.47600071304937
34.31546301248027,34.536374143909455
33.74109407076439,35.19910753819701
33.34345403419186,34.80146750162448
35.0665608593395,35.72929425362706
35.464200895912036,35.0665608593395
35.19910753819701,34.66892082276697
34.80146750162448,36.39202764791461
34.006187428479414,35.86184093248457
33.54227405247813,35.33165421705452
36.39202764791461,34.536374143909455
35.86184093248457,33.93991408905066
34.27128078619444,33.60854739190688
33.74109407076439,35.19910753819701
36.657121005629634,34.66892082276697
36.92221436334465,36.39202764791461
36.524574326772125,35.86184093248457
38.51277450963478,35.39792755648328
37.98258779420474,34.93401418048199
37.4524010787747,35.596747574769545
38.51277450963478,36.39202764791461
38.115134473062255,35.99438761134208
37.717494436489716,35.33165421705452
38.38022783077727,34.66892082276697
39.308054582779846,34.27128078619444
39.90451463763865,33.74109407076439
40.36842801363994,33.34345403419186
40.898614729069976,34.27128078619444
40.36842801363994,33.873640749621906
39.838241298209894,33.47600071304937
39.308054582779846,33.01208733704808
40.76606805021247,32.48190062161804
47.260855314230504,33.47600071304937
46.73066859880046,32.945813997619325
47.52594867194553,36.39202764791461
46.99576195651548,35.92811427191332
46.598121919942955,35.33165421705452
45.40520181022535,34.80146750162448
44.87501509479531,34.40382746505195
43.81464166393522,35.86184093248457
43.15190826964766,35.0665608593395
44.54364839765153,34.536374143909455
45.14010845251033,35.19910753819701
44.54364839765153,34.80146750162448
45.14010845251033,34.40382746505195
44.079735021650244,34.867740841053234
43.41700162736269,36.39202764791461
42.886814911932646,35.86184093248457
42.62172155421762,35.33165421705452
43.5495483062202,37.4524010787747
43.019361590790155,36.92221436334465
42.48917487536011,37.31985439991719
44.21228170050775,36.8559410239159
43.5495483062202,37.4524010787747
43.15190826964766,38.51277450963478
43.94718834279273,37.98258779420474
43.28445494850518,38.91041454620732
42.48917487536011,38.91041454620732
44.609921737080285,38.91041454620732
42.09153483878758,38.51277450963478
41.69389480221505,37.916314454775986
41.16370808678501,38.51277450963478
41.69389480221505,37.98258779420474
38.77786786734981,42.75426823307514
38.38022783077727,42.22408151764509
38.02677002049058,41.69389480221505
37.58494775763221,41.16370808678501
39.838241298209894,40.76606805021247
39.308054582779846,45.9353885256554
38.77786786734981,45.14010845251033
40.898614729069976,47.835224255946386
40.36842801363994,47.39340199308802
39.705694619352386,48.58632210280561
39.44060126163736,46.46557524108544
39.04296122506483,45.9353885256554
38.6453211884923,46.200481883370415
34.536374143909455,45.14010845251033
32.415627282189284,44.609921737080285
33.07836067647684,44.079735021650244
31.885440566759243,43.5495483062202
31.355253851329195,43.41700162736269
34.33755412562319,43.94718834279273
33.873640749621906,43.15190826964766
32.68072063990431,42.886814911932646
36.39202764791461,42.48917487536011
35.79556759305581,42.09153483878758
35.33165421705452,42.09153483878758
34.80146750162448,41.69389480221505
36.39202764791461,41.03116140792749
35.72929425362706,40.76606805021247
35.464200895912036,40.43470135306869
35.0665608593395,39.9707879770674
34.536374143909455,41.95898815993007
34.006187428479414,41.428801444500024
33.54227405247813,40.898614729069976
33.07836067647684,45.14010845251033
31.885440566759243,44.609921737080285
31.355253851329195,44.079735021650244
33.07836067647684,43.5495483062202
34.40382746505195,43.019361590790155
33.34345403419186,48.58632210280561
33.07836067647684,48.05613538737557
32.68072063990431,47.52594867194553
36.126934290199586,46.99576195651548
35.6630209141983,46.46557524108544
35.0665608593395,45.9353885256554
34.536374143909455,45.14010845251033
38.77786786734981,44.609921737080285
38.247681151919764,44.079735021650244
37.717494436489716,43.5495483062202
37.187307721059675,43.15190826964766
36.72339434505839,42.09153483878758
37.4524010787747,41.95898815993007
36.92221436334465,41.56134812335753
36.2594809690571,39.57314794049488
35.99438761134208,39.04296122506483
35.596747574769545,38.51277450963478
32.283080603331776,37.31985439991719
34.27128078619444,36.72339434505839
33.74109407076439,37.31985439991719
35.33165421705452,36.78966768448714
34.80146750162448,37.31985439991719
35.72929425362706,36.92221436334465
36.19320762962835,37.98258779420474
36.657121005629634,37.4524010787747
38.02677002049058,38.77786786734981
37.4524010787747,35.596747574769545
36.92221436334465,35.0665608593395
39.838241298209894,34.536374143909455
39.308054582779846,34.006187428479414
38.77786786734981,33.60854739190688
38.247681151919764,33.07836067647684
37.78376777591848,32.61444730047555
36.39202764791461,33.873640749621906
35.86184093248457,34.27128078619444
35.464200895912036,33.74109407076439
35.596747574769545,33.07836067647684
35.464200895912036,32.68072063990431
34.93401418048199,33.21090735533435
34.66892082276697,34.27128078619444
34.27128078619444,33.873640749621906
33.74109407076439,33.47600071304937
33.34345403419186,32.945813997619325
34.80146750162448,32.34935394276053
35.86184093248457,33.21090735533435
35.33165421705452,32.68072063990431
34.40382746505195,35.0665608593395
36.657121005629634,34.536374143909455
36.2594809690571,34.13873410733692
36.39202764791461,35.464200895912036
35.86184093248457,34.27128078619444
35.19910753819701,33.74109407076439
34.93401418048199,32.415627282189284
34.536374143909455,32.945813997619325
35.37583644334036,34.006187428479414
34.80146750162448,33.47600071304937
34.40382746505195,35.19910753819701
36.657121005629634,34.66892082276697
36.126934290199586,34.27128078619444
37.187307721059675,34.006187428479414
37.98258779420474,33.47600071304937
37.51867441820345,34.93401418048199
38.38022783077727,36.2594809690571
36.92221436334465,35.596747574769545
37.717494436489716,36.92221436334465
39.04296122506483,37.4524010787747
38.51277450963478,36.8559410239159
36.92221436334465,36.78966768448714
40.63352137135496,37.231489947345516
40.10333465592491,36.92221436334465
39.705694619352386,36.39202764791461
38.247681151919764,35.86184093248457
37.85004111534723,37.4524010787747
37.4524010787747,36.92221436334465
36.92221436334465,38.31395449134852
36.524574326772125,37.85004111534723
38.51277450963478,38.6453211884923
39.57314794049488,37.98258779420474
39.04296122506483,37.31985439991719
37.98258779420474,36.72339434505839
38.51277450963478,36.92221436334465
38.115134473062255,37.4524010787747
42.75426823307514,38.115134473062255
42.22408151764509,38.77786786734981
41.69389480221505,39.838241298209894
41.229981426213755,39.308054582779846
40.63352137135496,38.91041454620732
38.6453211884923,41.428801444500024
45.40520181022535,40.898614729069976
44.87501509479531,40.36842801363994
44.34482837936527,41.95898815993007
43.81464166393522,41.16370808678501
43.28445494850518,40.63352137135496
42.75426823307514,39.57314794049488
42.22408151764509,39.17550790392234
41.69389480221505,38.31395449134852
41.229981426213755,37.85004111534723
40.63352137135496,38.77786786734981
40.23588133478243,39.838241298209894
37.717494436489716,39.838241298209894
36.39202764791461,39.308054582779846
35.86184093248457,40.50097469249745
35.464200895912036,40.037061316496164
36.657121005629634,39.17550790392234
37.717494436489716,38.247681151919764
37.187307721059675,37.717494436489716
38.38022783077727,36.98848770277341
39.10923456449358,37.4524010787747
40.898614729069976,37.98258779420474
40.36842801363994,38.77786786734981
39.57314794049488,38.38022783077727
40.36842801363994,39.308054582779846
39.9707879770674,39.90451463763865
39.04296122506483,40.36842801363994
38.048861133633494,39.9707879770674
38.51277450963478,43.019361590790155
38.115134473062255,42.48917487536011
38.6453211884923,41.95898815993007
37.85004111534723,41.428801444500024
36.39202764791461,40.898614729069976
35.86184093248457,40.43470135306869
37.31985439991719,39.838241298209894
35.464200895912036,39.308054582779846
39.838241298209894,38.77786786734981
39.308054582779846,38.247681151919764
38.84414120677856,37.717494436489716
38.247681151919764,37.187307721059675
37.85004111534723,36.78966768448714
39.308054582779846,37.4524010787747
38.6453211884923,37.58494775763221
38.115134473062255,36.92221436334465
37.4524010787747,37.4524010787747
36.78966768448714,36.98848770277341
36.126934290199586,36.39202764791461
35.596747574769545,35.99438761134208
36.39202764791461,35.596747574769545
35.99438761134208,35.0665608593395
37.8058588890614,34.40382746505195
39.35223680906569,34.13873410733692
38.77786786734981,33.74109407076439
40.6777035976408,33.34345403419186
40.10333465592491,35.11074308562534
41.95898815993007,34.536374143909455
41.428801444500024,34.006187428479414
40.76606805021247,33.47600071304937
40.23588133478243,36.98848770277341
39.9707879770674,36.39202764791461
39.57314794049488,35.86184093248457
39.04296122506483,37.4524010787747
38.38022783077727,36.96639658963049
37.85004111534723,37.717494436489716
37.58494775763221,38.51277450963478
37.187307721059675,38.115134473062255
36.657121005629634,37.717494436489716
36.126934290199586,37.187307721059675
35.6630209141983,36.524574326772125
37.187307721059675,36.2594809690571
36.72339434505839,35.86184093248457
37.58494775763221,35.33165421705452
36.92221436334465,34.66892082276697
36.39202764791461,34.40382746505195
35.72929425362706,34.13873410733692
35.19910753819701,33.54227405247813
34.536374143909455,33.07836067647684
33.873640749621906,32.68072063990431
33.40972737362062,32.216807263903014
33.21090735533435,31.355253851329195
32.74699397933306,30.294880420469113
32.283080603331776,29.632147026181556
31.355253851329195,29.101960310751508
29.89724038389658,30.073969289039923
30.42742709932662,29.49960034732404
31.090160493614178,30.825067135899154
31.222707172471686,30.162333741611597
29.632147026181556,29.764693705039065
28.969413631894,28.704320274178976
29.764693705039065,28.174133558748935
28.83686695303649,27.643946843318894
28.571773595321467,27.113760127888845
28.174133558748935,26.716120091316313
27.643946843318894,26.31848005474378
27.180033467317607,25.722019999884985
26.716120091316313,25.390653302741207
27.643946843318894,24.860466587311166
27.24630680674636,24.462826550738633
27.643946843318894,23.932639835308585
27.113760127888845,23.402453119878544
26.583573412458804,22.872266404448496
26.053386697028763,22.342079689018455
25.523199981598715,21.679346294730898
24.993013266168674,21.281706258158366
24.462826550738633,21.149159579300857
24.0651865141661,20.751519542728325
23.402453119878544,20.353879506155792
22.872266404448496,19.691146111868235
22.40835302844721,19.22723273586695
23.13735976216352,18.763319359865662
22.60717304673348,18.36567932329313
22.07698633130343,17.968039286720597
21.54679961587339,19.95623946958326
21.01661290044335,19.492326093581973
20.221332827298284,18.89586603872317
21.01661290044335,19.160959396438194
20.4864261850133,18.630772681008153
21.613072955302144,18.16685930500686
22.07698633130343,17.702945929005573
21.613072955302144,17.30530589243304
21.01661290044335,16.841392516431753
20.552699524442062,16.244932461572958
19.82369279072575,15.582199067285401
19.558599433010727,15.317105709570377
19.160959396438194,14.919465672997845
18.697046020436908,14.389278957567804
18.100585965578105,13.859092242137756
17.437852571290556,13.461452205565223
16.775119177003,13.06381216899269
16.244932461572958,12.599898792991404
15.71474574614291,12.33480543527638
15.184559030712869,11.804618719846339
14.720645654711582,11.340705343845052
14.12418559985278,11.208158664987543
13.593998884422739,10.412878591842478
15.449652388427886,9.750145197554922
14.786918994140336,9.219958482124873
14.32300561813905,9.617598518697413
15.449652388427886,
14.919465672997845,
13.859092242137756,
13.196358847850206,
12.931265490135182,
12.53362545356265,
12.268532095847625,
11.804618719846339,
11.340705343845052,
10.94306530727252,
10.412878591842478,
