Y(hoy),Y(ayer)
10.214058573556208,11.340705343845052
11.208158664987543,10.94306530727252
10.74424528898625,10.015238555269946
10.214058573556208,9.352505160982389
10.677971949557495,8.888591784981102
11.208158664987543,8.2921317301223
11.208158664987543,7.761945014692259
10.677971949557495,7.298031638690972
10.280331912984963,6.834118262689678
10.94306530727252,6.436478226117146
10.94306530727252,5.972564850115859
10.412878591842478,5.707471492400835
9.750145197554922,5.1110114375420395
9.087411803267365,4.713371400969507
9.617598518697413,4.713371400969507
10.015238555269946,4.448278043254483
9.418778500411143,3.6529979701094177
8.822318445552341,3.0565379152506154
8.159585051264791,2.5263511998205814
7.960765032978522,2.3275311815343116
7.761945014692259,2.3275311815343116
7.231758299262211,2.0624378238192946
6.789936036403844,1.4659777689604852
6.70157158383217,1.2671577506742295
6.237658207830883,1.2671577506742295
5.773744831829596,1.2671577506742295
6.171384868402129,1.7310711266755163
6.70157158383217,2.194984502676803
6.171384868402129,1.7310711266755163
5.707471492400835,1.2671577506742295
5.508651474114572,1.2671577506742295
5.243558116399548,1.2671577506742295
4.890100306112849,1.2671577506742295
5.6411981529720805,1.2008844112454682
5.1110114375420395,0.8695177141016899
5.707471492400835,0.33933099867164174
5.6411981529720805,0.20678431981413326
5.177284776970794,0.20678431981413326
4.669189174683673,0.20678431981413326
4.580824722111998,0.20678431981413326
4.05063800668195,0.20678431981413326
3.5204512912519093,0.14051098038538612
3.5204512912519093,-0.1908557167583922
3.5204512912519093,-0.7210424321884403
3.5204512912519093,-0.8535891110459488
2.990264575821868,-0.8535891110459488
2.46007786039182,-0.8535891110459488
2.46007786039182,-0.8535891110459488
2.46007786039182,-0.389675735044662
1.9961644843905333,-0.8535891110459488
1.399704429531738,-0.05830903790088371
1.2671577506742295,-0.7873157716172017
1.2671577506742295,-0.654769092759679
1.2671577506742295,-0.1466734904725655
1.2671577506742295,-0.45594907447342337
1.3334310901029767,-0.8535891110459488
2.23916672896263,-0.8535891110459488
1.664797787246755,-0.8535891110459488
2.46007786039182,-0.8535891110459488
2.46007786039182,-0.8535891110459488
2.46007786039182,-0.8535891110459488
2.3275311815343116,-0.8535891110459488
2.0624378238192946,-0.8535891110459488
1.664797787246755,-0.8535891110459488
1.2671577506742295,-0.8535891110459488
2.194984502676803,-0.8535891110459488
1.7973444661042635,-0.8535891110459488
1.5322511083892465,-0.7873157716172017
1.2671577506742295,-0.45594907447342337
1.2671577506742295,0.20678431981413326
1.2008844112454682,0.20678431981413326
1.1346110718167068,0.20678431981413326
0.67069769581542,1.0020643929591984
0.2730576592428946,0.47187767752916443
0.20678431981413326,1.2671577506742295
0.20678431981413326,1.399704429531738
0.20678431981413326,2.0624378238192946
0.20678431981413326,2.3275311815343116
0.20678431981413326,2.3275311815343116
0.20678431981413326,2.5263511998205814
0.20678431981413326,3.6529979701094177
0.20678431981413326,2.990264575821868
-0.25712905618715354,4.315731364396974
-0.6768602059025994,4.779644740398261
-0.12458237732964506,5.3761047952570635
0.20678431981413326,4.978464758684531
0.20678431981413326,5.906291510687105
0.33933099867164174,6.767844923260924
0.9136999403875308,6.303931547259637
1.2671577506742295,7.231758299262211
1.2671577506742295,8.159585051264791
1.2671577506742295,7.629398335834743
1.2671577506742295,9.485051839839898
1.3334310901029767,8.822318445552341
1.7310711266755163,10.147785234127454
1.2671577506742295,11.009338646701273
2.3275311815343116,10.545425270699987
2.46007786039182,12.135985416990117
2.725171218106837,11.47325202270256
2.3275311815343116,13.461452205565223
3.3879046123944008,12.798718811277674
3.5204512912519093,15.317105709570377
3.5204512912519093,14.65437231528282
3.7855446489669333,14.12418559985278
3.3879046123944008,16.510025819287975
4.315731364396974,16.046112443286688
4.315731364396974,16.510025819287975
3.6529979701094177,15.979839103857934
3.6529979701094177,18.630772681008153
4.315731364396974,18.100585965578105
4.845918079827015,17.570399250148064
5.508651474114572,17.040212534718023
5.773744831829596,18.36567932329313
5.906291510687105,17.968039286720597
6.436478226117146,19.22723273586695
7.099211620404702,18.630772681008153
7.761945014692259,20.287606166727038
7.894491693549767,19.691146111868235
7.894491693549767,21.878166313017168
7.894491693549767,21.281706258158366
7.828218354121013,20.751519542728325
7.761945014692259,23.97682206159442
7.298031638690972,23.402453119878544
6.9003916021184395,22.872266404448496
7.032938280975948,22.342079689018455
7.629398335834743,25.324379963312452
7.894491693549767,24.72791990845365
8.027038372407276,26.31848005474378
8.557225087837324,25.78829333931374
9.087411803267365,27.710220182747648
9.352505160982389,27.113760127888845
8.954865124409856,26.716120091316313
10.015238555269946,29.278689215894858
10.677971949557495,28.704320274178976
11.208158664987543,28.174133558748935
11.208158664987543,31.134342719900012
11.539525362131315,30.55997377818413
11.075611986130028,30.02978706275409
12.135985416990117,32.98999622390516
12.401078774705141,32.415627282189284
12.53362545356265,31.885440566759243
13.107994395278524,34.84564972791032
13.638181110708572,34.27128078619444
14.389278957567804,33.74109407076439
13.859092242137756,36.701303231915475
14.919465672997845,36.126934290199586
14.521825636425312,35.596747574769545
16.024021330143768,38.57904784906354
15.449652388427886,37.98258779420474
16.64257249814549,37.4524010787747
15.979839103857934,41.20789031307084
16.64257249814549,40.63352137135496
15.979839103857934,40.10333465592491
17.30530589243304,39.57314794049488
17.968039286720597,39.04296122506483
18.630772681008153,43.15190826964766
18.630772681008153,42.48917487536011
18.100585965578105,41.95898815993007
17.570399250148064,43.28445494850518
17.040212534718023,43.28445494850518
16.64257249814549,43.019361590790155
19.95623946958326,42.48917487536011
19.42605275415322,42.02526149935882
18.89586603872317,41.49507478392878
18.431952662721883,41.03116140792749
17.835492607863088,40.76606805021247
19.160959396438194,40.23588133478243
18.630772681008153,39.838241298209894
18.100585965578105,39.37432792220861
19.160959396438194,38.91041454620732
18.630772681008153,38.51277450963478
19.82369279072575,37.98258779420474
20.088786148440768,37.51867441820345
20.221332827298284,36.92221436334465
20.79570176901416,36.78966768448714
21.325888484444206,37.51867441820345
22.143259670732192,38.51277450963478
21.54679961587339,37.98258779420474
22.739719725590987,37.51867441820345
23.402453119878544,36.92221436334465
23.932639835308585,36.458300987343364
24.330279871881118,35.92811427191332
23.601273138164807,36.458300987343364
23.13735976216352,35.99438761134208
22.474626367875963,36.524574326772125
24.241915419309443,35.86184093248457
23.667546477593568,35.39792755648328
23.13735976216352,34.84564972791032
22.60717304673348,34.40382746505195
24.462826550738633,36.701303231915475
23.932639835308585,36.126934290199586
23.269906441021035,35.596747574769545
25.78829333931374,37.31985439991719
25.258106623883698,36.72339434505839
24.72791990845365,36.126934290199586
24.19773319302361,35.464200895912036
23.667546477593568,35.19910753819701
26.583573412458804,34.80146750162448
26.782393430745074,34.27128078619444
27.24630680674636,33.74109407076439
26.716120091316313,33.34345403419186
27.90904020103391,34.13873410733692
28.505500255892713,33.873640749621906
28.969413631894,33.47600071304937
28.969413631894,33.01208733704808
29.49960034732404,32.34935394276053
29.035686971322754,32.415627282189284
29.89724038389658,32.945813997619325
29.234506989609024,33.80736741019315
28.704320274178976,33.34345403419186
28.24040689817769,34.27128078619444
27.776493522176402,33.873640749621906
28.704320274178976,33.47600071304937
28.174133558748935,33.01208733704808
29.300780329037778,32.48190062161804
29.764693705039065,32.283080603331776
29.49960034732404,31.752893887901728
28.969413631894,31.222707172471686
28.969413631894,31.222707172471686
28.83686695303649,30.957613814756662
28.571773595321467,30.42742709932662
28.174133558748935,30.162333741611597
27.776493522176402,30.825067135899154
28.83686695303649,31.686620548472973
28.306680237606443,31.222707172471686
29.101960310751508,32.01798724561675
29.764693705039065,31.44361830390087
29.632147026181556,33.07836067647684
29.101960310751508,32.415627282189284
30.02978706275409,31.885440566759243
29.49960034732404,33.34345403419186
30.02978706275409,33.80736741019315
30.294880420469113,34.13873410733692
29.89724038389658,33.34345403419186
30.957613814756662,32.81326731876182
31.090160493614178,32.283080603331776
30.55997377818413,34.006187428479414
30.02978706275409,33.47600071304937
29.565873686752802,32.945813997619325
29.101960310751508,33.47600071304937
30.825067135899154,32.81326731876182
30.22860708104035,32.34935394276053
29.764693705039065,33.21090735533435
30.825067135899154,32.81326731876182
30.162333741611597,34.13873410733692
30.02978706275409,33.60854739190688
30.02978706275409,34.006187428479414
30.02978706275409,33.60854739190688
30.42742709932662,33.21090735533435
29.89724038389658,32.68072063990431
31.090160493614178,32.283080603331776
30.55997377818413,33.2771806947631
29.89724038389658,34.27128078619444
29.234506989609024,33.74109407076439
29.764693705039065,35.13283419876826
29.234506989609024,34.66892082276697
30.869249362184988,35.596747574769545
30.294880420469113,36.2594809690571
32.15053392447426,35.99438761134208
31.62034720904422,35.72929425362706
30.957613814756662,36.39202764791461
30.42742709932662,35.86184093248457
30.162333741611597,35.33165421705452
29.764693705039065,34.80146750162448
29.234506989609024,34.40382746505195
28.83686695303649,34.536374143909455
29.89724038389658,35.39792755648328
29.367053668466532,34.93401418048199
29.101960310751508,35.39792755648328
28.571773595321467,34.867740841053234
28.041586879891426,34.536374143909455
27.37885348560387,35.19910753819701
26.84866677017383,35.0665608593395
26.384753394172535,34.60264748333822
25.78829333931374,34.40382746505195
25.258106623883698,34.80146750162448
24.72791990845365,35.6630209141983
25.523199981598715,35.19910753819701
24.993013266168674,36.17111651648543
24.72791990845365,35.86184093248457
24.19773319302361,35.33165421705452
23.733819817022322,34.80146750162448
23.00481308330601,34.40382746505195
22.739719725590987,35.39792755648328
22.342079689018455,34.93401418048199
21.878166313017168,35.6630209141983
21.281706258158366,36.126934290199586
20.618972863870816,36.59084766620087
20.15505948786953,36.92221436334465
19.95623946958326,37.58494775763221
19.293506075295703,37.85004111534723
18.630772681008153,38.31395449134852
17.968039286720597,38.77786786734981
17.371579231861794,38.247681151919764
16.775119177003,39.57314794049488
16.112385782715442,39.04296122506483
15.515925727856647,38.6453211884923
14.919465672997845,39.9707879770674
14.588098975854066,40.76606805021247
14.521825636425312,40.23588133478243
14.455552296996558,40.63352137135496
14.389278957567804,40.16960799535367
13.859092242137756,40.898614729069976
13.461452205565223,40.50097469249745
14.389278957567804,40.36842801363994
13.859092242137756,39.9707879770674
13.395178866136469,40.898614729069976
13.859092242137756,40.36842801363994
12.798718811277674,39.9707879770674
12.401078774705141,43.5495483062202
13.328905526707715,43.019361590790155
12.931265490135182,42.48917487536011
13.461452205565223,41.95898815993007
13.527725544993984,41.428801444500024
13.991638920995271,45.20638179193909
13.461452205565223,44.609921737080285
14.65437231528282,44.079735021650244
15.250832370141623,46.33302856222792
15.847292425000418,45.670295167940374
16.510025819287975,46.79694193822922
16.510025819287975,47.835224255946386
15.847292425000418,47.260855314230504
15.582199067285401,48.58632210280561
17.835492607863088,48.05613538737557
17.30530589243304,47.52594867194553
16.841392516431753,46.99576195651548
17.30530589243304,46.33302856222792
16.775119177003,46.06793520451291
17.835492607863088,45.60402182851162
17.437852571290556,45.53774848908286
18.36567932329313,45.14010845251033
17.968039286720597,44.676195076509046
18.89586603872317,44.146008361079
18.36567932329313,43.61582164564895
17.901765947291842,44.079735021650244
18.674954907293987,43.61582164564895
18.100585965578105,43.28445494850518
17.702945929005573,42.75426823307514
19.95623946958326,42.3566281965026
19.492326093581973,43.35072828793393
19.95623946958326,42.886814911932646
19.293506075295703,43.81464166393522
18.763319359865662,44.676195076509046
18.498226002150638,44.21228170050775
18.100585965578105,45.14010845251033
19.691146111868235,44.411101718794015
19.028412717580686,43.81464166393522
18.630772681008153,43.15190826964766
19.691146111868235,42.48917487536011
19.160959396438194,42.02526149935882
18.630772681008153,41.428801444500024
18.100585965578105,40.76606805021247
19.95623946958326,40.10333465592491
19.42605275415322,39.44060126163736
18.89586603872317,38.77786786734981
19.42605275415322,38.247681151919764
18.962139378151925,37.717494436489716
18.89586603872317,37.25358106048843
18.431952662721883,36.78966768448714
17.968039286720597,36.39202764791461
18.36567932329313,35.86184093248457
18.89586603872317,35.39792755648328
19.558599433010727,34.80146750162448
20.221332827298284,34.13873410733692
20.884066221585833,33.47600071304937
21.325888484444206,32.81326731876182
22.07698633130343,32.01798724561675
21.679346294730898,31.48780053018671
21.811892973588414,31.090160493614178
21.281706258158366,30.55997377818413
22.342079689018455,30.096060402182843
21.944439652445922,29.49960034732404
22.209533010160946,29.035686971322754
21.944439652445922,28.571773595321467
21.41425293701588,27.90904020103391
21.149159579300857,27.445126825032624
21.281706258158366,26.84866677017383
21.856075199874248,28.43922691646396
22.07698633130343,27.90904020103391
21.54679961587339,27.37885348560387
21.149159579300857,27.90904020103391
23.13735976216352,27.37885348560387
22.540899707304725,26.981213449031337
22.07698633130343,26.583573412458804
21.679346294730898,26.119660036457518
22.872266404448496,25.65574666045623
22.342079689018455,26.053386697028763
23.402453119878544,26.64984675188756
23.00481308330601,26.583573412458804
23.733819817022322,26.053386697028763
23.269906441021035,25.65574666045623
24.330279871881118,27.180033467317607
24.462826550738633,26.583573412458804
24.72791990845365,28.704320274178976
24.330279871881118,28.24040689817769
25.302288850169532,27.643946843318894
25.258106623883698,28.21831578503477
24.72791990845365,27.776493522176402
24.39655321130987,28.571773595321467
25.258106623883698,27.975313540462672
24.72791990845365,27.776493522176402
25.523199981598715,27.975313540462672
24.993013266168674,28.43922691646396
24.330279871881118,28.969413631894
23.800093156451076,29.89724038389658
23.402453119878544,29.367053668466532
24.330279871881118,29.89724038389658
23.667546477593568,29.300780329037778
24.993013266168674,29.632147026181556
25.58947332102747,29.101960310751508
26.119660036457518,29.49960034732404
26.583573412458804,29.101960310751508
26.981213449031337,30.957613814756662
27.643946843318894,30.294880420469113
28.24040689817769,29.89724038389658
28.704320274178976,31.222707172471686
28.24040689817769,31.090160493614178
27.842766861605156,30.55997377818413
27.776493522176402,30.162333741611597
27.842766861605156,30.02978706275409
28.969413631894,30.096060402182843
28.43922691646396,30.55997377818413
27.90904020103391,31.090160493614178
30.02978706275409,31.951713906187997
29.49960034732404,31.48780053018671
30.294880420469113,32.415627282189284
29.89724038389658,32.945813997619325
30.825067135899154,32.216807263903014
30.825067135899154,31.62034720904422
30.162333741611597,31.222707172471686
30.02978706275409,32.216807263903014
29.89724038389658,32.283080603331776
29.632147026181556,32.283080603331776
29.234506989609024,32.74699397933306
28.571773595321467,33.21090735533435
27.90904020103391,32.68072063990431
27.24630680674636,32.15053392447426
26.716120091316313,31.62034720904422
25.920840018171248,31.355253851329195
25.390653302741207,31.885440566759243
24.19773319302361,32.283080603331776
23.468726459307298,32.68072063990431
24.462826550738633,33.07836067647684
23.932639835308585,32.48190062161804
23.071086422734766,33.01208733704808
22.474626367875963,34.006187428479414
22.209533010160946,33.40972737362062
22.209533010160946,33.21090735533435
21.679346294730898,32.68072063990431
21.41425293701588,32.283080603331776
20.884066221585833,33.07836067647684
20.420152845584546,32.48190062161804
21.01661290044335,32.98999622390516
20.4864261850133,32.54817396104679
21.01661290044335,32.68072063990431
20.552699524442062,32.283080603331776
19.82369279072575,33.07836067647684
19.42605275415322,32.81326731876182
18.89586603872317,32.415627282189284
18.23313264443562,31.752893887901728
17.968039286720597,31.222707172471686
17.570399250148064,31.355253851329195
16.907665855860508,32.283080603331776
16.64257249814549,31.752893887901728
16.112385782715442,33.52018293933521
15.648472406714156,32.945813997619325
15.582199067285401,34.13873410733692
15.317105709570377,33.54227405247813
14.786918994140336,34.006187428479414
14.12418559985278,33.60854739190688
13.461452205565223,33.47600071304937
12.864992150706428,32.945813997619325
12.467352114133895,32.415627282189284
13.107994395278524,32.283080603331776
13.461452205565223,32.48190062161804
,33.07836067647684
,32.68072063990431
,32.283080603331776
,33.07836067647684
,32.81326731876182
,32.34935394276053
,32.283080603331776
,32.74699397933306
,32.283080603331776
,33.07836067647684
,32.415627282189284
,31.951713906187997
,31.48780053018671
,31.090160493614178
,30.42742709932662
,29.764693705039065
,29.101960310751508
,28.571773595321467
,28.174133558748935
,27.710220182747648
,27.113760127888845
,26.31848005474378
,25.78829333931374
,25.390653302741207
,24.462826550738633
,24.0651865141661
,23.13735976216352
,22.60717304673348
,22.07698633130343
,21.613072955302144
,21.149159579300857
,20.751519542728325
,20.287606166727038
,20.088786148440768
,20.088786148440768
,19.691146111868235
,19.09468605700944
,18.630772681008153
,18.100585965578105
,17.570399250148064
,17.106485874146777
,16.510025819287975
,15.979839103857934
,15.449652388427886
,14.985739012426599
,14.455552296996558
,14.12418559985278
,13.726545563280247
,13.328905526707715
,12.798718811277674
,12.33480543527638
,11.870892059275093
,11.517434248988394
,12.33480543527638
