Y(hoy),Y(ayer)
9.02113846383861,6.834118262689678
9.087411803267365,6.834118262689678
9.087411803267365,6.834118262689678
9.087411803267365,6.834118262689678
8.623498427266078,6.834118262689678
8.027038372407276,6.436478226117146
7.761945014692259,5.972564850115859
7.231758299262211,5.707471492400835
6.834118262689678,5.1110114375420395
6.767844923260924,4.713371400969507
6.70157158383217,4.713371400969507
6.237658207830883,4.448278043254483
5.84001817125835,3.719271309538172
5.773744831829596,3.5204512912519093
5.773744831829596,3.5204512912519093
5.773744831829596,3.3879046123944008
5.6411981529720805,2.990264575821868
5.6411981529720805,2.3938045209630587
4.978464758684531,2.194984502676803
4.580824722111998,1.664797787246755
4.580824722111998,1.2671577506742295
4.1169113461107045,1.2008844112454682
3.5204512912519093,0.8695177141016899
3.3879046123944008,0.33933099867164174
2.725171218106837,0.20678431981413326
2.3938045209630587,0.20678431981413326
2.46007786039182,0.20678431981413326
2.46007786039182,0.20678431981413326
2.1287111632480418,0.20678431981413326
1.664797787246755,0.20678431981413326
2.23916672896263,0.14051098038538612
1.664797787246755,-0.45594907447342337
2.46007786039182,-0.8535891110459488
2.3275311815343116,-0.8535891110459488
2.0624378238192946,-0.8535891110459488
1.664797787246755,-0.8535891110459488
1.3334310901029767,-0.8535891110459488
1.2671577506742295,-0.8535891110459488
1.2008844112454682,-0.9861357899034573
1.1346110718167068,-1.5163225053335054
0.6044243563866729,-1.913962541906045
0.20678431981413326,-1.913962541906045
0.20678431981413326,-1.913962541906045
0.20678431981413326,-1.913962541906045
0.20678431981413326,-1.913962541906045
0.07423764095662477,-1.913962541906045
-0.25712905618715354,-1.913962541906045
-0.7210424321884403,-1.913962541906045
-0.8535891110459488,-1.913962541906045
-0.8535891110459488,-1.913962541906045
-0.8535891110459488,-1.913962541906045
-0.8535891110459488,-1.5163225053335054
-0.8535891110459488,-0.8535891110459488
-0.8535891110459488,-0.8535891110459488
-0.9861357899034573,-0.8535891110459488
-1.450049165904744,-0.8535891110459488
-1.5163225053335054,-0.8535891110459488
-0.9861357899034573,-0.45594907447342337
-1.5163225053335054,0.14051098038538612
-1.450049165904744,0.20678431981413326
-0.9861357899034573,0.67069769581542
-0.8535891110459488,0.20678431981413326
-0.8535891110459488,1.2008844112454682
-0.8535891110459488,1.2671577506742295
-0.389675735044662,1.2671577506742295
-0.8535891110459488,1.7310711266755163
0.07423764095662477,2.2612578421055503
0.20678431981413326,2.5263511998205814
0.20678431981413326,2.990264575821868
0.20678431981413326,3.8518179883956876
0.20678431981413326,3.3879046123944008
0.20678431981413326,4.448278043254483
0.38351322495748263,4.713371400969507
1.1346110718167068,5.773744831829596
0.67069769581542,5.1110114375420395
0.6044243563866729,7.099211620404702
0.20678431981413326,6.436478226117146
1.2671577506742295,8.424678408979808
1.7310711266755163,7.761945014692259
1.2671577506742295,9.087411803267365
2.3275311815343116,9.948965215841184
2.46007786039182,9.485051839839898
2.46007786039182,11.075611986130028
2.46007786039182,10.412878591842478
1.929891144961772,12.401078774705141
1.399704429531738,11.738345380417584
1.9740733712476128,13.638181110708572
2.46007786039182,13.06381216899269
2.504260086677661,14.389278957567804
3.3879046123944008,15.317105709570377
2.8577178969643597,14.786918994140336
3.5867246306806635,15.515925727856647
4.1169113461107045,14.786918994140336
4.580824722111998,14.12418559985278
4.580824722111998,13.726545563280247
4.625006948397832,13.328905526707715
5.3761047952570635,12.864992150706428
4.845918079827015,12.53362545356265
5.6411981529720805,13.660272223851493
4.978464758684531,13.06381216899269
4.580824722111998,14.720645654711582
4.580824722111998,14.12418559985278
4.580824722111998,15.184559030712869
4.580824722111998,16.046112443286688
4.978464758684531,15.582199067285401
4.448278043254483,16.64257249814549
5.6411981529720805,16.841392516431753
6.171384868402129,17.371579231861794
6.70157158383217,18.36567932329313
6.834118262689678,17.835492607863088
7.099211620404702,19.558599433010727
7.761945014692259,18.89586603872317
8.027038372407276,20.884066221585833
8.601407314123158,20.221332827298284
9.087411803267365,22.209533010160946
8.756045106123587,21.54679961587339
8.2921317301223,23.97682206159442
7.894491693549767,23.402453119878544
8.954865124409856,22.872266404448496
8.424678408979808,25.390653302741207
9.087411803267365,24.72791990845365
9.352505160982389,25.390653302741207
8.954865124409856,24.860466587311166
10.015238555269946,24.462826550738633
10.147785234127454,23.932639835308585
10.677971949557495,23.468726459307298
11.208158664987543,22.872266404448496
11.47325202270256,22.40835302844721
11.075611986130028,21.811892973588414
12.003438738132608,21.149159579300857
12.003438738132608,20.4864261850133
11.406978683273806,19.82369279072575
13.328905526707715,19.293506075295703
12.798718811277674,20.4864261850133
12.268532095847625,19.95623946958326
12.798718811277674,21.01661290044335
12.401078774705141,20.4864261850133
12.401078774705141,19.95623946958326
12.401078774705141,19.42605275415322
12.401078774705141,19.028412717580686
12.467352114133895,19.95623946958326
13.328905526707715,19.558599433010727
12.798718811277674,19.09468605700944
13.461452205565223,19.22723273586695
13.593998884422739,19.691146111868235
14.256732278710288,20.552699524442062
14.698554541568662,20.088786148440768
15.582199067285401,21.01661290044335
15.052012351855353,21.54679961587339
15.582199067285401,22.143259670732192
15.317105709570377,21.944439652445922
14.919465672997845,21.347979597587127
15.493834614713727,20.751519542728325
14.919465672997845,20.287606166727038
15.71474574614291,19.558599433010727
15.781019085571664,19.09468605700944
16.377479140430466,20.022512809012014
17.040212534718023,19.558599433010727
17.570399250148064,20.618972863870816
17.437852571290556,20.088786148440768
16.907665855860508,21.856075199874248
17.835492607863088,21.281706258158366
17.30530589243304,21.54679961587339
18.100585965578105,21.01661290044335
17.702945929005573,20.552699524442062
18.763319359865662,20.221332827298284
19.205141622724028,20.884066221585833
18.763319359865662,21.149159579300857
19.95623946958326,21.149159579300857
19.558599433010727,21.149159579300857
19.95623946958326,21.149159579300857
19.42605275415322,21.149159579300857
19.028412717580686,21.149159579300857
19.95623946958326,21.21543291872961
19.492326093581973,21.944439652445922
19.293506075295703,21.41425293701588
19.028412717580686,21.811892973588414
19.160959396438194,21.281706258158366
19.73532833815407,23.13735976216352
19.691146111868235,22.673446386162233
19.160959396438194,22.209533010160946
19.028412717580686,22.651355273019313
18.962139378151925,23.33617978044979
18.763319359865662,23.402453119878544
18.498226002150638,23.33617978044979
18.14476819186394,23.13735976216352
18.89586603872317,22.673446386162233
18.36567932329313,23.203633101592274
18.36567932329313,22.739719725590987
17.901765947291842,23.733819817022322
18.16685930500686,24.19773319302361
17.702945929005573,23.534999798736052
18.763319359865662,23.402453119878544
19.028412717580686,23.402453119878544
18.89586603872317,23.402453119878544
18.23313264443562,23.932639835308585
17.769219268434327,23.534999798736052
17.835492607863088,24.462826550738633
17.835492607863088,24.59537322959614
17.835492607863088,24.59537322959614
17.371579231861794,24.661646569024896
17.835492607863088,25.324379963312452
16.841392516431753,24.860466587311166
16.775119177003,25.78829333931374
16.775119177003,26.31848005474378
16.64257249814549,25.58947332102747
16.377479140430466,24.993013266168674
15.979839103857934,24.59537322959614
16.55420804557381,25.920840018171248
15.582199067285401,26.64984675188756
17.835492607863088,26.583573412458804
17.30530589243304,26.053386697028763
16.841392516431753,25.65574666045623
17.30530589243304,25.65574666045623
16.510025819287975,25.722019999884985
16.046112443286688,26.362662281029614
15.449652388427886,25.920840018171248
14.786918994140336,26.053386697028763
14.588098975854066,25.65574666045623
14.389278957567804,26.981213449031337
13.859092242137756,27.511400164461378
13.41726997927939,26.914940109602583
13.328905526707715,27.37885348560387
12.864992150706428,26.981213449031337
12.467352114133895,27.776493522176402
11.870892059275093,27.24630680674636
11.274432004416298,26.84866677017383
11.208158664987543,27.511400164461378
10.677971949557495,27.776493522176402
10.214058573556208,27.975313540462672
10.94306530727252,29.101960310751508
10.412878591842478,28.43922691646396
10.677971949557495,29.764693705039065
10.147785234127454,29.300780329037778
10.147785234127454,29.764693705039065
9.485051839839898,29.367053668466532
9.219958482124873,29.49960034732404
8.689771766694832,29.035686971322754
8.027038372407276,28.903140292465245
8.601407314123158,29.8088759313249
8.822318445552341,29.234506989609024
8.358405069551054,28.83686695303649
7.960765032978522,31.664529435330053
7.894491693549767,31.090160493614178
7.629398335834743,30.55997377818413
7.364304978119726,33.07836067647684
7.0108471678330275,32.415627282189284
7.828218354121013,34.27128078619444
7.364304978119726,33.80736741019315
7.894491693549767,33.74109407076439
7.894491693549767,33.34345403419186
7.894491693549767,32.945813997619325
7.894491693549767,32.34935394276053
7.894491693549767,32.15053392447426
7.894491693549767,31.48780053018671
7.894491693549767,30.825067135899154
7.894491693549767,30.162333741611597
7.960765032978522,30.02978706275409
8.358405069551054,29.89724038389658
7.894491693549767,29.49960034732404
8.822318445552341,28.969413631894
8.358405069551054,28.306680237606443
7.761945014692259,27.643946843318894
7.231758299262211,26.981213449031337
6.834118262689678,26.716120091316313
7.761945014692259,26.84866677017383
7.231758299262211,27.445126825032624
7.894491693549767,28.571773595321467
7.960765032978522,27.90904020103391
8.2921317301223,29.764693705039065
7.894491693549767,29.234506989609024
8.866500671838182,28.969413631894
9.087411803267365,28.43922691646396
8.954865124409856,27.776493522176402
8.689771766694832,27.511400164461378
8.2921317301223,27.113760127888845
7.960765032978522,26.583573412458804
8.358405069551054,26.053386697028763
7.894491693549767,25.390653302741207
8.954865124409856,25.125559945026183
9.087411803267365,24.72791990845365
9.087411803267365,24.19773319302361
9.418778500411143,23.667546477593568
8.954865124409856,23.00481308330601
9.88269187641243,22.342079689018455
9.617598518697413,21.811892973588414
9.087411803267365,21.281706258158366
9.352505160982389,20.618972863870816
8.954865124409856,19.95623946958326
9.926874102698264,19.293506075295703
10.147785234127454,18.498226002150638
10.147785234127454,17.968039286720597
10.147785234127454,17.702945929005573
10.147785234127454,17.040212534718023
10.677971949557495,16.377479140430466
10.147785234127454,15.71474574614291
11.208158664987543,15.250832370141623
11.47325202270256,14.720645654711582
11.075611986130028,14.455552296996558
12.135985416990117,13.925365581566517
12.33480543527638,13.461452205565223
12.401078774705141,13.660272223851493
12.53362545356265,14.12418559985278
13.196358847850206,14.521825636425312
13.638181110708572,14.389278957567804
14.389278957567804,13.925365581566517
13.991638920995271,13.461452205565223
14.521825636425312,13.660272223851493
14.521825636425312,14.12418559985278
14.588098975854066,14.521825636425312
15.228741256998703,14.985739012426599
14.65437231528282,15.449652388427886
15.71474574614291,15.052012351855353
15.71474574614291,14.588098975854066
15.71474574614291,14.521825636425312
15.781019085571664,14.389278957567804
16.311205801001712,13.925365581566517
16.775119177003,13.461452205565223
16.775119177003,13.859092242137756
17.30530589243304,14.256732278710288
16.775119177003,13.660272223851493
17.835492607863088,14.12418559985278
17.835492607863088,14.521825636425312
18.16685930500686,14.521825636425312
17.702945929005573,14.455552296996558
18.697046020436908,13.991638920995271
19.028412717580686,13.593998884422739
19.028412717580686,14.12418559985278
18.89586603872317,14.588098975854066
18.36567932329313,15.317105709570377
17.702945929005573,14.786918994140336
16.775119177003,15.184559030712869
16.775119177003,14.720645654711582
16.112385782715442,14.521825636425312
15.71474574614291,14.919465672997845
15.71474574614291,15.515925727856647
15.847292425000418,15.71474574614291
16.244932461572958,16.57629915871673
16.64257249814549,16.112385782715442
15.91356576442918,16.775119177003
15.317105709570377,16.775119177003
15.052012351855353,16.775119177003
14.65437231528282,17.106485874146777
14.190458939281534,17.702945929005573
13.593998884422739,17.968039286720597
13.06381216899269,18.36567932329313
12.401078774705141,18.962139378151925
11.738345380417584,19.028412717580686
11.208158664987543,20.022512809012014
10.015238555269946,19.42605275415322
10.280331912984963,19.028412717580686
8.954865124409856,21.082886239872103
9.02113846383861,20.4864261850133
9.087411803267365,21.347979597587127
,21.811892973588414
,22.342079689018455
,23.269906441021035
,22.739719725590987
,23.402453119878544
,23.534999798736052
,24.0651865141661
,23.932639835308585
,23.468726459307298
,23.402453119878544
,23.203633101592274
,22.673446386162233
,22.209533010160946
,22.209533010160946
,22.209533010160946
,22.209533010160946
,22.143259670732192
,21.54679961587339
,21.01661290044335
,20.552699524442062
,20.088786148440768
,20.287606166727038
,20.751519542728325
,20.221332827298284
,19.558599433010727
,19.09468605700944
,20.022512809012014
,19.558599433010727
,20.088786148440768
,19.95623946958326
,19.42605275415322
,20.022512809012014
,21.01661290044335
,20.552699524442062
,20.221332827298284
,19.757419451296997
,19.22723273586695
,19.028412717580686
,18.498226002150638
,17.968039286720597
,17.702945929005573
,17.17275921357553
,16.510025819287975
,15.979839103857934
,15.449652388427886
,14.985739012426599
,14.521825636425312
,14.521825636425312
,15.052012351855353
,15.052012351855353
,14.521825636425312
,14.12418559985278
,13.660272223851493
,13.196358847850206
,12.798718811277674
,12.268532095847625
,11.870892059275093
,11.47325202270256
,10.94306530727252
,10.280331912984963
,10.015238555269946
,9.485051839839898
,9.750145197554922
,10.987247533558353
,10.412878591842478
,12.798718811277674
,12.268532095847625
,11.738345380417584
