Y(hoy),Y(ayer)
3.5204512912519093,11.340705343845052
3.5204512912519093,11.340705343845052
3.189084594108131,11.340705343845052
2.5926245392493286,10.81051862841501
2.46007786039182,10.214058573556208
1.7973444661042635,10.147785234127454
1.3334310901029767,10.147785234127454
1.2671577506742295,9.750145197554922
1.0020643929591984,9.219958482124873
0.7369710352441814,8.822318445552341
0.33933099867164174,8.358405069551054
0.20678431981413326,7.894491693549767
0.20678431981413326,7.894491693549767
0.20678431981413326,7.761945014692259
0.20678431981413326,7.231758299262211
0.14051098038538612,6.834118262689678
0.07423764095662477,6.767844923260924
-0.5884957533309318,6.436478226117146
-0.8535891110459488,5.972564850115859
-0.8535891110459488,5.773744831829596
-0.8535891110459488,5.243558116399548
-0.8535891110459488,4.713371400969507
-0.8535891110459488,4.713371400969507
-0.8535891110459488,4.713371400969507
-0.8535891110459488,4.647098061540753
-0.8535891110459488,4.315731364396974
-0.8535891110459488,3.6529979701094177
-0.9861357899034573,3.5204512912519093
-1.648869184191014,3.5204512912519093
-2.1127825601923007,3.5204512912519093
-1.5163225053335054,3.255357933536885
-1.913962541906045,2.7914445575355984
-0.9861357899034573,3.255357933536885
-0.9861357899034573,2.8577178969643597
-1.648869184191014,2.990264575821868
-2.1127825601923007,2.5263511998205814
-2.0465092207635536,2.3275311815343116
-2.0465092207635536,2.3275311815343116
-2.0465092207635536,2.0624378238192946
-2.0465092207635536,1.5985244478179936
-2.0465092207635536,2.194984502676803
-2.0465092207635536,1.7973444661042635
-2.0465092207635536,1.3334310901029767
-2.0465092207635536,1.399704429531738
-2.0465092207635536,2.194984502676803
-2.0465092207635536,1.7973444661042635
-2.0465092207635536,1.664797787246755
-2.0465092207635536,1.3334310901029767
-2.0465092207635536,2.0624378238192946
-2.0465092207635536,1.5322511083892465
-2.0465092207635536,1.929891144961772
-2.0465092207635536,1.4659777689604852
-2.0465092207635536,1.2671577506742295
-2.0465092207635536,1.2671577506742295
-2.0465092207635536,1.0020643929591984
-1.9802358813347922,0.33933099867164174
-1.450049165904744,0.20678431981413326
-0.9861357899034573,0.6044243563866729
-0.8535891110459488,1.0020643929591984
-0.8535891110459488,0.4056043381004031
-0.8535891110459488,0.20678431981413326
-0.8535891110459488,0.20678431981413326
-0.8535891110459488,0.20678431981413326
-0.8535891110459488,0.20678431981413326
-0.7210424321884403,0.20678431981413326
-0.1908557167583922,0.20678431981413326
-0.05830903790088371,0.20678431981413326
1.0020643929591984,0.20678431981413326
1.5322511083892465,0.20678431981413326
2.0624378238192946,0.20678431981413326
2.46007786039182,0.20678431981413326
2.504260086677661,0.20678431981413326
3.5204512912519093,0.20678431981413326
2.990264575821868,0.20678431981413326
4.1169113461107045,0.20678431981413326
4.580824722111998,0.8695177141016899
5.420287021542897,1.2671577506742295
4.845918079827015,1.2671577506742295
4.448278043254483,0.8695177141016899
6.70157158383217,0.4056043381004031
6.237658207830883,0.8695177141016899
7.298031638690972,1.2671577506742295
7.894491693549767,1.2671577506742295
8.601407314123158,1.2671577506742295
9.396687387268223,1.2671577506742295
10.722154175843329,1.2671577506742295
10.147785234127454,1.2671577506742295
11.605798701560076,1.399704429531738
12.268532095847625,1.929891144961772
13.373087752993548,2.3275311815343116
12.798718811277674,2.3275311815343116
14.65437231528282,2.3275311815343116
14.12418559985278,2.3275311815343116
16.510025819287975,2.3938045209630587
15.979839103857934,2.3275311815343116
15.449652388427886,2.5926245392493286
17.968039286720597,2.990264575821868
17.30530589243304,3.3879046123944008
18.674954907293987,3.5867246306806635
18.962139378151925,4.1169113461107045
19.42605275415322,4.647098061540753
20.022512809012014,4.713371400969507
20.618972863870816,4.713371400969507
21.811892973588414,4.713371400969507
21.21543291872961,4.580824722111998
23.667546477593568,4.05063800668195
23.071086422734766,3.5867246306806635
22.60717304673348,3.5204512912519093
25.037195492454508,3.5204512912519093
24.462826550738633,3.8518179883956876
26.362662281029614,4.448278043254483
25.78829333931374,4.713371400969507
28.704320274178976,4.713371400969507
28.10786021932018,5.1110114375420395
27.643946843318894,5.707471492400835
27.113760127888845,5.773744831829596
31.090160493614178,5.773744831829596
30.493700438755376,5.773744831829596
30.02978706275409,5.773744831829596
29.49960034732404,5.773744831829596
32.945813997619325,5.773744831829596
32.48190062161804,5.972564850115859
31.885440566759243,6.502751565545907
34.536374143909455,6.966664941547194
34.006187428479414,7.496851656977235
33.47600071304937,7.894491693549767
35.19910753819701,7.894491693549767
36.39202764791461,7.960765032978522
35.86184093248457,8.888591784981102
38.247681151919764,8.424678408979808
37.717494436489716,9.352505160982389
37.187307721059675,10.015238555269946
40.10333465592491,10.147785234127454
39.57314794049488,10.147785234127454
39.04296122506483,10.412878591842478
41.95898815993007,11.274432004416298
41.428801444500024,10.81051862841501
40.898614729069976,11.804618719846339
42.79845045936097,12.268532095847625
43.5495483062202,13.196358847850206
44.609921737080285,12.666172132420158
44.079735021650244,12.798718811277674
45.670295167940374,12.401078774705141
45.14010845251033,13.06381216899269
46.266755222799176,13.461452205565223
47.30503754051634,14.190458939281534
46.73066859880046,13.726545563280247
48.58632210280561,14.65437231528282
48.05613538737557,15.449652388427886
47.52594867194553,15.052012351855353
46.99576195651548,14.963647899283679
46.46557524108544,15.847292425000418
45.9353885256554,16.510025819287975
45.40520181022535,16.046112443286688
44.87501509479531,16.57629915871673
44.21228170050775,16.112385782715442
43.5495483062202,17.106485874146777
42.886814911932646,17.702945929005573
42.29035485707385,17.968039286720597
42.75426823307514,18.16685930500686
43.28445494850518,18.763319359865662
42.62172155421762,19.028412717580686
41.95898815993007,20.022512809012014
41.49507478392878,19.42605275415322
40.76606805021247,21.01661290044335
40.23588133478243,20.4864261850133
40.898614729069976,21.944439652445922
40.36842801363994,21.41425293701588
41.49507478392878,22.209533010160946
42.09153483878758,22.474626367875963
42.09153483878758,23.13735976216352
41.82644148107256,22.60717304673348
41.428801444500024,21.944439652445922
40.76606805021247,21.347979597587127
40.10333465592491,21.811892973588414
39.57314794049488,22.673446386162233
38.91041454620732,22.209533010160946
38.247681151919764,23.13735976216352
37.78376777591848,22.651355273019313
37.717494436489716,23.00481308330601
37.25358106048843,22.2758063495897
36.72339434505839,22.60717304673348
36.657121005629634,23.269906441021035
36.126934290199586,23.800093156451076
35.596747574769545,25.05928660559743
35.13283419876826,24.462826550738633
34.536374143909455,25.523199981598715
34.27128078619444,24.860466587311166
33.60854739190688,24.59537322959614
32.945813997619325,25.258106623883698
32.45980950847512,25.58947332102747
33.21090735533435,25.258106623883698
32.74699397933306,24.794193247882404
32.68072063990431,25.258106623883698
32.01798724561675,24.860466587311166
31.48780053018671,25.78829333931374
30.825067135899154,26.31848005474378
30.294880420469113,26.782393430745074
30.02978706275409,28.24040689817769
31.090160493614178,27.643946843318894
30.55997377818413,27.113760127888845
30.02978706275409,28.770593613607737
29.49960034732404,28.903140292465245
28.903140292465245,29.234506989609024
30.02978706275409,29.764693705039065
29.632147026181556,29.234506989609024
30.361153759897867,28.83686695303649
29.89724038389658,28.770593613607737
30.957613814756662,28.24040689817769
31.222707172471686,27.90904020103391
31.885440566759243,28.571773595321467
32.15053392447426,28.83686695303649
31.48780053018671,28.770593613607737
31.023887154185417,28.174133558748935
31.090160493614178,27.710220182747648
31.090160493614178,27.113760127888845
31.090160493614178,26.716120091316313
31.156433833042932,26.451026733601296
31.62034720904422,25.854566678742493
32.15053392447426,25.390653302741207
32.283080603331776,24.993013266168674
32.283080603331776,24.59537322959614
32.283080603331776,24.330279871881118
32.34935394276053,23.667546477593568
32.98999622390516,23.13735976216352
32.415627282189284,22.60717304673348
33.34345403419186,22.209533010160946
33.34345403419186,21.811892973588414
33.21090735533435,21.347979597587127
32.68072063990431,20.81779288215708
32.283080603331776,20.353879506155792
32.68072063990431,19.95623946958326
32.283080603331776,19.492326093581973
33.21090735533435,19.028412717580686
32.74699397933306,18.763319359865662
32.34935394276053,18.16685930500686
32.98999622390516,17.702945929005573
33.21090735533435,17.30530589243304
32.74699397933306,16.841392516431753
33.21090735533435,16.64257249814549
32.283080603331776,16.046112443286688
32.68072063990431,15.515925727856647
34.27128078619444,15.184559030712869
33.74109407076439,14.720645654711582
33.21090735533435,14.521825636425312
33.60854739190688,14.720645654711582
33.34345403419186,15.317105709570377
33.34345403419186,15.582199067285401
33.40972737362062,15.847292425000418
34.050369654765255,16.64257249814549
33.47600071304937,17.040212534718023
34.13873410733692,17.63667258957682
33.60854739190688,18.16685930500686
35.33165421705452,18.763319359865662
34.80146750162448,19.028412717580686
34.27128078619444,19.42605275415322
33.74109407076439,20.287606166727038
35.596747574769545,19.82369279072575
35.0665608593395,20.751519542728325
34.580556370195296,21.149159579300857
36.39202764791461,22.143259670732192
35.79556759305581,21.54679961587339
35.33165421705452,23.269906441021035
36.2594809690571,22.60717304673348
35.72929425362706,23.402453119878544
36.657121005629634,23.402453119878544
36.126934290199586,24.330279871881118
37.25358106048843,23.667546477593568
37.85004111534723,25.58947332102747
38.55695673592062,24.993013266168674
38.77786786734981,26.053386697028763
38.446501170206034,26.451026733601296
37.85004111534723,25.854566678742493
37.717494436489716,26.31848005474378
39.57314794049488,27.423035711889703
38.91041454620732,26.84866677017383
38.446501170206034,27.113760127888845
37.98258779420474,26.716120091316313
37.58494775763221,26.64984675188756
42.48917487536011,26.31848005474378
41.95898815993007,25.854566678742493
41.49507478392878,26.583573412458804
40.898614729069976,26.185933375886272
40.36842801363994,25.722019999884985
45.14010845251033,25.854566678742493
44.54364839765153,26.31848005474378
44.079735021650244,26.716120091316313
43.5495483062202,26.31848005474378
43.019361590790155,25.722019999884985
47.52594867194553,25.854566678742493
46.99576195651548,26.451026733601296
46.53184858051419,26.716120091316313
45.9353885256554,26.31848005474378
46.86321527765797,25.78829333931374
46.598121919942955,25.125559945026183
46.46557524108544,24.860466587311166
45.80284184679789,24.462826550738633
45.14010845251033,23.800093156451076
44.654103963366126,23.534999798736052
45.40520181022535,25.390653302741207
46.46557524108544,24.92673992673992
45.9353885256554,24.462826550738633
46.53184858051419,23.99891317473734
46.46557524108544,23.601273138164807
45.9353885256554,24.330279871881118
45.40520181022535,24.59537322959614
44.74246841593779,24.0651865141661
44.477375058222776,23.601273138164807
43.94718834279273,24.330279871881118
43.28445494850518,24.59537322959614
43.41700162736269,25.125559945026183
44.079735021650244,24.59537322959614
44.74246841593779,26.31848005474378
45.40520181022535,25.722019999884985
44.74246841593779,25.523199981598715
44.477375058222776,24.993013266168674
44.079735021650244,24.59537322959614
43.41700162736269,25.58947332102747
43.15190826964766,25.125559945026183
42.62172155421762,25.523199981598715
42.02526149935882,24.860466587311166
41.428801444500024,24.19773319302361
40.76606805021247,23.667546477593568
40.10333465592491,24.330279871881118
39.838241298209894,24.462826550738633
39.308054582779846,23.99891317473734
38.77786786734981,23.402453119878544
38.115134473062255,22.938539743877257
37.31985439991719,22.2758063495897
37.054761042202166,22.673446386162233
36.657121005629634,23.269906441021035
35.99438761134208,23.402453119878544
35.596747574769545,23.667546477593568
35.464200895912036,24.264006532452363
35.19910753819701,24.72791990845365
34.66892082276697,25.258106623883698
34.13873410733692,25.65574666045623
33.47600071304937,25.65574666045623
33.21090735533435,26.185933375886272
32.54817396104679,27.37885348560387
32.283080603331776,26.84866677017383
32.15053392447426,26.84866677017383
31.62034720904422,26.31848005474378
31.28898051190044,25.65574666045623
31.885440566759243,25.125559945026183
31.885440566759243,24.72791990845365
31.222707172471686,24.264006532452363
30.692520457041645,23.667546477593568
30.162333741611597,23.00481308330601
32.194716150760094,22.342079689018455
31.62034720904422,22.739719725590987
31.090160493614178,23.13735976216352
30.55997377818413,22.60717304673348
33.47600071304937,22.143259670732192
32.945813997619325,21.679346294730898
34.27128078619444,21.281706258158366
33.74109407076439,20.751519542728325
33.299271807906024,20.287606166727038
33.21090735533435,20.088786148440768
32.74699397933306,19.691146111868235
32.216807263903014,18.36567932329313
31.686620548472973,17.968039286720597
31.222707172471686,17.901765947291842
31.686620548472973,17.17275921357553
32.15053392447426,16.510025819287975
32.98999622390516,15.71474574614291
32.415627282189284,15.317105709570377
34.27128078619444,14.919465672997845
33.74109407076439,14.256732278710288
34.006187428479414,13.726545563280247
33.34345403419186,13.196358847850206
32.68072063990431,12.798718811277674
32.216807263903014,12.268532095847625
32.15053392447426,11.804618719846339
31.686620548472973,11.340705343845052
31.222707172471686,11.47325202270256
32.68072063990431,12.003438738132608
32.216807263903014,11.47325202270256
31.62034720904422,11.009338646701273
34.27128078619444,10.412878591842478
33.74109407076439,10.015238555269946
33.21090735533435,9.352505160982389
33.60854739190688,8.689771766694832
33.34345403419186,8.027038372407276
33.40972737362062,7.894491693549767
33.78527629705023,7.231758299262211
33.34345403419186,6.834118262689678
34.536374143909455,6.834118262689678
35.596747574769545,6.834118262689678
35.0665608593395,
36.657121005629634,
36.126934290199586,
37.231489947345516,
36.657121005629634,
38.51277450963478,
37.98258779420474,
38.51277450963478,
37.85004111534723,
37.58494775763221,
37.187307721059675,
36.657121005629634,
36.126934290199586,
35.6630209141983,
35.0665608593395,
34.4701008044807,
35.90602315877041,
36.657121005629634,
36.657121005629634,
37.187307721059675,
36.657121005629634,
37.717494436489716,
37.054761042202166,
36.39202764791461,
35.72929425362706,
35.13283419876826,
34.536374143909455,
35.11074308562534,
35.596747574769545,
36.43620987420045,
35.86184093248457,
36.657121005629634,
36.126934290199586,
35.596747574769545,
35.0665608593395,
34.536374143909455,
34.40382746505195,
34.27128078619444,
33.60854739190688,
33.34345403419186,
33.21090735533435,
32.68072063990431,
32.01798724561675,
31.752893887901728,
31.355253851329195,
30.825067135899154,
30.361153759897867,
29.963513723325335,
30.42742709932662,
29.89724038389658,
31.134342719900012,
32.45980950847512,
31.885440566759243,
33.21090735533435,
32.54817396104679,
31.951713906187997,
31.355253851329195,
30.692520457041645,
30.02978706275409,
29.49960034732404,
28.969413631894,
28.505500255892713,
27.90904020103391,
27.776493522176402,
27.643946843318894,
27.180033467317607,
26.583573412458804,
26.053386697028763,
25.390653302741207,
24.860466587311166,
24.0651865141661,
23.800093156451076,
23.468726459307298,
23.932639835308585,
23.534999798736052,
24.462826550738633,
23.932639835308585,
23.269906441021035,
23.00481308330601,
22.474626367875963,
22.209533010160946,
22.2758063495897,
21.679346294730898,
21.41425293701588,
21.01661290044335,
20.420152845584546,
17.702945929005573,
17.17275921357553,
16.708845837574245,
16.510025819287975,
15.979839103857934,
15.449652388427886,
14.786918994140336,
14.256732278710288,
13.527725544993984,
13.461452205565223,
13.461452205565223,
13.328905526707715,
12.666172132420158,
12.003438738132608,
11.47325202270256,
10.94306530727252,
10.412878591842478,
10.015238555269946,
8.159585051264791,
7.629398335834743,
6.834118262689678,
6.038838189544613,
5.773744831829596,
5.6411981529720805,
5.1110114375420395,
4.713371400969507,
5.3761047952570635,
