Y(hoy),Y(ayer)
2.1360429209722724,1.7754929528869852
2.1360429209722724,1.3548513234541488
2.1360429209722724,1.535126307496789
0.9943013553688544,1.8956762755820833
1.0543930167164035,1.535126307496789
1.0543930167164035,1.2947596621065998
1.0543930167164035,1.7754929528869852
1.1144846780639526,2.1360429209722724
1.1745763394115016,2.0759512596247234
0.45347640324092,1.7754929528869852
0.21310975785073083,1.2947596621065998
0.2732014191982728,0.9342096940213054
0.5736597259360181,0.45347640324092
0.9943013553688544,0.5736597259360181
1.0543930167164035,1.1745763394115016
1.0543930167164035,1.1745763394115016
1.1745763394115016,1.1745763394115016
1.7754929528869852,1.535126307496789
2.0158595982771743,2.0759512596247234
1.4149429848016908,2.1360429209722724
1.0543930167164035,2.616776211752658
1.1144846780639526,2.1360429209722724
1.535126307496789,3.0975095025330504
2.0158595982771743,3.0975095025330504
2.1360429209722724,3.0975095025330504
2.1360429209722724,3.0975095025330504
2.1360429209722724,3.0975095025330504
2.1360429209722724,3.2777844865756904
2.1961345823198215,3.698426116008534
2.9773261798379522,4.058976084093821
2.496592889057567,4.058976084093821
3.0975095025330504,4.058976084093821
3.0975095025330504,4.058976084093821
3.0975095025330504,4.4796177135266575
3.0975095025330504,4.960351004307043
3.1576011638805923,5.200717649697239
3.818609438703625,5.741542601825174
3.2176928252281414,5.98190924721537
4.058976084093821,5.6213592791300755
4.179159406788919,5.200717649697239
4.659892697569305,5.200717649697239
5.14062598834969,5.741542601825174
5.681450940477625,6.222275892605559
6.102092569910461,6.8231925060810426
6.102092569910461,6.462642537995755
6.582825860690853,7.604384103599173
6.102092569910461,7.183742474166337
7.063559151471239,8.02502573303201
6.462642537995755,8.505759023812395
5.861725924520272,9.286950621330526
5.380992633739886,8.86630899189769
5.080534327002141,9.707592250763362
5.14062598834969,10.068142218848656
5.681450940477625,10.068142218848656
5.14062598834969,10.789242155019231
6.102092569910461,10.308508864238846
6.402550876648206,10.66905883232414
5.98190924721537,10.248417202891297
6.943375828776141,10.068142218848656
7.063559151471239,10.068142218848656
7.063559151471239,10.428692186933944
7.364017458208977,10.969517139061878
6.943375828776141,11.029608800409427
7.9048424103369115,11.450250429842264
8.505759023812395,11.991075381970198
9.106675637287879,12.231442027360394
9.747653358328392,12.591991995445682
9.947958896153558,13.132816947573616
9.347042282678075,13.313091931616263
9.106675637287879,14.154375190481943
9.106675637287879,13.67364189970155
9.106675637287879,15.356208417432903
9.347042282678075,14.75529180395742
9.947958896153558,15.836941708213295
9.647500589415813,15.296116756085361
9.106675637287879,15.115841772042714
8.565850685159944,15.115841772042714
8.205300717074657,15.115841772042714
8.786186776767622,15.115841772042714
9.106675637287879,15.236025094737812
9.106675637287879,15.716758385518197
9.106675637287879,16.077308353603485
9.106675637287879,16.137400014951034
9.106675637287879,16.678224967078968
9.106675637287879,16.31767499899368
9.166767298635428,17.098866596511805
9.82777557345846,18.240608162115223
9.347042282678075,17.639691548639746
10.068142218848656,17.27914158055445
10.068142218848656,18.841524775590706
10.248417202891297,18.42088314615787
10.789242155019231,18.000241516725033
11.390158768494715,17.639691548639746
11.991075381970198,17.219049919206903
12.591991995445682,17.038774935164263
13.072725286226067,17.219049919206903
12.471808672750583,17.759874871334837
12.051167043317747,18.12042483942013
12.351625350055492,18.240608162115223
11.991075381970198,18.961708098285804
12.952541963530976,19.202074743676
13.072725286226067,19.38234972771864
13.313091931616263,19.802991357151484
12.952541963530976,20.28372464793187
13.793825222396649,21.06491624545
14.334650174524583,20.644274616017157
14.875475126652518,21.545649536230385
15.276086202302842,21.846107842968124
16.017216692255936,21.125007906797542
15.5965750628231,20.644274616017157
16.077308353603485,20.16354132523677
16.137400014951034,22.727452209398834
17.158958257859354,22.206657811053418
16.678224967078968,21.725924520273026
16.197491676298583,21.24519122949264
18.12042483942013,20.884641261407353
17.639691548639746,23.04794106991909
18.12042483942013,23.228216053961738
18.12042483942013,23.769041006089672
18.12042483942013,24.249774296870058
18.661249791548066,24.97087423304064
18.240608162115223,24.490140942260254
19.081891420980902,25.21124087843083
19.081891420980902,25.571790846516123
19.562624711761288,26.352982444034247
19.202074743676,25.93234081460141
20.16354132523677,26.83371573481464
20.804519046277285,27.254357364247475
20.884641261407353,27.73509065502786
20.403907970626967,28.095640623113148
20.16354132523677,28.155732284460697
21.966291165663222,28.81674055928373
21.485557874882836,28.336007268503344
21.00482458410245,28.69655723658863
20.524091293322066,28.215823945808246
22.08647448835832,28.215823945808246
22.14656614970587,28.81674055928373
22.447024456443607,29.057107204673926
22.08647448835832,29.057107204673926
22.927757747223993,29.417657172759213
22.32684113374851,30.018573786234697
22.08647448835832,29.958482124887148
21.725924520273026,29.477748834106762
21.24519122949264,29.958482124887148
22.08647448835832,29.53784049545431
21.605741197577935,30.37912375431999
22.447024456443607,30.980040367795475
22.08647448835832,31.220407013185664
22.927757747223993,31.40068199722831
22.627299440486254,31.861384734226178
22.206657811053418,31.58095698127095
22.08647448835832,31.220407013185664
22.14656614970587,32.12178193339889
22.507116117791156,33.083248514959664
22.08647448835832,32.54242356283173
22.927757747223993,32.902973530917016
22.507116117791156,32.30205691744153
22.14656614970587,32.181873594746435
22.08647448835832,31.821323626661147
22.02638282701077,31.380651443445792
21.966291165663222,32.12178193339889
21.545649536230385,32.30205691744153
21.18509956814509,32.82285131578695
21.06491624545,32.54242356283173
21.00482458410245,32.181873594746435
20.524091293322066,32.66260688552683
20.103449663889222,32.181873594746435
19.44244138906619,33.78431789734773
19.202074743676,33.263523499002304
18.721341452895615,34.044715096520434
18.48097480750542,33.5038901443925
18.12042483942013,33.083248514959664
17.519508225944648,32.54242356283173
16.918591612469164,32.181873594746435
16.31767499899368,31.941506949356246
15.776850046865746,31.46077365857586
15.236025094737812,31.100223690490566
14.635108481262328,30.499307077015082
14.034191867786845,29.8983904635396
13.55345857700646,29.297473850064115
13.132816947573616,28.81674055928373
13.433275254311361,28.456190591198443
12.952541963530976,28.035548961765606
14.034191867786845,27.614907332332763
13.433275254311361,27.194265702899926
13.192908608921165,27.01399071885728
12.832358640835878,26.533257428076894
12.231442027360394,26.05252413729651
11.991075381970198,25.631882507863672
11.63052541388491,24.97087423304064
11.269975445799616,24.369957619565156
11.8708920592751,23.94931599013232
11.8708920592751,23.408491038004385
11.269975445799616,23.04794106991909
11.149792123104525,22.687391101833803
11.63052541388491,22.14656614970587
11.991075381970198,21.966291165663222
11.390158768494715,21.36537455218774
11.089700461756976,21.125007906797542
11.149792123104525,20.764457938712255
12.111258704665296,20.16354132523677
11.63052541388491,19.682808034456386
11.149792123104525,19.3222580663711
13.072725286226067,18.901616436938255
12.591991995445682,18.36079148481032
12.191380919795364,18.000241516725033
12.832358640835878,17.639691548639746
13.833886329961679,17.219049919206903
13.313091931616263,17.038774935164263
12.351625350055492,16.798408289774066
14.034191867786845,16.257583337646132
13.55345857700646,16.077308353603485
13.253000270268714,16.43785832168878
13.833886329961679,16.918591612469164
14.094283529134394,16.49794998303632
14.314619620742064,16.197491676298583
15.115841772042714,16.678224967078968
14.635108481262328,17.4594165645971
15.756819493083228,17.038774935164263
15.957125030908387,17.880058194029935
15.476391740128001,17.27914158055445
15.115841772042714,17.219049919206903
16.017216692255936,17.639691548639746
15.476391740128001,18.060333178072582
16.49794998303632,18.36079148481032
16.918591612469164,19.14198308232845
16.43785832168878,18.721341452895615
16.798408289774066,19.622716373108837
16.31767499899368,19.923174679846582
17.39932490324955,19.3222580663711
18.000241516725033,19.202074743676
18.12042483942013,19.202074743676
18.240608162115223,19.202074743676
18.841524775590706,19.38234972771864
18.841524775590706,19.923174679846582
18.240608162115223,20.16354132523677
18.12042483942013,20.524091293322066
18.12042483942013,20.884641261407353
17.519508225944648,20.34381630927942
17.158958257859354,20.16354132523677
17.158958257859354,20.16354132523677
16.678224967078968,20.16354132523677
16.197491676298583,20.16354132523677
16.077308353603485,20.28372464793187
16.137400014951034,21.06491624545
16.49794998303632,20.644274616017157
16.077308353603485,21.485557874882836
16.918591612469164,22.02638282701077
16.61813330573142,22.266749472400967
16.197491676298583,22.687391101833803
16.738316628426517,23.04794106991909
17.158958257859354,23.04794106991909
17.038774935164263,23.04794106991909
16.798408289774066,23.04794106991909
16.31767499899368,23.04794106991909
16.077308353603485,22.98784940857154
16.077308353603485,22.567207779138705
16.137400014951034,22.206657811053418
16.43785832168878,21.605741197577935
16.077308353603485,21.00482458410245
16.958652720034195,20.584182954669608
17.158958257859354,20.16354132523677
17.158958257859354,20.764457938712255
17.39932490324955,21.125007906797542
17.038774935164263,20.764457938712255
18.000241516725033,20.34381630927942
18.12042483942013,20.884641261407353
18.12042483942013,21.125007906797542
18.42088314615787,21.545649536230385
18.000241516725033,22.02638282701077
18.961708098285804,22.08647448835832
19.081891420980902,21.725924520273026
18.601158130200517,21.30528289084019
18.240608162115223,20.824549600059804
18.841524775590706,20.34381630927942
18.841524775590706,21.00482458410245
18.240608162115223,20.644274616017157
18.12042483942013,20.22363298658432
18.12042483942013,20.16354132523677
17.639691548639746,20.16354132523677
17.219049919206903,20.16354132523677
17.880058194029935,20.884641261407353
17.39932490324955,20.403907970626967
17.880058194029935,20.764457938712255
17.27914158055445,20.403907970626967
17.038774935164263,20.043358002541673
16.55804164438387,19.622716373108837
16.137400014951034,19.14198308232845
16.077308353603485,18.721341452895615
15.836941708213295,18.40085259237535
15.5965750628231,19.081891420980902
15.236025094737812,18.721341452895615
15.115841772042714,18.18051650076768
14.995658449347616,18.18051650076768
14.51492515856723,18.721341452895615
14.154375190481943,19.202074743676
14.995658449347616,19.202074743676
14.51492515856723,20.16354132523677
14.995658449347616,19.562624711761288
14.51492515856723,20.764457938712255
14.154375190481943,21.18509956814509
14.154375190481943,21.786016181620575
14.214466851829485,21.36537455218774
14.79535291152245,22.206657811053418
14.274558513177034,22.927757747223993
14.995658449347616,22.567207779138705
14.57501681991478,22.487085564008638
14.995658449347616,23.228216053961738
14.214466851829485,24.18968263552251
13.67364189970155,23.648857683394574
13.072725286226067,24.650385372520375
12.591991995445682,24.369957619565156
11.991075381970198,23.88922432878477
11.750708736580009,23.408491038004385
11.390158768494715,23.88922432878477
10.90942547771433,23.468582699351927
10.428692186933944,22.927757747223993
9.82777557345846,22.447024456443607
9.226858959982977,21.846107842968124
8.746125669202591,21.605741197577935
8.265392378422206,21.24519122949264
7.784659087641813,20.764457938712255
7.183742474166337,20.28372464793187
6.943375828776141,19.802991357151484
6.582825860690853,19.38234972771864
5.98190924721537,18.841524775590706
5.380992633739886,18.36079148481032
5.080534327002141,17.880058194029935
5.14062598834969,17.27914158055445
4.659892697569305,17.038774935164263
4.179159406788919,16.678224967078968
4.058976084093821,16.197491676298583
4.058976084093821,15.5965750628231
3.818609438703625,14.995658449347616
3.5782427933134358,14.394741835872132
3.2176928252281414,13.793825222396649
3.0975095025330504,13.192908608921165
3.0975095025330504,12.591991995445682
,12.111258704665296
,11.63052541388491
,11.029608800409427
,10.428692186933944
,9.82777557345846
,9.226858959982977
,8.625942346507493
,8.02502573303201
,7.544292442251624
,7.063559151471239
,6.642917522038395
,6.222275892605559
,5.861725924520272
,5.441084295087435
,5.020442665654592
,4.960351004307043
,4.419526052179108
,4.058976084093821
,4.058976084093821
,4.058976084093821
