Y(hoy),Y(ayer)
3.454177951823155,8.954865124409856
2.990264575821868,9.02113846383861
2.5263511998205814,9.948965215841184
3.0565379152506154,9.485051839839898
3.5204512912519093,10.147785234127454
3.5204512912519093,10.280331912984963
3.0565379152506154,11.605798701560076
2.46007786039182,10.94306530727252
2.46007786039182,12.33480543527638
2.46007786039182,12.268532095847625
2.3275311815343116,11.738345380417584
2.0624378238192946,11.340705343845052
1.664797787246755,12.33480543527638
1.2671577506742295,13.395178866136469
2.194984502676803,12.798718811277674
1.7310711266755163,13.660272223851493
1.5322511083892465,14.256732278710288
1.2671577506742295,14.521825636425312
1.2008844112454682,14.985739012426599
1.1346110718167068,15.449652388427886
0.67069769581542,14.985739012426599
0.2730576592428946,14.65437231528282
0.20678431981413326,15.184559030712869
0.14051098038538612,15.582199067285401
0.07423764095662477,15.449652388427886
-0.389675735044662,14.919465672997845
-0.7873157716172017,14.521825636425312
-0.1466734904725655,14.455552296996558
0.07423764095662477,14.12418559985278
-0.5884957533309318,13.593998884422739
-0.8535891110459488,13.461452205565223
-0.8535891110459488,13.06381216899269
-0.8535891110459488,12.467352114133895
-0.8535891110459488,12.401078774705141
-0.8535891110459488,12.268532095847625
-0.8535891110459488,11.804618719846339
-0.8535891110459488,11.340705343845052
-0.8535891110459488,10.94306530727252
-0.8535891110459488,10.412878591842478
-0.9198624504747102,9.948965215841184
-0.9861357899034573,9.396687387268223
-1.648869184191014,9.750145197554922
-2.0465092207635536,9.15368514269612
-1.9802358813347922,8.689771766694832
-1.5163225053335054,8.2921317301223
-0.9861357899034573,7.761945014692259
-1.5163225053335054,7.298031638690972
-1.9802358813347922,6.966664941547194
-1.2512291476184885,7.541033883263069
-1.7814158630485224,7.231758299262211
-1.2512291476184885,6.70157158383217
-1.7814158630485224,6.038838189544613
-2.1127825601923007,5.773744831829596
-2.0465092207635536,5.773744831829596
-2.0465092207635536,5.3761047952570635
-2.0465092207635536,4.91219141925577
-2.0465092207635536,4.713371400969507
-2.0465092207635536,4.183184685539466
-2.0465092207635536,3.5867246306806635
-2.0465092207635536,3.3879046123944008
-2.0465092207635536,2.7914445575355984
-2.0465092207635536,2.3275311815343116
-2.0465092207635536,2.3275311815343116
-2.0465092207635536,2.2612578421055503
-1.7814158630485224,1.7310711266755163
-2.179055899621062,1.2671577506742295
-1.2070469213326476,1.2671577506742295
-0.9198624504747102,1.2671577506742295
-0.8535891110459488,1.2671577506742295
-0.8535891110459488,0.8695177141016899
-0.5222224139021705,0.4056043381004031
0.07423764095662477,0.20678431981413326
-0.389675735044662,0.20678431981413326
-0.41176684818758247,0.20678431981413326
0.20678431981413326,0.20678431981413326
0.7369710352441814,0.20678431981413326
0.20678431981413326,0.20678431981413326
1.399704429531738,-0.1908557167583922
2.0624378238192946,-0.654769092759679
2.46007786039182,-0.8535891110459488
2.46007786039182,-0.8535891110459488
2.46007786039182,-0.8535891110459488
3.0565379152506154,-0.8535891110459488
3.5204512912519093,-0.8535891110459488
3.8518179883956876,-0.8535891110459488
3.3879046123944008,-0.8535891110459488
4.448278043254483,-0.8535891110459488
5.1110114375420395,-0.8535891110459488
5.6411981529720805,-0.8535891110459488
5.906291510687105,-0.8535891110459488
6.569024904974661,-0.8535891110459488
7.0108471678330275,-0.45594907447342337
8.2921317301223,0.14051098038538612
7.761945014692259,0.20678431981413326
10.147785234127454,0.20678431981413326
9.683871858126167,0.20678431981413326
9.087411803267365,0.20678431981413326
10.74424528898625,0.20678431981413326
11.340705343845052,0.20678431981413326
12.047620964418442,0.6044243563866729
12.33480543527638,1.0020643929591984
12.401078774705141,0.2730576592428946
12.577807679848483,0.20678431981413326
13.90327446842359,0.20678431981413326
13.328905526707715,1.0020643929591984
15.184559030712869,0.47187767752916443
14.65437231528282,0.8695177141016899
16.510025819287975,0.47187767752916443
16.046112443286688,1.1346110718167068
17.614581476433898,1.2671577506742295
17.040212534718023,0.8695177141016899
18.89586603872317,0.4056043381004031
18.36567932329313,0.8695177141016899
19.558599433010727,1.2671577506742295
20.265515053584117,1.2671577506742295
21.590981842159223,1.2671577506742295
21.01661290044335,1.2008844112454682
22.474626367875963,0.8695177141016899
23.13735976216352,0.33933099867164174
23.800093156451076,0.20678431981413326
24.507008777024467,0.4056043381004031
26.84866677017383,1.0020643929591984
26.252206715315026,1.2671577506742295
25.78829333931374,1.2671577506742295
25.258106623883698,1.2671577506742295
28.704320274178976,1.2671577506742295
28.174133558748935,1.2671577506742295
27.710220182747648,1.2671577506742295
28.041586879891426,0.8695177141016899
27.776493522176402,0.4056043381004031
27.643946843318894,0.2730576592428946
26.981213449031337,1.1346110718167068
26.716120091316313,0.7369710352441814
26.31848005474378,0.6044243563866729
25.78829333931374,0.20678431981413326
25.258106623883698,0.20678431981413326
24.794193247882404,0.20678431981413326
24.19773319302361,0.67069769581542
23.534999798736052,1.2008844112454682
23.269906441021035,1.2671577506742295
22.872266404448496,1.2671577506742295
22.474626367875963,1.2671577506742295
23.13735976216352,1.2671577506742295
22.540899707304725,1.3334310901029767
23.13735976216352,2.0624378238192946
21.944439652445922,1.7089800135325959
21.41425293701588,2.194984502676803
21.149159579300857,2.3938045209630587
22.38626191530429,2.990264575821868
21.811892973588414,2.5926245392493286
23.711728703879402,3.3879046123944008
23.13735976216352,3.7855446489669333
24.330279871881118,4.382004703825729
23.667546477593568,4.845918079827015
24.330279871881118,5.3761047952570635
23.667546477593568,5.773744831829596
25.037195492454508,6.569024904974661
25.832475565599573,6.038838189544613
27.643946843318894,6.834118262689678
27.113760127888845,6.834118262689678
26.583573412458804,7.298031638690972
28.704320274178976,7.894491693549767
28.174133558748935,8.689771766694832
27.643946843318894,8.954865124409856
26.981213449031337,9.219958482124873
26.451026733601296,9.88269187641243
26.185933375886272,9.418778500411143
25.65574666045623,9.087411803267365
25.523199981598715,9.617598518697413
25.05928660559743,10.479151931271232
24.529099890167387,10.015238555269946
23.932639835308585,10.94306530727252
23.534999798736052,10.412878591842478
24.19773319302361,11.605798701560076
24.19773319302361,10.94306530727252
23.534999798736052,12.135985416990117
22.938539743877257,11.539525362131315
22.342079689018455,12.003438738132608
22.872266404448496,11.605798701560076
23.534999798736052,12.931265490135182
24.19773319302361,12.401078774705141
24.19773319302361,13.461452205565223
23.667546477593568,13.859092242137756
23.33617978044979,14.985739012426599
23.402453119878544,14.389278957567804
24.19773319302361,15.515925727856647
23.667546477593568,16.046112443286688
24.19773319302361,16.510025819287975
23.667546477593568,16.046112443286688
23.269906441021035,16.244932461572958
25.523199981598715,15.847292425000418
24.993013266168674,17.437852571290556
24.462826550738633,16.775119177003
23.932639835308585,18.763319359865662
23.402453119878544,18.100585965578105
23.00481308330601,19.028412717580686
22.60717304673348,19.470234980439052
22.07698633130343,19.028412717580686
21.54679961587339,21.325888484444206
21.149159579300857,20.751519542728325
22.872266404448496,20.221332827298284
22.342079689018455,21.944439652445922
21.944439652445922,21.370070710730047
24.19773319302361,22.60717304673348
23.534999798736052,22.07698633130343
24.19773319302361,24.19773319302361
23.534999798736052,23.733819817022322
23.00481308330601,23.13735976216352
22.474626367875963,23.711728703879402
24.462826550738633,25.125559945026183
23.932639835308585,24.462826550738633
23.402453119878544,26.362662281029614
23.00481308330601,25.78829333931374
24.72791990845365,26.053386697028763
24.330279871881118,25.58947332102747
25.302288850169532,25.125559945026183
25.58947332102747,24.72791990845365
26.053386697028763,26.053386697028763
26.583573412458804,25.523199981598715
26.053386697028763,25.125559945026183
25.722019999884985,26.583573412458804
26.84866677017383,25.78829333931374
26.252206715315026,25.258106623883698
25.78829333931374,24.59537322959614
28.704320274178976,23.932639835308585
28.174133558748935,23.402453119878544
27.643946843318894,22.872266404448496
28.43922691646396,22.474626367875963
27.776493522176402,24.462826550738633
27.312580146175115,23.932639835308585
26.892848996459662,23.402453119878544
28.21831578503477,25.523199981598715
27.643946843318894,24.860466587311166
28.969413631894,24.19773319302361
28.969413631894,23.667546477593568
28.969413631894,23.00481308330601
29.565873686752802,22.342079689018455
29.101960310751508,21.811892973588414
30.604156004469964,21.347979597587127
30.02978706275409,20.751519542728325
31.885440566759243,20.287606166727038
31.355253851329195,19.82369279072575
31.752893887901728,19.160959396438194
31.28898051190044,18.630772681008153
32.15053392447426,18.100585965578105
31.62034720904422,17.570399250148064
31.222707172471686,17.040212534718023
30.957613814756662,16.64257249814549
31.929622793045077,16.244932461572958
31.355253851329195,15.71474574614291
30.957613814756662,15.052012351855353
33.21090735533435,14.389278957567804
32.68072063990431,13.726545563280247
32.01798724561675,12.931265490135182
31.48780053018671,12.135985416990117
30.825067135899154,11.47325202270256
30.22860708104035,11.009338646701273
29.89724038389658,10.280331912984963
32.15053392447426,9.750145197554922
31.686620548472973,9.15368514269612
33.21090735533435,8.689771766694832
32.68072063990431,8.2921317301223
32.34935394276053,7.828218354121013
32.45980950847512,7.298031638690972
33.21090735533435,6.834118262689678
34.27128078619444,6.569024904974661
33.74109407076439,5.906291510687105
33.74109407076439,5.773744831829596
33.07836067647684,5.906291510687105
32.48190062161804,6.569024904974661
32.45980950847512,6.436478226117146
33.21090735533435,5.972564850115859
34.27128078619444,6.70157158383217
33.74109407076439,6.303931547259637
33.60854739190688,6.171384868402129
33.34345403419186,5.773744831829596
34.536374143909455,7.032938280975948
33.93991408905066,6.569024904974661
33.47600071304937,7.496851656977235
36.39202764791461,8.358405069551054
35.79556759305581,7.894491693549767
35.33165421705452,8.822318445552341
36.126934290199586,8.358405069551054
35.596747574769545,7.960765032978522
35.0665608593395,8.689771766694832
34.536374143909455,8.159585051264791
35.13283419876826,8.557225087837324
35.596747574769545,8.159585051264791
35.92811427191332,10.214058573556208
35.464200895912036,9.617598518697413
36.39202764791461,9.087411803267365
35.72929425362706,10.81051862841501
35.464200895912036,10.94306530727252
35.596747574769545,10.479151931271232
35.596747574769545,11.075611986130028
35.596747574769545,10.545425270699987
35.596747574769545,11.340705343845052
37.187307721059675,11.804618719846339
36.657121005629634,12.33480543527638
36.19320762962835,12.599898792991404
40.898614729069976,13.06381216899269
40.36842801363994,13.461452205565223
39.838241298209894,13.859092242137756
39.308054582779846,14.919465672997845
38.77786786734981,14.389278957567804
38.247681151919764,16.046112443286688
37.717494436489716,15.449652388427886
40.63352137135496,16.377479140430466
40.10333465592491,15.91356576442918
39.57314794049488,16.510025819287975
39.04296122506483,16.112385782715442
38.51277450963478,17.437852571290556
37.98258779420474,16.907665855860508
37.51867441820345,18.03431262614935
36.92221436334465,18.763319359865662
36.524574326772125,18.23313264443562
39.04296122506483,19.028412717580686
38.446501170206034,20.022512809012014
37.98258779420474,19.42605275415322
37.4524010787747,20.884066221585833
39.838241298209894,20.4864261850133
39.308054582779846,20.287606166727038
38.77786786734981,20.751519542728325
38.247681151919764,21.613072955302144
37.717494436489716,21.149159579300857
37.25358106048843,22.07698633130343
36.72339434505839,21.613072955302144
36.126934290199586,23.446635346164378
35.464200895912036,22.872266404448496
34.867740841053234,22.342079689018455
34.4701008044807,21.811892973588414
34.33755412562319,21.41425293701588
33.74109407076439,24.0651865141661
33.21090735533435,23.402453119878544
32.54817396104679,22.739719725590987
32.283080603331776,22.2758063495897
31.885440566759243,22.60717304673348
31.355253851329195,23.269906441021035
30.891340475327908,23.402453119878544
30.162333741611597,24.0651865141661
29.89724038389658,23.534999798736052
29.49960034732404,25.390653302741207
28.969413631894,24.72791990845365
30.604156004469964,25.65574666045623
30.02978706275409,25.258106623883698
29.49960034732404,24.794193247882404
29.101960310751508,24.661646569024896
31.39943607761503,25.258106623883698
32.15053392447426,24.860466587311166
31.62034720904422,24.462826550738633
30.957613814756662,23.99891317473734
30.42742709932662,23.402453119878544
29.764693705039065,22.872266404448496
29.234506989609024,22.474626367875963
28.83686695303649,23.800093156451076
29.89724038389658,23.13735976216352
29.367053668466532,24.993013266168674
29.234506989609024,24.462826550738633
28.704320274178976,25.523199981598715
28.174133558748935,24.72791990845365
27.710220182747648,24.19773319302361
27.113760127888845,23.667546477593568
26.451026733601296,25.258106623883698
25.920840018171248,24.72791990845365
25.125559945026183,24.330279871881118
24.59537322959614,24.661646569024896
24.993013266168674,24.59537322959614
25.523199981598715,24.0651865141661
24.860466587311166,23.534999798736052
24.39655321130987,23.13735976216352
24.462826550738633,22.673446386162233
23.99891317473734,23.00481308330601
23.468726459307298,22.474626367875963
23.932639835308585,22.872266404448496
24.462826550738633,22.40835302844721
25.037195492454508,22.143259670732192
24.462826550738633,21.54679961587339
26.362662281029614,21.082886239872103
25.78829333931374,20.4864261850133
26.583573412458804,20.088786148440768
26.119660036457518,19.95623946958326
25.722019999884985,19.492326093581973
26.362662281029614,18.89586603872317
26.583573412458804,18.23313264443562
26.119660036457518,17.968039286720597
26.583573412458804,18.431952662721883
25.722019999884985,18.763319359865662
27.643946843318894,18.16685930500686
27.113760127888845,17.63667258957682
26.583573412458804,17.17275921357553
27.776493522176402,16.775119177003
27.710220182747648,16.311205801001712
27.643946843318894,15.781019085571664
27.180033467317607,15.515925727856647
26.782393430745074,15.052012351855353
26.914940109602583,14.588098975854066
27.511400164461378,14.65437231528282
28.174133558748935,15.449652388427886
28.704320274178976,14.985739012426599
28.372953577035204,14.455552296996558
27.90904020103391,13.859092242137756
28.174133558748935,13.395178866136469
27.776493522176402,13.06381216899269
29.764693705039065,12.599898792991404
29.16823365018027,12.003438738132608
28.704320274178976,11.539525362131315
29.632147026181556,10.94306530727252
29.101960310751508,10.412878591842478
30.02978706275409,10.94306530727252
29.49960034732404,10.479151931271232
30.02978706275409,10.147785234127454
29.367053668466532,10.147785234127454
28.969413631894,10.015238555269946
29.013595858179833,9.418778500411143
29.8088759313249,8.954865124409856
31.090160493614178,8.424678408979808
30.55997377818413,7.894491693549767
31.752893887901728,8.689771766694832
32.415627282189284,8.2921317301223
32.98999622390516,7.761945014692259
33.52018293933521,7.298031638690972
34.27128078619444,6.966664941547194
33.74109407076439,7.629398335834743
33.07836067647684,7.496851656977235
32.54817396104679,7.032938280975948
32.283080603331776,6.834118262689678
31.885440566759243,6.303931547259637
31.355253851329195,5.773744831829596
33.47600071304937,5.3761047952570635
32.945813997619325,4.91219141925577
32.415627282189284,5.3761047952570635
34.27128078619444,4.978464758684531
33.60854739190688,
33.47600071304937,
34.536374143909455,
33.93991408905066,
35.33165421705452,
34.80146750162448,
34.27128078619444,
33.74109407076439,
33.21090735533435,
32.68072063990431,
32.283080603331776,
34.050369654765255,
33.47600071304937,
34.27128078619444,
33.80736741019315,
33.40972737362062,
33.34345403419186,
33.74109407076439,
33.34345403419186,
34.27128078619444,
33.74109407076439,
33.21090735533435,
32.68072063990431,
32.01798724561675,
31.48780053018671,
31.222707172471686,
32.68072063990431,
32.15053392447426,
31.752893887901728,
34.27128078619444,
33.74109407076439,
33.21090735533435,
32.87954065819057,
34.006187428479414,
33.47600071304937,
32.415627282189284,
31.752893887901728,
31.28898051190044,
33.21090735533435,
32.68072063990431,
32.15053392447426,
33.21090735533435,
32.68072063990431,
32.15053392447426,
31.62034720904422,
31.090160493614178,
30.626247117612884,
30.096060402182843,
30.957613814756662,
30.294880420469113,
31.62034720904422,
32.15053392447426,
32.15053392447426,
31.686620548472973,
30.957613814756662,
30.42742709932662,
29.89724038389658,
30.825067135899154,
30.294880420469113,
30.825067135899154,
30.162333741611597,
29.89724038389658,
29.49960034732404,
28.969413631894,
28.43922691646396,
27.975313540462672,
27.37885348560387,
26.84866677017383,
30.02978706275409,
29.49960034732404,
28.969413631894,
28.43922691646396,
27.90904020103391,
30.957613814756662,
30.42742709932662,
29.83096704446782,
30.294880420469113,
29.234506989609024,
28.704320274178976,
28.041586879891426,
27.776493522176402,
27.24630680674636,
26.583573412458804,
26.053386697028763,
25.390653302741207,
25.125559945026183,
24.59537322959614,
24.330279871881118,
24.860466587311166,
24.330279871881118,
25.523199981598715,
24.993013266168674,
24.462826550738633,
23.932639835308585,
23.402453119878544,
23.269906441021035,
23.00481308330601,
22.60717304673348,
23.13735976216352,
22.474626367875963,
21.811892973588414,
21.41425293701588,
21.01661290044335,
20.353879506155792,
20.088786148440768,
20.022512809012014,
19.95623946958326,
19.42605275415322,
18.89586603872317,
18.23313264443562,
17.968039286720597,
17.437852571290556,
16.775119177003,
16.64257249814549,
16.377479140430466,
15.847292425000418,
15.317105709570377,
14.786918994140336,
16.510025819287975,
15.91356576442918,
15.449652388427886,
14.919465672997845,
16.244932461572958,
15.71474574614291,
16.64257249814549,
16.112385782715442,
15.847292425000418,
15.317105709570377,
15.052012351855353,
14.65437231528282,
14.190458939281534,
13.593998884422739,
13.06381216899269,
12.401078774705141,
12.135985416990117,
11.738345380417584,
11.208158664987543,
10.677971949557495,
10.147785234127454,
10.147785234127454,
10.147785234127454,
10.147785234127454,
9.683871858126167,
10.147785234127454,
9.087411803267365,
8.557225087837324,
8.093311711836037,
9.88269187641243,
9.352505160982389,
8.822318445552341,
8.2921317301223,
