Y(hoy),Y(ayer)
4.647098061540753,3.3879046123944008
4.05063800668195,3.454177951823155
3.918091327824442,3.3879046123944008
4.448278043254483,2.725171218106837
4.580824722111998,2.3275311815343116
4.05063800668195,1.7973444661042635
3.5204512912519093,1.399704429531738
3.3879046123944008,1.9740733712476128
3.1228112546793767,1.664797787246755
2.5926245392493286,1.2671577506742295
2.5926245392493286,1.2008844112454682
2.46007786039182,0.6044243563866729
2.3275311815343116,0.20678431981413326
2.0624378238192946,0.6044243563866729
1.5985244478179936,1.1346110718167068
1.2671577506742295,0.47187767752916443
0.67069769581542,0.20678431981413326
0.20678431981413326,-0.3234023956159007
1.2008844112454682,-0.8535891110459488
1.1346110718167068,-0.45594907447342337
0.5381510169579116,-0.05830903790088371
0.20678431981413326,-0.5884957533309318
0.14051098038538612,-0.3234023956159007
-0.7873157716172017,0.07423764095662477
0.07423764095662477,-0.7210424321884403
-0.45594907447342337,-0.8535891110459488
-0.1466734904725655,-0.8535891110459488
-0.5884957533309318,-0.8535891110459488
0.07423764095662477,-0.8535891110459488
-0.5222224139021705,-0.45594907447342337
-0.8535891110459488,0.14051098038538612
-0.8535891110459488,0.07423764095662477
-0.8535891110459488,-0.45594907447342337
-0.8535891110459488,-0.8535891110459488
-0.8535891110459488,-0.8535891110459488
-0.654769092759679,-0.8535891110459488
-0.1908557167583922,-0.8535891110459488
-0.3234023956159007,-0.8535891110459488
-0.7873157716172017,-0.8535891110459488
-0.12458237732964506,-0.8535891110459488
-0.12458237732964506,-0.8535891110459488
-0.6768602059025994,-0.7210424321884403
-0.12458237732964506,-0.05830903790088371
-0.5884957533309318,-0.45594907447342337
0.33933099867164174,-0.8535891110459488
0.8695177141016899,-0.8535891110459488
1.5322511083892465,-0.8535891110459488
2.3275311815343116,-0.8535891110459488
3.454177951823155,-0.8535891110459488
3.5204512912519093,-0.8535891110459488
4.05063800668195,-0.8535891110459488
4.580824722111998,-0.8535891110459488
4.845918079827015,-0.8535891110459488
4.448278043254483,-0.7210424321884403
5.3761047952570635,-0.1908557167583922
6.038838189544613,0.20678431981413326
6.966664941547194,0.20678431981413326
6.569024904974661,0.20678431981413326
7.894491693549767,0.20678431981413326
7.364304978119726,0.20678431981413326
8.601407314123158,0.20678431981413326
9.352505160982389,0.20678431981413326
9.88269187641243,0.67069769581542
11.208158664987543,1.2008844112454682
10.677971949557495,1.399704429531738
12.135985416990117,2.194984502676803
11.605798701560076,2.8577178969643597
12.842901037563507,3.3879046123944008
13.638181110708572,4.05063800668195
14.985739012426599,4.647098061540753
14.389278957567804,4.845918079827015
16.64257249814549,5.707471492400835
15.979839103857934,5.243558116399548
15.449652388427886,5.773744831829596
16.775119177003,5.906291510687105
18.36567932329313,7.496851656977235
17.835492607863088,6.966664941547194
17.30530589243304,8.888591784981102
16.775119177003,8.2921317301223
19.95623946958326,7.894491693549767
19.492326093581973,10.015238555269946
18.89586603872317,9.352505160982389
20.751519542728325,10.412878591842478
20.15505948786953,11.47325202270256
22.07698633130343,10.94306530727252
21.54679961587339,12.599898792991404
24.462826550738633,12.003438738132608
23.932639835308585,13.06381216899269
23.402453119878544,14.521825636425312
22.872266404448496,13.859092242137756
26.583573412458804,13.461452205565223
26.053386697028763,15.71474574614291
25.523199981598715,15.184559030712869
24.993013266168674,17.570399250148064
27.776493522176402,17.040212534718023
27.113760127888845,16.510025819287975
30.294880420469113,16.112385782715442
29.69842036561031,18.630772681008153
29.234506989609024,18.100585965578105
28.704320274178976,19.09468605700944
28.174133558748935,19.757419451296997
27.776493522176402,19.293506075295703
32.15053392447426,20.221332827298284
31.62034720904422,21.082886239872103
31.156433833042932,20.618972863870816
31.885440566759243,21.54679961587339
31.355253851329195,22.872266404448496
32.98999622390516,22.342079689018455
32.415627282189284,21.944439652445922
34.80146750162448,25.258106623883698
34.205007446765684,24.72791990845365
33.74109407076439,24.19773319302361
36.657121005629634,23.667546477593568
36.126934290199586,27.113760127888845
35.596747574769545,26.583573412458804
39.838241298209894,26.053386697028763
39.17550790392234,28.505500255892713
38.77786786734981,27.90904020103391
38.247681151919764,27.511400164461378
37.717494436489716,30.604156004469964
37.187307721059675,30.02978706275409
42.22408151764509,29.49960034732404
41.69389480221505,28.969413631894
41.16370808678501,33.07836067647684
40.63352137135496,32.415627282189284
43.019361590790155,31.885440566759243
42.42290153593136,31.355253851329195
43.019361590790155,33.873640749621906
41.82644148107256,34.66892082276697
41.296254765642516,35.99438761134208
42.003170386215906,35.33165421705452
41.428801444500024,36.657121005629634
42.09153483878758,37.58494775763221
41.82644148107256,37.054761042202166
41.428801444500024,38.84414120677856
42.22408151764509,38.247681151919764
41.69389480221505,41.03116140792749
41.296254765642516,40.36842801363994
43.41700162736269,39.838241298209894
42.22408151764509,39.308054582779846
41.56134812335753,43.32863717479101
41.16370808678501,42.75426823307514
41.03116140792749,42.22408151764509
40.898614729069976,41.69389480221505
40.96488806849874,45.27265513136784
40.96488806849874,44.609921737080285
40.50097469249745,44.079735021650244
40.10333465592491,45.9353885256554
39.44060126163736,45.53774848908286
38.77786786734981,47.06203529594424
37.51867441820345,46.46557524108544
36.524574326772125,47.39340199308802
38.51277450963478,46.86321527765797
37.916314454775986,46.46557524108544
37.054761042202166,45.9353885256554
38.51277450963478,45.47147514965411
37.98258779420474,44.87501509479531
37.4524010787747,44.477375058222776
36.92221436334465,44.34482837936527
35.596747574769545,43.88091500336398
35.464200895912036,43.28445494850518
34.80146750162448,42.48917487536011
34.27128078619444,44.079735021650244
33.74109407076439,43.5495483062202
32.945813997619325,43.15190826964766
32.415627282189284,43.81464166393522
31.885440566759243,43.41700162736269
31.28898051190044,43.019361590790155
30.957613814756662,42.55544821478887
32.216807263903014,41.82644148107256
32.15053392447426,41.56134812335753
31.62034720904422,41.16370808678501
31.222707172471686,40.63352137135496
30.825067135899154,40.23588133478243
28.969413631894,39.639421279923624
28.306680237606443,39.04296122506483
30.096060402182843,41.73807702850088
29.632147026181556,41.16370808678501
30.957613814756662,40.63352137135496
30.42742709932662,39.705694619352386
30.294880420469113,42.09153483878758
29.764693705039065,41.82644148107256
29.300780329037778,41.16370808678501
28.83686695303649,40.63352137135496
27.90904020103391,40.10333465592491
29.565873686752802,39.57314794049488
28.969413631894,39.17550790392234
28.43922691646396,38.6453211884923
30.957613814756662,38.115134473062255
30.493700438755376,37.4524010787747
30.42742709932662,36.78966768448714
30.02978706275409,36.524574326772125
30.55997377818413,35.99438761134208
31.222707172471686,35.72929425362706
30.02978706275409,36.39202764791461
29.565873686752802,35.86184093248457
28.83686695303649,35.33165421705452
28.174133558748935,34.93401418048199
28.704320274178976,34.27128078619444
28.174133558748935,33.74109407076439
30.162333741611597,33.34345403419186
29.234506989609024,33.34345403419186
28.83686695303649,33.21090735533435
29.367053668466532,32.68072063990431
30.825067135899154,31.62034720904422
30.294880420469113,31.090160493614178
29.89724038389658,30.55997377818413
30.825067135899154,30.162333741611597
30.42742709932662,30.7587937964704
29.764693705039065,30.02978706275409
29.234506989609024,29.49960034732404
28.83686695303649,28.83686695303649
30.55997377818413,28.174133558748935
30.02978706275409,27.511400164461378
32.15053392447426,26.981213449031337
31.62034720904422,26.451026733601296
31.222707172471686,25.854566678742493
30.825067135899154,29.764693705039065
29.89724038389658,29.367053668466532
30.02978706275409,28.704320274178976
30.626247117612884,28.174133558748935
30.02978706275409,27.643946843318894
32.15053392447426,27.113760127888845
31.62034720904422,28.483409142749792
31.222707172471686,28.041586879891426
29.89724038389658,29.632147026181556
29.234506989609024,28.704320274178976
28.83686695303649,28.24040689817769
29.764693705039065,28.704320274178976
30.55997377818413,29.764693705039065
32.283080603331776,29.234506989609024
31.222707172471686,29.83096704446782
28.83686695303649,29.49960034732404
31.090160493614178,29.101960310751508
30.692520457041645,30.825067135899154
32.15053392447426,30.294880420469113
31.62034720904422,29.89724038389658
32.15053392447426,30.294880420469113
31.48780053018671,29.764693705039065
30.957613814756662,29.300780329037778
30.361153759897867,29.764693705039065
29.89724038389658,29.234506989609024
28.83686695303649,29.367053668466532
30.42742709932662,29.89724038389658
30.02978706275409,30.294880420469113
29.963513723325335,30.825067135899154
31.222707172471686,31.222707172471686
32.15053392447426,30.692520457041645
31.686620548472973,30.294880420469113
33.21090735533435,30.957613814756662
32.68072063990431,31.222707172471686
32.15053392447426,30.692520457041645
31.62034720904422,30.162333741611597
30.294880420469113,30.55997377818413
29.89724038389658,31.222707172471686
31.664529435330053,31.885440566759243
31.222707172471686,31.355253851329195
32.945813997619325,29.764693705039065
32.415627282189284,29.300780329037778
34.27128078619444,30.825067135899154
33.74109407076439,30.42742709932662
34.006187428479414,30.02978706275409
33.47600071304937,29.49960034732404
34.13873410733692,29.49960034732404
33.74109407076439,29.101960310751508
34.40382746505195,30.55997377818413
33.07836067647684,31.686620548472973
32.54817396104679,32.15053392447426
32.283080603331776,31.62034720904422
33.47600071304937,31.090160493614178
33.07836067647684,30.42742709932662
35.6630209141983,30.692520457041645
34.13873410733692,31.222707172471686
36.657121005629634,30.294880420469113
36.126934290199586,29.764693705039065
36.92221436334465,29.234506989609024
36.524574326772125,32.15053392447426
37.4524010787747,31.686620548472973
36.8559410239159,31.090160493614178
36.39202764791461,30.55997377818413
35.86184093248457,30.02978706275409
35.464200895912036,33.21090735533435
36.657121005629634,32.68072063990431
36.126934290199586,31.885440566759243
43.5495483062202,31.222707172471686
43.019361590790155,30.692520457041645
42.48917487536011,30.22860708104035
45.40520181022535,32.68072063990431
44.87501509479531,34.006187428479414
44.34482837936527,33.47600071304937
43.68209498507771,34.40382746505195
43.15190826964766,33.74109407076439
42.886814911932646,34.13873410733692
42.48917487536011,34.66892082276697
41.82644148107256,35.39792755648328
41.296254765642516,35.464200895912036
41.03116140792749,35.19910753819701
43.28445494850518,34.66892082276697
44.21228170050775,34.27128078619444
43.68209498507771,33.80736741019315
42.842632685646805,33.34345403419186
42.75426823307514,34.93401418048199
42.22408151764509,34.27128078619444
41.69389480221505,33.74109407076439
41.16370808678501,36.126934290199586
40.69979471078371,35.596747574769545
40.10333465592491,39.57314794049488
39.44060126163736,39.04296122506483
39.04296122506483,38.51277450963478
41.472983670785865,38.115134473062255
40.898614729069976,42.02526149935882
43.15190826964766,41.95898815993007
42.62172155421762,41.428801444500024
42.22408151764509,40.76606805021247
42.75426823307514,40.50097469249745
42.22408151764509,40.10333465592491
43.28445494850518,39.44060126163736
42.62172155421762,38.976687885636075
42.09153483878758,39.705694619352386
41.82644148107256,39.10923456449358
41.428801444500024,38.51277450963478
40.76606805021247,37.85004111534723
40.23588133478243,37.58494775763221
39.9707879770674,37.187307721059675
39.838241298209894,36.657121005629634
39.308054582779846,36.126934290199586
38.976687885636075,35.72929425362706
39.57314794049488,38.291863378205605
41.95898815993007,37.717494436489716
41.428801444500024,40.63352137135496
41.03116140792749,39.9707879770674
45.40520181022535,39.57314794049488
44.87501509479531,39.04296122506483
44.34482837936527,39.57314794049488
43.81464166393522,38.976687885636075
43.41700162736269,38.77786786734981
43.5495483062202,38.115134473062255
43.019361590790155,37.4524010787747
40.36842801363994,36.78966768448714
39.9707879770674,36.657121005629634
40.898614729069976,37.054761042202166
40.36842801363994,38.31395449134852
39.838241298209894,37.717494436489716
39.308054582779846,39.308054582779846
38.84414120677856,38.77786786734981
38.38022783077727,41.95898815993007
35.33165421705452,41.428801444500024
34.93401418048199,40.898614729069976
36.126934290199586,40.50097469249745
36.524574326772125,43.019361590790155
35.92811427191332,42.62172155421762
35.19910753819701,41.69389480221505
34.4701008044807,40.36842801363994
34.33755412562319,39.639421279923624
33.80736741019315,39.04296122506483
34.27128078619444,38.51277450963478
33.21090735533435,37.717494436489716
32.54817396104679,37.31985439991719
32.01798724561675,35.596747574769545
31.355253851329195,35.0665608593395
32.283080603331776,34.536374143909455
32.415627282189284,34.006187428479414
32.98999622390516,33.47600071304937
33.21090735533435,35.0665608593395
32.54817396104679,34.536374143909455
32.415627282189284,34.13873410733692
33.47600071304937,35.464200895912036
33.07836067647684,35.39792755648328
34.66892082276697,34.80146750162448
36.126934290199586,34.27128078619444
35.596747574769545,33.74109407076439
35.13283419876826,33.21090735533435
36.524574326772125,32.74699397933306
35.86184093248457,32.15053392447426
35.33165421705452,31.686620548472973
34.80146750162448,31.222707172471686
34.33755412562319,30.957613814756662
33.60854739190688,30.383244873040788
33.34345403419186,31.42152719075795
33.34345403419186,30.825067135899154
33.34345403419186,30.42742709932662
33.78527629705023,31.885440566759243
35.11074308562534,31.355253851329195
34.536374143909455,30.692520457041645
36.39202764791461,30.22860708104035
35.92811427191332,31.156433833042932
37.4524010787747,30.692520457041645
36.78966768448714,31.686620548472973
36.92221436334465,32.01798724561675
36.39202764791461,31.48780053018671
35.86184093248457,31.090160493614178
35.464200895912036,30.626247117612884
36.657121005629634,30.22860708104035
36.2594809690571,32.01798724561675
36.524574326772125,31.355253851329195
36.2594809690571,30.825067135899154
35.72929425362706,33.74109407076439
35.86184093248457,33.21090735533435
35.464200895912036,32.68072063990431
38.247681151919764,34.33755412562319
37.717494436489716,33.873640749621906
37.187307721059675,33.47600071304937
36.657121005629634,32.81326731876182
39.838241298209894,32.283080603331776
39.308054582779846,32.283080603331776
38.77786786734981,31.885440566759243
38.247681151919764,31.28898051190044
37.717494436489716,31.42152719075795
37.25358106048843,32.01798724561675
36.78966768448714,32.283080603331776
37.58494775763221,32.415627282189284
37.78376777591848,32.98999622390516
38.38022783077727,32.54817396104679
39.04296122506483,32.01798724561675
39.57314794049488,31.48780053018671
40.63352137135496,31.222707172471686
40.10333465592491,34.33755412562319
41.95898815993007,33.74109407076439
41.428801444500024,33.21090735533435
41.95898815993007,32.68072063990431
41.296254765642516,34.867740841053234
41.03116140792749,35.19910753819701
40.63352137135496,34.536374143909455
39.9707879770674,34.006187428479414
39.705694619352386,33.34345403419186
39.308054582779846,33.07836067647684
38.91041454620732,32.72490286619014
39.705694619352386,32.283080603331776
39.17550790392234,33.47600071304937
38.51277450963478,34.33755412562319
40.10333465592491,33.873640749621906
39.57314794049488,34.80146750162448
39.04296122506483,35.6630209141983
38.6453211884923,35.19910753819701
40.898614729069976,36.19320762962835
40.898614729069976,37.25358106048843
40.36842801363994,36.657121005629634
39.90451463763865,38.31395449134852
39.308054582779846,37.717494436489716
38.77786786734981,38.77786786734981
38.247681151919764,38.247681151919764
37.76167666277556,37.85004111534723
39.57314794049488,37.85004111534723
39.04296122506483,38.38022783077727
38.51277450963478,38.38022783077727
38.115134473062255,37.31985439991719
40.898614729069976,36.78966768448714
40.36842801363994,37.78376777591848
39.9707879770674,37.187307721059675
38.976687885636075,38.6453211884923
37.98258779420474,38.115134473062255
37.4524010787747,37.4524010787747
36.92221436334465,36.78966768448714
38.247681151919764,36.657121005629634
37.717494436489716,37.187307721059675
37.31985439991719,36.78966768448714
39.57314794049488,38.51277450963478
38.91041454620732,37.98258779420474
38.247681151919764,37.58494775763221
39.705694619352386,39.17550790392234
39.04296122506483,39.639421279923624
37.4524010787747,38.976687885636075
36.78966768448714,38.51277450963478
36.524574326772125,37.98258779420474
36.126934290199586,37.4524010787747
35.596747574769545,36.92221436334465
38.77786786734981,36.2594809690571
38.247681151919764,35.99438761134208
37.717494436489716,35.596747574769545
37.187307721059675,35.0665608593395
36.78966768448714,34.536374143909455
38.77786786734981,34.006187428479414
38.247681151919764,33.47600071304937
37.717494436489716,35.6630209141983
37.187307721059675,35.0665608593395
36.657121005629634,34.66892082276697
36.19320762962835,36.17111651648543
35.6630209141983,35.33165421705452
36.458300987343364,34.80146750162448
35.86184093248457,34.40382746505195
37.054761042202166,35.33165421705452
37.717494436489716,34.867740841053234
37.717494436489716,34.27128078619444
37.054761042202166,33.74109407076439
36.39202764791461,33.07836067647684
35.72929425362706,32.415627282189284
34.93401418048199,31.752893887901728
34.40382746505195,31.355253851329195
33.60854739190688,31.951713906187997
33.07836067647684,33.07836067647684
32.283080603331776,32.415627282189284
31.752893887901728,34.33755412562319
31.222707172471686,33.74109407076439
30.55997377818413,34.867740841053234
30.02978706275409,35.19910753819701
34.205007446765684,34.536374143909455
33.21090735533435,34.006187428479414
32.68072063990431,33.40972737362062
32.216807263903014,33.21090735533435
31.62034720904422,32.68072063990431
31.090160493614178,32.01798724561675
33.74109407076439,31.355253851329195
34.27128078619444,30.825067135899154
33.21090735533435,30.162333741611597
32.68072063990431,29.632147026181556
32.01798724561675,29.234506989609024
31.48780053018671,29.764693705039065
30.692520457041645,30.692520457041645
30.096060402182843,30.162333741611597
29.89724038389658,29.367053668466532
29.367053668466532,28.83686695303649
29.101960310751508,28.704320274178976
28.704320274178976,28.24040689817769
28.174133558748935,27.776493522176402
26.716120091316313,27.37885348560387
27.511400164461378,26.053386697028763
25.65574666045623,25.523199981598715
26.053386697028763,24.993013266168674
25.65574666045623,24.72791990845365
26.583573412458804,25.258106623883698
27.180033467317607,26.119660036457518
27.643946843318894,25.65574666045623
27.113760127888845,26.451026733601296
26.451026733601296,25.78829333931374
25.78829333931374,25.258106623883698
24.993013266168674,24.860466587311166
24.462826550738633,24.462826550738633
23.932639835308585,23.932639835308585
23.402453119878544,23.402453119878544
22.739719725590987,22.938539743877257
18.763319359865662,22.2758063495897
16.97393919528926,21.811892973588414
16.64257249814549,21.41425293701588
16.907665855860508,19.95623946958326
14.742736767854502,19.42605275415322
15.515925727856647,19.028412717580686
14.919465672997845,19.028412717580686
16.112385782715442,18.630772681008153
16.775119177003,17.30530589243304
15.582199067285401,16.775119177003
14.12418559985278,16.244932461572958
13.593998884422739,15.847292425000418
13.06381216899269,16.377479140430466
12.53362545356265,15.847292425000418
12.135985416990117,14.919465672997845
11.539525362131315,14.12418559985278
11.075611986130028,13.660272223851493
12.047620964418442,14.12418559985278
11.47325202270256,13.726545563280247
12.003438738132608,14.985739012426599
11.47325202270256,14.521825636425312
11.141885325558782,15.449652388427886
11.870892059275093,15.979839103857934
11.340705343845052,16.377479140430466
12.577807679848483,15.71474574614291
13.90327446842359,15.184559030712869
13.328905526707715,14.389278957567804
15.184559030712869,13.859092242137756
14.65437231528282,13.328905526707715
16.510025819287975,12.798718811277674
15.979839103857934,12.135985416990117
,11.605798701560076
,10.94306530727252
,10.280331912984963
,10.147785234127454
,9.88269187641243
,9.219958482124873
,8.557225087837324
,8.093311711836037
,7.364304978119726
,6.834118262689678
,7.032938280975948
,7.496851656977235
