Y(hoy),Y(ayer)
9.02113846383861,14.521825636425312
8.954865124409856,14.588098975854066
8.689771766694832,15.317105709570377
8.2921317301223,14.786918994140336
7.960765032978522,14.919465672997845
7.828218354121013,14.588098975854066
7.761945014692259,15.317105709570377
7.298031638690972,14.786918994140336
6.9003916021184395,15.184559030712869
7.541033883263069,14.720645654711582
7.761945014692259,14.256732278710288
7.231758299262211,13.859092242137756
6.834118262689678,13.461452205565223
7.761945014692259,13.06381216899269
7.298031638690972,12.53362545356265
7.231758299262211,12.069712077561363
6.70157158383217,11.539525362131315
6.171384868402129,12.047620964418442
5.773744831829596,11.605798701560076
5.773744831829596,11.738345380417584
5.707471492400835,11.340705343845052
5.6411981529720805,11.340705343845052
4.978464758684531,11.208158664987543
4.580824722111998,10.545425270699987
4.580824722111998,9.88269187641243
4.1169113461107045,9.352505160982389
3.5204512912519093,9.88269187641243
3.5204512912519093,9.485051839839898
3.5204512912519093,9.352505160982389
3.5204512912519093,8.954865124409856
3.5204512912519093,8.954865124409856
2.8577178969643597,8.954865124409856
2.2612578421055503,8.954865124409856
1.664797787246755,8.424678408979808
2.23916672896263,7.894491693549767
1.664797787246755,8.822318445552341
2.46007786039182,8.358405069551054
1.929891144961772,8.027038372407276
1.4438866558175647,7.496851656977235
2.194984502676803,6.966664941547194
2.194984502676803,6.966664941547194
1.5322511083892465,7.629398335834743
1.2671577506742295,7.496851656977235
1.2671577506742295,7.032938280975948
1.2671577506742295,7.496851656977235
1.2671577506742295,7.894491693549767
1.2671577506742295,7.894491693549767
1.2008844112454682,7.894491693549767
1.1346110718167068,7.894491693549767
0.6044243563866729,7.894491693549767
0.20678431981413326,7.496851656977235
1.1346110718167068,6.966664941547194
0.6044243563866729,6.502751565545907
1.2671577506742295,5.906291510687105
1.2671577506742295,5.773744831829596
1.2008844112454682,5.773744831829596
1.1346110718167068,5.3761047952570635
0.67069769581542,4.91219141925577
0.2730576592428946,4.713371400969507
0.20678431981413326,4.713371400969507
0.20678431981413326,4.713371400969507
0.20678431981413326,4.713371400969507
0.20678431981413326,4.713371400969507
0.20678431981413326,4.183184685539466
0.20678431981413326,3.5867246306806635
0.20678431981413326,3.5204512912519093
0.20678431981413326,3.7855446489669333
0.20678431981413326,4.382004703825729
0.20678431981413326,4.845918079827015
0.20678431981413326,5.3761047952570635
0.20678431981413326,4.890100306112849
0.20678431981413326,5.972564850115859
0.20678431981413326,5.508651474114572
0.20678431981413326,6.569024904974661
0.47187767752916443,6.171384868402129
1.1346110718167068,5.773744831829596
1.2671577506742295,6.767844923260924
1.2671577506742295,6.303931547259637
1.1346110718167068,6.569024904974661
0.6044243563866729,5.906291510687105
0.20678431981413326,5.773744831829596
1.1346110718167068,5.773744831829596
0.6044243563866729,5.773744831829596
1.2671577506742295,5.6411981529720805
1.2671577506742295,5.1110114375420395
1.2671577506742295,4.713371400969507
1.3334310901029767,4.713371400969507
1.9740733712476128,4.713371400969507
1.399704429531738,4.713371400969507
2.46007786039182,4.845918079827015
2.1287111632480418,5.3761047952570635
1.664797787246755,5.773744831829596
1.2671577506742295,5.773744831829596
2.3275311815343116,5.773744831829596
1.7973444661042635,5.773744831829596
2.46007786039182,6.171384868402129
2.46007786039182,6.767844923260924
2.46007786039182,6.834118262689678
2.990264575821868,6.834118262689678
2.46007786039182,6.9003916021184395
3.5204512912519093,8.358405069551054
3.5204512912519093,7.761945014692259
3.5204512912519093,7.231758299262211
3.5204512912519093,8.689771766694832
3.564633517537743,8.093311711836037
4.315731364396974,7.894491693549767
3.7855446489669333,7.894491693549767
4.183184685539466,7.894491693549767
3.6529979701094177,7.894491693549767
4.580824722111998,7.960765032978522
4.05063800668195,8.689771766694832
4.845918079827015,8.159585051264791
4.448278043254483,8.954865124409856
5.508651474114572,8.954865124409856
5.707471492400835,8.954865124409856
5.906291510687105,8.954865124409856
6.480660452402979,9.418778500411143
6.70157158383217,10.015238555269946
6.171384868402129,10.214058573556208
5.773744831829596,10.81051862841501
6.70157158383217,11.340705343845052
6.237658207830883,11.075611986130028
6.038838189544613,10.457060818128312
5.773744831829596,11.208158664987543
5.773744831829596,10.81051862841501
5.773744831829596,12.135985416990117
5.773744831829596,11.605798701560076
5.773744831829596,12.401078774705141
6.171384868402129,12.401078774705141
7.231758299262211,12.401078774705141
6.70157158383217,12.401078774705141
5.773744831829596,12.401078774705141
7.894491693549767,12.864992150706428
8.358405069551054,13.395178866136469
7.894491693549767,13.461452205565223
8.822318445552341,13.328905526707715
8.358405069551054,12.798718811277674
7.960765032978522,12.401078774705141
8.2921317301223,13.196358847850206
7.894491693549767,12.798718811277674
8.866500671838182,12.599898792991404
9.087411803267365,13.196358847850206
9.087411803267365,13.461452205565223
9.352505160982389,13.461452205565223
8.954865124409856,13.461452205565223
10.015238555269946,13.328905526707715
10.147785234127454,12.798718811277674
10.677971949557495,13.328905526707715
11.208158664987543,14.389278957567804
11.47325202270256,13.925365581566517
11.075611986130028,13.593998884422739
12.003438738132608,13.461452205565223
12.003438738132608,12.931265490135182
11.47325202270256,12.401078774705141
12.798718811277674,12.798718811277674
12.268532095847625,13.395178866136469
13.328905526707715,13.461452205565223
13.593998884422739,13.925365581566517
14.168367826138613,13.461452205565223
14.698554541568662,14.455552296996558
15.493834614713727,14.720645654711582
14.919465672997845,15.250832370141623
15.71474574614291,16.377479140430466
16.311205801001712,15.71474574614291
16.907665855860508,17.040212534718023
17.570399250148064,17.835492607863088
17.17275921357553,17.968039286720597
16.64257249814549,18.498226002150638
18.431952662721883,18.630772681008153
18.962139378151925,18.100585965578105
19.95623946958326,19.95623946958326
19.492326093581973,19.42605275415322
22.07698633130343,18.89586603872317
21.54679961587339,18.498226002150638
21.01661290044335,18.03431262614935
20.4864261850133,18.763319359865662
21.811892973588414,18.36567932329313
21.281706258158366,17.968039286720597
21.281706258158366,17.968039286720597
21.878166313017168,18.674954907293987
22.342079689018455,18.23313264443562
22.342079689018455,18.36567932329313
23.402453119878544,17.702945929005573
22.872266404448496,17.17275921357553
22.342079689018455,18.763319359865662
24.59537322959614,18.100585965578105
23.932639835308585,17.702945929005573
25.302288850169532,19.492326093581973
25.58947332102747,19.82369279072575
25.832475565599573,19.22723273586695
26.583573412458804,19.82369279072575
26.185933375886272,20.022512809012014
26.782393430745074,19.492326093581973
27.113760127888845,19.09468605700944
26.716120091316313,20.287606166727038
27.643946843318894,19.691146111868235
26.981213449031337,21.347979597587127
26.451026733601296,20.751519542728325
25.78829333931374,21.856075199874248
26.362662281029614,21.54679961587339
26.583573412458804,21.01661290044335
26.119660036457518,20.353879506155792
26.583573412458804,20.221332827298284
25.65574666045623,21.41425293701588
26.053386697028763,20.751519542728325
27.643946843318894,22.143259670732192
27.113760127888845,21.944439652445922
26.583573412458804,21.370070710730047
27.776493522176402,22.143259670732192
27.842766861605156,23.269906441021035
28.969413631894,22.60717304673348
28.505500255892713,23.00481308330601
27.90904020103391,22.739719725590987
30.02978706275409,22.342079689018455
29.49960034732404,21.679346294730898
30.02978706275409,21.149159579300857
29.49960034732404,21.811892973588414
29.035686971322754,22.673446386162233
29.764693705039065,22.209533010160946
29.101960310751508,23.13735976216352
29.234506989609024,22.60717304673348
28.571773595321467,22.143259670732192
28.041586879891426,21.54679961587339
27.776493522176402,21.149159579300857
28.83686695303649,22.673446386162233
28.306680237606443,22.07698633130343
28.83686695303649,23.269906441021035
28.571773595321467,23.00481308330601
28.174133558748935,22.540899707304725
27.776493522176402,24.241915419309443
29.013595858179833,23.667546477593568
28.43922691646396,23.13735976216352
30.294880420469113,25.390653302741207
29.764693705039065,24.92673992673992
31.090160493614178,24.72791990845365
30.42742709932662,24.330279871881118
30.162333741611597,23.932639835308585
29.764693705039065,23.534999798736052
29.101960310751508,23.402453119878544
28.969413631894,23.269906441021035
30.02978706275409,22.673446386162233
29.565873686752802,22.872266404448496
31.090160493614178,23.33617978044979
30.55997377818413,23.13735976216352
30.02978706275409,22.60717304673348
29.367053668466532,22.07698633130343
28.83686695303649,21.613072955302144
28.571773595321467,21.01661290044335
28.174133558748935,20.4864261850133
27.776493522176402,20.088786148440768
28.748502500464816,21.082886239872103
28.83686695303649,21.01661290044335
28.571773595321467,20.353879506155792
28.041586879891426,19.691146111868235
27.776493522176402,19.22723273586695
27.37885348560387,19.028412717580686
26.84866677017383,18.89586603872317
27.643946843318894,18.431952662721883
27.24630680674636,17.835492607863088
27.643946843318894,17.30530589243304
26.981213449031337,16.841392516431753
26.451026733601296,17.040212534718023
25.78829333931374,17.570399250148064
25.258106623883698,17.040212534718023
24.72791990845365,16.57629915871673
25.523199981598715,16.024021330143768
24.993013266168674,16.708845837574245
25.523199981598715,16.510025819287975
25.05928660559743,15.847292425000418
24.462826550738633,15.184559030712869
23.932639835308585,14.720645654711582
23.402453119878544,14.521825636425312
23.402453119878544,14.12418559985278
22.872266404448496,13.660272223851493
22.209533010160946,13.461452205565223
21.944439652445922,13.461452205565223
21.54679961587339,13.461452205565223
21.01661290044335,13.06381216899269
20.4864261850133,12.599898792991404
19.95623946958326,12.467352114133895
19.293506075295703,13.726545563280247
18.89586603872317,13.130085508421452
18.431952662721883,15.449652388427886
17.835492607863088,14.985739012426599
17.17275921357553,14.389278957567804
16.57629915871673,14.963647899283679
15.979839103857934,14.521825636425312
15.317105709570377,15.515925727856647
14.65437231528282,15.648472406714156
15.228741256998703,15.979839103857934
15.71474574614291,16.64257249814549
15.758927972428744,16.377479140430466
16.57629915871673,15.71474574614291
15.979839103857934,15.052012351855353
17.17275921357553,14.521825636425312
17.835492607863088,15.515925727856647
17.835492607863088,14.919465672997845
17.30530589243304,16.64257249814549
16.841392516431753,15.979839103857934
17.63667258957682,16.775119177003
17.040212534718023,17.106485874146777
18.23313264443562,17.702945929005573
18.89586603872317,17.702945929005573
19.160959396438194,17.106485874146777
19.691146111868235,16.907665855860508
20.353879506155792,17.702945929005573
21.01661290044335,17.17275921357553
20.4864261850133,17.702945929005573
19.95623946958326,17.040212534718023
19.293506075295703,16.57629915871673
19.028412717580686,16.024021330143768
21.281706258158366,16.708845837574245
20.751519542728325,17.040212534718023
20.221332827298284,17.702945929005573
19.82369279072575,17.968039286720597
21.856075199874248,17.968039286720597
21.944439652445922,18.100585965578105
21.41425293701588,18.630772681008153
22.12116855758927,18.962139378151925
21.54679961587339,18.630772681008153
22.342079689018455,18.16685930500686
22.342079689018455,18.674954907293987
23.13735976216352,18.23313264443562
22.673446386162233,18.36567932329313
22.209533010160946,17.901765947291842
24.241915419309443,17.30530589243304
23.667546477593568,16.64257249814549
24.462826550738633,15.979839103857934
24.993013266168674,17.106485874146777
24.462826550738633,16.510025819287975
26.31848005474378,17.437852571290556
25.65574666045623,16.841392516431753
25.191833284454937,17.040212534718023
26.31848005474378,17.570399250148064
25.78829333931374,17.106485874146777
24.72791990845365,16.841392516431753
24.19773319302361,17.437852571290556
23.667546477593568,18.763319359865662
23.269906441021035,18.100585965578105
24.462826550738633,19.028412717580686
23.932639835308585,19.028412717580686
24.72791990845365,19.22723273586695
24.330279871881118,19.73532833815407
25.258106623883698,19.42605275415322
25.125559945026183,19.028412717580686
24.661646569024896,19.160959396438194
25.523199981598715,19.691146111868235
24.993013266168674,19.42605275415322
26.119660036457518,18.89586603872317
26.583573412458804,18.36567932329313
25.920840018171248,17.968039286720597
25.65574666045623,18.630772681008153
25.523199981598715,18.03431262614935
24.993013266168674,17.835492607863088
24.462826550738633,17.371579231861794
23.932639835308585,16.97393919528926
23.402453119878544,17.702945929005573
23.402453119878544,17.17275921357553
23.269906441021035,17.968039286720597
23.00481308330601,17.968039286720597
22.60717304673348,17.437852571290556
22.209533010160946,16.841392516431753
23.402453119878544,16.841392516431753
24.462826550738633,17.437852571290556
23.932639835308585,17.30530589243304
24.462826550738633,16.841392516431753
23.800093156451076,16.775119177003
23.402453119878544,16.510025819287975
23.402453119878544,16.046112443286688
23.402453119878544,15.582199067285401
23.402453119878544,15.847292425000418
24.241915419309443,16.64257249814549
23.667546477593568,16.775119177003
23.269906441021035,17.106485874146777
25.523199981598715,17.570399250148064
24.993013266168674,16.907665855860508
24.330279871881118,16.244932461572958
23.800093156451076,15.847292425000418
23.13735976216352,16.907665855860508
22.60717304673348,17.570399250148064
22.209533010160946,17.17275921357553
23.711728703879402,16.775119177003
24.462826550738633,16.311205801001712
24.330279871881118,15.781019085571664
23.800093156451076,15.582199067285401
23.534999798736052,15.317105709570377
23.13735976216352,14.588098975854066
22.474626367875963,14.521825636425312
24.462826550738633,13.991638920995271
23.932639835308585,13.196358847850206
23.402453119878544,12.53362545356265
23.00481308330601,11.870892059275093
24.462826550738633,11.47325202270256
23.800093156451076,12.135985416990117
23.402453119878544,12.401078774705141
23.402453119878544,12.003438738132608
22.938539743877257,11.406978683273806
22.342079689018455,11.340705343845052
22.872266404448496,10.81051862841501
23.269906441021035,10.214058573556208
22.540899707304725,10.015238555269946
22.07698633130343,9.352505160982389
21.41425293701588,8.689771766694832
23.13735976216352,7.960765032978522
22.474626367875963,
22.07698633130343,
21.54679961587339,
22.60717304673348,
22.07698633130343,
21.41425293701588,
21.149159579300857,
20.751519542728325,
20.088786148440768,
22.60717304673348,
22.010712991874676,
21.54679961587339,
21.01661290044335,
20.4864261850133,
23.402453119878544,
23.402453119878544,
24.462826550738633,
23.932639835308585,
23.402453119878544,
25.523199981598715,
24.993013266168674,
24.330279871881118,
24.0651865141661,
23.534999798736052,
23.269906441021035,
23.402453119878544,
23.932639835308585,
23.468726459307298,
24.462826550738633,
23.932639835308585,
23.269906441021035,
23.00481308330601,
22.60717304673348,
22.07698633130343,
21.54679961587339,
22.07698633130343,
21.149159579300857,
23.13735976216352,
22.474626367875963,
21.679346294730898,
22.342079689018455,
21.811892973588414,
21.281706258158366,
22.209533010160946,
21.679346294730898,
22.2758063495897,
21.679346294730898,
21.41425293701588,
21.01661290044335,
20.353879506155792,
20.088786148440768,
22.07698633130343,
21.54679961587339,
21.01661290044335,
21.54679961587339,
21.01661290044335,
20.4864261850133,
20.088786148440768,
21.01661290044335,
20.4864261850133,
21.613072955302144,
22.07698633130343,
21.613072955302144,
21.01661290044335,
20.353879506155792,
19.95623946958326,
19.293506075295703,
19.028412717580686,
18.630772681008153,
17.968039286720597,
17.30530589243304,
16.907665855860508,
17.570399250148064,
17.570399250148064,
16.907665855860508,
16.112385782715442,
15.847292425000418,
15.449652388427886,
14.786918994140336,
14.521825636425312,
14.389278957567804,
13.859092242137756,
13.461452205565223,
14.389278957567804,
13.859092242137756,
