Y(hoy),Y(ayer)
4.05063800668195,4.713371400969507
3.5867246306806635,4.713371400969507
4.05063800668195,4.183184685539466
4.05063800668195,3.5867246306806635
3.5867246306806635,3.5204512912519093
3.0565379152506154,3.3879046123944008
2.46007786039182,2.990264575821868
2.46007786039182,1.7973444661042635
2.3938045209630587,1.2671577506742295
2.5263511998205814,0.8695177141016899
2.194984502676803,0.4056043381004031
1.7310711266755163,0.20678431981413326
1.3334310901029767,0.20678431981413326
1.2671577506742295,0.20678431981413326
1.1346110718167068,0.20678431981413326
0.6044243563866729,-0.3234023956159007
0.47187767752916443,-0.8535891110459488
0.20678431981413326,-0.8535891110459488
0.20678431981413326,-0.8535891110459488
0.07423764095662477,-0.8535891110459488
-0.5222224139021705,-0.8535891110459488
-0.8535891110459488,-0.8535891110459488
-0.9198624504747102,-0.8535891110459488
-0.9198624504747102,-0.8535891110459488
-1.913962541906045,-0.8535891110459488
-1.4721402790476645,-1.383775826475997
-1.648869184191014,-1.913962541906045
-1.2512291476184885,-1.913962541906045
-1.383775826475997,-1.913962541906045
-1.648869184191014,-1.383775826475997
-0.9861357899034573,-0.9198624504747102
-1.5163225053335054,-1.11868246876098
-0.9861357899034573,-1.648869184191014
-1.5825958447622668,-1.913962541906045
-1.450049165904744,-1.913962541906045
-0.9861357899034573,-1.913962541906045
-0.9861357899034573,-1.913962541906045
-1.383775826475997,-1.7814158630485224
-1.958144768191886,-1.383775826475997
-2.0465092207635536,-0.9198624504747102
-1.913962541906045,-1.2512291476184885
-0.9861357899034573,-1.7814158630485224
-1.2512291476184885,-1.7151425236197753
-1.7151425236197753,-1.11868246876098
-2.179055899621062,-1.7372336367626815
-0.8535891110459488,-0.9861357899034573
-0.45594907447342337,-0.9861357899034573
0.07423764095662477,-1.5163225053335054
1.399704429531738,-1.913962541906045
1.929891144961772,-1.2512291476184885
2.725171218106837,-1.7372336367626815
3.3879046123944008,-0.9861357899034573
3.7855446489669333,-0.8535891110459488
4.514551382683237,-0.8535891110459488
4.713371400969507,-0.8535891110459488
6.966664941547194,-0.8535891110459488
7.496851656977235,-0.3234023956159007
8.027038372407276,0.20678431981413326
9.02113846383861,0.7369710352441814
9.661780744983247,1.2671577506742295
10.94306530727252,1.664797787246755
10.412878591842478,2.194984502676803
12.577807679848483,2.8577178969643597
12.003438738132608,3.3879046123944008
11.47325202270256,4.05063800668195
13.859092242137756,4.448278043254483
13.328905526707715,3.8518179883956876
15.052012351855353,4.315731364396974
14.389278957567804,4.713371400969507
15.781019085571664,5.1110114375420395
16.377479140430466,5.773744831829596
17.614581476433898,6.303931547259637
17.040212534718023,7.231758299262211
19.95623946958326,7.761945014692259
19.42605275415322,8.2921317301223
21.149159579300857,9.485051839839898
20.4864261850133,8.954865124409856
23.13735976216352,10.545425270699987
22.739719725590987,9.88269187641243
28.174133558748935,11.870892059275093
27.776493522176402,11.208158664987543
30.55997377818413,13.06381216899269
30.02978706275409,12.53362545356265
29.49960034732404,14.389278957567804
29.101960310751508,13.859092242137756
31.48780053018671,13.461452205565223
32.194716150760094,15.449652388427886
34.006187428479414,14.919465672997845
33.47600071304937,16.907665855860508
32.945813997619325,16.244932461572958
35.86184093248457,15.847292425000418
35.39792755648328,17.702945929005573
34.80146750162448,18.630772681008153
37.98258779420474,18.100585965578105
37.4524010787747,20.4864261850133
36.92221436334465,19.95623946958326
36.39202764791461,19.42605275415322
39.08714345135067,21.613072955302144
38.51277450963478,21.01661290044335
39.838241298209894,22.07698633130343
41.428801444500024,21.679346294730898
40.83234138964123,21.149159579300857
40.36842801363994,23.932639835308585
43.28445494850518,23.402453119878544
42.687994893646376,22.872266404448496
42.22408151764509,22.474626367875963
45.14010845251033,26.31848005474378
44.676195076509046,25.78829333931374
44.079735021650244,27.90904020103391
46.774850825086304,27.511400164461378
46.200481883370415,29.234506989609024
45.670295167940374,28.704320274178976
48.05613538737557,30.957613814756662
47.52594867194553,30.294880420469113
48.58632210280561,29.764693705039065
48.05613538737557,31.664529435330053
48.58632210280561,31.222707172471686
48.12240872680432,34.050369654765255
48.32122874509059,33.47600071304937
47.65849535080304,32.945813997619325
47.39340199308802,32.415627282189284
46.99576195651548,35.99438761134208
46.46557524108544,35.33165421705452
46.00166186508415,34.80146750162448
45.493566262797025,37.25358106048843
45.27265513136784,36.657121005629634
45.00756177365282,37.717494436489716
44.654103963366126,37.4524010787747
45.40520181022535,36.96639658963049
44.87501509479531,37.4524010787747
44.87501509479531,37.010578815916325
44.477375058222776,38.291863378205605
45.80284184679789,37.65122109706097
45.14010845251033,40.6777035976408
46.46557524108544,40.10333465592491
46.598121919942955,39.57314794049488
46.46557524108544,39.04296122506483
45.9353885256554,41.49507478392878
45.53774848908286,42.02526149935882
46.46557524108544,42.09153483878758
45.9353885256554,41.82644148107256
45.27265513136784,41.296254765642516
44.74246841593779,40.898614729069976
44.477375058222776,40.36842801363994
44.079735021650244,39.90451463763865
43.5495483062202,39.308054582779846
43.019361590790155,38.84414120677856
42.48917487536011,38.247681151919764
42.02526149935882,37.58494775763221
41.627621462786294,36.78966768448714
41.20789031307084,37.31985439991719
43.019361590790155,36.78966768448714
42.3566281965026,38.57904784906354
41.89271482050131,37.98258779420474
43.019361590790155,39.04296122506483
42.48917487536011,39.90451463763865
41.95898815993007,39.44060126163736
41.428801444500024,40.36842801363994
40.898614729069976,40.76606805021247
40.36842801363994,40.16960799535367
39.90451463763865,39.639421279923624
39.838241298209894,39.10923456449358
39.37432792220861,39.838241298209894
38.77786786734981,39.37432792220861
38.31395449134852,38.77786786734981
37.58494775763221,38.247681151919764
37.187307721059675,37.85004111534723
37.4524010787747,39.17550790392234
36.92221436334465,39.838241298209894
37.4524010787747,39.308054582779846
36.78966768448714,38.77786786734981
36.126934290199586,38.115134473062255
35.464200895912036,37.4524010787747
37.4524010787747,36.78966768448714
36.78966768448714,35.99438761134208
36.325754308485855,35.72929425362706
35.86184093248457,36.458300987343364
37.4524010787747,36.524574326772125
36.92221436334465,36.126934290199586
36.39202764791461,35.6630209141983
35.86184093248457,35.13283419876826
35.33165421705452,34.536374143909455
34.867740841053234,34.40382746505195
34.13873410733692,34.006187428479414
33.47600071304937,33.47600071304937
32.81326731876182,33.01208733704808
32.34935394276053,32.48190062161804
32.98999622390516,32.283080603331776
33.2771806947631,31.885440566759243
33.34345403419186,31.222707172471686
33.47600071304937,30.55997377818413
34.050369654765255,30.162333741611597
34.40382746505195,30.825067135899154
34.536374143909455,31.156433833042932
36.657121005629634,30.42742709932662
36.126934290199586,29.764693705039065
35.596747574769545,29.101960310751508
35.0665608593395,29.035686971322754
38.77786786734981,29.632147026181556
38.247681151919764,29.49960034732404
37.717494436489716,28.969413631894
37.187307721059675,28.43922691646396
36.657121005629634,27.90904020103391
37.187307721059675,29.764693705039065
36.126934290199586,29.234506989609024
35.464200895912036,28.704320274178976
34.93401418048199,29.101960310751508
34.13873410733692,28.83686695303649
33.60854739190688,28.43922691646396
34.27128078619444,28.969413631894
33.74109407076439,27.90904020103391
34.867740841053234,30.825067135899154
35.464200895912036,30.294880420469113
35.86184093248457,29.764693705039065
35.464200895912036,30.02978706275409
37.4524010787747,29.49960034732404
36.8559410239159,29.035686971322754
36.39202764791461,29.035686971322754
37.4524010787747,29.632147026181556
36.78966768448714,30.162333741611597
36.657121005629634,30.957613814756662
36.78966768448714,30.42742709932662
37.49658330506054,30.957613814756662
37.717494436489716,30.361153759897867
37.717494436489716,30.825067135899154
37.187307721059675,30.42742709932662
36.657121005629634,30.55997377818413
36.92221436334465,30.162333741611597
36.524574326772125,31.090160493614178
37.51867441820345,32.01798724561675
38.115134473062255,31.48780053018671
38.77786786734981,30.825067135899154
38.247681151919764,30.294880420469113
37.717494436489716,29.764693705039065
37.187307721059675,29.234506989609024
36.657121005629634,28.704320274178976
38.02677002049058,28.174133558748935
38.77786786734981,27.776493522176402
38.77786786734981,29.632147026181556
38.247681151919764,30.361153759897867
37.78376777591848,30.825067135899154
37.187307721059675,30.162333741611597
36.72339434505839,29.89724038389658
37.717494436489716,29.49960034732404
38.822050093635646,29.101960310751508
38.247681151919764,31.664529435330053
39.57314794049488,31.090160493614178
38.84414120677856,30.55997377818413
39.838241298209894,30.02978706275409
39.308054582779846,33.54227405247813
38.247681151919764,32.945813997619325
37.58494775763221,32.415627282189284
37.054761042202166,34.006187428479414
36.657121005629634,33.47600071304937
39.838241298209894,32.81326731876182
39.308054582779846,32.415627282189284
38.77786786734981,33.21090735533435
38.247681151919764,32.81326731876182
37.717494436489716,34.66892082276697
37.187307721059675,34.006187428479414
36.78966768448714,33.60854739190688
39.9707879770674,35.19910753819701
39.838241298209894,34.536374143909455
39.308054582779846,33.873640749621906
38.91041454620732,33.34345403419186
39.838241298209894,34.006187428479414
39.308054582779846,34.867740841053234
40.10333465592491,34.40382746505195
40.63352137135496,35.33165421705452
41.69389480221505,34.80146750162448
41.16370808678501,34.27128078619444
44.079735021650244,33.60854739190688
43.41700162736269,32.945813997619325
42.9530882513614,32.415627282189284
42.48917487536011,33.873640749621906
43.94718834279273,34.536374143909455
43.41700162736269,35.0665608593395
42.886814911932646,35.464200895912036
42.3566281965026,35.33165421705452
45.40520181022535,34.867740841053234
44.94128843422406,34.40382746505195
44.34482837936527,35.92811427191332
43.81464166393522,35.33165421705452
43.28445494850518,34.80146750162448
45.40520181022535,36.524574326772125
44.87501509479531,36.657121005629634
44.411101718794015,36.657121005629634
45.14010845251033,38.115134473062255
44.609921737080285,37.4524010787747
45.14010845251033,36.92221436334465
44.477375058222776,38.6453211884923
44.34482837936527,38.048861133633494
46.46557524108544,38.51277450963478
45.9353885256554,38.84414120677856
45.40520181022535,38.51277450963478
44.87501509479531,37.98258779420474
44.34482837936527,37.4524010787747
50.17688224909574,36.92221436334465
49.6466955336657,41.16370808678501
49.11650881823566,40.69979471078371
48.58632210280561,40.10333465592491
48.05613538737557,39.57314794049488
47.52594867194553,39.04296122506483
46.99576195651548,38.51277450963478
51.81162462167171,37.98258779420474
51.23725567995583,37.58494775763221
50.70706896452579,42.886814911932646
53.092909183960984,42.22408151764509
52.562722468530936,41.69389480221505
52.562722468530936,44.21228170050775
52.16508243195841,43.5495483062202
53.092909183960984,45.47147514965411
52.562722468530936,44.87501509479531
52.09880909252965,46.46557524108544
51.502349037670854,45.9353885256554
50.8396156433833,46.99576195651548
50.309428927953256,47.52594867194553
49.51414885480819,46.6643952593717
48.851415460520634,46.200481883370415
49.381602175950675,45.670295167940374
49.955971117666564,45.14010845251033
50.70706896452579,44.477375058222776
50.70706896452579,44.21228170050775
50.17688224909574,43.85882389022106
49.84551555195196,43.41700162736269
49.91178889138072,45.53774848908286
49.24905549709317,44.87501509479531
48.718868781663126,44.477375058222776
47.923588708518054,46.200481883370415
47.65849535080304,46.53184858051419
47.12830863537299,46.00166186508415
46.86321527765797,45.40520181022535
46.46557524108544,44.94128843422406
45.9353885256554,44.34482837936527
45.53774848908286,43.68209498507771
47.52594867194553,43.41700162736269
46.99576195651548,44.079735021650244
46.46557524108544,43.61582164564895
45.9353885256554,43.019361590790155
47.260855314230504,42.3566281965026
46.598121919942955,41.69389480221505
45.9353885256554,41.16370808678501
45.60402182851162,42.62172155421762
46.200481883370415,43.94718834279273
45.40520181022535,43.28445494850518
46.200481883370415,45.14010845251033
44.609921737080285,44.54364839765153
44.079735021650244,44.34482837936527
43.5495483062202,43.81464166393522
43.15190826964766,43.41700162736269
44.34482837936527,43.019361590790155
43.81464166393522,42.55544821478887
43.81464166393522,42.09153483878758
43.28445494850518,41.69389480221505
43.5495483062202,41.16370808678501
43.15190826964766,40.63352137135496
44.079735021650244,40.10333465592491
43.48327496679144,39.57314794049488
43.019361590790155,39.04296122506483
42.3566281965026,38.38022783077727
42.09153483878758,37.98258779420474
41.69389480221505,38.91041454620732
41.16370808678501,38.38022783077727
40.69979471078371,40.76606805021247
40.14751688221075,40.10333465592491
40.898614729069976,39.57314794049488
40.36842801363994,41.95898815993007
40.898614729069976,41.428801444500024
39.838241298209894,40.898614729069976
39.308054582779846,40.36842801363994
38.77786786734981,39.838241298209894
38.31395449134852,39.308054582779846
37.85004111534723,38.77786786734981
38.247681151919764,38.31395449134852
38.77786786734981,37.717494436489716
38.247681151919764,37.054761042202166
37.85004111534723,36.2594809690571
39.838241298209894,35.464200895912036
39.308054582779846,34.867740841053234
38.77786786734981,34.4701008044807
38.247681151919764,35.0665608593395
37.85004111534723,34.66892082276697
38.77786786734981,35.92811427191332
38.247681151919764,35.464200895912036
37.717494436489716,36.39202764791461
37.187307721059675,35.72929425362706
36.72339434505839,35.19910753819701
36.126934290199586,34.93401418048199
35.596747574769545,34.536374143909455
37.98258779420474,33.873640749621906
38.55695673592062,33.34345403419186
38.91041454620732,34.006187428479414
39.838241298209894,35.33165421705452
39.308054582779846,34.80146750162448
39.838241298209894,34.40382746505195
39.308054582779846,37.187307721059675
40.63352137135496,36.657121005629634
40.10333465592491,37.717494436489716
39.705694619352386,37.25358106048843
40.898614729069976,36.657121005629634
40.23588133478243,35.99438761134208
39.57314794049488,35.464200895912036
39.10923456449358,35.33165421705452
40.10333465592491,34.80146750162448
40.898614729069976,34.4701008044807
40.36842801363994,35.596747574769545
39.705694619352386,35.0665608593395
39.44060126163736,38.55695673592062
39.04296122506483,37.98258779420474
38.38022783077727,37.4524010787747
38.115134473062255,36.92221436334465
37.717494436489716,36.39202764791461
37.717494436489716,39.90451463763865
39.04296122506483,39.308054582779846
38.6453211884923,39.57314794049488
39.639421279923624,39.04296122506483
40.23588133478243,38.38022783077727
40.898614729069976,37.717494436489716
40.898614729069976,37.187307721059675
40.50097469249745,36.78966768448714
40.96488806849874,37.4524010787747
42.48917487536011,37.85004111534723
41.95898815993007,37.4524010787747
41.428801444500024,37.054761042202166
43.5495483062202,36.524574326772125
43.019361590790155,35.99438761134208
43.81464166393522,35.72929425362706
43.28445494850518,38.51277450963478
42.75426823307514,37.98258779420474
42.09153483878758,37.58494775763221
41.82644148107256,37.98258779420474
41.296254765642516,37.51867441820345
41.03116140792749,36.92221436334465
40.898614729069976,36.78966768448714
40.43470135306869,37.4524010787747
39.705694619352386,37.054761042202166
39.17550790392234,38.91041454620732
38.91041454620732,38.247681151919764
39.882423524495735,37.85004111534723
39.308054582779846,39.57314794049488
40.63352137135496,40.50097469249745
42.3566281965026,41.428801444500024
41.16370808678501,40.898614729069976
42.820541572503885,44.74246841593779
43.28445494850518,43.81464166393522
43.28445494850518,43.28445494850518
42.886814911932646,42.75426823307514
42.79845045936097,42.22408151764509
42.22408151764509,45.40520181022535
43.15190826964766,44.87501509479531
43.5495483062202,44.411101718794015
44.079735021650244,43.81464166393522
43.28445494850518,43.019361590790155
42.02526149935882,42.3566281965026
41.49507478392878,42.09153483878758
41.097434747356246,41.69389480221505
41.03116140792749,41.229981426213755
39.9707879770674,41.03116140792749
39.838241298209894,41.428801444500024
39.44060126163736,41.82644148107256
37.98258779420474,41.097434747356246
39.61733016678071,42.22408151764509
39.04296122506483,41.69389480221505
38.51277450963478,41.16370808678501
38.115134473062255,44.079735021650244
40.43470135306869,43.61582164564895
41.03116140792749,43.019361590790155
41.69389480221505,43.5495483062202
41.95898815993007,43.85882389022106
41.428801444500024,43.41700162736269
40.898614729069976,45.80284184679789
40.36842801363994,45.14010845251033
39.838241298209894,44.609921737080285
39.308054582779846,46.46557524108544
43.019361590790155,45.9353885256554
42.3566281965026,45.40520181022535
41.82644148107256,44.87501509479531
41.428801444500024,44.477375058222776
42.75426823307514,43.28445494850518
42.22408151764509,42.75426823307514
41.69389480221505,42.3566281965026
41.16370808678501,43.94718834279273
40.63352137135496,43.41700162736269
39.9707879770674,42.75426823307514
39.705694619352386,42.09153483878758
39.17550790392234,41.82644148107256
38.91041454620732,41.428801444500024
38.84414120677856,41.03116140792749
38.77786786734981,40.36842801363994
38.115134473062255,40.96488806849874
37.85004111534723,40.50097469249745
37.4524010787747,40.76606805021247
36.92221436334465,40.50097469249745
36.458300987343364,40.10333465592491
35.72929425362706,39.57314794049488
35.464200895912036,39.17550790392234
35.0665608593395,37.916314454775986
34.40382746505195,38.57904784906354
33.74109407076439,37.98258779420474
33.40972737362062,39.61733016678071
33.40972737362062,39.04296122506483
34.536374143909455,39.04296122506483
33.93991408905066,38.38022783077727
33.47600071304937,37.98258779420474
35.33165421705452,39.838241298209894
34.80146750162448,39.308054582779846
34.27128078619444,38.6453211884923
33.74109407076439,40.898614729069976
33.21090735533435,40.36842801363994
32.68072063990431,39.838241298209894
32.15053392447426,39.308054582779846
31.48780053018671,38.77786786734981
31.090160493614178,38.247681151919764
31.090160493614178,37.78376777591848
30.55997377818413,37.187307721059675
30.02978706275409,36.657121005629634
29.367053668466532,35.99438761134208
28.83686695303649,35.19910753819701
28.571773595321467,34.735194162195725
28.174133558748935,34.40382746505195
27.643946843318894,35.19910753819701
27.113760127888845,34.60264748333822
26.716120091316313,34.13873410733692
27.643946843318894,33.74109407076439
27.113760127888845,33.2771806947631
26.451026733601296,32.945813997619325
25.920840018171248,32.415627282189284
25.125559945026183,31.951713906187997
24.860466587311166,31.355253851329195
24.462826550738633,30.692520457041645
23.932639835308585,29.89724038389658
23.468726459307298,29.367053668466532
25.523199981598715,30.957613814756662
24.993013266168674,30.294880420469113
24.462826550738633,29.764693705039065
23.99891317473734,30.957613814756662
24.462826550738633,30.692520457041645
23.269906441021035,30.294880420469113
22.739719725590987,29.764693705039065
21.944439652445922,29.234506989609024
21.41425293701588,28.571773595321467
22.07698633130343,28.306680237606443
21.613072955302144,27.90904020103391
21.811892973588414,27.37885348560387
21.281706258158366,26.914940109602583
22.07698633130343,27.643946843318894
21.613072955302144,26.981213449031337
21.54679961587339,26.31848005474378
20.884066221585833,25.854566678742493
20.353879506155792,25.258106623883698
19.558599433010727,24.72791990845365
19.293506075295703,24.0651865141661
18.89586603872317,23.402453119878544
18.23313264443562,22.872266404448496
17.968039286720597,22.40835302844721
17.570399250148064,22.209533010160946
16.907665855860508,21.811892973588414
16.64257249814549,21.347979597587127
16.112385782715442,20.618972863870816
15.648472406714156,20.353879506155792
15.582199067285401,19.95623946958326
15.317105709570377,19.42605275415322
14.786918994140336,19.028412717580686
14.521825636425312,19.95623946958326
13.991638920995271,19.492326093581973
13.461452205565223,18.763319359865662
12.666172132420158,18.100585965578105
12.401078774705141,17.437852571290556
12.401078774705141,16.775119177003
12.401078774705141,16.311205801001712
,15.71474574614291
,17.040212534718023
,16.510025819287975
,15.979839103857934
,18.630772681008153
,18.100585965578105
,17.570399250148064
,18.100585965578105
,17.437852571290556
,16.775119177003
,16.244932461572958
,15.582199067285401
,14.919465672997845
,14.521825636425312
,14.389278957567804
,13.726545563280247
,13.06381216899269
,12.401078774705141
,11.738345380417584
,11.075611986130028
,10.280331912984963
,10.147785234127454
,9.750145197554922
,9.219958482124873
,8.822318445552341
,8.358405069551054
,7.894491693549767
,7.894491693549767
