Y(hoy),Y(ayer)
7.894491693549767,8.2921317301223
7.894491693549767,8.822318445552341
7.629398335834743,8.358405069551054
7.231758299262211,8.689771766694832
6.834118262689678,8.2921317301223
7.828218354121013,7.894491693549767
7.3201227518338925,7.894491693549767
7.298031638690972,7.231758299262211
7.828218354121013,6.834118262689678
7.894491693549767,6.834118262689678
7.364304978119726,7.231758299262211
6.834118262689678,7.761945014692259
6.502751565545907,7.231758299262211
6.436478226117146,7.496851656977235
5.906291510687105,7.894491693549767
5.243558116399548,7.761945014692259
4.713371400969507,7.231758299262211
3.5204512912519093,6.834118262689678
3.6529979701094177,6.767844923260924
2.46007786039182,6.171384868402129
1.929891144961772,5.6411981529720805
1.5322511083892465,5.1110114375420395
1.2671577506742295,4.713371400969507
1.2671577506742295,4.183184685539466
1.1346110718167068,3.5204512912519093
0.6044243563866729,3.0565379152506154
0.14051098038538612,2.65889787867809
-0.36758462190174157,3.255357933536885
-0.389675735044662,2.8577178969643597
0.07423764095662477,2.5926245392493286
-0.45594907447342337,2.0624378238192946
-0.389675735044662,1.4659777689604852
0.07423764095662477,1.2671577506742295
-0.45594907447342337,1.2008844112454682
-1.1849558081897271,0.8695177141016899
-1.2512291476184885,0.33933099867164174
-1.7814158630485224,0.20678431981413326
-2.1127825601923007,0.20678431981413326
-1.383775826475997,0.20678431981413326
-1.913962541906045,0.20678431981413326
-1.1849558081897271,0.20678431981413326
-1.383775826475997,0.20678431981413326
-1.8476892024772837,-0.45594907447342337
-1.2512291476184885,-0.8535891110459488
-1.648869184191014,-0.8535891110459488
-1.5163225053335054,-0.8535891110459488
-1.913962541906045,-0.8535891110459488
-1.1849558081897271,-0.8535891110459488
-1.383775826475997,-0.8535891110459488
-1.9802358813347922,-0.8535891110459488
-2.0465092207635536,-0.8535891110459488
-2.0465092207635536,-0.8535891110459488
-2.0465092207635536,-0.8535891110459488
-2.0465092207635536,-0.8535891110459488
-2.0465092207635536,-0.8535891110459488
-2.0465092207635536,-0.8535891110459488
-2.0465092207635536,-0.8535891110459488
-1.7814158630485224,-0.8535891110459488
-2.179055899621062,-0.8535891110459488
-1.2512291476184885,-0.8535891110459488
-1.383775826475997,-0.8535891110459488
-1.913962541906045,-0.8535891110459488
-0.9861357899034573,-0.8535891110459488
-1.5163225053335054,-0.8535891110459488
-0.8535891110459488,-0.8535891110459488
-0.8535891110459488,-0.8535891110459488
-0.8535891110459488,-0.7873157716172017
-0.8535891110459488,-0.1908557167583922
-0.8535891110459488,-0.5884957533309318
-0.7873157716172017,0.20678431981413326
0.07423764095662477,0.20678431981413326
-0.389675735044662,0.20678431981413326
-0.5884957533309318,0.20678431981413326
-0.8535891110459488,0.20678431981413326
-0.7210424321884403,0.20678431981413326
-0.05830903790088371,0.4056043381004031
0.38351322495748263,0.8695177141016899
1.1346110718167068,1.2671577506742295
0.7369710352441814,1.2671577506742295
1.2671577506742295,1.2671577506742295
1.1346110718167068,1.2671577506742295
0.47187767752916443,1.7310711266755163
0.20678431981413326,2.194984502676803
0.33933099867164174,2.725171218106837
1.0020643929591984,3.255357933536885
1.4438866558175647,2.7914445575355984
2.23916672896263,3.255357933536885
1.664797787246755,2.8577178969643597
2.46007786039182,2.8577178969643597
2.46007786039182,2.5926245392493286
2.7914445575355984,3.5867246306806635
2.3275311815343116,3.1228112546793767
3.255357933536885,4.05063800668195
2.990264575821868,4.580824722111998
2.46007786039182,5.508651474114572
2.46007786039182,4.978464758684531
2.46007786039182,5.773744831829596
2.46007786039182,6.237658207830883
1.929891144961772,6.767844923260924
1.399704429531738,6.834118262689678
1.4659777689604852,6.834118262689678
2.0624378238192946,6.834118262689678
2.725171218106837,7.231758299262211
3.3879046123944008,7.629398335834743
3.5204512912519093,7.032938280975948
3.5204512912519093,6.834118262689678
3.5204512912519093,6.834118262689678
3.5204512912519093,6.834118262689678
4.890100306112849,6.834118262689678
4.315731364396974,7.298031638690972
3.7855446489669333,6.834118262689678
3.3879046123944008,7.828218354121013
5.6411981529720805,8.093311711836037
4.978464758684531,8.623498427266078
4.514551382683237,9.087411803267365
4.580824722111998,9.948965215841184
4.580824722111998,9.485051839839898
4.625006948397832,10.412878591842478
5.508651474114572,10.94306530727252
4.845918079827015,11.870892059275093
5.773744831829596,11.340705343845052
5.773744831829596,12.401078774705141
5.972564850115859,12.401078774705141
6.569024904974661,12.401078774705141
6.834118262689678,12.401078774705141
6.966664941547194,12.599898792991404
7.541033883263069,13.196358847850206
8.071220598693117,12.798718811277674
8.822318445552341,12.401078774705141
8.2921317301223,13.395178866136469
7.960765032978522,14.455552296996558
7.496851656977235,13.859092242137756
6.9003916021184395,14.720645654711582
8.2921317301223,15.184559030712869
8.954865124409856,16.046112443286688
7.894491693549767,15.582199067285401
9.352505160982389,16.57629915871673
8.954865124409856,17.040212534718023
9.88269187641243,17.702945929005573
9.617598518697413,17.702945929005573
9.087411803267365,17.106485874146777
10.280331912984963,17.570399250148064
9.750145197554922,17.17275921357553
10.987247533558353,17.30530589243304
11.274432004416298,16.907665855860508
12.268532095847625,18.23313264443562
11.738345380417584,18.962139378151925
13.328905526707715,19.028412717580686
12.798718811277674,19.558599433010727
13.328905526707715,19.028412717580686
12.864992150706428,20.088786148440768
12.268532095847625,20.884066221585833
11.605798701560076,20.353879506155792
11.208158664987543,20.751519542728325
13.328905526707715,20.221332827298284
12.798718811277674,22.07698633130343
12.268532095847625,21.54679961587339
11.738345380417584,21.149159579300857
11.340705343845052,23.00481308330601
13.06381216899269,22.474626367875963
12.53362545356265,23.00481308330601
13.638181110708572,22.60717304673348
14.389278957567804,23.99891317473734
14.588098975854066,23.402453119878544
15.449652388427886,23.00481308330601
14.919465672997845,24.529099890167387
14.521825636425312,24.59537322959614
16.64257249814549,24.993013266168674
15.979839103857934,25.58947332102747
16.775119177003,25.78829333931374
16.244932461572958,26.31848005474378
15.781019085571664,27.180033467317607
16.510025819287975,26.716120091316313
15.979839103857934,27.511400164461378
17.17275921357553,27.24630680674636
17.879674834148922,26.716120091316313
19.160959396438194,28.571773595321467
18.630772681008153,27.90904020103391
19.95623946958326,29.101960310751508
19.42605275415322,29.764693705039065
18.763319359865662,29.300780329037778
18.498226002150638,30.692520457041645
18.100585965578105,30.02978706275409
17.702945929005573,29.49960034732404
18.674954907293987,31.42152719075795
18.100585965578105,31.885440566759243
17.702945929005573,31.090160493614178
19.95623946958326,30.55997377818413
19.42605275415322,30.02978706275409
19.293506075295703,29.367053668466532
19.028412717580686,29.101960310751508
19.160959396438194,30.957613814756662
19.82369279072575,32.01798724561675
20.088786148440768,31.554073869615465
20.088786148440768,31.222707172471686
20.353879506155792,31.355253851329195
21.01661290044335,32.216807263903014
20.552699524442062,31.752893887901728
21.01661290044335,32.74699397933306
20.15505948786953,33.07836067647684
19.691146111868235,32.415627282189284
19.160959396438194,31.752893887901728
20.265515053584117,31.090160493614178
19.691146111868235,30.42742709932662
21.01661290044335,30.162333741611597
20.4864261850133,30.957613814756662
20.088786148440768,31.090160493614178
21.01661290044335,30.626247117612884
20.4864261850133,29.89724038389658
21.149159579300857,29.632147026181556
21.347979597587127,29.234506989609024
21.878166313017168,30.957613814756662
22.342079689018455,30.294880420469113
22.342079689018455,29.764693705039065
21.811892973588414,31.222707172471686
21.281706258158366,31.48780053018671
21.811892973588414,32.74699397933306
22.474626367875963,32.15053392447426
23.13735976216352,33.07836067647684
22.540899707304725,32.54817396104679
23.13735976216352,32.15053392447426
22.07698633130343,31.62034720904422
21.54679961587339,31.156433833042932
20.884066221585833,30.55997377818413
20.618972863870816,30.162333741611597
20.265515053584117,31.222707172471686
21.01661290044335,31.885440566759243
20.4864261850133,32.216807263903014
19.95623946958326,31.686620548472973
19.293506075295703,31.090160493614178
21.01661290044335,30.42742709932662
20.4864261850133,30.162333741611597
19.95623946958326,30.825067135899154
19.42605275415322,30.361153759897867
19.028412717580686,29.764693705039065
20.751519542728325,29.101960310751508
20.221332827298284,28.83686695303649
19.691146111868235,28.43922691646396
19.028412717580686,27.90904020103391
18.763319359865662,29.632147026181556
18.36567932329313,28.969413631894
17.968039286720597,30.891340475327908
18.89586603872317,30.294880420469113
18.36567932329313,31.885440566759243
18.03431262614935,31.355253851329195
17.437852571290556,30.692520457041645
16.775119177003,30.42742709932662
16.244932461572958,30.02978706275409
15.71474574614291,29.49960034732404
15.184559030712869,29.101960310751508
14.65437231528282,29.764693705039065
14.521825636425312,29.300780329037778
14.389278957567804,28.704320274178976
13.726545563280247,28.24040689817769
13.461452205565223,27.643946843318894
12.931265490135182,26.981213449031337
12.467352114133895,26.31848005474378
12.268532095847625,25.854566678742493
11.738345380417584,25.125559945026183
11.274432004416298,24.59537322959614
12.268532095847625,24.462826550738633
11.738345380417584,23.99891317473734
11.340705343845052,23.402453119878544
11.47325202270256,22.739719725590987
10.94306530727252,22.07698633130343
10.280331912984963,21.613072955302144
10.015238555269946,21.01661290044335
10.147785234127454,20.353879506155792
9.485051839839898,19.558599433010727
9.087411803267365,19.028412717580686
9.087411803267365,18.630772681008153
9.087411803267365,18.100585965578105
8.557225087837324,17.63667258957682
8.027038372407276,17.106485874146777
8.623498427266078,17.570399250148064
9.087411803267365,17.106485874146777
9.087411803267365,16.775119177003
9.617598518697413,16.244932461572958
9.087411803267365,15.847292425000418
10.147785234127454,15.449652388427886
10.147785234127454,14.985739012426599
10.545425270699987,14.521825636425312
10.015238555269946,14.256732278710288
11.208158664987543,13.593998884422739
10.677971949557495,13.461452205565223
10.147785234127454,13.859092242137756
10.147785234127454,14.256732278710288
10.147785234127454,13.660272223851493
10.147785234127454,13.130085508421452
10.74424528898625,12.53362545356265
10.280331912984963,12.401078774705141
11.208158664987543,12.864992150706428
11.208158664987543,13.196358847850206
11.738345380417584,12.599898792991404
11.340705343845052,13.130085508421452
12.268532095847625,12.666172132420158
12.53362545356265,13.593998884422739
13.196358847850206,14.389278957567804
13.461452205565223,13.991638920995271
13.461452205565223,13.859092242137756
13.461452205565223,13.461452205565223
13.328905526707715,14.455552296996558
12.798718811277674,14.521825636425312
12.401078774705141,14.985739012426599
13.328905526707715,15.449652388427886
12.798718811277674,16.377479140430466
13.328905526707715,15.847292425000418
12.666172132420158,16.112385782715442
12.401078774705141,16.64257249814549
12.798718811277674,16.112385782715442
13.461452205565223,16.775119177003
14.12418559985278,16.775119177003
14.389278957567804,17.106485874146777
13.726545563280247,17.570399250148064
13.196358847850206,17.30530589243304
12.666172132420158,16.841392516431753
14.168367826138613,17.17275921357553
13.593998884422739,18.431952662721883
13.06381216899269,17.835492607863088
12.53362545356265,18.89586603872317
14.919465672997845,18.23313264443562
15.449652388427886,17.968039286720597
14.786918994140336,18.630772681008153
14.256732278710288,19.028412717580686
13.638181110708572,19.82369279072575
14.963647899283679,19.293506075295703
14.389278957567804,19.691146111868235
15.71474574614291,19.160959396438194
15.582199067285401,19.028412717580686
15.317105709570377,19.492326093581973
14.919465672997845,19.82369279072575
14.521825636425312,19.24932384900987
15.71474574614291,20.884066221585833
16.64257249814549,20.221332827298284
16.112385782715442,19.691146111868235
15.449652388427886,21.613072955302144
14.919465672997845,22.07698633130343
14.521825636425312,21.613072955302144
15.449652388427886,21.281706258158366
16.046112443286688,21.856075199874248
16.64257249814549,21.54679961587339
16.775119177003,21.01661290044335
16.311205801001712,20.552699524442062
15.71474574614291,20.088786148440768
15.250832370141623,21.082886239872103
14.720645654711582,20.618972863870816
16.289114687858792,21.54679961587339
15.71474574614291,22.143259670732192
15.184559030712869,22.209533010160946
18.100585965578105,22.2758063495897
17.50412591071931,22.60717304673348
17.040212534718023,23.13735976216352
19.95623946958326,22.60717304673348
19.42605275415322,21.944439652445922
18.89586603872317,21.347979597587127
18.36567932329313,21.811892973588414
17.835492607863088,23.00481308330601
17.30530589243304,22.342079689018455
16.775119177003,24.330279871881118
16.244932461572958,23.667546477593568
15.71474574614291,24.59537322959614
17.835492607863088,24.72791990845365
17.30530589243304,25.390653302741207
16.907665855860508,25.65574666045623
17.835492607863088,26.583573412458804
18.89586603872317,26.053386697028763
18.36567932329313,27.643946843318894
17.968039286720597,27.180033467317607
19.95623946958326,27.113760127888845
19.42605275415322,26.716120091316313
19.691146111868235,26.716120091316313
19.160959396438194,26.716120091316313
20.751519542728325,27.180033467317607
20.221332827298284,27.511400164461378
21.01661290044335,26.716120091316313
20.353879506155792,26.185933375886272
20.088786148440768,25.65574666045623
20.088786148440768,28.483409142749792
20.4864261850133,27.90904020103391
20.088786148440768,27.37885348560387
21.811892973588414,26.84866677017383
21.347979597587127,26.451026733601296
22.209533010160946,28.770593613607737
21.41425293701588,28.174133558748935
21.281706258158366,27.710220182747648
21.856075199874248,27.15794235417468
22.07698633130343,26.716120091316313
21.54679961587339,27.643946843318894
21.21543291872961,26.981213449031337
21.613072955302144,26.31848005474378
21.149159579300857,25.78829333931374
22.07698633130343,25.125559945026183
21.613072955302144,24.72791990845365
21.21543291872961,25.258106623883698
21.01661290044335,26.119660036457518
20.353879506155792,25.65574666045623
19.95623946958326,26.451026733601296
19.492326093581973,25.78829333931374
18.984230491294852,25.324379963312452
18.89586603872317,24.72791990845365
18.23313264443562,24.59537322959614
17.968039286720597,24.330279871881118
17.437852571290556,23.733819817022322
16.841392516431753,23.269906441021035
16.244932461572958,22.739719725590987
15.582199067285401,23.13735976216352
14.985739012426599,22.673446386162233
14.588098975854066,21.944439652445922
14.455552296996558,21.679346294730898
13.859092242137756,21.281706258158366
13.328905526707715,20.751519542728325
12.666172132420158,20.221332827298284
12.401078774705141,19.691146111868235
12.401078774705141,19.09468605700944
12.268532095847625,18.89586603872317
11.605798701560076,18.23313264443562
11.141885325558782,17.570399250148064
11.208158664987543,17.040212534718023
10.74424528898625,17.570399250148064
10.147785234127454,17.106485874146777
10.147785234127454,16.57629915871673
10.015238555269946,16.112385782715442
9.750145197554922,15.648472406714156
9.352505160982389,15.582199067285401
9.88269187641243,15.515925727856647
9.219958482124873,15.184559030712869
8.623498427266078,14.65437231528282
9.087411803267365,13.991638920995271
8.027038372407276,13.461452205565223
7.761945014692259,13.328905526707715
7.099211620404702,12.798718811277674
6.834118262689678,12.33480543527638
6.834118262689678,11.870892059275093
6.767844923260924,11.406978683273806
,11.208158664987543
,10.677971949557495
,10.280331912984963
,10.015238555269946
,9.352505160982389
,9.02113846383861
,9.617598518697413
