Y(hoy),Y(ayer)
0.14051098038538612,1.1346110718167068
-0.389675735044662,0.6044243563866729
-0.7873157716172017,0.20678431981413326
-0.1908557167583922,0.20678431981413326
-0.1908557167583922,0.20678431981413326
-0.7210424321884403,0.20678431981413326
-0.8535891110459488,0.20678431981413326
-0.7210424321884403,-0.3234023956159007
-0.25712905618715354,-0.8535891110459488
0.20678431981413326,-0.8535891110459488
-1.1849558081897271,-0.8535891110459488
-1.2512291476184885,-0.8535891110459488
-1.7814158630485224,-0.9861357899034573
-0.9861357899034573,-1.7372336367626815
-1.11868246876098,-1.2512291476184885
-2.1127825601923007,-0.8535891110459488
-2.0465092207635536,-1.7151425236197753
-1.5163225053335054,-1.2512291476184885
-0.9861357899034573,-1.7151425236197753
-0.9861357899034573,-1.913962541906045
-1.5163225053335054,-1.913962541906045
-1.11868246876098,-1.7151425236197753
-1.648869184191014,-1.2512291476184885
-0.8535891110459488,-0.8535891110459488
0.20678431981413326,-0.8535891110459488
0.7369710352441814,-0.3234023956159007
1.0020643929591984,0.47187767752916443
1.2671577506742295,0.8695177141016899
1.7089800135325959,1.2671577506742295
2.923991236393107,1.2671577506742295
3.5204512912519093,1.929891144961772
12.401078774705141,2.3275311815343116
12.666172132420158,2.3275311815343116
12.666172132420158,2.725171218106837
12.003438738132608,3.255357933536885
11.47325202270256,4.05063800668195
11.075611986130028,4.448278043254483
11.605798701560076,4.713371400969507
12.047620964418442,5.508651474114572
12.842901037563507,6.038838189544613
14.168367826138613,6.569024904974661
13.593998884422739,7.364304978119726
14.65437231528282,8.027038372407276
15.317105709570377,9.352505160982389
16.112385782715442,8.954865124409856
16.775119177003,10.412878591842478
20.4864261850133,11.738345380417584
21.082886239872103,12.401078774705141
21.54679961587339,12.798718811277674
22.342079689018455,13.06381216899269
21.944439652445922,12.268532095847625
19.028412717580686,11.738345380417584
17.702945929005573,11.340705343845052
17.437852571290556,11.47325202270256
16.907665855860508,12.069712077561363
16.64257249814549,13.130085508421452
17.614581476433898,12.53362545356265
17.040212534718023,14.12418559985278
16.64257249814549,13.593998884422739
19.95623946958326,14.919465672997845
19.42605275415322,15.449652388427886
19.028412717580686,16.244932461572958
19.691146111868235,15.847292425000418
19.22723273586695,17.040212534718023
19.160959396438194,16.64257249814549
19.82369279072575,18.630772681008153
19.558599433010727,18.100585965578105
19.09468605700944,20.088786148440768
20.221332827298284,20.552699524442062
19.691146111868235,20.088786148440768
19.293506075295703,21.01661290044335
21.811892973588414,22.60717304673348
21.281706258158366,22.07698633130343
20.751519542728325,21.54679961587339
23.269906441021035,24.19773319302361
22.739719725590987,23.800093156451076
21.944439652445922,23.402453119878544
20.088786148440768,22.342079689018455
19.95623946958326,21.811892973588414
19.492326093581973,20.4864261850133
18.89586603872317,19.95623946958326
18.36567932329313,19.028412717580686
17.968039286720597,18.630772681008153
19.028412717580686,18.03431262614935
18.89586603872317,17.968039286720597
18.454043775864804,18.498226002150638
18.36567932329313,19.028412717580686
18.89586603872317,18.498226002150638
18.23313264443562,17.968039286720597
17.769219268434327,18.89586603872317
17.702945929005573,18.36567932329313
17.437852571290556,20.022512809012014
16.907665855860508,21.082886239872103
16.244932461572958,20.4864261850133
15.847292425000418,20.088786148440768
16.244932461572958,22.143259670732192
17.30530589243304,21.54679961587339
16.775119177003,22.209533010160946
17.835492607863088,21.811892973588414
17.835492607863088,21.01661290044335
17.17275921357553,19.95623946958326
16.64257249814549,19.293506075295703
15.847292425000418,19.028412717580686
15.582199067285401,18.630772681008153
16.112385782715442,18.100585965578105
16.64257249814549,17.63667258957682
16.907665855860508,17.128576987289698
17.371579231861794,18.100585965578105
17.835492607863088,17.570399250148064
18.16685930500686,18.763319359865662
17.702945929005573,18.16685930500686
18.763319359865662,18.763319359865662
18.89586603872317,18.23313264443562
18.36567932329313,17.968039286720597
17.570399250148064,17.702945929005573
17.106485874146777,17.106485874146777
16.708845837574245,16.64257249814549
17.570399250148064,16.244932461572958
17.040212534718023,15.781019085571664
16.64257249814549,15.250832370141623
18.89586603872317,14.85319233356909
18.36567932329313,15.184559030712869
17.702945929005573,15.582199067285401
16.64257249814549,15.515925727856647
17.17275921357553,14.963647899283679
18.100585965578105,15.449652388427886
17.570399250148064,15.582199067285401
18.630772681008153,16.112385782715442
18.630772681008153,16.775119177003
18.23313264443562,16.775119177003
17.901765947291842,16.775119177003
18.36567932329313,17.437852571290556
19.95623946958326,16.907665855860508
19.42605275415322,18.763319359865662
19.42605275415322,18.23313264443562
19.028412717580686,18.962139378151925
19.028412717580686,18.23313264443562
18.431952662721883,17.570399250148064
17.968039286720597,16.907665855860508
18.498226002150638,16.907665855860508
19.558599433010727,17.30530589243304
21.01661290044335,17.835492607863088
20.4864261850133,18.23313264443562
20.088786148440768,18.697046020436908
21.01661290044335,17.968039286720597
20.420152845584546,18.100585965578105
19.691146111868235,18.630772681008153
19.160959396438194,19.028412717580686
21.01661290044335,18.630772681008153
20.4864261850133,18.03431262614935
19.95623946958326,18.23313264443562
20.4864261850133,19.028412717580686
19.558599433010727,19.028412717580686
19.160959396438194,19.558599433010727
20.088786148440768,20.088786148440768
20.4864261850133,19.82369279072575
21.281706258158366,19.205141622724028
21.944439652445922,19.95623946958326
22.60717304673348,19.95623946958326
23.13735976216352,19.492326093581973
22.540899707304725,19.028412717580686
21.281706258158366,20.618972863870816
23.667546477593568,19.95623946958326
23.13735976216352,20.530608411299134
25.037195492454508,20.088786148440768
24.462826550738633,21.082886239872103
24.0651865141661,21.54679961587339
26.362662281029614,21.149159579300857
25.78829333931374,22.010712991874676
27.643946843318894,21.41425293701588
27.180033467317607,22.07698633130343
28.704320274178976,23.13735976216352
28.174133558748935,23.932639835308585
28.174133558748935,24.794193247882404
27.643946843318894,24.330279871881118
27.113760127888845,25.258106623883698
26.31848005474378,26.119660036457518
23.402453119878544,25.65574666045623
23.800093156451076,26.451026733601296
23.269906441021035,24.462826550738633
24.241915419309443,23.667546477593568
23.800093156451076,25.258106623883698
22.342079689018455,24.72791990845365
21.811892973588414,24.462826550738633
21.281706258158366,23.932639835308585
23.534999798736052,23.534999798736052
25.523199981598715,23.97682206159442
25.125559945026183,23.534999798736052
23.13735976216352,22.60717304673348
22.60717304673348,22.07698633130343
22.07698633130343,21.41425293701588
21.01661290044335,20.618972863870816
20.4864261850133,20.15505948786953
19.95623946958326,21.281706258158366
19.558599433010727,20.751519542728325
19.160959396438194,23.13735976216352
18.498226002150638,22.739719725590987
18.23313264443562,23.534999798736052
17.702945929005573,24.72791990845365
17.437852571290556,26.053386697028763
17.040212534718023,26.583573412458804
16.377479140430466,26.053386697028763
15.582199067285401,25.523199981598715
15.184559030712869,24.993013266168674
14.65437231528282,23.932639835308585
16.510025819287975,23.402453119878544
15.979839103857934,22.872266404448496
15.184559030712869,22.474626367875963
16.510025819287975,21.811892973588414
15.979839103857934,21.281706258158366
15.582199067285401,20.751519542728325
13.196358847850206,20.353879506155792
12.599898792991404,19.95623946958326
13.06381216899269,19.42605275415322
11.340705343845052,19.028412717580686
11.208158664987543,18.36567932329313
12.069712077561363,17.835492607863088
11.605798701560076,17.30530589243304
13.196358847850206,16.775119177003
13.328905526707715,16.244932461572958
12.666172132420158,15.582199067285401
12.069712077561363,14.65437231528282
11.47325202270256,14.256732278710288
11.009338646701273,13.461452205565223
10.412878591842478,13.196358847850206
10.015238555269946,12.732445471848912
11.47325202270256,13.395178866136469
10.94306530727252,13.196358847850206
12.003438738132608,12.666172132420158
11.47325202270256,12.135985416990117
12.268532095847625,11.605798701560076
11.738345380417584,10.677971949557495
11.340705343845052,10.280331912984963
12.53362545356265,11.738345380417584
12.997538829563936,11.208158664987543
13.461452205565223,10.677971949557495
12.401078774705141,12.33480543527638
12.931265490135182,12.666172132420158
13.461452205565223,13.328905526707715
12.997538829563936,13.593998884422739
12.53362545356265,14.12418559985278
13.859092242137756,13.593998884422739
13.06381216899269,13.06381216899269
14.455552296996558,12.599898792991404
13.859092242137756,12.401078774705141
13.461452205565223,12.53362545356265
14.455552296996558,13.196358847850206
13.638181110708572,13.461452205565223
14.12418559985278,13.461452205565223
15.648472406714156,13.461452205565223
15.184559030712869,12.931265490135182
14.698554541568662,12.53362545356265
16.510025819287975,12.931265490135182
15.91356576442918,13.461452205565223
16.510025819287975,13.461452205565223
16.112385782715442,13.991638920995271
15.052012351855353,14.389278957567804
14.65437231528282,13.991638920995271
15.515925727856647,13.593998884422739
14.985739012426599,14.389278957567804
14.786918994140336,14.521825636425312
14.588098975854066,15.052012351855353
15.71474574614291,15.582199067285401
15.317105709570377,16.57629915871673
16.377479140430466,16.112385782715442
16.907665855860508,16.64257249814549
16.112385782715442,15.979839103857934
15.71474574614291,15.582199067285401
15.758927972428744,14.963647899283679
16.244932461572958,14.521825636425312
16.907665855860508,15.449652388427886
16.112385782715442,15.582199067285401
16.510025819287975,14.919465672997845
16.244932461572958,14.521825636425312
15.71474574614291,14.521825636425312
15.582199067285401,14.65437231528282
15.317105709570377,15.449652388427886
14.963647899283679,15.052012351855353
15.493834614713727,14.85319233356909
14.919465672997845,15.449652388427886
15.71474574614291,16.510025819287975
16.775119177003,15.847292425000418
16.112385782715442,16.775119177003
16.244932461572958,16.775119177003
16.64257249814549,16.377479140430466
16.046112443286688,15.847292425000418
14.720645654711582,15.515925727856647
13.991638920995271,14.919465672997845
13.461452205565223,14.455552296996558
14.389278957567804,13.925365581566517
13.991638920995271,13.593998884422739
14.389278957567804,14.256732278710288
13.925365581566517,14.521825636425312
13.461452205565223,14.521825636425312
13.925365581566517,14.919465672997845
14.389278957567804,15.449652388427886
14.389278957567804,16.112385782715442
13.726545563280247,16.64257249814549
13.06381216899269,16.112385782715442
12.53362545356265,15.582199067285401
12.268532095847625,15.582199067285401
11.738345380417584,14.65437231528282
10.346605252413717,13.991638920995271
10.015238555269946,13.461452205565223
10.280331912984963,14.12418559985278
9.15368514269612,14.521825636425312
9.926874102698264,13.859092242137756
9.352505160982389,13.196358847850206
10.147785234127454,12.467352114133895
9.485051839839898,12.401078774705141
8.954865124409856,12.401078774705141
8.336313956408134,12.798718811277674
8.822318445552341,13.196358847850206
8.358405069551054,12.666172132420158
8.2921317301223,12.268532095847625
7.629398335834743,11.738345380417584
7.099211620404702,11.340705343845052
6.70157158383217,11.208158664987543
6.171384868402129,10.412878591842478
5.6411981529720805,9.88269187641243
4.779644740398261,9.418778500411143
5.508651474114572,9.617598518697413
5.243558116399548,10.015238555269946
4.845918079827015,9.352505160982389
4.514551382683237,8.424678408979808
4.580824722111998,8.027038372407276
4.580824722111998,8.689771766694832
4.580824722111998,8.557225087837324
,8.093311711836037
,7.894491693549767
,7.894491693549767
,7.496851656977235
,7.032938280975948
,6.834118262689678
,6.436478226117146
,6.038838189544613
,5.6411981529720805
,4.978464758684531
,4.713371400969507
,5.3761047952570635
,4.580824722111998
,4.05063800668195
,3.6529979701094177
,3.5204512912519093
,3.5204512912519093
,3.5204512912519093
