Y(hoy),Y(ayer)
,5.773744831829596
,5.3761047952570635
,4.845918079827015
,5.6411981529720805
,5.1110114375420395
,4.779644740398261
,5.3761047952570635
,4.580824722111998
,4.05063800668195
,3.5204512912519093
,3.255357933536885
,2.5926245392493286
,2.2612578421055503
,1.7310711266755163
,1.2671577506742295
,1.2008844112454682
,0.8695177141016899
,0.2730576592428946
,0.20678431981413326
,0.20678431981413326
,-0.1908557167583922
,-0.7210424321884403
,-0.5884957533309318
,0.07423764095662477
,-0.45594907447342337
,-0.8535891110459488
,-0.8535891110459488
,-0.8535891110459488
,-0.8535891110459488
,-0.9198624504747102
,-1.648869184191014
,-1.2512291476184885
,-1.7814158630485224
,-0.9198624504747102
,-1.5163225053335054
,-1.913962541906045
,-1.11868246876098
,-1.648869184191014
,-0.9861357899034573
,-1.2512291476184885
,-1.8476892024772837
,-0.8535891110459488
,-0.8535891110459488
,-0.8535891110459488
,-0.8535891110459488
,-0.7873157716172017
,-0.05830903790088371
,0.20678431981413326
,1.2671577506742295
,0.6044243563866729
,2.0624378238192946
,1.5322511083892465
,1.2671577506742295
,2.2612578421055503
,1.664797787246755
,2.725171218106837
,4.448278043254483
,3.7855446489669333
,3.255357933536885
,5.950473736972938
,5.3761047952570635
,4.845918079827015
,8.2921317301223
,7.828218354121013
,7.231758299262211
,6.70157158383217
,8.822318445552341
,7.960765032978522
,7.894491693549767
,8.358405069551054
,9.485051839839898
,8.822318445552341
,10.81051862841501
,10.147785234127454
,12.069712077561363
,11.47325202270256
,13.06381216899269
,12.53362545356265
,14.786918994140336
,14.12418559985278
,13.593998884422739
,16.510025819287975
,15.979839103857934
,15.449652388427886
,15.184559030712869
,14.65437231528282
,13.991638920995271
,13.328905526707715
,12.666172132420158
,13.06381216899269
,12.53362545356265
,13.461452205565223
,13.461452205565223
,13.461452205565223
,13.461452205565223
,13.461452205565223
,13.461452205565223
,13.461452205565223
,13.461452205565223
,13.461452205565223
,13.461452205565223
,13.461452205565223
,13.461452205565223
,13.527725544993984
,13.593998884422739
,13.593998884422739
,13.593998884422739
,13.593998884422739
,13.593998884422739
,13.593998884422739
,13.726545563280247
,13.726545563280247
,13.726545563280247
,13.726545563280247
,13.726545563280247
,13.726545563280247
,13.726545563280247
,13.726545563280247
,13.726545563280247
,13.726545563280247
,13.726545563280247
,13.726545563280247
,13.726545563280247
,13.726545563280247
,13.726545563280247
,13.726545563280247
,13.726545563280247
,13.726545563280247
,13.726545563280247
,13.726545563280247
,13.726545563280247
,13.726545563280247
,13.726545563280247
,13.792818902709001
,13.859092242137756
,13.859092242137756
,13.859092242137756
,13.859092242137756
,13.859092242137756
,13.859092242137756
,13.925365581566517
,13.991638920995271
,13.991638920995271
,13.991638920995271
,13.991638920995271
,13.991638920995271
,13.991638920995271
,13.991638920995271
,13.991638920995271
,13.991638920995271
,13.991638920995271
,13.991638920995271
,13.991638920995271
,13.991638920995271
,13.991638920995271
,13.991638920995271
,13.991638920995271
,13.991638920995271
,13.991638920995271
,13.991638920995271
,13.991638920995271
,13.991638920995271
,13.991638920995271
,14.057912260424025
,14.12418559985278
,14.12418559985278
,14.12418559985278
,14.12418559985278
,14.12418559985278
,14.12418559985278
,14.12418559985278
,14.256732278710288
,14.256732278710288
,14.256732278710288
,14.256732278710288
,14.256732278710288
,14.256732278710288
,14.256732278710288
,14.256732278710288
,14.256732278710288
,14.256732278710288
,14.256732278710288
,14.256732278710288
,14.256732278710288
,14.256732278710288
,14.256732278710288
,14.256732278710288
,14.256732278710288
,14.256732278710288
,14.256732278710288
,14.256732278710288
,14.256732278710288
,14.256732278710288
,14.256732278710288
,14.32300561813905
,14.389278957567804
,14.389278957567804
,14.389278957567804
,14.389278957567804
,14.389278957567804
,14.389278957567804
,14.455552296996558
,14.521825636425312
,14.521825636425312
,14.521825636425312
,14.455552296996558
,14.521825636425312
,14.521825636425312
,14.521825636425312
,14.521825636425312
,14.521825636425312
,14.521825636425312
,14.521825636425312
,14.521825636425312
,14.521825636425312
,14.521825636425312
,14.521825636425312
,14.521825636425312
,14.389278957567804
,13.859092242137756
,13.461452205565223
,15.582199067285401
,14.919465672997845
,14.389278957567804
,17.570399250148064
,17.040212534718023
,16.510025819287975
,15.979839103857934
,15.71474574614291
,16.510025819287975
,15.979839103857934
,16.64257249814549
,16.841392516431753
,17.968039286720597
,17.30530589243304
,18.697046020436908
,19.293506075295703
,19.95623946958326
,19.42605275415322
,18.962139378151925
,18.36567932329313
,17.968039286720597
,18.962139378151925
,19.42605275415322
,21.082886239872103
,20.4864261850133
,19.95623946958326
,21.613072955302144
,22.07698633130343
,23.181541988449354
,22.60717304673348
,23.468726459307298
,25.390653302741207
,24.860466587311166
,24.330279871881118
,23.800093156451076
,25.05928660559743
,24.462826550738633
,23.932639835308585
,23.534999798736052
,25.58947332102747
,25.722019999884985
,26.31848005474378
,26.782393430745074
,27.37885348560387
,28.571773595321467
,28.041586879891426
,27.37885348560387
,26.84866677017383
,28.770593613607737
,28.174133558748935
,27.776493522176402
,28.770593613607737
,28.43922691646396
,27.776493522176402
,27.24630680674636
,26.84866677017383
,29.764693705039065
,29.234506989609024
,28.704320274178976
,28.174133558748935
,29.764693705039065
,29.234506989609024
,28.704320274178976
,27.776493522176402
,29.234506989609024
,28.83686695303649
,30.825067135899154
,30.294880420469113
,29.764693705039065
,29.234506989609024
,31.090160493614178
,30.55997377818413
,30.02978706275409
,29.632147026181556
,30.294880420469113
,30.957613814756662
,30.825067135899154
,30.294880420469113
,29.632147026181556
,29.367053668466532
,28.969413631894
,28.306680237606443
,27.90904020103391
,29.764693705039065
,30.825067135899154
,30.294880420469113
,29.234506989609024
,28.704320274178976
,28.174133558748935
,27.776493522176402
,32.945813997619325
,32.283080603331776
,31.752893887901728
,31.28898051190044
,32.01798724561675
,31.48780053018671
,31.222707172471686
,30.825067135899154
,30.294880420469113
,29.764693705039065
,29.234506989609024
,28.83686695303649
,28.43922691646396
,27.90904020103391
,27.24630680674636
,26.981213449031337
,26.583573412458804
,26.053386697028763
,25.58947332102747
,24.860466587311166
,24.19773319302361
,23.667546477593568
,23.00481308330601
,22.739719725590987
,22.209533010160946
,21.54679961587339
,20.884066221585833
,20.353879506155792
,21.944439652445922
,21.41425293701588
,20.884066221585833
,20.353879506155792
,19.691146111868235
,19.028412717580686
,18.498226002150638
,17.835492607863088
,17.30530589243304
,16.907665855860508
,16.510025819287975
,15.979839103857934
,15.449652388427886
,14.919465672997845
,14.521825636425312
,15.449652388427886
,14.919465672997845
,14.256732278710288
,13.527725544993984
,13.461452205565223
,14.389278957567804
,13.859092242137756
,13.726545563280247
,14.256732278710288
,13.461452205565223
,12.864992150706428
,12.401078774705141
,13.06381216899269
,12.53362545356265
,13.527725544993984
,14.389278957567804
,13.859092242137756
,13.395178866136469
,12.798718811277674
,12.401078774705141
,12.268532095847625
,11.605798701560076
,12.33480543527638
,11.738345380417584
,11.340705343845052
,13.461452205565223
,12.798718811277674
,15.71474574614291
,15.184559030712869
,14.65437231528282
,14.12418559985278
,13.726545563280247
,16.510025819287975
,15.979839103857934
,16.510025819287975
,15.847292425000418
,15.317105709570377
,14.85319233356909
,16.510025819287975
,15.979839103857934
,15.515925727856647
,15.052012351855353
,14.521825636425312
,16.244932461572958
,15.582199067285401
,14.919465672997845
,15.515925727856647
,14.521825636425312
,15.648472406714156
,16.289114687858792
,17.570399250148064
,17.040212534718023
,16.510025819287975
,15.979839103857934
,15.582199067285401
,16.510025819287975
,15.979839103857934
,17.702945929005573
,17.040212534718023
,18.697046020436908
,18.100585965578105
,19.22723273586695
,21.281706258158366
,20.618972863870816
,20.221332827298284
,19.691146111868235
,22.07698633130343
,21.54679961587339
,21.01661290044335
,20.4864261850133
,20.088786148440768
,22.07698633130343
,21.41425293701588
,22.143259670732192
,22.739719725590987
,23.932639835308585
,23.402453119878544
,24.330279871881118
,23.667546477593568
,23.13735976216352
,22.60717304673348
,22.07698633130343
,21.54679961587339
,21.01661290044335
,20.4864261850133
,20.022512809012014
,19.42605275415322
,18.763319359865662
,18.498226002150638
,18.100585965578105
,17.570399250148064
,16.907665855860508
,16.244932461572958
,15.582199067285401
,15.052012351855353
,14.389278957567804
,13.859092242137756
,13.328905526707715
,12.864992150706428
,12.268532095847625
,11.605798701560076
,10.94306530727252
,10.412878591842478
,9.88269187641243
,9.352505160982389
,8.689771766694832
,8.159585051264791
,7.496851656977235
,6.834118262689678
,6.171384868402129
,5.508651474114572
,4.845918079827015
,4.315731364396974
,3.7855446489669333
,3.255357933536885
,2.8577178969643597
