Y(hoy),Y(ayer)
7.894491693549767,6.834118262689678
8.027038372407276,6.966664941547194
8.623498427266078,7.629398335834743
9.087411803267365,7.496851656977235
9.087411803267365,7.032938280975948
9.087411803267365,6.834118262689678
8.756045106123587,6.966664941547194
8.2921317301223,7.629398335834743
7.960765032978522,7.496851656977235
7.894491693549767,7.032938280975948
7.761945014692259,6.569024904974661
7.231758299262211,6.171384868402129
6.9003916021184395,5.773744831829596
6.767844923260924,5.707471492400835
6.70157158383217,5.3761047952570635
6.237658207830883,4.845918079827015
5.84001817125835,5.420287021542897
5.773744831829596,4.978464758684531
5.707471492400835,5.1110114375420395
5.6411981529720805,4.713371400969507
5.177284776970794,4.713371400969507
4.647098061540753,4.580824722111998
4.580824722111998,4.05063800668195
3.984364667253196,3.5867246306806635
4.05063800668195,3.5204512912519093
4.580824722111998,3.454177951823155
4.05063800668195,3.3216312729656394
3.5204512912519093,2.7914445575355984
3.5204512912519093,2.3938045209630587
3.5204512912519093,2.2612578421055503
3.0565379152506154,1.664797787246755
2.46007786039182,1.2671577506742295
2.46007786039182,1.2671577506742295
2.725171218106837,1.2671577506742295
2.3275311815343116,1.2671577506742295
3.255357933536885,1.2671577506742295
3.255357933536885,1.7973444661042635
2.5926245392493286,2.3275311815343116
2.3275311815343116,1.7973444661042635
1.929891144961772,1.2671577506742295
1.2671577506742295,1.2671577506742295
2.46007786039182,1.0020643929591984
1.7973444661042635,0.4056043381004031
1.5322511083892465,0.20678431981413326
1.9740733712476128,0.20678431981413326
2.46007786039182,0.20678431981413326
2.1287111632480418,0.20678431981413326
1.5322511083892465,0.20678431981413326
1.3334310901029767,0.14051098038538612
1.2671577506742295,-0.1908557167583922
1.1346110718167068,-0.654769092759679
0.6044243563866729,-0.7873157716172017
1.1346110718167068,-0.1908557167583922
0.67069769581542,0.20678431981413326
0.6486065826724996,0.20678431981413326
1.1346110718167068,0.20678431981413326
0.67069769581542,-0.3234023956159007
0.6044243563866729,-0.8535891110459488
0.20678431981413326,-0.45594907447342337
1.1346110718167068,0.07423764095662477
0.6927888089583405,-0.45594907447342337
0.47187767752916443,-0.8535891110459488
0.20678431981413326,-0.3234023956159007
0.20678431981413326,-0.8535891110459488
0.20678431981413326,0.20678431981413326
0.20678431981413326,0.07423764095662477
0.20678431981413326,-0.45594907447342337
-0.12458237732964506,-0.8535891110459488
-0.6768602059025994,-0.1908557167583922
-0.12458237732964506,0.20678431981413326
-0.5884957533309318,0.20678431981413326
0.2730576592428946,0.20678431981413326
1.2008844112454682,0.20678431981413326
0.33933099867164174,0.20678431981413326
0.2730576592428946,0.6044243563866729
0.7369710352441814,1.1346110718167068
0.20678431981413326,0.47187767752916443
1.1346110718167068,1.2008844112454682
0.6044243563866729,1.2671577506742295
0.2730576592428946,1.2671577506742295
0.9357910535304512,1.664797787246755
1.2671577506742295,2.0624378238192946
1.2671577506742295,1.5985244478179936
1.2671577506742295,1.929891144961772
1.3334310901029767,2.3275311815343116
1.7310711266755163,2.3275311815343116
1.2671577506742295,2.3938045209630587
2.3275311815343116,3.3216312729656394
2.46007786039182,2.8577178969643597
2.46007786039182,3.5204512912519093
2.46007786039182,3.5204512912519093
1.929891144961772,3.7855446489669333
1.399704429531738,4.315731364396974
1.9740733712476128,4.05063800668195
2.3938045209630587,3.6529979701094177
2.46007786039182,3.255357933536885
2.46007786039182,2.8577178969643597
2.990264575821868,3.5204512912519093
3.5204512912519093,3.1228112546793767
3.5204512912519093,4.448278043254483
3.5204512912519093,3.918091327824442
3.5204512912519093,4.713371400969507
3.5204512912519093,4.713371400969507
3.5204512912519093,4.845918079827015
3.5204512912519093,5.420287021542897
2.990264575821868,5.1110114375420395
2.46007786039182,4.713371400969507
3.0565379152506154,5.707471492400835
3.5204512912519093,5.243558116399548
3.8518179883956876,6.237658207830883
3.3879046123944008,6.70157158383217
4.315731364396974,6.171384868402129
4.05063800668195,5.6411981529720805
3.5204512912519093,5.177284776970794
3.5204512912519093,4.845918079827015
3.7855446489669333,5.508651474114572
3.3879046123944008,5.773744831829596
4.448278043254483,5.773744831829596
4.580824722111998,5.773744831829596
4.580824722111998,5.773744831829596
4.05063800668195,6.171384868402129
3.5867246306806635,6.70157158383217
4.448278043254483,7.563124996405989
3.7855446489669333,7.099211620404702
4.647098061540753,8.027038372407276
5.1110114375420395,8.557225087837324
5.6411981529720805,8.954865124409856
5.1110114375420395,8.954865124409856
4.647098061540753,8.424678408979808
5.3761047952570635,7.894491693549767
4.845918079827015,9.88269187641243
5.243558116399548,9.352505160982389
4.779644740398261,8.822318445552341
5.6411981529720805,8.424678408979808
5.243558116399548,9.087411803267365
5.972564850115859,8.424678408979808
6.569024904974661,8.159585051264791
6.834118262689678,9.219958482124873
6.834118262689678,8.689771766694832
6.834118262689678,10.479151931271232
7.231758299262211,9.88269187641243
6.834118262689678,10.81051862841501
7.761945014692259,10.346605252413717
8.027038372407276,11.075611986130028
8.689771766694832,10.545425270699987
9.131594029553199,11.340705343845052
10.015238555269946,11.47325202270256
9.352505160982389,12.135985416990117
10.147785234127454,12.401078774705141
9.617598518697413,12.864992150706428
9.219958482124873,13.196358847850206
9.88269187641243,12.467352114133895
10.479151931271232,13.196358847850206
11.075611986130028,12.53362545356265
11.208158664987543,14.389278957567804
11.208158664987543,13.859092242137756
10.677971949557495,13.395178866136469
10.147785234127454,12.798718811277674
12.047620964418442,12.401078774705141
11.47325202270256,13.660272223851493
10.94306530727252,13.196358847850206
10.412878591842478,14.256732278710288
12.268532095847625,13.991638920995271
11.738345380417584,13.593998884422739
11.406978683273806,14.389278957567804
12.047620964418442,13.991638920995271
12.33480543527638,14.919465672997845
12.798718811277674,15.781019085571664
13.328905526707715,15.317105709570377
13.593998884422739,16.244932461572958
14.168367826138613,16.708845837574245
14.389278957567804,17.040212534718023
13.726545563280247,17.570399250148064
13.593998884422739,16.907665855860508
14.65437231528282,17.437852571290556
14.12418559985278,16.907665855860508
15.449652388427886,18.674954907293987
14.786918994140336,18.100585965578105
14.256732278710288,18.36567932329313
13.726545563280247,17.968039286720597
15.228741256998703,17.968039286720597
14.65437231528282,18.36567932329313
14.12418559985278,19.22723273586695
13.593998884422739,18.763319359865662
15.979839103857934,19.82369279072575
16.510025819287975,19.42605275415322
15.71474574614291,19.028412717580686
15.184559030712869,19.82369279072575
14.588098975854066,19.42605275415322
16.024021330143768,19.09468605700944
16.775119177003,19.028412717580686
16.64257249814549,20.022512809012014
16.377479140430466,19.42605275415322
15.847292425000418,19.028412717580686
15.71474574614291,21.01661290044335
16.244932461572958,20.552699524442062
16.64257249814549,20.530608411299134
15.979839103857934,20.088786148440768
15.648472406714156,21.149159579300857
16.112385782715442,21.149159579300857
15.582199067285401,21.878166313017168
16.775119177003,21.41425293701588
16.64257249814549,22.40835302844721
16.377479140430466,23.00481308330601
15.979839103857934,22.872266404448496
15.317105709570377,22.40835302844721
14.786918994140336,22.209533010160946
15.493834614713727,22.209533010160946
14.919465672997845,22.07698633130343
15.71474574614291,21.41425293701588
15.847292425000418,21.149159579300857
16.510025819287975,20.751519542728325
15.91356576442918,20.088786148440768
16.510025819287975,19.558599433010727
15.449652388427886,19.160959396438194
14.919465672997845,21.01661290044335
14.588098975854066,20.552699524442062
15.228741256998703,20.088786148440768
14.65437231528282,20.4864261850133
15.71474574614291,19.82369279072575
15.71474574614291,19.558599433010727
15.184559030712869,19.028412717580686
14.65437231528282,18.498226002150638
15.184559030712869,17.968039286720597
15.449652388427886,20.79570176901416
14.919465672997845,20.221332827298284
14.389278957567804,19.691146111868235
13.925365581566517,19.160959396438194
13.527725544993984,18.763319359865662
14.389278957567804,21.149159579300857
13.925365581566517,20.751519542728325
13.461452205565223,20.221332827298284
15.449652388427886,19.757419451296997
14.919465672997845,19.22723273586695
14.389278957567804,19.82369279072575
13.593998884422739,20.088786148440768
14.168367826138613,20.088786148440768
14.389278957567804,20.088786148440768
13.726545563280247,19.691146111868235
13.06381216899269,19.22723273586695
12.53362545356265,18.962139378151925
12.401078774705141,18.23313264443562
12.401078774705141,17.437852571290556
12.33480543527638,16.97393919528926
12.268532095847625,17.570399250148064
11.605798701560076,17.040212534718023
11.075611986130028,16.510025819287975
10.412878591842478,16.112385782715442
10.015238555269946,17.437852571290556
10.94306530727252,16.775119177003
10.81051862841501,18.16685930500686
10.280331912984963,18.630772681008153
10.94306530727252,17.835492607863088
10.412878591842478,17.30530589243304
10.677971949557495,16.775119177003
10.147785234127454,16.244932461572958
9.485051839839898,15.847292425000418
9.02113846383861,16.377479140430466
9.087411803267365,15.781019085571664
9.087411803267365,15.250832370141623
9.087411803267365,14.85319233356909
8.557225087837324,15.449652388427886
8.027038372407276,15.052012351855353
9.617598518697413,14.919465672997845
9.15368514269612,14.521825636425312
8.557225087837324,14.256732278710288
9.617598518697413,13.593998884422739
9.15368514269612,13.461452205565223
8.557225087837324,13.06381216899269
8.027038372407276,12.467352114133895
8.557225087837324,12.599898792991404
8.093311711836037,13.107994395278524
8.557225087837324,12.798718811277674
7.496851656977235,12.401078774705141
7.032938280975948,12.003438738132608
8.027038372407276,11.406978683273806
8.557225087837324,11.208158664987543
7.496851656977235,10.677971949557495
6.966664941547194,10.280331912984963
9.087411803267365,10.214058573556208
8.424678408979808,10.81051862841501
7.960765032978522,10.94306530727252
8.866500671838182,10.479151931271232
8.2921317301223,10.280331912984963
8.954865124409856,9.750145197554922
8.954865124409856,9.15368514269612
8.689771766694832,9.087411803267365
8.2921317301223,9.617598518697413
7.894491693549767,10.0815118946987
8.866500671838182,9.88269187641243
8.2921317301223,9.485051839839898
8.954865124409856,8.822318445552341
10.280331912984963,8.358405069551054
10.147785234127454,9.485051839839898
10.412878591842478,10.147785234127454
11.340705343845052,10.94306530727252
10.015238555269946,10.545425270699987
10.94306530727252,10.412878591842478
10.545425270699987,9.88269187641243
10.81051862841501,9.418778500411143
10.280331912984963,10.015238555269946
11.208158664987543,10.147785234127454
10.677971949557495,9.750145197554922
11.208158664987543,9.219958482124873
10.677971949557495,9.750145197554922
10.147785234127454,9.352505160982389
12.003438738132608,9.087411803267365
11.47325202270256,9.750145197554922
10.94306530727252,10.412878591842478
10.412878591842478,11.075611986130028
11.870892059275093,10.412878591842478
11.406978683273806,10.015238555269946
12.268532095847625,9.617598518697413
11.870892059275093,9.15368514269612
12.268532095847625,9.219958482124873
11.738345380417584,9.88269187641243
11.340705343845052,9.485051839839898
12.268532095847625,9.02113846383861
11.738345380417584,9.418778500411143
12.931265490135182,10.015238555269946
13.638181110708572,10.015238555269946
14.919465672997845,9.418778500411143
14.389278957567804,10.81051862841501
15.449652388427886,10.147785234127454
14.786918994140336,9.617598518697413
14.698554541568662,11.075611986130028
15.449652388427886,10.412878591842478
14.985739012426599,11.605798701560076
15.184559030712869,10.94306530727252
14.65437231528282,12.135985416990117
16.046112443286688,11.47325202270256
15.449652388427886,11.340705343845052
16.64257249814549,11.340705343845052
17.30530589243304,11.738345380417584
17.835492607863088,12.33480543527638
17.835492607863088,12.401078774705141
18.23313264443562,13.395178866136469
17.702945929005573,12.798718811277674
18.89586603872317,12.401078774705141
18.23313264443562,14.389278957567804
17.702945929005573,13.925365581566517
17.040212534718023,13.660272223851493
16.64257249814549,14.190458939281534
17.614581476433898,15.317105709570377
18.36567932329313,14.65437231528282
19.691146111868235,16.510025819287975
19.160959396438194,15.979839103857934
19.95623946958326,15.847292425000418
19.42605275415322,15.781019085571664
19.028412717580686,16.377479140430466
21.01661290044335,16.112385782715442
20.4864261850133,15.847292425000418
19.95623946958326,16.510025819287975
20.4864261850133,16.112385782715442
19.82369279072575,15.979839103857934
19.558599433010727,15.648472406714156
19.160959396438194,16.57629915871673
18.630772681008153,16.112385782715442
18.100585965578105,16.841392516431753
17.702945929005573,17.437852571290556
19.73532833815407,17.570399250148064
19.160959396438194,17.106485874146777
18.630772681008153,17.702945929005573
18.100585965578105,17.17275921357553
20.552699524442062,17.30530589243304
21.01661290044335,16.244932461572958
21.01661290044335,15.847292425000418
20.552699524442062,17.968039286720597
19.82369279072575,17.30530589243304
19.558599433010727,16.775119177003
19.028412717580686,18.763319359865662
18.763319359865662,18.23313264443562
18.36567932329313,17.702945929005573
17.968039286720597,16.907665855860508
15.582199067285401,17.901765947291842
17.040212534718023,17.30530589243304
16.311205801001712,16.907665855860508
15.71474574614291,18.763319359865662
15.71474574614291,18.299405983864375
15.847292425000418,18.03431262614935
16.510025819287975,17.968039286720597
16.510025819287975,18.498226002150638
15.847292425000418,17.968039286720597
15.582199067285401,18.498226002150638
15.582199067285401,18.100585965578105
15.317105709570377,19.492326093581973
14.919465672997845,18.89586603872317
14.588098975854066,18.36567932329313
15.449652388427886,20.022512809012014
14.985739012426599,19.95623946958326
14.521825636425312,19.42605275415322
16.510025819287975,18.962139378151925
15.847292425000418,18.36567932329313
15.184559030712869,17.968039286720597
14.786918994140336,18.962139378151925
14.389278957567804,18.498226002150638
13.859092242137756,18.89586603872317
13.461452205565223,18.36567932329313
14.919465672997845,17.968039286720597
15.493834614713727,17.968039286720597
14.521825636425312,17.901765947291842
15.648472406714156,17.17275921357553
15.052012351855353,16.907665855860508
14.786918994140336,17.702945929005573
14.256732278710288,17.702945929005573
13.726545563280247,17.17275921357553
13.461452205565223,16.775119177003
14.389278957567804,16.112385782715442
13.991638920995271,15.449652388427886
13.726545563280247,14.919465672997845
13.461452205565223,14.521825636425312
13.461452205565223,14.389278957567804
13.395178866136469,13.859092242137756
13.328905526707715,13.328905526707715
12.798718811277674,12.798718811277674
12.268532095847625,12.268532095847625
11.738345380417584,11.605798701560076
11.274432004416298,11.340705343845052
12.268532095847625,13.196358847850206
11.738345380417584,12.732445471848912
11.340705343845052,12.268532095847625
12.003438738132608,11.605798701560076
11.340705343845052,10.94306530727252
11.075611986130028,10.412878591842478
10.677971949557495,9.485051839839898
10.147785234127454,9.617598518697413
9.683871858126167,
9.15368514269612,
10.677971949557495,
10.214058573556208,
9.617598518697413,
11.208158664987543,
10.94306530727252,
10.412878591842478,
9.750145197554922,
9.219958482124873,
8.954865124409856,
10.501243044414153,
9.617598518697413,
11.738345380417584,
11.274432004416298,
13.328905526707715,
12.798718811277674,
12.268532095847625,
15.184559030712869,
14.65437231528282,
14.12418559985278,
