Y(hoy),Y(ayer)
,10.147785234127454
,10.214058573556208
,10.94306530727252
,10.545425270699987
,10.677971949557495
,10.214058573556208
,10.147785234127454
,10.147785234127454
,9.750145197554922
,9.15368514269612
,8.888591784981102
,8.424678408979808
,7.960765032978522
,7.894491693549767
,7.761945014692259
,7.298031638690972
,6.834118262689678
,7.231758299262211
,7.828218354121013
,7.629398335834743
,6.966664941547194
,6.834118262689678
,6.834118262689678
,6.569024904974661
,5.906291510687105
,5.773744831829596
,5.773744831829596
,5.6411981529720805
,5.1110114375420395
,4.713371400969507
,4.713371400969507
,5.177284776970794
,5.6411981529720805
,5.1110114375420395
,4.580824722111998
,3.918091327824442
,4.448278043254483
,3.918091327824442
,4.448278043254483
,3.8518179883956876
,3.5204512912519093
,3.5204512912519093
,3.5204512912519093
,3.5204512912519093
,3.5204512912519093
,3.5204512912519093
,3.5204512912519093
,3.5204512912519093
,3.3879046123944008
,2.5926245392493286
,2.3275311815343116
,2.3275311815343116
,2.7914445575355984
,3.3879046123944008
,3.3879046123944008
,2.8577178969643597
,2.3938045209630587
,2.3275311815343116
,2.3275311815343116
,2.3275311815343116
,2.3275311815343116
,2.3275311815343116
,2.3275311815343116
,2.3275311815343116
,2.194984502676803
,1.664797787246755
,1.2671577506742295
,1.3334310901029767
,1.929891144961772
,1.5322511083892465
,2.3275311815343116
,2.3275311815343116
,2.194984502676803
,1.7973444661042635
,1.3334310901029767
,1.2671577506742295
,1.2671577506742295
,2.0624378238192946
,1.5322511083892465
,2.3275311815343116
,2.3275311815343116
,2.3938045209630587
,2.3275311815343116
,2.3275311815343116
,2.3275311815343116
,2.3275311815343116
,2.3275311815343116
,2.3275311815343116
,2.7914445575355984
,3.3879046123944008
,3.3879046123944008
,2.7914445575355984
,3.3216312729656394
,2.8577178969643597
,3.5204512912519093
,3.5204512912519093
,3.5204512912519093
,3.5204512912519093
,3.7855446489669333
,4.647098061540753
,4.183184685539466
,5.177284776970794
,5.508651474114572
,4.845918079827015
,4.713371400969507
,4.713371400969507
,4.713371400969507
,4.448278043254483
,3.918091327824442
,3.6529979701094177
,4.315731364396974
,3.8518179883956876
,3.6529979701094177
,4.448278043254483
,3.918091327824442
,4.713371400969507
,4.713371400969507
,4.713371400969507
,4.713371400969507
,5.177284776970794
,4.713371400969507
,5.508651474114572
,4.91219141925577
,4.779644740398261
,5.3761047952570635
,4.890100306112849
,5.707471492400835
,5.773744831829596
,6.237658207830883
,5.773744831829596
,6.70157158383217
,7.629398335834743
,7.099211620404702
,7.894491693549767
,7.894491693549767
,8.027038372407276
,8.689771766694832
,8.954865124409856
,8.888591784981102
,8.336313956408134
,9.15368514269612
,10.147785234127454
,9.617598518697413
,10.81051862841501
,10.545425270699987
,10.280331912984963
,11.075611986130028
,11.340705343845052
,11.539525362131315
,12.003438738132608
,12.53362545356265
,13.06381216899269
,13.461452205565223
,13.06381216899269
,12.599898792991404
,14.256732278710288
,13.593998884422739
,13.06381216899269
,14.521825636425312
,14.786918994140336
,16.112385782715442
,15.449652388427886
,16.775119177003
,17.63667258957682
,17.17275921357553
,18.100585965578105
,18.630772681008153
,19.028412717580686
,19.028412717580686
,19.09468605700944
,19.691146111868235
,20.552699524442062
,20.088786148440768
,21.01661290044335
,20.552699524442062
,20.088786148440768
,20.221332827298284
,21.01661290044335
,20.618972863870816
,20.4864261850133
,20.088786148440768
,22.143259670732192
,21.54679961587339
,21.01661290044335
,23.269906441021035
,22.60717304673348
,23.00481308330601
,22.540899707304725
,23.13735976216352
,22.673446386162233
,22.2758063495897
,23.269906441021035
,22.739719725590987
,23.269906441021035
,22.673446386162233
,22.2758063495897
,23.00481308330601
,24.330279871881118
,23.667546477593568
,24.330279871881118
,23.711728703879402
,24.794193247882404
,24.330279871881118
,25.390653302741207
,25.65574666045623
,25.258106623883698
,24.772102134739484
,25.58947332102747
,25.523199981598715
,25.05928660559743
,24.59537322959614
,25.05928660559743
,25.390653302741207
,24.72791990845365
,24.19773319302361
,23.667546477593568
,26.053386697028763
,25.523199981598715
,24.993013266168674
,24.462826550738633
,24.0651865141661
,26.64984675188756
,26.31848005474378
,25.78829333931374
,25.125559945026183
,24.860466587311166
,24.462826550738633
,23.932639835308585
,23.534999798736052
,24.0651865141661
,23.402453119878544
,22.739719725590987
,21.944439652445922
,21.41425293701588
,21.01661290044335
,20.552699524442062
,20.022512809012014
,19.691146111868235
,19.22723273586695
,19.028412717580686
,18.630772681008153
,17.968039286720597
,17.30530589243304
,16.907665855860508
,16.510025819287975
,16.046112443286688
,16.244932461572958
,15.847292425000418
,16.708845837574245
,16.510025819287975
,15.847292425000418
,15.184559030712869
,14.720645654711582
,14.521825636425312
,14.521825636425312
,14.521825636425312
,14.919465672997845
,15.449652388427886
,15.052012351855353
,14.588098975854066
,14.985739012426599
,14.521825636425312
,15.449652388427886
,14.985739012426599
,14.521825636425312
,15.052012351855353
,16.377479140430466
,15.71474574614291
,16.775119177003
,16.775119177003
,16.775119177003
,16.775119177003
,16.775119177003
,17.437852571290556
,16.907665855860508
,17.30530589243304
,16.775119177003
,16.112385782715442
,16.64257249814549
,16.112385782715442
,16.841392516431753
,17.437852571290556
,18.03431262614935
,18.674954907293987
,18.23313264443562
,18.36567932329313
,17.968039286720597
,17.968039286720597
,18.36567932329313
,18.962139378151925
,19.160959396438194
,20.022512809012014
,19.558599433010727
,20.4864261850133
,20.884066221585833
,20.309697279869958
,21.944439652445922
,21.281706258158366
,20.751519542728325
,22.673446386162233
,23.13735976216352
,24.0651865141661
,23.534999798736052
,24.59537322959614
,24.59537322959614
,24.59537322959614
,24.59537322959614
,24.993013266168674
,26.185933375886272
,25.523199981598715
,27.423035711889703
,26.84866677017383
,27.710220182747648
,27.180033467317607
,26.84866677017383
,28.041586879891426
,27.37885348560387
,28.571773595321467
,27.90904020103391
,27.24630680674636
,26.84866677017383
,26.716120091316313
,27.710220182747648
,27.113760127888845
,28.704320274178976
,28.174133558748935
,27.511400164461378
,26.914940109602583
,27.445126825032624
,27.90904020103391
,28.704320274178976
,28.24040689817769
,27.842766861605156
,27.24630680674636
,26.782393430745074
,28.483409142749792
,27.90904020103391
,27.511400164461378
,30.294880420469113
,29.83096704446782
,29.234506989609024
,30.825067135899154
,30.02978706275409
,29.49960034732404
,28.83686695303649
,28.306680237606443
,27.90904020103391
,29.89724038389658
,29.234506989609024
,28.83686695303649
,29.764693705039065
,29.234506989609024
,28.571773595321467
,28.306680237606443
,27.90904020103391
,28.571773595321467
,28.174133558748935
,28.704320274178976
,28.306680237606443
,27.90904020103391
,27.445126825032624
,26.84866677017383
,26.716120091316313
,26.31848005474378
,25.65574666045623
,25.390653302741207
,24.993013266168674
,24.330279871881118
,23.733819817022322
,23.269906441021035
,22.872266404448496
,22.40835302844721
,21.811892973588414
,21.347979597587127
,20.618972863870816
,20.221332827298284
,20.884066221585833
,20.618972863870816
,20.221332827298284
,19.62487277243948
,19.028412717580686
,18.36567932329313
,17.968039286720597
,17.437852571290556
,16.841392516431753
,16.64257249814549
,15.979839103857934
,15.317105709570377
,14.588098975854066
,14.521825636425312
,14.389278957567804
,13.859092242137756
,13.395178866136469
,12.798718811277674
,12.401078774705141
,13.395178866136469
,13.328905526707715
,12.798718811277674
,12.401078774705141
,12.003438738132608
,11.605798701560076
,12.268532095847625
,11.804618719846339
,11.208158664987543
,10.74424528898625
,10.214058573556208
,10.147785234127454
,10.147785234127454
,10.147785234127454
,10.74424528898625
,10.280331912984963
,11.274432004416298
,11.738345380417584
,13.196358847850206
,12.53362545356265
,12.135985416990117
,14.985739012426599
,14.389278957567804
,13.859092242137756
,15.449652388427886
,14.919465672997845
,14.521825636425312
,14.12418559985278
,13.660272223851493
,14.12418559985278
