Y(hoy),Y(ayer)
9.02113846383861,5.243558116399548
9.15368514269612,4.713371400969507
9.683871858126167,5.707471492400835
10.147785234127454,5.3761047952570635
10.147785234127454,4.978464758684531
9.683871858126167,4.580824722111998
9.087411803267365,4.1169113461107045
8.424678408979808,3.5867246306806635
7.828218354121013,3.3879046123944008
7.231758299262211,2.7914445575355984
6.834118262689678,2.2612578421055503
7.761945014692259,1.929891144961772
7.231758299262211,1.399704429531738
6.767844923260924,1.2671577506742295
7.231758299262211,0.8695177141016899
6.038838189544613,0.2730576592428946
5.773744831829596,0.20678431981413326
5.243558116399548,0.07423764095662477
4.580824722111998,-0.389675735044662
3.918091327824442,-0.8535891110459488
3.454177951823155,-0.8535891110459488
3.5204512912519093,-0.8535891110459488
3.5204512912519093,-0.8535891110459488
2.990264575821868,-0.8535891110459488
2.46007786039182,-0.8535891110459488
2.46007786039182,-0.8535891110459488
2.46007786039182,-0.8535891110459488
2.46007786039182,-0.8535891110459488
1.929891144961772,-0.8535891110459488
1.399704429531738,-0.8535891110459488
1.2671577506742295,-0.8535891110459488
1.2671577506742295,-0.9198624504747102
1.2008844112454682,-1.2512291476184885
1.1346110718167068,-1.7814158630485224
0.67069769581542,-1.913962541906045
0.2730576592428946,-1.913962541906045
0.47187767752916443,-1.913962541906045
1.1346110718167068,-1.913962541906045
1.2671577506742295,-1.913962541906045
1.2671577506742295,-1.913962541906045
1.1346110718167068,-1.913962541906045
0.47187767752916443,-1.913962541906045
0.20678431981413326,-1.913962541906045
0.20678431981413326,-1.913962541906045
0.20678431981413326,-1.913962541906045
0.14051098038538612,-1.913962541906045
0.07423764095662477,-1.913962541906045
-0.389675735044662,-1.913962541906045
-0.7873157716172017,-1.7814158630485224
-0.8535891110459488,-0.9198624504747102
-0.8535891110459488,-0.8535891110459488
-0.8535891110459488,-0.8535891110459488
-0.9861357899034573,-0.8535891110459488
-0.9861357899034573,-0.8535891110459488
-1.5163225053335054,-0.8535891110459488
-0.9861357899034573,-0.45594907447342337
-1.5163225053335054,0.14051098038538612
-1.5163225053335054,0.47187767752916443
-0.9861357899034573,0.8695177141016899
-1.383775826475997,1.7310711266755163
-1.11868246876098,1.2671577506742295
-1.5163225053335054,2.194984502676803
-1.5163225053335054,3.1228112546793767
-0.9861357899034573,2.5926245392493286
-1.5163225053335054,2.8577178969643597
-1.450049165904744,3.3879046123944008
-0.9198624504747102,2.8577178969643597
-1.7814158630485224,3.5867246306806635
-2.179055899621062,4.183184685539466
-1.1849558081897271,4.713371400969507
-0.7210424321884403,5.243558116399548
-0.12458237732964506,6.569024904974661
0.20678431981413326,5.906291510687105
0.20678431981413326,7.298031638690972
0.20678431981413326,7.828218354121013
0.6044243563866729,8.159585051264791
0.20678431981413326,9.485051839839898
1.1346110718167068,8.822318445552341
0.67069769581542,10.81051862841501
0.2730576592428946,10.147785234127454
0.33933099867164174,12.069712077561363
1.0020643929591984,11.47325202270256
1.664797787246755,14.168367826138613
2.23916672896263,13.593998884422739
2.46007786039182,13.06381216899269
2.769353444392678,12.53362545356265
2.3275311815343116,16.64257249814549
4.05063800668195,15.979839103857934
3.5204512912519093,15.449652388427886
4.580824722111998,14.919465672997845
4.580824722111998,17.437852571290556
5.177284776970794,17.968039286720597
4.713371400969507,18.498226002150638
5.6411981529720805,19.82369279072575
5.773744831829596,19.160959396438194
5.84001817125835,20.088786148440768
6.303931547259637,20.530608411299134
5.773744831829596,20.088786148440768
6.966664941547194,22.342079689018455
7.629398335834743,21.811892973588414
8.071220598693117,21.281706258158366
8.866500671838182,23.932639835308585
8.2921317301223,23.402453119878544
9.352505160982389,22.872266404448496
8.954865124409856,25.125559945026183
10.412878591842478,24.462826550738633
9.88269187641243,26.892848996459662
11.47325202270256,26.31848005474378
10.94306530727252,25.78829333931374
12.135985416990117,28.748502500464816
12.798718811277674,28.174133558748935
13.328905526707715,27.643946843318894
13.328905526707715,30.604156004469964
12.798718811277674,30.02978706275409
12.33480543527638,29.49960034732404
12.135985416990117,32.48190062161804
11.870892059275093,31.885440566759243
11.340705343845052,31.355253851329195
10.677971949557495,33.54227405247813
10.147785234127454,32.945813997619325
10.74424528898625,35.19910753819701
11.208158664987543,34.536374143909455
11.605798701560076,34.006187428479414
11.075611986130028,36.98848770277341
12.268532095847625,36.39202764791461
13.328905526707715,35.86184093248457
12.798718811277674,38.57904784906354
14.389278957567804,37.98258779420474
13.859092242137756,37.4524010787747
13.726545563280247,39.639421279923624
13.461452205565223,39.04296122506483
13.527725544993984,42.26826374393093
14.389278957567804,41.69389480221505
13.859092242137756,41.16370808678501
13.461452205565223,40.63352137135496
15.493834614713727,40.10333465592491
14.919465672997845,44.654103963366126
15.582199067285401,44.079735021650244
15.317105709570377,43.5495483062202
14.919465672997845,43.019361590790155
14.588098975854066,46.46557524108544
14.521825636425312,45.9353885256554
14.521825636425312,45.40520181022535
14.919465672997845,47.39340199308802
16.024021330143768,46.929488617086726
15.449652388427886,46.6643952593717
16.775119177003,46.46557524108544
16.775119177003,45.9353885256554
16.775119177003,45.47147514965411
16.819301403288833,44.87501509479531
17.702945929005573,44.477375058222776
17.040212534718023,44.079735021650244
17.901765947291842,43.61582164564895
18.431952662721883,43.085634930218916
18.89586603872317,42.62172155421762
18.89586603872317,42.157808178216335
18.36567932329313,42.55544821478887
17.901765947291842,43.019361590790155
18.89586603872317,42.55544821478887
18.36567932329313,42.09153483878758
18.36567932329313,42.3566281965026
17.968039286720597,43.085634930218916
19.160959396438194,44.079735021650244
18.630772681008153,43.5495483062202
19.82369279072575,44.94128843422406
20.265515053584117,44.477375058222776
21.01661290044335,45.40520181022535
20.552699524442062,46.200481883370415
20.4864261850133,45.670295167940374
20.088786148440768,45.9353885256554
21.01661290044335,45.40520181022535
20.552699524442062,44.87501509479531
21.01661290044335,44.34482837936527
20.088786148440768,43.81464166393522
20.4864261850133,43.28445494850518
22.12116855758927,42.820541572503885
21.54679961587339,42.3566281965026
21.01661290044335,41.95898815993007
22.209533010160946,41.49507478392878
21.944439652445922,41.03116140792749
21.54679961587339,42.48917487536011
21.21543291872961,41.95898815993007
21.613072955302144,41.428801444500024
21.149159579300857,43.019361590790155
22.209533010160946,42.48917487536011
22.474626367875963,41.95898815993007
23.13735976216352,41.49507478392878
23.00481308330601,40.898614729069976
22.474626367875963,40.36842801363994
23.269906441021035,39.838241298209894
22.739719725590987,39.37432792220861
23.534999798736052,38.91041454620732
24.241915419309443,38.51277450963478
24.462826550738633,38.048861133633494
24.529099890167387,37.58494775763221
24.993013266168674,37.187307721059675
25.523199981598715,36.657121005629634
24.993013266168674,36.19320762962835
24.330279871881118,35.72929425362706
24.0651865141661,36.78966768448714
23.667546477593568,36.126934290199586
23.269906441021035,37.4524010787747
24.19773319302361,36.92221436334465
24.0651865141661,36.2594809690571
23.534999798736052,35.596747574769545
24.462826550738633,35.19910753819701
23.932639835308585,34.66892082276697
24.462826550738633,34.27128078619444
24.462826550738633,33.80736741019315
24.462826550738633,33.34345403419186
24.462826550738633,33.74109407076439
24.462826550738633,34.13873410733692
24.131459853594855,33.54227405247813
23.667546477593568,33.34345403419186
24.462826550738633,33.34345403419186
23.932639835308585,33.47600071304937
24.462826550738633,34.13873410733692
24.462826550738633,34.40382746505195
24.462826550738633,34.40382746505195
24.462826550738633,33.873640749621906
24.330279871881118,33.34345403419186
23.800093156451076,32.945813997619325
23.402453119878544,32.48190062161804
25.523199981598715,32.945813997619325
24.993013266168674,32.54817396104679
24.462826550738633,34.27128078619444
23.932639835308585,33.74109407076439
23.534999798736052,33.34345403419186
24.72791990845365,35.33165421705452
24.19773319302361,34.80146750162448
23.534999798736052,34.33755412562319
23.402453119878544,33.74109407076439
23.269906441021035,33.34345403419186
23.00481308330601,33.34345403419186
22.60717304673348,33.34345403419186
23.269906441021035,33.40972737362062
22.60717304673348,34.867740841053234
23.402453119878544,34.27128078619444
22.872266404448496,33.74109407076439
22.342079689018455,35.19910753819701
24.19773319302361,34.62473859648113
23.667546477593568,35.39792755648328
23.13735976216352,34.93401418048199
22.60717304673348,35.39792755648328
24.462826550738633,34.93401418048199
23.932639835308585,34.4701008044807
23.402453119878544,34.40382746505195
23.269906441021035,34.867740841053234
23.00481308330601,35.39792755648328
22.474626367875963,35.6630209141983
21.878166313017168,36.17111651648543
21.281706258158366,35.86184093248457
20.618972863870816,35.33165421705452
20.15505948786953,34.66892082276697
20.79570176901416,33.873640749621906
21.01661290044335,33.47600071304937
20.353879506155792,34.66892082276697
19.558599433010727,34.006187428479414
19.293506075295703,35.19910753819701
18.89586603872317,34.62473859648113
18.23313264443562,35.0665608593395
17.835492607863088,35.464200895912036
17.835492607863088,35.464200895912036
17.835492607863088,35.53047423534079
17.30530589243304,36.458300987343364
16.841392516431753,35.99438761134208
17.570399250148064,36.657121005629634
17.040212534718023,36.78966768448714
17.30530589243304,37.187307721059675
16.775119177003,38.048861133633494
16.775119177003,37.58494775763221
16.112385782715442,38.55695673592062
15.847292425000418,38.247681151919764
15.317105709570377,37.85004111534723
14.720645654711582,38.91041454620732
14.389278957567804,40.23588133478243
13.925365581566517,39.57314794049488
13.527725544993984,41.49507478392878
14.168367826138613,40.898614729069976
14.389278957567804,41.82644148107256
13.726545563280247,41.229981426213755
13.461452205565223,40.76606805021247
13.593998884422739,40.36842801363994
14.256732278710288,39.9707879770674
14.698554541568662,40.96488806849874
15.449652388427886,40.50097469249745
15.052012351855353,42.22408151764509
15.184559030712869,41.69389480221505
14.65437231528282,41.16370808678501
15.449652388427886,44.609921737080285
14.985739012426599,44.079735021650244
15.184559030712869,43.5495483062202
14.65437231528282,43.019361590790155
15.317105709570377,47.260855314230504
15.052012351855353,46.73066859880046
14.65437231528282,46.200481883370415
15.228741256998703,45.670295167940374
15.317105709570377,45.14010845251033
14.786918994140336,49.69087775995154
15.493834614713727,49.11650881823566
14.919465672997845,48.58632210280561
15.582199067285401,48.05613538737557
15.317105709570377,49.779242212523215
14.919465672997845,49.18278215766441
15.317105709570377,48.718868781663126
14.786918994140336,48.32122874509059
15.979839103857934,47.85731536908931
16.510025819287975,47.39340199308802
16.244932461572958,46.99576195651548
15.71474574614291,46.598121919942955
16.775119177003,47.59222201137428
16.377479140430466,47.12830863537299
16.64257249814549,47.65849535080304
16.377479140430466,47.260855314230504
15.979839103857934,46.79694193822922
16.775119177003,46.200481883370415
16.244932461572958,45.73656850736913
16.775119177003,45.14010845251033
16.775119177003,44.676195076509046
16.775119177003,43.94718834279273
17.371579231861794,43.35072828793393
16.775119177003,43.68209498507771
17.835492607863088,44.94128843422406
17.835492607863088,44.34482837936527
18.36567932329313,45.47147514965411
17.968039286720597,45.14010845251033
18.89586603872317,44.477375058222776
18.36567932329313,43.81464166393522
17.901765947291842,43.41700162736269
17.835492607863088,43.019361590790155
17.835492607863088,42.55544821478887
18.431952662721883,41.82644148107256
17.968039286720597,41.16370808678501
18.89586603872317,40.50097469249745
18.89586603872317,39.838241298209894
18.23313264443562,39.37432792220861
17.835492607863088,38.77786786734981
17.835492607863088,38.115134473062255
17.968039286720597,37.31985439991719
18.674954907293987,36.78966768448714
19.028412717580686,37.31985439991719
19.73532833815407,37.4524010787747
21.01661290044335,36.98848770277341
20.4864261850133,36.39202764791461
20.751519542728325,35.92811427191332
20.221332827298284,35.33165421705452
21.082886239872103,34.867740841053234
20.618972863870816,34.27128078619444
21.21543291872961,33.60854739190688
21.613072955302144,32.945813997619325
21.149159579300857,32.283080603331776
22.07698633130343,31.752893887901728
21.613072955302144,31.355253851329195
21.21543291872961,30.891340475327908
21.54679961587339,30.361153759897867
21.149159579300857,30.957613814756662
22.07698633130343,30.42742709932662
22.673446386162233,31.222707172471686
23.269906441021035,31.222707172471686
23.402453119878544,30.957613814756662
23.402453119878544,30.361153759897867
23.402453119878544,30.825067135899154
22.938539743877257,30.42742709932662
22.342079689018455,31.686620548472973
21.811892973588414,31.222707172471686
21.281706258158366,32.216807263903014
21.878166313017168,32.68072063990431
22.342079689018455,33.07836067647684
22.209533010160946,32.48190062161804
21.944439652445922,32.283080603331776
21.54679961587339,31.752893887901728
21.149159579300857,31.222707172471686
22.342079689018455,31.686620548472973
23.269906441021035,32.216807263903014
22.739719725590987,32.945813997619325
22.07698633130343,32.415627282189284
21.613072955302144,34.13873410733692
21.01661290044335,33.47600071304937
20.353879506155792,34.40382746505195
20.265515053584117,34.006187428479414
21.01661290044335,33.40972737362062
20.552699524442062,33.34345403419186
20.353879506155792,33.873640749621906
20.088786148440768,33.34345403419186
20.4864261850133,34.40382746505195
20.088786148440768,34.33755412562319
21.01661290044335,34.006187428479414
20.552699524442062,33.54227405247813
20.15505948786953,35.39792755648328
19.95623946958326,34.80146750162448
19.293506075295703,34.27128078619444
18.89586603872317,35.86184093248457
18.23313264443562,36.524574326772125
17.702945929005573,36.657121005629634
16.907665855860508,36.98848770277341
16.64257249814549,37.4524010787747
16.112385782715442,36.92221436334465
15.449652388427886,36.458300987343364
14.919465672997845,35.90602315877041
14.588098975854066,36.524574326772125
14.521825636425312,36.657121005629634
14.455552296996558,38.31395449134852
14.389278957567804,37.717494436489716
13.726545563280247,37.187307721059675
13.328905526707715,36.78966768448714
12.997538829563936,39.705694619352386
12.401078774705141,39.17550790392234
12.135985416990117,38.71159452792105
11.738345380417584,38.51277450963478
11.208158664987543,37.98258779420474
10.677971949557495,37.51867441820345
10.147785234127454,36.92221436334465
11.075611986130028,36.78966768448714
10.545425270699987,37.4524010787747
10.147785234127454,36.98848770277341
9.683871858126167,37.187307721059675
9.087411803267365,37.78376777591848
9.15368514269612,37.31985439991719
9.617598518697413,36.72339434505839
9.617598518697413,36.78966768448714
9.219958482124873,37.31985439991719
,37.187307721059675
,36.72339434505839
,36.524574326772125
,35.92811427191332
,35.39792755648328
,34.867740841053234
,34.27128078619444
,33.74109407076439
,33.34345403419186
,35.464200895912036
,34.80146750162448
,34.27128078619444
,36.78966768448714
,36.126934290199586
,37.4524010787747
,36.98848770277341
,36.524574326772125
,35.72929425362706
,35.0665608593395
,34.60264748333822
,33.873640749621906
,33.34345403419186
,33.54227405247813
,34.13873410733692
,33.74109407076439
,33.21090735533435
,32.74699397933306
,32.283080603331776
,31.885440566759243
,31.42152719075795
,30.891340475327908
,30.42742709932662
,30.02978706275409
,29.565873686752802
,29.16823365018027
,29.764693705039065
,29.300780329037778
,28.770593613607737
,28.43922691646396
,28.041586879891426
,27.643946843318894
,27.180033467317607
,26.716120091316313
,26.31848005474378
,25.78829333931374
,25.324379963312452
,24.661646569024896
,24.462826550738633
,23.932639835308585
,23.402453119878544
,22.872266404448496
,22.342079689018455
,21.679346294730898
,21.281706258158366
,21.149159579300857
,20.751519542728325
,20.221332827298284
,19.757419451296997
,19.160959396438194
,18.697046020436908
,18.16685930500686
,17.702945929005573
,17.17275921357553
,16.907665855860508
,17.570399250148064
,18.431952662721883
,17.968039286720597
,18.763319359865662
,18.100585965578105
,17.437852571290556
,16.775119177003
,16.244932461572958
,15.781019085571664
,15.184559030712869
,14.720645654711582
,14.12418559985278
,13.593998884422739
,13.461452205565223
,13.196358847850206
,12.666172132420158
,12.268532095847625
,11.605798701560076
,10.94306530727252
,10.280331912984963
,10.214058573556208
,10.280331912984963
