Y(hoy),Y(ayer)
9.087411803267365,8.822318445552341
9.087411803267365,8.2921317301223
9.087411803267365,7.894491693549767
8.623498427266078,7.894491693549767
8.159585051264791,7.761945014692259
7.364304978119726,7.1654849598334565
7.894491693549767,7.761945014692259
7.0108471678330275,7.364304978119726
7.761945014692259,6.569024904974661
7.298031638690972,6.171384868402129
7.099211620404702,5.773744831829596
6.834118262689678,6.569024904974661
6.767844923260924,6.303931547259637
6.70157158383217,5.84001817125835
6.237658207830883,5.773744831829596
5.84001817125835,5.773744831829596
5.773744831829596,5.3761047952570635
5.6411981529720805,4.91219141925577
5.177284776970794,4.647098061540753
4.647098061540753,4.05063800668195
4.580824722111998,3.5867246306806635
4.1169113461107045,3.1228112546793767
3.3879046123944008,2.5926245392493286
2.923991236393107,2.3275311815343116
3.3879046123944008,2.3275311815343116
2.8577178969643597,2.2612578421055503
3.5204512912519093,1.7310711266755163
3.3879046123944008,1.2671577506742295
3.1228112546793767,1.2671577506742295
2.725171218106837,1.2671577506742295
2.0624378238192946,1.2671577506742295
1.664797787246755,1.0020643929591984
2.23916672896263,0.33933099867164174
1.664797787246755,0.20678431981413326
2.46007786039182,0.20678431981413326
2.3275311815343116,0.20678431981413326
2.0624378238192946,0.20678431981413326
1.664797787246755,0.20678431981413326
2.23916672896263,-0.1908557167583922
1.664797787246755,-0.7873157716172017
2.46007786039182,-0.8535891110459488
1.7973444661042635,-0.8535891110459488
1.3334310901029767,-0.45594907447342337
1.2671577506742295,0.07423764095662477
1.2671577506742295,-0.05830903790088371
1.2008844112454682,-0.45594907447342337
1.1346110718167068,-0.8535891110459488
0.6044243563866729,-0.8535891110459488
0.2730576592428946,-0.8535891110459488
0.20678431981413326,-0.8535891110459488
0.20678431981413326,-0.8535891110459488
0.20678431981413326,-0.8535891110459488
0.20678431981413326,-0.8535891110459488
0.33933099867164174,-0.8535891110459488
0.9136999403875308,-0.8535891110459488
1.1346110718167068,-0.45594907447342337
0.47187767752916443,0.07423764095662477
0.20678431981413326,-0.45594907447342337
0.20678431981413326,-0.8535891110459488
0.20678431981413326,-0.8535891110459488
0.20678431981413326,-0.8535891110459488
0.20678431981413326,-0.8535891110459488
0.20678431981413326,-0.8535891110459488
0.20678431981413326,-0.3234023956159007
0.20678431981413326,0.20678431981413326
0.07423764095662477,0.20678431981413326
-0.389675735044662,0.20678431981413326
-0.1466734904725655,0.20678431981413326
-0.5884957533309318,0.6044243563866729
0.20678431981413326,1.2008844112454682
0.20678431981413326,1.2671577506742295
0.20678431981413326,1.7310711266755163
0.20678431981413326,2.194984502676803
0.20678431981413326,3.1228112546793767
0.33933099867164174,2.5926245392493286
0.9136999403875308,3.5204512912519093
1.1346110718167068,3.5204512912519093
0.6044243563866729,3.5204512912519093
0.20678431981413326,3.6529979701094177
1.1346110718167068,4.05063800668195
0.6044243563866729,5.243558116399548
1.2671577506742295,4.580824722111998
1.3334310901029767,6.569024904974661
1.664797787246755,5.906291510687105
1.2671577506742295,7.828218354121013
2.23916672896263,7.231758299262211
2.46007786039182,8.888591784981102
2.46007786039182,8.2921317301223
2.725171218106837,9.352505160982389
2.3275311815343116,8.954865124409856
3.3879046123944008,10.545425270699987
3.5204512912519093,9.88269187641243
4.05063800668195,11.870892059275093
4.580824722111998,11.208158664987543
3.918091327824442,13.196358847850206
3.454177951823155,12.53362545356265
3.5204512912519093,14.389278957567804
3.5204512912519093,13.859092242137756
3.564633517537743,15.582199067285401
4.315731364396974,14.919465672997845
3.7855446489669333,16.907665855860508
4.183184685539466,16.244932461572958
3.6529979701094177,17.702945929005573
4.713371400969507,17.968039286720597
4.05063800668195,17.570399250148064
5.420287021542897,16.907665855860508
5.707471492400835,16.244932461572958
5.950473736972938,15.781019085571664
6.70157158383217,15.781019085571664
6.237658207830883,16.311205801001712
6.171384868402129,17.30530589243304
5.773744831829596,16.775119177003
5.773744831829596,18.498226002150638
5.773744831829596,17.835492607863088
5.84001817125835,19.82369279072575
6.569024904974661,19.160959396438194
5.906291510687105,21.082886239872103
7.231758299262211,20.4864261850133
7.761945014692259,22.209533010160946
7.4305783175484805,21.54679961587339
6.966664941547194,23.534999798736052
7.496851656977235,22.872266404448496
8.093311711836037,24.860466587311166
8.623498427266078,24.19773319302361
9.087411803267365,26.583573412458804
9.418778500411143,26.053386697028763
8.954865124409856,25.523199981598715
10.015238555269946,29.234506989609024
10.147785234127454,28.770593613607737
9.617598518697413,28.174133558748935
9.15368514269612,27.643946843318894
10.015238555269946,27.113760127888845
9.352505160982389,29.89724038389658
10.147785234127454,31.62034720904422
10.412878591842478,31.090160493614178
10.015238555269946,30.55997377818413
12.003438738132608,30.162333741611597
11.406978683273806,33.21090735533435
10.94306530727252,32.68072063990431
11.870892059275093,32.15053392447426
11.406978683273806,33.74109407076439
12.268532095847625,34.33755412562319
11.738345380417584,34.13873410733692
12.53362545356265,33.34345403419186
13.06381216899269,32.68072063990431
13.726545563280247,32.15053392447426
14.389278957567804,31.48780053018671
14.521825636425312,31.222707172471686
14.521825636425312,30.825067135899154
14.521825636425312,30.294880420469113
14.521825636425312,29.764693705039065
14.588098975854066,29.234506989609024
15.250832370141623,28.770593613607737
14.65437231528282,28.24040689817769
15.847292425000418,27.776493522176402
16.510025819287975,27.37885348560387
16.377479140430466,26.914940109602583
15.847292425000418,26.716120091316313
16.775119177003,27.180033467317607
16.244932461572958,27.643946843318894
16.907665855860508,27.113760127888845
17.614581476433898,26.451026733601296
17.835492607863088,25.854566678742493
18.100585965578105,26.451026733601296
17.702945929005573,26.716120091316313
19.160959396438194,26.716120091316313
18.564499341579392,27.180033467317607
19.95623946958326,27.511400164461378
19.42605275415322,26.84866677017383
18.763319359865662,26.185933375886272
18.23313264443562,25.78829333931374
17.702945929005573,26.451026733601296
17.17275921357553,26.053386697028763
16.775119177003,25.58947332102747
19.691146111868235,25.125559945026183
19.160959396438194,24.772102134739484
18.630772681008153,25.390653302741207
18.100585965578105,24.993013266168674
17.570399250148064,24.72791990845365
17.040212534718023,25.258106623883698
19.95623946958326,25.65574666045623
19.42605275415322,25.722019999884985
19.09468605700944,26.451026733601296
19.73532833815407,25.920840018171248
20.265515053584117,26.053386697028763
21.01661290044335,25.65574666045623
20.4864261850133,26.451026733601296
21.01661290044335,26.185933375886272
20.4864261850133,25.78829333931374
20.088786148440768,25.324379963312452
21.01661290044335,24.794193247882404
20.4864261850133,25.324379963312452
21.281706258158366,26.31848005474378
21.811892973588414,25.65574666045623
22.07698633130343,25.05928660559743
21.54679961587339,24.462826550738633
21.01661290044335,23.932639835308585
20.552699524442062,23.534999798736052
20.088786148440768,25.523199981598715
21.01661290044335,24.993013266168674
20.4864261850133,26.64984675188756
22.07698633130343,26.053386697028763
21.613072955302144,26.583573412458804
23.13735976216352,26.053386697028763
22.474626367875963,25.65574666045623
22.342079689018455,26.583573412458804
21.811892973588414,26.119660036457518
21.281706258158366,25.390653302741207
22.342079689018455,24.794193247882404
21.944439652445922,25.390653302741207
22.342079689018455,25.65574666045623
22.342079689018455,26.583573412458804
22.342079689018455,26.053386697028763
22.342079689018455,27.643946843318894
22.010712991874676,27.180033467317607
21.54679961587339,27.113760127888845
21.149159579300857,26.716120091316313
22.209533010160946,27.24630680674636
21.679346294730898,26.716120091316313
22.342079689018455,28.483409142749792
22.342079689018455,27.90904020103391
22.342079689018455,28.174133558748935
21.811892973588414,27.776493522176402
21.281706258158366,28.21831578503477
21.149159579300857,30.162333741611597
21.01661290044335,29.49960034732404
20.4864261850133,28.969413631894
20.088786148440768,30.825067135899154
21.01661290044335,30.294880420469113
20.4864261850133,29.764693705039065
21.149159579300857,29.300780329037778
21.01661290044335,28.903140292465245
20.353879506155792,30.162333741611597
19.691146111868235,29.49960034732404
19.160959396438194,29.101960310751508
19.028412717580686,30.825067135899154
19.22723273586695,30.361153759897867
19.82369279072575,30.02978706275409
19.95623946958326,29.89724038389658
19.492326093581973,29.278689215894858
19.09468605700944,30.42742709932662
18.962139378151925,29.764693705039065
18.763319359865662,31.752893887901728
18.498226002150638,31.090160493614178
17.968039286720597,32.415627282189284
17.702945929005573,32.945813997619325
17.30530589243304,32.15053392447426
16.775119177003,31.686620548472973
16.244932461572958,31.090160493614178
15.648472406714156,30.55997377818413
16.775119177003,30.162333741611597
16.377479140430466,32.15053392447426
16.708845837574245,31.62034720904422
16.112385782715442,33.07836067647684
15.847292425000418,32.61444730047555
15.449652388427886,32.415627282189284
14.919465672997845,32.01798724561675
14.521825636425312,31.48780053018671
14.455552296996558,31.222707172471686
14.256732278710288,31.885440566759243
13.726545563280247,32.216807263903014
13.461452205565223,31.885440566759243
15.449652388427886,31.42152719075795
14.919465672997845,31.885440566759243
14.389278957567804,31.48780053018671
13.859092242137756,32.415627282189284
14.65437231528282,33.21090735533435
14.12418559985278,32.74699397933306
13.593998884422739,32.15053392447426
12.931265490135182,31.62034720904422
12.53362545356265,31.222707172471686
12.268532095847625,31.752893887901728
11.804618719846339,31.222707172471686
12.268532095847625,33.07836067647684
11.340705343845052,32.415627282189284
11.738345380417584,33.34345403419186
12.268532095847625,32.81326731876182
11.738345380417584,32.283080603331776
11.274432004416298,33.74109407076439
11.208158664987543,33.2771806947631
11.075611986130028,32.68072063990431
10.81051862841501,34.27128078619444
10.412878591842478,33.47600071304937
11.208158664987543,32.945813997619325
10.677971949557495,32.415627282189284
10.412878591842478,31.752893887901728
9.88269187641243,31.355253851329195
9.352505160982389,31.885440566759243
9.926874102698264,32.74699397933306
8.954865124409856,32.283080603331776
11.208158664987543,33.2771806947631
10.677971949557495,33.34345403419186
10.214058573556208,33.47600071304937
10.677971949557495,34.27128078619444
10.280331912984963,33.873640749621906
11.208158664987543,33.74109407076439
10.81051862841501,33.34345403419186
11.075611986130028,34.27128078619444
10.81051862841501,33.74109407076439
10.412878591842478,33.34345403419186
11.208158664987543,36.92221436334465
10.677971949557495,36.39202764791461
10.280331912984963,35.86184093248457
10.015238555269946,35.33165421705452
10.015238555269946,34.80146750162448
9.750145197554922,39.08714345135067
9.352505160982389,38.51277450963478
8.954865124409856,37.98258779420474
10.147785234127454,37.4524010787747
9.617598518697413,40.898614729069976
9.617598518697413,40.36842801363994
9.087411803267365,39.90451463763865
10.479151931271232,39.838241298209894
9.88269187641243,39.17550790392234
10.94306530727252,38.91041454620732
10.677971949557495,40.898614729069976
10.147785234127454,40.36842801363994
10.147785234127454,39.90451463763865
10.147785234127454,39.308054582779846
10.677971949557495,38.6453211884923
10.147785234127454,38.38022783077727
11.208158664987543,37.98258779420474
10.677971949557495,37.31985439991719
10.147785234127454,36.8559410239159
10.147785234127454,37.58494775763221
10.545425270699987,37.717494436489716
10.015238555269946,37.187307721059675
11.208158664987543,36.657121005629634
11.738345380417584,36.126934290199586
12.268532095847625,35.596747574769545
11.605798701560076,35.13283419876826
11.141885325558782,34.4701008044807
11.738345380417584,34.40382746505195
11.340705343845052,33.873640749621906
12.268532095847625,33.34345403419186
11.738345380417584,34.867740841053234
11.406978683273806,34.27128078619444
12.047620964418442,33.74109407076439
12.33480543527638,36.458300987343364
12.401078774705141,35.86184093248457
12.33480543527638,35.33165421705452
12.268532095847625,38.51277450963478
11.738345380417584,37.916314454775986
11.274432004416298,37.4524010787747
12.268532095847625,36.92221436334465
11.738345380417584,37.717494436489716
12.864992150706428,37.187307721059675
13.328905526707715,36.524574326772125
12.798718811277674,35.86184093248457
12.467352114133895,35.33165421705452
13.130085508421452,34.80146750162448
14.168367826138613,34.27128078619444
13.593998884422739,33.74109407076439
15.449652388427886,33.34345403419186
14.919465672997845,33.21090735533435
15.449652388427886,32.68072063990431
14.919465672997845,32.15053392447426
14.521825636425312,31.62034720904422
15.979839103857934,31.090160493614178
16.907665855860508,30.55997377818413
17.570399250148064,29.89724038389658
16.97393919528926,29.367053668466532
17.570399250148064,28.704320274178976
16.510025819287975,28.174133558748935
15.847292425000418,27.511400164461378
17.835492607863088,26.84866677017383
17.30530589243304,26.31848005474378
16.775119177003,25.65574666045623
16.377479140430466,25.125559945026183
17.835492607863088,24.72791990845365
17.30530589243304,24.264006532452363
16.841392516431753,23.733819817022322
17.702945929005573,23.269906441021035
17.040212534718023,22.872266404448496
17.901765947291842,22.40835302844721
18.431952662721883,21.944439652445922
18.89586603872317,21.54679961587339
18.962139378151925,21.01661290044335
18.763319359865662,20.4864261850133
18.498226002150638,20.022512809012014
17.968039286720597,19.42605275415322
17.702945929005573,19.028412717580686
17.17275921357553,19.22723273586695
16.64257249814549,19.757419451296997
15.979839103857934,20.221332827298284
15.582199067285401,21.01661290044335
18.100585965578105,20.552699524442062
17.570399250148064,20.022512809012014
17.040212534718023,19.42605275415322
16.510025819287975,19.028412717580686
18.89586603872317,19.028412717580686
18.763319359865662,18.89586603872317
18.498226002150638,18.36567932329313
18.14476819186394,17.968039286720597
18.89586603872317,18.962139378151925
18.498226002150638,18.498226002150638
19.028412717580686,19.42605275415322
19.09468605700944,19.82369279072575
19.492326093581973,19.22723273586695
19.028412717580686,19.028412717580686
19.95623946958326,19.028412717580686
20.088786148440768,18.763319359865662
20.4864261850133,18.188950418149787
20.088786148440768,18.940048265009004
21.01661290044335,20.79570176901416
20.4864261850133,20.221332827298284
19.82369279072575,19.691146111868235
19.293506075295703,20.4864261850133
18.630772681008153,20.088786148440768
18.100585965578105,20.088786148440768
18.89586603872317,20.088786148440768
18.36567932329313,20.088786148440768
18.100585965578105,20.552699524442062
17.570399250148064,20.884066221585833
17.040212534718023,20.221332827298284
17.835492607863088,19.691146111868235
17.30530589243304,19.160959396438194
17.835492607863088,20.79570176901416
17.702945929005573,20.221332827298284
18.299405983864375,19.691146111868235
18.763319359865662,20.4864261850133
18.14476819186394,20.088786148440768
17.570399250148064,21.082886239872103
17.040212534718023,21.347979597587127
16.907665855860508,21.944439652445922
15.979839103857934,21.54679961587339
15.582199067285401,21.01661290044335
15.184559030712869,20.4864261850133
14.65437231528282,20.022512809012014
13.859092242137756,19.470234980439052
13.196358847850206,19.028412717580686
12.53362545356265,21.856075199874248
12.931265490135182,21.281706258158366
12.268532095847625,20.751519542728325
11.738345380417584,20.221332827298284
11.208158664987543,23.00481308330601
11.208158664987543,22.540899707304725
10.677971949557495,22.342079689018455
10.015238555269946,22.60717304673348
9.352505160982389,23.13735976216352
9.617598518697413,22.673446386162233
9.219958482124873,22.209533010160946
,21.679346294730898
,21.281706258158366
,22.143259670732192
,21.679346294730898
,23.203633101592274
,22.60717304673348
,24.19773319302361
,23.733819817022322
,23.534999798736052
,24.0651865141661
,23.534999798736052
,25.258106623883698
,24.661646569024896
,24.462826550738633
,23.932639835308585
,23.534999798736052
,24.860466587311166
,24.19773319302361
,26.053386697028763
,25.523199981598715
,26.583573412458804
,26.053386697028763
,25.523199981598715
,24.993013266168674
,24.59537322959614
,25.258106623883698
,24.72791990845365
,24.264006532452363
,23.755910930165243
,25.390653302741207
,24.72791990845365
,24.19773319302361
,25.65574666045623
,25.390653302741207
,24.794193247882404
,25.302288850169532
,24.860466587311166
,24.993013266168674
,24.529099890167387
,24.0651865141661
,23.667546477593568
,24.860466587311166
,24.19773319302361
,25.523199981598715
,24.993013266168674
,24.462826550738633
,23.800093156451076
,23.00481308330601
,22.540899707304725
,23.13735976216352
,22.673446386162233
,22.209533010160946
,22.673446386162233
,23.203633101592274
,23.667546477593568
,24.19773319302361
,23.733819817022322
,23.932639835308585
,24.462826550738633
,24.19773319302361
,23.534999798736052
,22.872266404448496
,22.474626367875963
,23.13735976216352
,22.739719725590987
,22.342079689018455
,21.811892973588414
,21.281706258158366
,20.751519542728325
,20.221332827298284
,19.558599433010727
,19.160959396438194
,19.691146111868235
,20.022512809012014
,19.62487277243948
,19.028412717580686
,18.498226002150638
,17.968039286720597
,20.79570176901416
,20.221332827298284
,19.691146111868235
,19.293506075295703
,21.149159579300857
,20.751519542728325
,20.221332827298284
,19.757419451296997
,19.293506075295703
,17.835492607863088
,17.30530589243304
,16.775119177003
,16.244932461572958
,15.847292425000418
,16.64257249814549
,15.979839103857934
,15.449652388427886
,14.919465672997845
,14.389278957567804
,13.859092242137756
,13.461452205565223
,12.931265490135182
,12.401078774705141
,12.003438738132608
,11.47325202270256
,10.94306530727252
,10.479151931271232
,10.280331912984963
