Y(hoy),Y(ayer)
6.834118262689678,5.773744831829596
6.966664941547194,5.3761047952570635
7.541033883263069,4.91219141925577
7.761945014692259,4.713371400969507
7.099211620404702,4.713371400969507
6.436478226117146,4.448278043254483
5.906291510687105,3.6529979701094177
5.707471492400835,3.5204512912519093
5.6411981529720805,3.5204512912519093
4.978464758684531,3.5204512912519093
4.580824722111998,3.255357933536885
4.580824722111998,2.7914445575355984
4.580824722111998,2.3938045209630587
4.580824722111998,2.2612578421055503
4.448278043254483,1.664797787246755
4.183184685539466,1.2671577506742295
3.6529979701094177,1.2671577506742295
3.5204512912519093,1.2671577506742295
2.8577178969643597,1.2671577506742295
2.3938045209630587,0.8695177141016899
2.46007786039182,0.33933099867164174
2.46007786039182,-0.1908557167583922
1.929891144961772,-0.654769092759679
1.5322511083892465,-0.7873157716172017
1.2671577506742295,0.07423764095662477
1.2671577506742295,-0.3234023956159007
1.2671577506742295,-0.7873157716172017
1.3334310901029767,-0.654769092759679
2.194984502676803,-0.1466734904725655
1.664797787246755,-0.45594907447342337
2.194984502676803,-0.8535891110459488
1.5322511083892465,-0.8535891110459488
1.2671577506742295,-0.7873157716172017
1.2671577506742295,-0.1466734904725655
1.2671577506742295,-0.45594907447342337
1.2008844112454682,-0.8535891110459488
1.1346110718167068,-0.654769092759679
0.67069769581542,-0.05830903790088371
0.2730576592428946,0.20678431981413326
0.47187767752916443,0.20678431981413326
1.1346110718167068,0.20678431981413326
1.2671577506742295,-0.1908557167583922
1.1346110718167068,-0.654769092759679
0.6044243563866729,-0.1466734904725655
1.1346110718167068,-0.45594907447342337
0.6044243563866729,-0.8535891110459488
0.20678431981413326,0.07423764095662477
1.1346110718167068,0.20678431981413326
0.67069769581542,-0.3234023956159007
0.2730576592428946,-0.8535891110459488
0.5381510169579116,-0.45594907447342337
1.1346110718167068,0.07423764095662477
0.67069769581542,0.47187767752916443
0.5381510169579116,1.0020643929591984
0.20678431981413326,0.6044243563866729
0.9136999403875308,0.20678431981413326
0.47187767752916443,-0.1908557167583922
1.1346110718167068,-0.654769092759679
1.1346110718167068,-0.1908557167583922
0.6044243563866729,-0.5884957533309318
0.20678431981413326,0.20678431981413326
1.1346110718167068,0.20678431981413326
0.7369710352441814,0.20678431981413326
1.2671577506742295,0.20678431981413326
1.2671577506742295,0.20678431981413326
1.0020643929591984,0.20678431981413326
0.6044243563866729,0.6044243563866729
0.9136999403875308,1.0020643929591984
0.47187767752916443,0.4056043381004031
1.2671577506742295,0.20678431981413326
1.4438866558175647,0.20678431981413326
2.3275311815343116,0.20678431981413326
1.7973444661042635,0.33933099867164174
2.3275311815343116,1.1346110718167068
2.0624378238192946,0.7369710352441814
1.664797787246755,0.6044243563866729
1.3334310901029767,0.20678431981413326
1.664797787246755,1.2008844112454682
1.2671577506742295,1.2671577506742295
2.23916672896263,1.3334310901029767
2.3275311815343116,2.5263511998205814
2.0624378238192946,1.929891144961772
1.664797787246755,1.5322511083892465
2.23916672896263,3.5204512912519093
1.664797787246755,2.990264575821868
2.46007786039182,4.183184685539466
3.5204512912519093,3.918091327824442
2.990264575821868,3.6529979701094177
4.580824722111998,4.647098061540753
4.05063800668195,4.183184685539466
4.845918079827015,5.177284776970794
4.448278043254483,5.707471492400835
5.508651474114572,5.773744831829596
5.707471492400835,6.70157158383217
6.237658207830883,6.171384868402129
6.834118262689678,5.773744831829596
7.541033883263069,7.894491693549767
8.071220598693117,7.231758299262211
8.888591784981102,9.15368514269612
8.2921317301223,8.557225087837324
9.485051839839898,10.214058573556208
10.147785234127454,9.617598518697413
10.74424528898625,10.677971949557495
11.340705343845052,11.208158664987543
12.003438738132608,12.069712077561363
13.107994395278524,11.605798701560076
12.53362545356265,13.196358847850206
14.389278957567804,12.53362545356265
13.925365581566517,14.521825636425312
15.493834614713727,13.859092242137756
14.919465672997845,15.781019085571664
16.819301403288833,15.184559030712869
16.244932461572958,16.841392516431753
18.100585965578105,16.244932461572958
17.570399250148064,17.30530589243304
19.42605275415322,18.498226002150638
18.962139378151925,17.835492607863088
20.530608411299134,19.757419451296997
19.95623946958326,19.160959396438194
21.856075199874248,20.221332827298284
21.281706258158366,20.751519542728325
23.13735976216352,21.21543291872961
22.60717304673348,21.811892973588414
23.402453119878544,23.402453119878544
24.19773319302361,22.872266404448496
23.667546477593568,22.342079689018455
23.269906441021035,21.41425293701588
26.64984675188756,25.523199981598715
26.053386697028763,24.993013266168674
25.523199981598715,24.462826550738633
24.993013266168674,24.0651865141661
29.234506989609024,27.113760127888845
28.571773595321467,26.583573412458804
28.174133558748935,26.185933375886272
27.643946843318894,29.54378257360988
27.113760127888845,28.969413631894
31.62034720904422,28.43922691646396
31.090160493614178,27.90904020103391
30.55997377818413,27.511400164461378
30.02978706275409,31.929622793045077
33.74109407076439,31.355253851329195
33.144634015905595,30.825067135899154
32.68072063990431,30.294880420469113
32.15053392447426,33.873640749621906
35.596747574769545,33.21090735533435
35.00028751991075,32.68072063990431
34.536374143909455,35.72929425362706
37.4524010787747,35.0665608593395
36.92221436334465,34.536374143909455
36.39202764791461,37.054761042202166
39.308054582779846,36.39202764791461
38.77786786734981,38.247681151919764
38.247681151919764,37.717494436489716
41.16370808678501,39.44060126163736
40.69979471078371,38.77786786734981
40.10333465592491,41.69389480221505
42.79845045936097,41.16370808678501
42.22408151764509,40.63352137135496
41.69389480221505,40.10333465592491
44.079735021650244,43.88091500336398
43.5495483062202,43.28445494850518
47.52594867194553,42.75426823307514
46.99576195651548,42.22408151764509
46.598121919942955,45.40520181022535
49.779242212523215,44.87501509479531
49.24905549709317,47.30503754051634
48.78514212109188,46.73066859880046
48.32122874509059,46.33302856222792
47.923588708518054,46.79694193822922
49.91178889138072,47.32712865365926
49.381602175950675,48.365410971376434
48.91768879994939,47.791042029660545
52.562722468530936,49.779242212523215
52.032535753100895,49.11650881823566
51.56862237709961,49.91178889138072
50.972162322240806,49.91178889138072
50.441975606810765,49.6466955336657
53.623095899391025,49.24905549709317
53.092909183960984,48.58632210280561
54.15328261482107,47.923588708518054
53.68936923881978,47.65849535080304
53.291729202247254,47.65849535080304
53.092909183960984,47.260855314230504
52.43017578967343,46.79694193822922
52.16508243195841,46.598121919942955
51.76744239538587,48.05613538737557
51.23725567995583,47.52594867194553
50.77334230395454,46.99576195651548
50.17688224909574,49.779242212523215
49.712968873094454,49.11650881823566
49.24905549709317,48.58632210280561
48.718868781663126,50.57452228566828
49.955971117666564,49.6466955336657
50.70706896452579,49.11650881823566
50.11060890966699,48.58632210280561
50.70706896452579,47.923588708518054
49.6466955336657,47.65849535080304
49.11650881823566,47.260855314230504
50.17688224909574,46.73066859880046
48.718868781663126,46.266755222799176
51.76744239538587,45.80284184679789
51.170982340527075,45.40520181022535
50.70706896452579,44.87501509479531
49.6466955336657,44.477375058222776
49.11650881823566,44.411101718794015
51.76744239538587,43.81464166393522
51.10470900109832,43.019361590790155
51.10470900109832,42.48917487536011
49.381602175950675,41.95898815993007
48.851415460520634,41.428801444500024
48.32122874509059,40.898614729069976
47.791042029660545,40.36842801363994
47.260855314230504,39.9707879770674
46.598121919942955,39.90451463763865
46.06793520451291,39.37432792220861
45.27265513136784,38.77786786734981
44.74246841593779,38.115134473062255
45.670295167940374,37.4524010787747
45.14010845251033,37.054761042202166
46.200481883370415,36.126934290199586
45.60402182851162,35.464200895912036
46.200481883370415,34.93401418048199
45.14010845251033,34.66892082276697
44.609921737080285,36.39202764791461
44.079735021650244,35.86184093248457
43.68209498507771,35.39792755648328
42.75426823307514,35.0665608593395
42.22408151764509,34.536374143909455
41.69389480221505,33.873640749621906
41.16370808678501,33.07836067647684
40.76606805021247,32.81326731876182
39.57314794049488,32.415627282189284
40.23588133478243,34.006187428479414
39.04296122506483,33.47600071304937
38.51277450963478,33.07836067647684
37.85004111534723,34.40382746505195
37.58494775763221,34.13873410733692
37.054761042202166,33.40972737362062
36.59084766620087,33.34345403419186
37.717494436489716,33.34345403419186
37.187307721059675,33.34345403419186
36.657121005629634,32.945813997619325
38.77786786734981,32.48190062161804
38.247681151919764,32.283080603331776
37.98258779420474,33.25508958162019
37.51867441820345,32.68072063990431
36.92221436334465,34.006187428479414
37.717494436489716,33.47600071304937
37.187307721059675,33.873640749621906
36.72339434505839,34.33755412562319
35.99438761134208,34.27128078619444
35.464200895912036,33.47600071304937
35.19910753819701,33.34345403419186
34.84564972791032,34.07246076790817
34.006187428479414,33.47600071304937
33.40972737362062,35.0665608593395
35.72929425362706,34.536374143909455
35.0665608593395,35.86184093248457
34.536374143909455,35.464200895912036
36.39202764791461,36.2594809690571
36.39202764791461,35.99438761134208
35.72929425362706,36.92221436334465
35.596747574769545,37.51867441820345
35.464200895912036,36.657121005629634
35.19910753819701,35.86184093248457
34.80146750162448,34.80146750162448
34.4701008044807,35.596747574769545
34.40382746505195,36.524574326772125
34.33755412562319,36.657121005629634
32.945813997619325,37.054761042202166
32.48190062161804,37.4524010787747
33.47600071304937,37.010578815916325
34.006187428479414,38.51277450963478
32.945813997619325,37.98258779420474
32.415627282189284,37.31985439991719
34.80146750162448,37.4524010787747
35.33165421705452,36.92221436334465
34.66892082276697,37.98258779420474
34.07246076790817,39.838241298209894
35.0665608593395,39.308054582779846
34.536374143909455,38.77786786734981
33.60854739190688,38.247681151919764
35.33165421705452,37.58494775763221
34.80146750162448,37.31985439991719
34.40382746505195,36.92221436334465
36.524574326772125,36.2594809690571
35.86184093248457,35.79556759305581
36.8559410239159,36.458300987343364
37.4524010787747,37.58494775763221
37.4524010787747,36.92221436334465
36.92221436334465,37.31985439991719
36.657121005629634,36.92221436334465
37.58494775763221,38.77786786734981
36.92221436334465,38.247681151919764
35.86184093248457,39.705694619352386
37.12103438163092,39.17550790392234
37.717494436489716,39.57314794049488
37.231489947345516,40.63352137135496
38.115134473062255,39.9707879770674
37.58494775763221,41.16370808678501
38.77786786734981,40.63352137135496
38.115134473062255,40.23588133478243
38.6453211884923,43.019361590790155
38.38022783077727,42.48917487536011
38.02677002049058,41.95898815993007
38.77786786734981,42.3566281965026
39.838241298209894,42.886814911932646
39.308054582779846,42.62172155421762
38.77786786734981,42.3566281965026
38.31395449134852,43.019361590790155
37.85004111534723,42.62172155421762
36.657121005629634,43.5495483062202
40.898614729069976,44.34482837936527
40.36842801363994,43.94718834279273
40.10333465592491,44.74246841593779
39.705694619352386,46.200481883370415
40.23588133478243,45.80284184679789
40.63352137135496,45.27265513136784
40.23588133478243,49.6466955336657
42.22408151764509,49.11650881823566
41.69389480221505,48.58632210280561
41.16370808678501,48.05613538737557
44.34482837936527,53.88818925710605
43.81464166393522,53.35800254167601
43.28445494850518,52.82781582624596
42.886814911932646,52.43017578967343
44.34482837936527,51.899989074243386
45.40520181022535,56.274029476541244
44.94128843422406,55.81011610053996
44.477375058222776,55.21365604568116
46.46557524108544,54.683469330251114
45.9353885256554,55.61129608225369
46.46557524108544,55.34620272453867
46.00166186508415,54.81601600910862
45.53774848908286,54.4183759725361
44.079735021650244,53.88818925710605
43.5495483062202,52.562722468530936
44.609921737080285,51.899989074243386
43.15190826964766,51.369802358813345
45.670295167940374,51.10470900109832
45.14010845251033,52.82781582624596
44.079735021650244,52.29762911081592
43.5495483062202,51.899989074243386
52.82781582624596,53.15918252338974
54.28582929367858,52.82781582624596
54.81601600910862,52.36390245024467
54.4183759725361,51.899989074243386
55.34620272453867,51.502349037670854
54.15328261482107,50.972162322240806
53.623095899391025,50.441975606810765
52.562722468530936,50.04433557023823
52.82781582624596,49.51414885480819
52.16508243195841,48.851415460520634
51.63489571652836,48.32122874509059
51.03843566166957,47.791042029660545
50.8396156433833,47.923588708518054
50.57452228566828,50.309428927953256
50.17688224909574,49.6466955336657
49.97806223080948,49.11650881823566
49.381602175950675,48.718868781663126
48.851415460520634,51.63489571652836
48.32122874509059,50.972162322240806
47.260855314230504,52.82781582624596
46.79694193822922,52.231355771387165
46.200481883370415,52.032535753100895
45.60402182851162,51.502349037670854
47.65849535080304,51.10470900109832
46.99576195651548,50.70706896452579
49.425784402236516,50.2431555885245
48.851415460520634,49.51414885480819
48.32122874509059,48.851415460520634
50.70706896452579,48.32122874509059
50.04433557023823,47.791042029660545
49.381602175950675,47.260855314230504
48.58632210280561,46.598121919942955
47.923588708518054,46.33302856222792
47.39340199308802,45.9353885256554
46.598121919942955,45.40520181022535
46.33302856222792,44.87501509479531
45.80284184679789,44.3890106056511
45.40520181022535,43.81464166393522
45.40520181022535,43.41700162736269
44.87501509479531,45.14010845251033
44.34482837936527,44.609921737080285
42.886814911932646,44.146008361079
42.3566281965026,43.5495483062202
41.56134812335753,42.886814911932646
41.03116140792749,42.22408151764509
40.36842801363994,41.7601681416438
39.9707879770674,41.296254765642516
40.898614729069976,40.63352137135496
40.36842801363994,40.23588133478243
39.838241298209894,39.04296122506483
39.17550790392234,38.51277450963478
40.898614729069976,37.916314454775986
40.36842801363994,37.85004111534723
39.838241298209894,39.04296122506483
39.308054582779846,38.6453211884923
38.91041454620732,40.23588133478243
39.04296122506483,40.83234138964123
38.6453211884923,40.36842801363994
38.247681151919764,39.9707879770674
37.187307721059675,39.308054582779846
36.657121005629634,38.77786786734981
40.898614729069976,38.247681151919764
40.36842801363994,37.78376777591848
39.9707879770674,37.4524010787747
37.717494436489716,37.054761042202166
37.187307721059675,36.2594809690571
36.78966768448714,35.72929425362706
39.9707879770674,37.231489947345516
38.51277450963478,36.657121005629634
37.98258779420474,36.126934290199586
37.4524010787747,38.6453211884923
36.78966768448714,37.98258779420474
36.524574326772125,38.91041454620732
36.59084766620087,38.51277450963478
37.49658330506054,38.048861133633494
38.822050093635646,37.4524010787747
38.247681151919764,36.78966768448714
40.10333465592491,36.78966768448714
39.57314794049488,37.717494436489716
40.898614729069976,38.51277450963478
40.36842801363994,38.115134473062255
39.838241298209894,39.57314794049488
39.37432792220861,39.04296122506483
38.77786786734981,40.898614729069976
38.31395449134852,40.36842801363994
37.717494436489716,39.9707879770674
36.92221436334465,39.838241298209894
36.524574326772125,39.2417812433511
37.49658330506054,40.96488806849874
38.38022783077727,40.36842801363994
39.04296122506483,40.76606805021247
39.57314794049488,40.30215467421118
38.57904784906354,40.96488806849874
37.98258779420474,42.09153483878758
38.51277450963478,41.428801444500024
39.705694619352386,43.41700162736269
39.04296122506483,42.75426823307514
39.9707879770674,44.079735021650244
40.10333465592491,43.5495483062202
40.6777035976408,43.019361590790155
40.898614729069976,42.48917487536011
40.36842801363994,42.02526149935882
39.9707879770674,41.428801444500024
41.95898815993007,41.03116140792749
41.428801444500024,40.50097469249745
41.03116140792749,39.9707879770674
42.22408151764509,40.36842801363994
42.79845045936097,41.472983670785865
43.5495483062202,40.898614729069976
44.87501509479531,42.75426823307514
44.34482837936527,42.22408151764509
43.94718834279273,44.609921737080285
45.80284184679789,44.079735021650244
45.40520181022535,43.5495483062202
43.41700162736269,43.15190826964766
43.019361590790155,46.99576195651548
42.48917487536011,46.46557524108544
42.09153483878758,45.9353885256554
43.5495483062202,45.40520181022535
43.019361590790155,45.00756177365282
44.146008361079,47.52594867194553
44.74246841593779,45.670295167940374
46.929488617086726,45.14010845251033
45.9353885256554,44.74246841593779
45.40520181022535,44.21228170050775
47.52594867194553,43.68209498507771
46.99576195651548,45.40520181022535
46.598121919942955,44.87501509479531
46.200481883370415,44.34482837936527
45.670295167940374,46.46557524108544
45.14010845251033,45.9353885256554
44.74246841593779,45.27265513136784
43.68209498507771,44.74246841593779
43.41700162736269,46.200481883370415
43.019361590790155,45.670295167940374
42.3566281965026,46.598121919942955
42.09153483878758,45.9353885256554
43.81464166393522,45.40520181022535
44.609921737080285,44.87501509479531
44.34482837936527,44.477375058222776
44.079735021650244,44.54364839765153
43.5495483062202,45.27265513136784
43.15190826964766,44.87501509479531
42.09153483878758,44.21228170050775
43.48327496679144,43.94718834279273
44.079735021650244,43.5495483062202
43.28445494850518,46.774850825086304
44.21228170050775,46.200481883370415
42.48917487536011,45.670295167940374
41.95898815993007,45.14010845251033
41.56134812335753,44.74246841593779
41.03116140792749,43.94718834279273
40.63352137135496,47.59222201137428
40.36842801363994,47.52594867194553
39.705694619352386,46.99576195651548
39.44060126163736,46.46557524108544
39.04296122506483,45.9353885256554
38.51277450963478,45.27265513136784
38.048861133633494,44.74246841593779
37.31985439991719,44.079735021650244
37.054761042202166,43.5495483062202
36.657121005629634,43.019361590790155
36.126934290199586,42.48917487536011
35.6630209141983,42.886814911932646
37.187307721059675,42.22408151764509
38.77786786734981,41.69389480221505
38.247681151919764,41.097434747356246
37.717494436489716,41.428801444500024
36.657121005629634,41.95898815993007
39.308054582779846,42.886814911932646
39.838241298209894,42.3566281965026
39.17550790392234,42.75426823307514
38.6453211884923,42.22408151764509
38.115134473062255,41.69389480221505
37.717494436489716,41.16370808678501
39.61733016678071,40.50097469249745
39.04296122506483,39.838241298209894
38.51277450963478,39.17550790392234
37.98258779420474,42.09153483878758
39.838241298209894,41.428801444500024
38.6453211884923,40.898614729069976
37.51867441820345,40.36842801363994
36.92221436334465,43.41700162736269
37.4524010787747,42.75426823307514
36.8559410239159,44.079735021650244
36.92221436334465,43.61582164564895
36.39202764791461,43.15190826964766
35.86184093248457,42.3566281965026
35.464200895912036,41.69389480221505
36.39202764791461,41.229981426213755
35.99438761134208,40.63352137135496
35.0665608593395,40.10333465592491
34.66892082276697,38.51277450963478
34.006187428479414,38.048861133633494
33.34345403419186,39.17550790392234
32.81326731876182,39.90451463763865
32.34935394276053,39.838241298209894
33.21090735533435,39.308054582779846
32.68072063990431,38.84414120677856
33.74109407076439,38.38022783077727
34.27128078619444,37.98258779420474
33.07836067647684,37.4524010787747
31.951713906187997,36.92221436334465
31.355253851329195,36.39202764791461
30.825067135899154,34.80146750162448
30.294880420469113,34.4701008044807
29.49960034732404,35.39792755648328
28.969413631894,34.93401418048199
27.643946843318894,35.92811427191332
27.113760127888845,36.39202764791461
26.053386697028763,35.86184093248457
25.523199981598715,35.33165421705452
24.860466587311166,34.80146750162448
23.667546477593568,34.006187428479414
23.203633101592274,33.47600071304937
22.60717304673348,32.945813997619325
21.944439652445922,32.415627282189284
21.41425293701588,32.15053392447426
20.751519542728325,31.752893887901728
20.221332827298284,31.355253851329195
19.95623946958326,30.825067135899154
19.42605275415322,30.02978706275409
19.028412717580686,29.49960034732404
19.757419451296997,29.101960310751508
19.293506075295703,28.43922691646396
19.95623946958326,27.90904020103391
19.42605275415322,27.37885348560387
18.763319359865662,26.31848005474378
18.498226002150638,25.920840018171248
18.100585965578105,25.258106623883698
17.570399250148064,24.72791990845365
17.040212534718023,24.330279871881118
16.64257249814549,23.932639835308585
17.570399250148064,23.402453119878544
17.040212534718023,23.13735976216352
14.521825636425312,22.60717304673348
13.991638920995271,22.143259670732192
13.527725544993984,21.54679961587339
14.057912260424025,21.149159579300857
14.521825636425312,20.751519542728325
,20.287606166727038
,20.088786148440768
,20.552699524442062
,21.01661290044335
,20.552699524442062
,20.088786148440768
,19.691146111868235
,19.22723273586695
,18.763319359865662
,18.36567932329313
,17.570399250148064
,17.17275921357553
,15.71474574614291
,15.317105709570377
,14.521825636425312
,14.521825636425312
,13.991638920995271
,13.06381216899269
,12.003438738132608
,11.340705343845052
