Y(hoy),Y(ayer)
-0.8535891110459488,-0.8535891110459488
-0.9861357899034573,-0.9861357899034573
-1.5163225053335054,-1.5163225053335054
-2.70924261505111,-1.913962541906045
-2.908062633337366,-1.913962541906045
-2.5766959361935875,-1.913962541906045
-2.0465092207635536,-1.913962541906045
-2.179055899621062,-1.7151425236197753
-2.0465092207635536,-1.2070469213326476
-2.0465092207635536,-1.5163225053335054
-2.0465092207635536,-1.913962541906045
-1.383775826475997,-1.2512291476184885
-1.913962541906045,-0.8535891110459488
-0.9861357899034573,-0.8535891110459488
-0.8535891110459488,-0.8535891110459488
-0.8535891110459488,-0.8535891110459488
-0.389675735044662,-0.45594907447342337
0.07423764095662477,0.14051098038538612
0.20678431981413326,0.33933099867164174
0.20678431981413326,0.8695177141016899
0.20678431981413326,1.2671577506742295
0.20678431981413326,2.0624378238192946
0.2730576592428946,1.5322511083892465
1.1346110718167068,2.3275311815343116
0.6044243563866729,2.3275311815343116
1.2671577506742295,2.5263511998205814
1.3334310901029767,3.0565379152506154
1.664797787246755,3.5867246306806635
1.2671577506742295,4.05063800668195
2.23916672896263,4.91219141925577
2.46007786039182,4.448278043254483
2.990264575821868,5.3761047952570635
3.5204512912519093,5.906291510687105
3.3879046123944008,6.767844923260924
3.1228112546793767,6.303931547259637
2.725171218106837,7.231758299262211
3.3879046123944008,8.093311711836037
2.725171218106837,7.629398335834743
3.5204512912519093,8.623498427266078
3.7855446489669333,9.087411803267365
3.3879046123944008,9.948965215841184
4.448278043254483,9.485051839839898
4.647098061540753,11.517434248988394
5.177284776970794,10.94306530727252
5.6411981529720805,10.412878591842478
5.906291510687105,13.461452205565223
6.569024904974661,12.798718811277674
7.0108471678330275,12.268532095847625
7.761945014692259,14.786918994140336
7.298031638690972,14.12418559985278
7.099211620404702,15.515925727856647
6.834118262689678,16.244932461572958
6.767844923260924,15.71474574614291
6.70157158383217,17.371579231861794
6.237658207830883,16.775119177003
5.84001817125835,17.901765947291842
6.480660452402979,18.03431262614935
6.767844923260924,18.829592699294416
7.0108471678330275,20.088786148440768
7.894491693549767,19.42605275415322
7.364304978119726,18.36567932329313
8.601407314123158,21.878166313017168
9.131594029553199,21.281706258158366
10.015238555269946,20.751519542728325
9.352505160982389,23.97682206159442
10.677971949557495,23.402453119878544
11.208158664987543,22.872266404448496
11.870892059275093,22.342079689018455
12.53362545356265,25.78829333931374
13.107994395278524,25.258106623883698
13.328905526707715,24.72791990845365
12.666172132420158,27.445126825032624
12.401078774705141,26.84866677017383
12.401078774705141,26.31848005474378
12.401078774705141,29.49960034732404
12.599898792991404,28.969413631894
13.196358847850206,28.43922691646396
13.859092242137756,27.90904020103391
14.389278957567804,31.222707172471686
14.588098975854066,30.55997377818413
14.786918994140336,30.02978706275409
15.449652388427886,32.54817396104679
16.112385782715442,31.885440566759243
16.775119177003,33.873640749621906
17.835492607863088,33.21090735533435
17.30530589243304,35.13283419876826
18.89586603872317,34.536374143909455
18.36567932329313,37.231489947345516
17.968039286720597,36.657121005629634
17.702945929005573,36.126934290199586
17.835492607863088,35.596747574769545
17.835492607863088,39.61733016678071
17.30530589243304,39.04296122506483
16.841392516431753,38.51277450963478
17.371579231861794,37.98258779420474
17.835492607863088,41.56134812335753
17.835492607863088,40.898614729069976
18.89586603872317,40.36842801363994
18.36567932329313,43.41700162736269
17.968039286720597,42.75426823307514
19.95623946958326,42.22408151764509
19.42605275415322,44.74246841593779
19.42605275415322,44.079735021650244
19.028412717580686,45.40520181022535
20.353879506155792,46.200481883370415
19.82369279072575,45.80284184679789
21.01661290044335,45.9353885256554
21.613072955302144,45.40520181022535
22.07698633130343,44.74246841593779
21.613072955302144,44.079735021650244
21.21543291872961,43.5495483062202
21.54679961587339,42.886814911932646
21.149159579300857,42.62172155421762
22.07698633130343,42.22408151764509
22.673446386162233,41.69389480221505
23.13735976216352,41.03116140792749
22.872266404448496,40.50097469249745
22.40835302844721,40.10333465592491
23.667546477593568,39.639421279923624
23.13735976216352,39.10923456449358
24.330279871881118,38.51277450963478
24.529099890167387,38.048861133633494
25.05928660559743,37.4524010787747
25.65574666045623,36.92221436334465
26.362662281029614,37.58494775763221
26.716120091316313,37.85004111534723
26.892848996459662,37.85004111534723
27.643946843318894,37.98258779420474
27.180033467317607,38.84414120677856
26.981213449031337,38.38022783077727
26.716120091316313,39.37432792220861
28.174133558748935,39.705694619352386
27.643946843318894,39.10923456449358
27.113760127888845,38.84414120677856
26.716120091316313,38.247681151919764
29.764693705039065,37.78376777591848
29.101960310751508,37.187307721059675
28.571773595321467,36.72339434505839
27.90904020103391,35.99438761134208
27.511400164461378,36.98848770277341
27.113760127888845,36.39202764791461
26.583573412458804,35.86184093248457
26.053386697028763,37.31985439991719
25.65574666045623,36.72339434505839
27.643946843318894,36.19320762962835
27.113760127888845,35.72929425362706
26.716120091316313,35.33165421705452
27.643946843318894,34.867740841053234
27.113760127888845,34.13873410733692
26.716120091316313,33.47600071304937
27.90904020103391,33.01208733704808
27.37885348560387,32.34935394276053
28.483409142749792,32.415627282189284
28.704320274178976,32.945813997619325
28.174133558748935,33.80736741019315
27.776493522176402,33.34345403419186
28.770593613607737,34.27128078619444
28.174133558748935,33.74109407076439
29.367053668466532,33.07836067647684
30.02978706275409,32.415627282189284
30.02978706275409,31.752893887901728
29.49960034732404,30.957613814756662
28.969413631894,30.42742709932662
30.825067135899154,30.162333741611597
30.162333741611597,31.885440566759243
29.764693705039065,31.28898051190044
29.234506989609024,30.825067135899154
30.294880420469113,31.090160493614178
29.764693705039065,30.55997377818413
29.234506989609024,30.162333741611597
28.83686695303649,30.825067135899154
31.222707172471686,30.42742709932662
30.55997377818413,30.02978706275409
30.02978706275409,29.565873686752802
31.885440566759243,29.16823365018027
31.752893887901728,29.764693705039065
31.28898051190044,29.367053668466532
32.15053392447426,30.692520457041645
31.62034720904422,30.162333741611597
32.216807263903014,31.28898051190044
32.15053392447426,32.01798724561675
31.62034720904422,31.48780053018671
31.222707172471686,32.283080603331776
32.15053392447426,32.01798724561675
31.62034720904422,31.355253851329195
31.62034720904422,30.825067135899154
30.957613814756662,30.294880420469113
30.692520457041645,32.01798724561675
30.162333741611597,31.355253851329195
29.632147026181556,30.825067135899154
29.101960310751508,32.01798724561675
30.825067135899154,31.355253851329195
30.294880420469113,30.891340475327908
29.764693705039065,30.294880420469113
29.234506989609024,31.42152719075795
31.090160493614178,30.825067135899154
30.55997377818413,32.48190062161804
30.02978706275409,31.885440566759243
29.49960034732404,32.945813997619325
28.903140292465245,33.34345403419186
29.89724038389658,33.34345403419186
29.367053668466532,34.13873410733692
28.969413631894,33.60854739190688
28.306680237606443,34.40382746505195
28.041586879891426,34.867740841053234
27.643946843318894,35.39792755648328
26.981213449031337,35.92811427191332
26.716120091316313,36.39202764791461
26.185933375886272,35.86184093248457
25.523199981598715,35.33165421705452
24.860466587311166,34.66892082276697
24.264006532452363,34.40382746505195
23.667546477593568,34.006187428479414
23.13735976216352,33.47600071304937
22.60717304673348,35.19910753819701
22.07698633130343,34.536374143909455
21.54679961587339,35.39792755648328
20.884066221585833,34.80146750162448
20.353879506155792,34.33755412562319
20.088786148440768,33.78527629705023
19.95623946958326,33.34345403419186
19.42605275415322,36.17111651648543
18.89586603872317,35.596747574769545
18.431952662721883,35.0665608593395
17.901765947291842,34.536374143909455
17.835492607863088,37.31985439991719
17.835492607863088,36.78966768448714
17.835492607863088,35.99438761134208
17.30530589243304,35.19910753819701
16.775119177003,34.62473859648113
16.311205801001712,35.39792755648328
15.582199067285401,36.39202764791461
14.919465672997845,35.92811427191332
14.588098975854066,35.86184093248457
14.256732278710288,35.53047423534079
13.991638920995271,36.458300987343364
13.593998884422739,35.99438761134208
13.461452205565223,36.92221436334465
13.461452205565223,37.58494775763221
13.527725544993984,37.58494775763221
13.925365581566517,36.98848770277341
13.461452205565223,37.51867441820345
14.389278957567804,39.61733016678071
13.859092242137756,39.04296122506483
13.527725544993984,38.51277450963478
14.389278957567804,37.98258779420474
13.859092242137756,39.308054582779846
13.461452205565223,38.91041454620732
15.449652388427886,39.838241298209894
14.919465672997845,39.44060126163736
15.184559030712869,40.6777035976408
14.65437231528282,40.23588133478243
15.71474574614291,40.36842801363994
15.317105709570377,39.838241298209894
15.71474574614291,39.308054582779846
15.71474574614291,38.91041454620732
15.71474574614291,39.9707879770674
15.383379048999132,39.44060126163736
14.919465672997845,41.296254765642516
15.449652388427886,40.63352137135496
14.985739012426599,41.95898815993007
15.184559030712869,41.49507478392878
14.65437231528282,41.16370808678501
15.847292425000418,41.69389480221505
15.184559030712869,42.09153483878758
16.55420804557381,42.09153483878758
16.775119177003,42.09153483878758
17.30530589243304,43.063543817075995
17.835492607863088,42.48917487536011
18.100585965578105,44.91919732108114
17.702945929005573,44.34482837936527
18.630772681008153,43.81464166393522
18.498226002150638,46.33302856222792
18.03431262614935,45.670295167940374
18.89586603872317,47.52594867194553
18.36567932329313,47.06203529594424
19.028412717580686,47.03994418280132
19.028412717580686,46.598121919942955
19.42605275415322,47.923588708518054
19.028412717580686,48.4537754239481
20.022512809012014,47.85731536908931
20.552699524442062,47.260855314230504
21.082886239872103,46.79694193822922
21.21543291872961,46.200481883370415
21.613072955302144,45.60402182851162
21.149159579300857,47.06203529594424
22.07698633130343,48.58632210280561
21.74561963415966,48.12240872680432
21.281706258158366,47.52594867194553
21.944439652445922,48.05613538737557
22.60717304673348,47.39340199308802
23.13735976216352,46.73066859880046
23.00481308330601,46.06793520451291
22.474626367875963,45.53774848908286
22.209533010160946,45.53774848908286
23.269906441021035,45.14010845251033
22.80599306501974,44.54364839765153
22.60717304673348,44.477375058222776
22.07698633130343,44.411101718794015
21.41425293701588,44.079735021650244
21.21543291872961,43.5495483062202
21.149159579300857,43.085634930218916
21.149159579300857,42.48917487536011
21.01661290044335,41.82644148107256
20.353879506155792,41.56134812335753
20.088786148440768,41.16370808678501
20.221332827298284,40.63352137135496
20.79570176901416,39.9707879770674
21.01661290044335,39.705694619352386
20.353879506155792,39.308054582779846
20.265515053584117,38.77786786734981
21.01661290044335,38.115134473062255
20.618972863870816,37.85004111534723
21.01661290044335,37.4524010787747
20.552699524442062,36.92221436334465
19.82369279072575,36.2594809690571
19.558599433010727,35.86184093248457
19.09468605700944,36.39202764791461
19.028412717580686,35.99438761134208
18.962139378151925,35.86184093248457
18.89586603872317,35.19910753819701
18.36567932329313,34.536374143909455
17.901765947291842,34.006187428479414
18.630772681008153,33.47600071304937
18.100585965578105,32.945813997619325
18.630772681008153,32.415627282189284
17.968039286720597,31.885440566759243
17.30530589243304,31.355253851329195
16.775119177003,30.692520457041645
16.775119177003,30.294880420469113
16.775119177003,30.825067135899154
16.112385782715442,30.42742709932662
15.847292425000418,30.294880420469113
15.449652388427886,29.83096704446782
14.786918994140336,29.234506989609024
14.521825636425312,28.571773595321467
14.521825636425312,27.975313540462672
14.389278957567804,28.43922691646396
13.859092242137756,29.300780329037778
13.461452205565223,28.83686695303649
14.389278957567804,29.764693705039065
13.859092242137756,29.101960310751508
14.389278957567804,28.83686695303649
13.859092242137756,28.43922691646396
13.41726997927939,27.975313540462672
13.328905526707715,27.90904020103391
12.864992150706428,29.54378257360988
12.33480543527638,28.969413631894
11.804618719846339,28.43922691646396
11.340705343845052,30.957613814756662
11.804618719846339,30.294880420469113
12.268532095847625,30.957613814756662
12.135985416990117,30.361153759897867
11.870892059275093,30.825067135899154
11.47325202270256,30.42742709932662
11.141885325558782,30.294880420469113
11.738345380417584,29.764693705039065
11.340705343845052,29.300780329037778
12.268532095847625,29.49960034732404
11.738345380417584,29.101960310751508
11.208158664987543,30.361153759897867
13.107994395278524,29.89724038389658
12.53362545356265,30.825067135899154
12.003438738132608,30.162333741611597
11.605798701560076,29.49960034732404
13.593998884422739,29.101960310751508
14.12418559985278,30.073969289039923
14.12418559985278,30.825067135899154
13.593998884422739,30.294880420469113
14.12418559985278,30.162333741611597
14.521825636425312,30.891340475327908
14.256732278710288,31.885440566759243
13.593998884422739,31.355253851329195
12.798718811277674,31.355253851329195
12.401078774705141,30.891340475327908
10.94306530727252,30.383244873040788
10.545425270699987,31.885440566759243
9.352505160982389,31.28898051190044
,30.825067135899154
,31.090160493614178
,30.55997377818413
,30.162333741611597
,32.54817396104679
,31.885440566759243
,31.355253851329195
,33.74109407076439
,33.21090735533435
,34.93401418048199
,34.27128078619444
,36.2594809690571
,35.596747574769545
,36.126934290199586
,35.6630209141983
,35.6630209141983
,36.2594809690571
,36.126934290199586
,35.6630209141983
,35.464200895912036
,35.464200895912036
,35.19910753819701
,34.536374143909455
,33.873640749621906
,33.34345403419186
,34.006187428479414
,34.867740841053234
,34.40382746505195
,35.33165421705452
,34.867740841053234
,34.40382746505195
,34.006187428479414
,33.54227405247813
,34.050369654765255
,33.74109407076439
,33.2771806947631
,32.81326731876182
,32.415627282189284
,31.951713906187997
,31.42152719075795
,31.222707172471686
,30.957613814756662
,30.361153759897867
,29.83096704446782
,29.367053668466532
,28.969413631894
,28.505500255892713
,27.975313540462672
,27.776493522176402
,27.975313540462672
,28.483409142749792
,28.174133558748935
,27.643946843318894
,26.981213449031337
,26.451026733601296
,26.053386697028763
,25.58947332102747
,25.125559945026183
,24.72791990845365
,24.264006532452363
,23.733819817022322
,23.269906441021035
,22.739719725590987
,22.474626367875963
,23.13735976216352
,22.60717304673348
,21.944439652445922
,21.281706258158366
,20.81779288215708
,20.287606166727038
,20.884066221585833
,22.143259670732192
,21.54679961587339
,22.60717304673348
,23.13735976216352
,22.673446386162233
,22.209533010160946
,21.811892973588414
,21.347979597587127
,20.81779288215708
,20.353879506155792
,19.95623946958326
,19.42605275415322
,18.962139378151925
,18.36567932329313
,17.968039286720597
,18.763319359865662
,18.36567932329313
,17.835492607863088
,17.17275921357553
,16.510025819287975
,15.979839103857934
,16.510025819287975
,16.112385782715442
,15.979839103857934
,15.317105709570377
,14.65437231528282
,13.991638920995271
,13.593998884422739
,14.12418559985278
,14.521825636425312
,14.521825636425312
,14.521825636425312
,14.521825636425312
,14.985739012426599
,15.449652388427886
,14.985739012426599
,15.317105709570377
,14.786918994140336
,15.515925727856647
,15.052012351855353
,14.65437231528282
,14.12418559985278
,13.328905526707715
,12.798718811277674
,12.401078774705141
,10.94306530727252
,10.412878591842478
,10.015238555269946
,9.352505160982389
,8.159585051264791
,7.364304978119726
