Y(hoy),Y(ayer)
3.5204512912519093,2.3275311815343116
3.5204512912519093,2.3275311815343116
3.5204512912519093,2.2612578421055503
3.0565379152506154,1.929891144961772
2.46007786039182,1.399704429531738
2.46007786039182,1.2671577506742295
2.46007786039182,0.8695177141016899
2.3275311815343116,0.2730576592428946
2.0624378238192946,0.20678431981413326
1.5322511083892465,0.20678431981413326
1.2671577506742295,0.14051098038538612
1.2671577506742295,-0.1908557167583922
1.1346110718167068,-0.654769092759679
0.47187767752916443,-0.8535891110459488
0.20678431981413326,-0.8535891110459488
0.20678431981413326,-0.8535891110459488
0.07423764095662477,-0.8535891110459488
-0.5222224139021705,-0.8535891110459488
-0.5222224139021705,-0.8535891110459488
0.07423764095662477,-0.8535891110459488
-0.45594907447342337,-1.383775826475997
-0.45594907447342337,-1.913962541906045
-0.8535891110459488,-1.913962541906045
-0.8535891110459488,-1.913962541906045
-0.8535891110459488,-1.913962541906045
-0.8535891110459488,-1.913962541906045
-0.8535891110459488,-1.913962541906045
-0.8535891110459488,-1.913962541906045
-0.8535891110459488,-1.913962541906045
-0.9861357899034573,-1.913962541906045
-1.5163225053335054,-1.2512291476184885
-1.11868246876098,-1.648869184191014
-0.5884957533309318,-0.9861357899034573
-0.05830903790088371,-0.8535891110459488
1.7310711266755163,-0.8535891110459488
2.3275311815343116,-0.8535891110459488
2.8577178969643597,-0.8535891110459488
3.3879046123944008,-0.8535891110459488
3.6529979701094177,-0.7210424321884403
7.099211620404702,0.20678431981413326
12.268532095847625,0.8695177141016899
11.870892059275093,1.2671577506742295
13.593998884422739,1.664797787246755
13.196358847850206,2.194984502676803
14.256732278710288,2.3275311815343116
18.630772681008153,2.7914445575355984
18.23313264443562,3.255357933536885
19.160959396438194,4.05063800668195
20.353879506155792,4.845918079827015
21.281706258158366,5.906291510687105
20.884066221585833,6.834118262689678
22.60717304673348,7.099211620404702
22.07698633130343,7.629398335834743
23.932639835308585,9.087411803267365
23.402453119878544,8.689771766694832
25.523199981598715,10.412878591842478
32.945813997619325,10.015238555269946
34.536374143909455,13.06381216899269
34.006187428479414,12.53362545356265
35.19910753819701,12.003438738132608
39.308054582779846,11.605798701560076
38.91041454620732,13.726545563280247
40.898614729069976,14.256732278710288
40.36842801363994,15.71474574614291
41.95898815993007,15.184559030712869
41.56134812335753,17.570399250148064
43.41700162736269,17.040212534718023
45.14010845251033,18.100585965578105
46.266755222799176,19.160959396438194
45.670295167940374,18.630772681008153
46.33302856222792,20.088786148440768
44.477375058222776,20.353879506155792
44.21228170050775,20.884066221585833
44.34482837936527,22.07698633130343
43.68209498507771,21.54679961587339
43.41700162736269,23.667546477593568
43.019361590790155,23.13735976216352
42.29035485707385,22.739719725590987
43.28445494850518,26.053386697028763
42.62172155421762,25.523199981598715
41.95898815993007,25.125559945026183
41.428801444500024,28.43922691646396
42.003170386215906,28.041586879891426
41.428801444500024,30.294880420469113
42.3566281965026,29.764693705039065
42.75426823307514,31.62034720904422
43.15190826964766,32.945813997619325
42.48917487536011,32.54817396104679
41.82644148107256,34.27128078619444
41.16370808678501,33.74109407076439
40.36842801363994,35.596747574769545
39.90451463763865,35.19910753819701
39.838241298209894,34.66892082276697
39.308054582779846,37.4524010787747
38.57904784906354,36.92221436334465
37.98258779420474,39.17550790392234
38.51277450963478,38.6453211884923
38.51277450963478,40.36842801363994
37.98258779420474,39.838241298209894
37.31985439991719,41.95898815993007
36.657121005629634,41.428801444500024
36.126934290199586,40.898614729069976
35.596747574769545,43.81464166393522
35.0665608593395,43.28445494850518
34.60264748333822,45.670295167940374
34.006187428479414,45.14010845251033
33.47600071304937,46.53184858051419
33.2771806947631,46.06793520451291
32.945813997619325,46.598121919942955
32.45980950847512,46.200481883370415
32.945813997619325,45.670295167940374
32.61444730047555,44.34482837936527
32.01798724561675,43.81464166393522
31.355253851329195,43.35072828793393
30.957613814756662,43.15190826964766
30.096060402182843,42.75426823307514
29.234506989609024,42.3566281965026
28.571773595321467,43.019361590790155
27.90904020103391,42.48917487536011
28.43922691646396,42.02526149935882
28.969413631894,41.49507478392878
29.565873686752802,41.03116140792749
29.963513723325335,40.63352137135496
29.963513723325335,40.16960799535367
30.02978706275409,39.9707879770674
30.02978706275409,41.03116140792749
29.632147026181556,40.36842801363994
29.101960310751508,41.69389480221505
29.83096704446782,42.09153483878758
29.234506989609024,41.69389480221505
30.42742709932662,41.16370808678501
31.222707172471686,40.63352137135496
29.89724038389658,39.838241298209894
30.02978706275409,39.17550790392234
30.42742709932662,38.91041454620732
29.89724038389658,38.91041454620732
30.55997377818413,39.308054582779846
30.162333741611597,39.90451463763865
30.825067135899154,39.838241298209894
31.355253851329195,39.17550790392234
32.01798724561675,38.51277450963478
31.951713906187997,37.85004111534723
31.554073869615465,37.31985439991719
31.090160493614178,36.92221436334465
30.626247117612884,36.458300987343364
29.89724038389658,35.86184093248457
29.632147026181556,35.19910753819701
29.234506989609024,34.536374143909455
28.83686695303649,34.07246076790817
29.764693705039065,33.47600071304937
30.42742709932662,33.34345403419186
31.090160493614178,33.34345403419186
31.090160493614178,33.07836067647684
31.62034720904422,32.48190062161804
31.090160493614178,32.01798724561675
32.15053392447426,31.62034720904422
33.07836067647684,30.957613814756662
32.48190062161804,30.294880420469113
32.81326731876182,29.367053668466532
32.34935394276053,30.626247117612884
32.945813997619325,30.02978706275409
32.54817396104679,31.156433833042932
32.54817396104679,31.222707172471686
32.945813997619325,31.156433833042932
34.27128078619444,30.825067135899154
33.74109407076439,30.361153759897867
34.536374143909455,30.957613814756662
35.33165421705452,30.42742709932662
34.80146750162448,31.222707172471686
35.33165421705452,30.957613814756662
36.657121005629634,30.361153759897867
36.126934290199586,30.957613814756662
35.72929425362706,30.42742709932662
37.25358106048843,30.825067135899154
37.717494436489716,30.361153759897867
37.187307721059675,31.48780053018671
36.72339434505839,30.825067135899154
36.524574326772125,32.01798724561675
39.57314794049488,31.355253851329195
39.17550790392234,31.222707172471686
42.48917487536011,31.62034720904422
41.95898815993007,32.15053392447426
41.428801444500024,32.283080603331776
41.03116140792749,32.74699397933306
44.079735021650244,33.07836067647684
43.5495483062202,32.415627282189284
44.87501509479531,31.885440566759243
45.40520181022535,31.28898051190044
44.87501509479531,31.951713906187997
44.34482837936527,31.355253851329195
43.81464166393522,32.98999622390516
43.41700162736269,32.415627282189284
42.3566281965026,32.68072063990431
42.09153483878758,32.283080603331776
42.09153483878758,32.283080603331776
41.82644148107256,32.945813997619325
41.428801444500024,32.15053392447426
41.95898815993007,31.62034720904422
41.428801444500024,31.222707172471686
42.09153483878758,31.885440566759243
41.49507478392878,32.54817396104679
41.296254765642516,33.21090735533435
41.03116140792749,33.34345403419186
40.898614729069976,33.07836067647684
40.36842801363994,32.415627282189284
39.838241298209894,32.283080603331776
39.308054582779846,32.81326731876182
38.84414120677856,33.47600071304937
38.247681151919764,34.006187428479414
37.717494436489716,34.80146750162448
37.054761042202166,35.19910753819701
36.657121005629634,34.4701008044807
36.657121005629634,34.66892082276697
36.657121005629634,35.33165421705452
36.657121005629634,35.86184093248457
36.126934290199586,36.72339434505839
35.464200895912036,36.2594809690571
35.6630209141983,37.187307721059675
34.93401418048199,37.717494436489716
34.4701008044807,37.31985439991719
34.66892082276697,37.054761042202166
35.37583644334036,37.717494436489716
35.464200895912036,39.57314794049488
35.19910753819701,39.17550790392234
34.66892082276697,41.95898815993007
34.13873410733692,41.428801444500024
33.60854739190688,40.898614729069976
34.006187428479414,40.50097469249745
34.27128078619444,44.3890106056511
33.74109407076439,43.81464166393522
33.34345403419186,43.28445494850518
32.945813997619325,42.75426823307514
33.21090735533435,42.3566281965026
33.34345403419186,45.14010845251033
33.34345403419186,44.079735021650244
33.21090735533435,43.5495483062202
32.74699397933306,45.53774848908286
32.34935394276053,44.609921737080285
32.945813997619325,46.46557524108544
33.54227405247813,45.9353885256554
34.13873410733692,45.14010845251033
34.93401418048199,44.609921737080285
35.596747574769545,43.94718834279273
36.78966768448714,43.28445494850518
34.40382746505195,42.820541572503885
34.40382746505195,42.3566281965026
34.66892082276697,42.75426823307514
35.464200895912036,44.079735021650244
34.93401418048199,43.61582164564895
35.596747574769545,43.68209498507771
34.536374143909455,44.079735021650244
34.07246076790817,43.61582164564895
33.60854739190688,43.019361590790155
36.96639658963049,42.62172155421762
36.524574326772125,41.82644148107256
37.58494775763221,41.428801444500024
36.92221436334465,41.03116140792749
36.657121005629634,41.16370808678501
36.126934290199586,42.02526149935882
36.19320762962835,41.56134812335753
35.72929425362706,42.55544821478887
36.657121005629634,43.019361590790155
36.657121005629634,42.55544821478887
36.657121005629634,41.82644148107256
36.657121005629634,41.16370808678501
36.126934290199586,40.50097469249745
35.79556759305581,39.838241298209894
36.43620987420045,39.37432792220861
36.657121005629634,38.77786786734981
37.187307721059675,38.247681151919764
37.78376777591848,37.85004111534723
38.38022783077727,38.51277450963478
39.04296122506483,37.98258779420474
39.705694619352386,37.4524010787747
40.36842801363994,37.054761042202166
40.898614729069976,36.39202764791461
40.43470135306869,35.86184093248457
40.037061316496164,35.596747574769545
39.838241298209894,36.39202764791461
39.17550790392234,35.92811427191332
38.91041454620732,34.93401418048199
38.91041454620732,34.66892082276697
38.77786786734981,34.27128078619444
38.115134473062255,33.74109407076439
37.4524010787747,33.21090735533435
36.92221436334465,32.68072063990431
37.717494436489716,32.283080603331776
37.187307721059675,33.07836067647684
37.717494436489716,32.68072063990431
37.58494775763221,32.34935394276053
37.054761042202166,32.415627282189284
36.39202764791461,32.945813997619325
35.86184093248457,33.34345403419186
35.19910753819701,33.2771806947631
34.93401418048199,32.81326731876182
34.536374143909455,32.415627282189284
33.873640749621906,32.945813997619325
33.21090735533435,34.33755412562319
32.54817396104679,33.74109407076439
31.951713906187997,35.39792755648328
31.42152719075795,34.80146750162448
26.84866677017383,35.464200895912036
26.451026733601296,35.0665608593395
25.523199981598715,34.60264748333822
24.0651865141661,34.33755412562319
23.468726459307298,33.80736741019315
23.932639835308585,33.34345403419186
24.462826550738633,33.74109407076439
23.800093156451076,34.60264748333822
23.13735976216352,34.13873410733692
22.673446386162233,35.0665608593395
21.944439652445922,35.596747574769545
21.41425293701588,36.21529874277126
20.618972863870816,35.0665608593395
20.353879506155792,34.40382746505195
19.95623946958326,34.006187428479414
19.293506075295703,33.54227405247813
19.028412717580686,34.006187428479414
18.630772681008153,33.60854739190688
18.100585965578105,34.40382746505195
17.63667258957682,34.80146750162448
16.907665855860508,35.33165421705452
16.64257249814549,35.464200895912036
16.64257249814549,34.27128078619444
15.979839103857934,33.60854739190688
15.317105709570377,33.47600071304937
14.65437231528282,34.13873410733692
14.12418559985278,35.33165421705452
13.593998884422739,36.458300987343364
13.461452205565223,36.2594809690571
13.593998884422739,35.596747574769545
14.12418559985278,35.19910753819701
13.593998884422739,34.536374143909455
13.328905526707715,34.07246076790817
12.931265490135182,33.54227405247813
12.53362545356265,34.006187428479414
11.870892059275093,34.536374143909455
11.605798701560076,35.39792755648328
11.075611986130028,34.93401418048199
10.81051862841501,35.464200895912036
10.280331912984963,35.19910753819701
9.683871858126167,34.536374143909455
9.087411803267365,33.873640749621906
8.424678408979808,33.34345403419186
7.960765032978522,34.33755412562319
7.828218354121013,33.74109407076439
7.364304978119726,33.34345403419186
6.834118262689678,35.33165421705452
6.171384868402129,34.867740841053234
5.773744831829596,34.93401418048199
6.436478226117146,34.40382746505195
7.563124996405989,36.17111651648543
7.099211620404702,35.596747574769545
8.557225087837324,36.657121005629634
8.093311711836037,36.524574326772125
9.617598518697413,35.86184093248457
9.087411803267365,35.33165421705452
,34.84564972791032
,34.40382746505195
,35.39792755648328
,35.464200895912036
,35.39792755648328
,35.0665608593395
,34.536374143909455
,33.873640749621906
,33.47600071304937
,34.006187428479414
,34.867740841053234
,34.40382746505195
,35.39792755648328
,35.464200895912036
,35.19910753819701
,34.60264748333822
,34.006187428479414
,33.54227405247813
,32.945813997619325
,32.283080603331776
,31.62034720904422
,31.090160493614178
,30.42742709932662
,29.632147026181556
,29.16823365018027
,30.02978706275409
,29.632147026181556
,30.55997377818413
,30.957613814756662
,30.42742709932662
,29.764693705039065
,29.101960310751508
,28.174133558748935
,27.776493522176402
,27.113760127888845
,26.053386697028763
,25.523199981598715
,24.794193247882404
,25.258106623883698
,25.65574666045623
,25.58947332102747
,25.05928660559743
,24.462826550738633
,23.800093156451076
,23.00481308330601
,22.40835302844721
,21.811892973588414
,21.149159579300857
,20.4864261850133
,20.088786148440768
,19.691146111868235
,19.160959396438194
,18.498226002150638
,17.835492607863088
,17.371579231861794
,16.775119177003
,16.244932461572958
,15.781019085571664
,15.515925727856647
,14.985739012426599
,14.256732278710288
,13.593998884422739
,13.06381216899269
,12.53362545356265
,13.593998884422739
,13.06381216899269
,14.985739012426599
,15.449652388427886
,14.985739012426599
,14.256732278710288
,13.593998884422739
,12.798718811277674
,12.401078774705141
,11.738345380417584
,11.208158664987543
,10.74424528898625
,10.280331912984963
,9.88269187641243
,9.352505160982389
,8.954865124409856
,8.557225087837324
,7.828218354121013
,7.298031638690972
,6.834118262689678
,6.834118262689678
