Y(hoy),Y(ayer)
,1.2671577506742295
,1.2671577506742295
,1.2008844112454682
,0.6044243563866729
,0.20678431981413326
,0.20678431981413326
,0.14051098038538612
,-0.45594907447342337
,-0.8535891110459488
,-0.8535891110459488
,-0.8535891110459488
,-0.8535891110459488
,-0.8535891110459488
,-0.8535891110459488
,-0.8535891110459488
,-0.8535891110459488
,-1.2512291476184885
,-1.8476892024772837
,-1.913962541906045
,-1.913962541906045
,-1.913962541906045
,-1.913962541906045
,-1.913962541906045
,-1.913962541906045
,-1.913962541906045
,-1.913962541906045
,-1.913962541906045
,-1.913962541906045
,-1.913962541906045
,-1.913962541906045
,-1.913962541906045
,-1.913962541906045
,-1.913962541906045
,-1.913962541906045
,-1.913962541906045
,-1.913962541906045
,-1.913962541906045
,-1.913962541906045
,-1.913962541906045
,-1.913962541906045
,-1.913962541906045
,-1.913962541906045
,-1.913962541906045
,-1.913962541906045
,-1.913962541906045
,-1.913962541906045
,-1.913962541906045
,-1.913962541906045
,-1.913962541906045
,-1.913962541906045
,-1.913962541906045
,-1.8476892024772837
,-1.2512291476184885
,-0.8535891110459488
,-0.8535891110459488
,-0.8535891110459488
,-0.8535891110459488
,-0.8535891110459488
,-0.45594907447342337
,0.14051098038538612
,0.33933099867164174
,0.8695177141016899
,1.2671577506742295
,1.3334310901029767
,1.929891144961772
,1.5322511083892465
,2.3275311815343116
,2.3938045209630587
,2.3938045209630587
,2.990264575821868
,2.5926245392493286
,3.8518179883956876
,3.3879046123944008
,4.382004703825729
,4.845918079827015
,5.707471492400835
,5.243558116399548
,6.303931547259637
,7.099211620404702
,8.424678408979808
,7.761945014692259
,9.683871858126167
,9.087411803267365
,10.81051862841501
,10.147785234127454
,12.135985416990117
,11.47325202270256
,13.461452205565223
,12.798718811277674
,14.786918994140336
,14.12418559985278
,15.449652388427886
,14.985739012426599
,14.521825636425312
,16.377479140430466
,15.71474574614291
,15.184559030712869
,17.106485874146777
,17.702945929005573
,18.630772681008153
,18.16685930500686
,20.79570176901416
,20.221332827298284
,19.691146111868235
,19.160959396438194
,22.739719725590987
,22.07698633130343
,21.54679961587339
,24.0651865141661
,23.402453119878544
,26.31848005474378
,25.78829333931374
,25.258106623883698
,24.72791990845365
,28.748502500464816
,28.174133558748935
,27.643946843318894
,27.113760127888845
,30.096060402182843
,29.49960034732404
,31.156433833042932
,30.55997377818413
,31.62034720904422
,33.21090735533435
,32.68072063990431
,32.15053392447426
,35.86184093248457
,35.33165421705452
,34.80146750162448
,34.27128078619444
,33.74109407076439
,37.85004111534723
,37.187307721059675
,36.657121005629634
,39.639421279923624
,39.04296122506483
,38.51277450963478
,42.26826374393093
,41.69389480221505
,41.16370808678501
,40.63352137135496
,40.10333465592491
,44.21228170050775
,43.5495483062202
,43.019361590790155
,44.21228170050775
,43.63791275879187
,45.14010845251033
,44.477375058222776
,44.01346168222149
,43.81464166393522
,43.28445494850518
,42.75426823307514
,42.09153483878758
,41.49507478392878
,40.898614729069976
,40.36842801363994
,39.838241298209894
,39.37432792220861
,38.77786786734981
,38.247681151919764
,37.78376777591848
,37.4524010787747
,36.98848770277341
,37.187307721059675
,36.78966768448714
,37.78376777591848
,37.85004111534723
,37.78376777591848
,37.25358106048843
,36.657121005629634
,36.126934290199586
,35.464200895912036
,34.867740841053234
,34.40382746505195
,36.39202764791461
,35.86184093248457
,35.33165421705452
,35.596747574769545
,35.0665608593395
,34.66892082276697
,34.27128078619444
,33.80736741019315
,33.47600071304937
,34.050369654765255
,33.74109407076439
,33.21090735533435
,32.54817396104679
,31.752893887901728
,31.222707172471686
,30.957613814756662
,30.361153759897867
,29.89724038389658
,29.49960034732404
,29.035686971322754
,28.770593613607737
,28.306680237606443
,27.90904020103391
,27.37885348560387
,26.914940109602583
,27.643946843318894
,27.24630680674636
,27.113760127888845
,26.716120091316313
,27.710220182747648
,27.511400164461378
,26.84866677017383
,26.716120091316313
,27.113760127888845
,27.710220182747648
,27.776493522176402
,28.24040689817769
,28.704320274178976
,28.24040689817769
,27.776493522176402
,27.90904020103391
,28.571773595321467
,28.174133558748935
,27.842766861605156
,29.300780329037778
,28.704320274178976
,28.174133558748935
,29.89724038389658
,29.632147026181556
,29.035686971322754
,29.035686971322754
,29.632147026181556
,30.02978706275409
,30.02978706275409
,29.89724038389658
,29.300780329037778
,28.83686695303649
,29.300780329037778
,29.764693705039065
,29.234506989609024
,28.770593613607737
,28.21831578503477
,29.035686971322754
,30.02978706275409
,29.49960034732404
,30.692520457041645
,30.55997377818413
,30.096060402182843
,30.02978706275409
,30.02978706275409
,30.02978706275409
,30.02978706275409
,30.02978706275409
,30.096060402182843
,30.957613814756662
,30.42742709932662
,31.222707172471686
,31.686620548472973
,32.15053392447426
,33.07836067647684
,32.54817396104679
,33.34345403419186
,33.34345403419186
,33.74109407076439
,34.27128078619444
,35.19910753819701
,34.66892082276697
,35.39792755648328
,34.66892082276697
,34.006187428479414
,33.47600071304937
,33.60854739190688
,34.867740841053234
,34.27128078619444
,36.92221436334465
,36.458300987343364
,35.86184093248457
,35.33165421705452
,40.10333465592491
,39.639421279923624
,39.04296122506483
,38.51277450963478
,37.98258779420474
,37.4524010787747
,41.82644148107256
,41.16370808678501
,40.63352137135496
,43.019361590790155
,42.48917487536011
,42.3566281965026
,42.09153483878758
,41.82644148107256
,41.36252810507127
,41.95898815993007
,41.56134812335753
,41.56134812335753
,41.03116140792749
,42.75426823307514
,42.157808178216335
,42.22408151764509
,41.69389480221505
,41.16370808678501
,40.50097469249745
,40.10333465592491
,39.9707879770674
,39.57314794049488
,38.976687885636075
,39.37432792220861
,38.91041454620732
,40.898614729069976
,40.43470135306869
,39.838241298209894
,40.36842801363994
,39.90451463763865
,39.308054582779846
,38.6453211884923
,37.916314454775986
,37.717494436489716
,37.187307721059675
,36.524574326772125
,35.99438761134208
,35.33165421705452
,34.80146750162448
,34.27128078619444
,33.74109407076439
,33.21090735533435
,32.74699397933306
,32.283080603331776
,32.216807263903014
,31.885440566759243
,31.42152719075795
,31.222707172471686
,30.825067135899154
,30.162333741611597
,29.49960034732404
,29.035686971322754
,28.83686695303649
,28.306680237606443
,27.90904020103391
,28.43922691646396
,29.764693705039065
,29.234506989609024
,28.83686695303649
,30.825067135899154
,30.294880420469113
,29.83096704446782
,29.278689215894858
,29.764693705039065
,29.101960310751508
,28.505500255892713
,28.041586879891426
,29.54378257360988
,28.969413631894
,28.43922691646396
,30.957613814756662
,30.294880420469113
,30.957613814756662
,30.42742709932662
,30.02978706275409
,29.565873686752802
,29.035686971322754
,28.571773595321467
,28.174133558748935
,29.367053668466532
,28.704320274178976
,30.626247117612884
,30.02978706275409
,31.090160493614178
,30.825067135899154
,30.162333741611597
,29.49960034732404
,29.101960310751508
,30.073969289039923
,30.825067135899154
,31.156433833042932
,30.42742709932662
,30.162333741611597
,30.957613814756662
,30.957613814756662
,30.294880420469113
,29.89724038389658
,29.49960034732404
,29.101960310751508
,30.825067135899154
,30.294880420469113
,32.54817396104679
,31.885440566759243
,31.355253851329195
,33.74109407076439
,33.21090735533435
,34.33755412562319
,34.40382746505195
,34.27128078619444
,33.80736741019315
,33.47600071304937
,34.07246076790817
,34.60264748333822
,35.0665608593395
,34.40382746505195
,33.873640749621906
,33.47600071304937
,35.33165421705452
,34.80146750162448
,34.33755412562319
,34.006187428479414
,33.40972737362062
,33.47600071304937
,34.006187428479414
,34.867740841053234
,34.40382746505195
,35.39792755648328
,35.464200895912036
,35.464200895912036
,35.33165421705452
,34.66892082276697
,34.40382746505195
,34.006187428479414
,33.47600071304937
,33.34345403419186
,33.07836067647684
,32.54817396104679
,32.15053392447426
,31.686620548472973
,31.222707172471686
,30.825067135899154
,30.294880420469113
,29.83096704446782
,29.234506989609024
,28.571773595321467
,27.90904020103391
,27.24630680674636
,26.716120091316313
,26.716120091316313
,28.041586879891426
,27.37885348560387
,26.981213449031337
,28.704320274178976
,28.306680237606443
,27.90904020103391
,27.24630680674636
,26.583573412458804
,25.920840018171248
,25.258106623883698
,24.72791990845365
,24.19773319302361
,23.534999798736052
,22.872266404448496
,22.209533010160946
,21.54679961587339
,21.149159579300857
,22.673446386162233
,22.07698633130343
,23.00481308330601
,22.40835302844721
,22.143259670732192
,21.613072955302144
,21.149159579300857
,20.618972863870816
,19.95623946958326
,19.492326093581973
,18.89586603872317
,18.36567932329313
,18.100585965578105
,18.630772681008153
,19.492326093581973
,19.028412717580686
,19.82369279072575
,19.160959396438194
,18.697046020436908
,18.100585965578105
,17.63667258957682
,17.17275921357553
,16.775119177003
,16.311205801001712
,15.781019085571664
,15.184559030712869
,14.521825636425312
,13.859092242137756
,13.461452205565223
,13.395178866136469
,12.798718811277674
,13.395178866136469
,12.401078774705141
,14.389278957567804
,13.859092242137756
,14.919465672997845
,15.515925727856647
,16.57629915871673
,15.979839103857934
,15.582199067285401
,18.630772681008153
,18.03431262614935
,17.570399250148064
,17.040212534718023
,17.835492607863088
,17.30530589243304
,16.907665855860508
,17.570399250148064
,17.17275921357553
,16.775119177003
,16.244932461572958
,15.781019085571664
,15.184559030712869
,14.720645654711582
,14.12418559985278
,13.461452205565223
,12.931265490135182
,12.53362545356265
,12.003438738132608
,11.539525362131315
,10.81051862841501
,10.147785234127454
,9.485051839839898
,8.822318445552341
,8.2921317301223
,7.761945014692259
,7.231758299262211
,6.767844923260924
,6.171384868402129
,5.773744831829596
,5.773744831829596
