Y(hoy),Y(ayer)
12.401078774705141,13.461452205565223
12.864992150706428,13.461452205565223
13.461452205565223,12.931265490135182
12.401078774705141,12.599898792991404
12.401078774705141,13.196358847850206
10.81051862841501,12.798718811277674
10.214058573556208,12.401078774705141
10.677971949557495,12.401078774705141
11.274432004416298,11.870892059275093
11.208158664987543,11.340705343845052
10.677971949557495,11.340705343845052
10.280331912984963,10.545425270699987
11.208158664987543,9.948965215841184
10.677971949557495,9.617598518697413
10.677971949557495,9.15368514269612
10.147785234127454,8.888591784981102
9.617598518697413,8.358405069551054
9.15368514269612,8.027038372407276
9.926874102698264,8.601407314123158
9.352505160982389,8.2921317301223
10.147785234127454,7.761945014692259
10.147785234127454,7.099211620404702
10.015238555269946,6.834118262689678
9.352505160982389,6.834118262689678
8.689771766694832,6.436478226117146
8.093311711836037,5.972564850115859
7.761945014692259,5.773744831829596
7.298031638690972,5.773744831829596
6.9003916021184395,5.508651474114572
6.70157158383217,4.91219141925577
6.038838189544613,4.713371400969507
5.773744831829596,4.315731364396974
5.243558116399548,3.829726875252767
4.669189174683673,4.183184685539466
5.420287021542897,3.6529979701094177
4.845918079827015,3.5204512912519093
5.3761047952570635,3.5204512912519093
4.845918079827015,3.454177951823155
4.514551382683237,3.1228112546793767
4.580824722111998,2.65889787867809
4.580824722111998,3.1228112546793767
4.139002459253625,2.725171218106837
3.6529979701094177,2.3275311815343116
3.5867246306806635,2.3275311815343116
3.5867246306806635,2.3275311815343116
3.5204512912519093,2.3938045209630587
3.5204512912519093,2.3275311815343116
2.990264575821868,2.2612578421055503
1.9961644843905333,1.664797787246755
1.399704429531738,1.2671577506742295
1.2671577506742295,1.2671577506742295
1.2671577506742295,1.929891144961772
1.2671577506742295,2.3275311815343116
1.2671577506742295,1.664797787246755
1.7973444661042635,1.2671577506742295
1.2671577506742295,2.0624378238192946
1.2671577506742295,1.5322511083892465
1.2671577506742295,1.929891144961772
1.2671577506742295,1.2671577506742295
1.2671577506742295,1.664797787246755
1.2671577506742295,2.2612578421055503
1.2671577506742295,2.3275311815343116
1.2671577506742295,2.3275311815343116
1.3334310901029767,2.3275311815343116
1.664797787246755,2.3938045209630587
1.2671577506742295,2.990264575821868
2.194984502676803,2.5926245392493286
1.8636178055330248,3.454177951823155
1.399704429531738,3.5204512912519093
1.9740733712476128,3.454177951823155
2.194984502676803,2.8577178969643597
1.5322511083892465,3.3879046123944008
1.3334310901029767,2.8577178969643597
1.2671577506742295,3.5204512912519093
1.3334310901029767,3.5204512912519093
1.664797787246755,3.5204512912519093
1.2671577506742295,3.5204512912519093
2.23916672896263,4.183184685539466
2.46007786039182,3.6529979701094177
1.929891144961772,4.779644740398261
1.399704429531738,5.420287021542897
1.9961644843905333,4.978464758684531
2.46007786039182,5.1110114375420395
2.7914445575355984,4.713371400969507
2.3275311815343116,5.707471492400835
3.3879046123944008,6.767844923260924
3.5204512912519093,6.171384868402129
2.8577178969643597,6.569024904974661
2.46007786039182,5.906291510687105
2.504260086677661,5.773744831829596
3.255357933536885,6.237658207830883
2.8577178969643597,6.767844923260924
2.990264575821868,6.834118262689678
2.5263511998205814,6.966664941547194
3.5204512912519093,7.828218354121013
3.1228112546793767,7.364304978119726
3.918091327824442,8.2921317301223
3.3879046123944008,8.822318445552341
4.580824722111998,8.358405069551054
4.580824722111998,8.027038372407276
4.580824722111998,8.557225087837324
4.580824722111998,9.418778500411143
4.580824722111998,8.954865124409856
4.580824722111998,9.948965215841184
4.580824722111998,10.412878591842478
4.580824722111998,11.075611986130028
4.05063800668195,11.340705343845052
3.5867246306806635,11.075611986130028
4.1169113461107045,10.677971949557495
4.580824722111998,10.214058573556208
4.580824722111998,10.147785234127454
5.1110114375420395,10.280331912984963
4.713371400969507,10.677971949557495
5.6411981529720805,11.274432004416298
5.1110114375420395,11.47325202270256
4.779644740398261,12.003438738132608
5.3761047952570635,11.605798701560076
6.038838189544613,12.599898792991404
6.70157158383217,12.135985416990117
6.834118262689678,13.06381216899269
6.834118262689678,13.461452205565223
6.767844923260924,14.786918994140336
6.569024904974661,14.12418559985278
6.303931547259637,13.726545563280247
5.950473736972938,15.515925727856647
6.70157158383217,15.582199067285401
6.303931547259637,15.582199067285401
6.9003916021184395,15.449652388427886
7.231758299262211,14.985739012426599
6.834118262689678,14.521825636425312
7.761945014692259,16.046112443286688
7.894491693549767,15.449652388427886
7.960765032978522,14.919465672997845
8.2921317301223,16.64257249814549
7.894491693549767,17.106485874146777
8.954865124409856,17.702945929005573
9.617598518697413,17.968039286720597
10.015238555269946,18.431952662721883
9.418778500411143,17.968039286720597
9.02113846383861,19.492326093581973
9.418778500411143,18.89586603872317
8.954865124409856,19.95623946958326
9.88269187641243,19.42605275415322
9.617598518697413,19.028412717580686
9.087411803267365,20.022512809012014
10.147785234127454,21.01661290044335
9.750145197554922,20.552699524442062
10.147785234127454,20.287606166727038
10.147785234127454,20.884066221585833
10.81051862841501,21.082886239872103
10.280331912984963,20.552699524442062
11.47325202270256,20.088786148440768
12.047620964418442,20.4864261850133
12.33480543527638,21.347979597587127
12.798718811277674,20.884066221585833
13.328905526707715,21.944439652445922
13.461452205565223,21.811892973588414
13.726545563280247,21.281706258158366
14.389278957567804,23.13735976216352
14.057912260424025,22.673446386162233
13.593998884422739,22.209533010160946
13.859092242137756,22.60717304673348
13.461452205565223,22.209533010160946
14.963647899283679,22.474626367875963
14.389278957567804,23.733819817022322
15.71474574614291,23.13735976216352
15.71474574614291,25.258106623883698
16.244932461572958,24.72791990845365
15.71474574614291,24.19773319302361
16.907665855860508,24.72791990845365
17.570399250148064,24.264006532452363
17.437852571290556,23.733819817022322
16.907665855860508,24.92673992673992
17.835492607863088,24.330279871881118
17.30530589243304,26.119660036457518
17.835492607863088,25.523199981598715
17.835492607863088,26.64984675188756
18.23313264443562,26.31848005474378
17.702945929005573,25.65574666045623
18.89586603872317,25.390653302741207
18.36567932329313,24.993013266168674
17.835492607863088,24.59537322959614
17.30530589243304,26.892848996459662
16.775119177003,26.31848005474378
18.14476819186394,25.78829333931374
18.89586603872317,27.511400164461378
18.763319359865662,26.84866677017383
18.498226002150638,26.716120091316313
18.14476819186394,27.180033467317607
18.89586603872317,27.511400164461378
18.36567932329313,26.914940109602583
18.89586603872317,27.37885348560387
18.36567932329313,28.571773595321467
17.901765947291842,27.90904020103391
18.89586603872317,29.89724038389658
18.36567932329313,29.234506989609024
17.968039286720597,29.89724038389658
19.42605275415322,29.234506989609024
19.95623946958326,28.571773595321467
19.95623946958326,27.975313540462672
19.42605275415322,28.43922691646396
19.028412717580686,29.300780329037778
21.01661290044335,28.83686695303649
20.4864261850133,29.764693705039065
19.95623946958326,29.234506989609024
19.42605275415322,28.770593613607737
20.751519542728325,28.21831578503477
20.221332827298284,29.101960310751508
20.221332827298284,29.89724038389658
20.884066221585833,29.632147026181556
21.149159579300857,29.16823365018027
21.281706258158366,29.764693705039065
21.856075199874248,29.300780329037778
22.342079689018455,28.903140292465245
22.38626191530429,29.89724038389658
23.269906441021035,29.367053668466532
22.739719725590987,29.89724038389658
23.402453119878544,29.300780329037778
22.938539743877257,28.903140292465245
22.209533010160946,29.764693705039065
21.679346294730898,29.367053668466532
21.149159579300857,29.234506989609024
22.12116855758927,30.361153759897867
21.54679961587339,29.764693705039065
22.209533010160946,31.48780053018671
21.944439652445922,30.825067135899154
21.54679961587339,32.15053392447426
20.884066221585833,31.48780053018671
20.353879506155792,31.885440566759243
19.691146111868235,31.28898051190044
19.160959396438194,31.222707172471686
19.95623946958326,30.692520457041645
19.558599433010727,30.22860708104035
19.95623946958326,30.825067135899154
19.42605275415322,30.361153759897867
18.962139378151925,29.764693705039065
18.36567932329313,29.101960310751508
17.968039286720597,28.83686695303649
18.89586603872317,28.571773595321467
18.36567932329313,27.90904020103391
17.901765947291842,30.42742709932662
17.17275921357553,29.764693705039065
16.64257249814549,29.234506989609024
15.847292425000418,31.090160493614178
15.582199067285401,30.825067135899154
15.71474574614291,30.162333741611597
15.71474574614291,29.89724038389658
15.250832370141623,29.49960034732404
15.71474574614291,29.101960310751508
14.786918994140336,30.294880420469113
14.521825636425312,30.692520457041645
14.455552296996558,30.02978706275409
14.256732278710288,29.367053668466532
13.991638920995271,28.704320274178976
13.461452205565223,28.174133558748935
12.798718811277674,27.710220182747648
12.467352114133895,27.113760127888845
13.107994395278524,26.583573412458804
13.328905526707715,26.053386697028763
12.666172132420158,25.65574666045623
12.401078774705141,26.451026733601296
12.401078774705141,26.185933375886272
12.401078774705141,25.78829333931374
12.401078774705141,25.125559945026183
12.467352114133895,24.860466587311166
12.864992150706428,24.462826550738633
12.401078774705141,23.932639835308585
13.328905526707715,23.269906441021035
14.389278957567804,23.00481308330601
13.925365581566517,22.60717304673348
13.395178866136469,21.944439652445922
12.864992150706428,21.347979597587127
12.467352114133895,21.149159579300857
13.06381216899269,20.751519542728325
13.726545563280247,20.221332827298284
14.389278957567804,19.757419451296997
14.919465672997845,19.09468605700944
15.493834614713727,19.028412717580686
15.582199067285401,18.498226002150638
15.317105709570377,17.968039286720597
14.919465672997845,17.570399250148064
14.389278957567804,17.106485874146777
13.859092242137756,16.64257249814549
13.461452205565223,16.046112443286688
14.389278957567804,15.449652388427886
13.859092242137756,14.919465672997845
14.521825636425312,14.521825636425312
14.588098975854066,15.515925727856647
15.228741256998703,15.052012351855353
14.65437231528282,15.582199067285401
16.510025819287975,15.317105709570377
15.91356576442918,14.720645654711582
16.244932461572958,14.521825636425312
15.71474574614291,14.521825636425312
15.979839103857934,13.991638920995271
15.582199067285401,15.317105709570377
17.570399250148064,14.65437231528282
16.97393919528926,16.046112443286688
16.510025819287975,16.510025819287975
17.570399250148064,16.024021330143768
16.907665855860508,16.64257249814549
16.775119177003,16.775119177003
16.775119177003,17.040212534718023
16.775119177003,17.702945929005573
16.775119177003,17.702945929005573
17.63667258957682,17.106485874146777
17.040212534718023,17.702945929005573
16.64257249814549,17.17275921357553
18.100585965578105,17.968039286720597
18.498226002150638,17.702945929005573
17.968039286720597,17.128576987289698
18.763319359865662,17.879674834148922
19.42605275415322,19.691146111868235
22.07698633130343,19.09468605700944
21.54679961587339,18.630772681008153
20.088786148440768,18.89586603872317
20.751519542728325,18.36567932329313
20.221332827298284,17.968039286720597
21.281706258158366,17.968039286720597
19.82369279072575,18.431952662721883
22.342079689018455,18.89586603872317
21.811892973588414,18.23313264443562
20.884066221585833,18.630772681008153
22.209533010160946,18.962139378151925
21.944439652445922,18.630772681008153
21.54679961587339,18.16685930500686
20.618972863870816,17.968039286720597
20.15505948786953,18.100585965578105
20.287606166727038,18.89586603872317
20.884066221585833,19.22723273586695
21.325888484444206,19.691146111868235
22.209533010160946,20.353879506155792
21.679346294730898,20.81779288215708
22.474626367875963,20.221332827298284
23.13735976216352,19.691146111868235
23.711728703879402,18.630772681008153
23.800093156451076,18.03431262614935
23.269906441021035,20.022512809012014
22.60717304673348,19.42605275415322
22.209533010160946,20.221332827298284
23.181541988449354,20.751519542728325
23.932639835308585,21.21543291872961
25.258106623883698,21.878166313017168
24.59537322959614,21.41425293701588
24.131459853594855,22.40835302844721
23.667546477593568,23.00481308330601
23.13735976216352,22.739719725590987
22.60717304673348,22.474626367875963
22.209533010160946,23.269906441021035
24.507008777024467,23.534999798736052
23.932639835308585,23.932639835308585
23.402453119878544,24.529099890167387
23.00481308330601,24.661646569024896
25.258106623883698,25.920840018171248
25.523199981598715,25.258106623883698
24.993013266168674,26.64984675188756
24.330279871881118,26.583573412458804
23.800093156451076,26.053386697028763
23.33617978044979,25.390653302741207
23.800093156451076,25.125559945026183
23.269906441021035,24.72791990845365
24.462826550738633,26.31848005474378
24.462826550738633,25.78829333931374
23.932639835308585,25.390653302741207
23.468726459307298,26.716120091316313
24.330279871881118,26.31848005474378
23.667546477593568,25.854566678742493
24.462826550738633,25.722019999884985
23.932639835308585,26.451026733601296
23.534999798736052,27.643946843318894
24.241915419309443,27.180033467317607
24.462826550738633,27.113760127888845
24.131459853594855,26.716120091316313
23.534999798736052,26.914940109602583
23.269906441021035,27.37885348560387
22.872266404448496,27.776493522176402
22.209533010160946,27.643946843318894
21.944439652445922,27.113760127888845
21.54679961587339,26.64984675188756
21.01661290044335,26.097568923314597
20.552699524442062,25.65574666045623
20.088786148440768,26.981213449031337
21.01661290044335,27.511400164461378
20.552699524442062,26.914940109602583
21.01661290044335,26.716120091316313
20.353879506155792,26.716120091316313
20.088786148440768,26.583573412458804
22.12116855758927,26.053386697028763
21.54679961587339,25.523199981598715
21.01661290044335,24.993013266168674
22.342079689018455,24.72791990845365
22.342079689018455,25.258106623883698
22.342079689018455,26.185933375886272
21.811892973588414,25.65574666045623
21.281706258158366,26.64984675188756
21.856075199874248,26.31848005474378
22.342079689018455,25.854566678742493
21.679346294730898,26.31848005474378
21.41425293701588,25.920840018171248
22.209533010160946,25.523199981598715
21.01661290044335,25.05928660559743
20.353879506155792,24.462826550738633
20.088786148440768,23.800093156451076
22.07698633130343,23.534999798736052
21.54679961587339,25.58947332102747
21.01661290044335,24.993013266168674
20.552699524442062,25.523199981598715
19.95623946958326,24.993013266168674
19.42605275415322,24.529099890167387
18.89586603872317,23.932639835308585
18.36567932329313,23.269906441021035
17.901765947291842,22.739719725590987
17.835492607863088,22.474626367875963
17.835492607863088,24.19773319302361
17.371579231861794,23.733819817022322
16.775119177003,23.269906441021035
16.64257249814549,23.667546477593568
16.377479140430466,23.00481308330601
15.979839103857934,22.739719725590987
15.317105709570377,22.342079689018455
14.786918994140336,21.811892973588414
15.449652388427886,21.149159579300857
14.919465672997845,20.884066221585833
14.455552296996558,20.618972863870816
14.919465672997845,20.088786148440768
13.726545563280247,21.944439652445922
13.461452205565223,21.281706258158366
13.638181110708572,22.143259670732192
14.389278957567804,21.613072955302144
13.859092242137756,21.149159579300857
12.931265490135182,21.082886239872103
12.53362545356265,20.4864261850133
12.268532095847625,19.82369279072575
11.738345380417584,19.160959396438194
11.208158664987543,18.630772681008153
10.677971949557495,17.968039286720597
10.214058573556208,17.30530589243304
10.94306530727252,16.64257249814549
10.412878591842478,15.847292425000418
,15.582199067285401
,15.184559030712869
,14.720645654711582
,14.256732278710288
,13.859092242137756
,13.328905526707715
,12.864992150706428
,12.401078774705141
,12.401078774705141
