Y(hoy),Y(ayer)
7.894491693549767,5.773744831829596
7.761945014692259,5.707471492400835
7.231758299262211,5.3761047952570635
6.767844923260924,4.845918079827015
6.569024904974661,4.448278043254483
6.303931547259637,3.6529979701094177
5.906291510687105,3.5204512912519093
5.773744831829596,3.1228112546793767
5.707471492400835,2.5263511998205814
5.508651474114572,2.3275311815343116
5.243558116399548,2.0624378238192946
4.845918079827015,1.399704429531738
4.514551382683237,0.7369710352441814
4.580824722111998,0.33933099867164174
3.918091327824442,0.8695177141016899
3.454177951823155,1.2671577506742295
3.5204512912519093,0.8695177141016899
3.5204512912519093,0.2730576592428946
2.990264575821868,0.20678431981413326
2.46007786039182,0.20678431981413326
2.46007786039182,0.20678431981413326
2.46007786039182,-0.1908557167583922
2.46007786039182,-0.654769092759679
1.929891144961772,-0.8535891110459488
1.399704429531738,-0.8535891110459488
1.2671577506742295,-0.8535891110459488
1.2671577506742295,-0.8535891110459488
1.2008844112454682,-0.8535891110459488
1.1346110718167068,-0.8535891110459488
0.67069769581542,-0.8535891110459488
0.2730576592428946,-0.8535891110459488
0.20678431981413326,-0.8535891110459488
0.20678431981413326,-0.8535891110459488
0.20678431981413326,-0.8535891110459488
0.20678431981413326,-1.11868246876098
0.20678431981413326,-1.5163225053335054
0.20678431981413326,-1.913962541906045
0.20678431981413326,-1.913962541906045
0.07423764095662477,-1.913962541906045
-0.5222224139021705,-1.913962541906045
-0.8535891110459488,-1.913962541906045
-0.8535891110459488,-1.913962541906045
-0.8535891110459488,-1.913962541906045
-0.8535891110459488,-1.913962541906045
-0.8535891110459488,-1.913962541906045
-0.8535891110459488,-1.913962541906045
-0.8535891110459488,-1.913962541906045
-0.8535891110459488,-1.913962541906045
-0.8535891110459488,-1.913962541906045
-0.8535891110459488,-1.913962541906045
-0.8535891110459488,-1.913962541906045
-0.8535891110459488,-1.913962541906045
-0.8535891110459488,-1.383775826475997
-0.8535891110459488,-0.8535891110459488
-0.8535891110459488,-0.8535891110459488
-0.8535891110459488,-0.8535891110459488
-0.5884957533309318,-0.8535891110459488
-0.1466734904725655,-0.8535891110459488
0.07423764095662477,-0.8535891110459488
-0.45594907447342337,-0.8535891110459488
0.07423764095662477,-0.7873157716172017
-0.45594907447342337,-0.1908557167583922
0.07423764095662477,0.20678431981413326
-0.45594907447342337,0.2730576592428946
-0.05830903790088371,1.0020643929591984
-0.5884957533309318,0.47187767752916443
0.20678431981413326,1.2671577506742295
0.47187767752916443,1.7973444661042635
0.9136999403875308,2.46007786039182
1.5322511083892465,2.990264575821868
2.3275311815343116,3.6529979701094177
1.7973444661042635,4.05063800668195
2.5926245392493286,4.91219141925577
3.299540159822719,4.448278043254483
2.8577178969643597,5.3761047952570635
3.6529979701094177,5.906291510687105
4.183184685539466,6.767844923260924
4.845918079827015,6.303931547259637
5.442378134685818,7.231758299262211
6.038838189544613,8.093311711836037
6.70157158383217,7.629398335834743
7.298031638690972,9.087411803267365
7.894491693549767,8.557225087837324
8.623498427266078,10.147785234127454
9.087411803267365,11.47325202270256
11.340705343845052,11.075611986130028
13.06381216899269,12.798718811277674
12.53362545356265,12.268532095847625
13.859092242137756,13.859092242137756
15.71474574614291,13.328905526707715
17.371579231861794,15.979839103857934
16.775119177003,15.449652388427886
17.835492607863088,15.052012351855353
18.36567932329313,17.835492607863088
17.968039286720597,17.30530589243304
18.89586603872317,16.907665855860508
19.42605275415322,18.36567932329313
19.028412717580686,19.22723273586695
19.95623946958326,18.763319359865662
21.01661290044335,19.691146111868235
24.19773319302361,20.088786148440768
23.800093156451076,20.088786148440768
26.053386697028763,21.01661290044335
25.65574666045623,20.618972863870816
32.945813997619325,22.342079689018455
32.54817396104679,21.944439652445922
34.27128078619444,24.72791990845365
33.74109407076439,24.19773319302361
36.126934290199586,23.800093156451076
35.596747574769545,26.31848005474378
38.77786786734981,25.920840018171248
40.898614729069976,28.174133558748935
40.36842801363994,27.643946843318894
42.820541572503885,30.02978706275409
42.22408151764509,29.49960034732404
43.81464166393522,31.885440566759243
43.28445494850518,31.355253851329195
42.75426823307514,32.34935394276053
42.22408151764509,34.27128078619444
41.69389480221505,33.74109407076439
41.16370808678501,33.21090735533435
40.63352137135496,32.81326731876182
40.10333465592491,36.39202764791461
39.639421279923624,35.86184093248457
38.91041454620732,35.33165421705452
38.38022783077727,34.93401418048199
37.78376777591848,39.57314794049488
37.58494775763221,39.04296122506483
37.31985439991719,38.51277450963478
36.92221436334465,37.98258779420474
37.717494436489716,41.428801444500024
37.187307721059675,40.898614729069976
36.78966768448714,40.36842801363994
36.524574326772125,43.15190826964766
36.524574326772125,42.48917487536011
36.2594809690571,42.09153483878758
35.86184093248457,43.41700162736269
36.657121005629634,43.81464166393522
37.717494436489716,44.477375058222776
37.187307721059675,44.079735021650244
36.2594809690571,43.68209498507771
37.717494436489716,43.28445494850518
37.58494775763221,42.75426823307514
37.054761042202166,42.29035485707385
36.39202764791461,42.09153483878758
35.86184093248457,41.69389480221505
35.19910753819701,41.229981426213755
34.93401418048199,41.03116140792749
34.536374143909455,41.03116140792749
33.873640749621906,41.03116140792749
33.40972737362062,40.50097469249745
34.07246076790817,40.10333465592491
34.66892082276697,41.82644148107256
35.33165421705452,41.16370808678501
34.80146750162448,40.63352137135496
34.33755412562319,42.02526149935882
33.60854739190688,41.49507478392878
33.34345403419186,41.03116140792749
33.21090735533435,40.63352137135496
32.54817396104679,40.16960799535367
31.951713906187997,39.57314794049488
31.355253851329195,39.04296122506483
31.023887154185417,38.38022783077727
31.090160493614178,37.98258779420474
31.090160493614178,38.51277450963478
30.55997377818413,37.916314454775986
29.764693705039065,37.98258779420474
29.234506989609024,38.55695673592062
28.83686695303649,38.247681151919764
29.764693705039065,37.78376777591848
29.234506989609024,37.187307721059675
30.162333741611597,36.657121005629634
30.869249362184988,35.99438761134208
30.42742709932662,35.33165421705452
31.090160493614178,34.80146750162448
31.090160493614178,34.40382746505195
31.355253851329195,34.006187428479414
30.957613814756662,33.40972737362062
31.929622793045077,33.34345403419186
32.216807263903014,32.81326731876182
32.283080603331776,32.283080603331776
32.283080603331776,32.74699397933306
32.283080603331776,33.21090735533435
32.68072063990431,32.68072063990431
32.283080603331776,32.15053392447426
33.21090735533435,31.62034720904422
32.68072063990431,31.156433833042932
32.34935394276053,30.825067135899154
32.98999622390516,30.42742709932662
33.52018293933521,29.49960034732404
34.27128078619444,29.101960310751508
33.80736741019315,29.764693705039065
33.74109407076439,30.02978706275409
33.34345403419186,30.02978706275409
34.66892082276697,29.963513723325335
34.13873410733692,29.764693705039065
35.33165421705452,29.300780329037778
34.867740841053234,30.957613814756662
35.33165421705452,30.294880420469113
34.4701008044807,29.764693705039065
34.40382746505195,31.222707172471686
34.27128078619444,30.957613814756662
33.74109407076439,30.294880420469113
33.34345403419186,30.02978706275409
34.27128078619444,30.02978706275409
33.74109407076439,30.096060402182843
34.536374143909455,30.55997377818413
35.13283419876826,31.156433833042932
35.596747574769545,31.222707172471686
35.464200895912036,31.222707172471686
35.19910753819701,31.62034720904422
34.66892082276697,32.216807263903014
34.40382746505195,32.283080603331776
34.536374143909455,32.283080603331776
35.11074308562534,32.216807263903014
35.596747574769545,31.885440566759243
35.26538087762577,31.42152719075795
34.66892082276697,31.885440566759243
34.40382746505195,31.48780053018671
34.536374143909455,32.283080603331776
35.11074308562534,32.68072063990431
35.64092980105538,33.2771806947631
36.524574326772125,33.21090735533435
35.86184093248457,32.54817396104679
37.187307721059675,31.752893887901728
37.717494436489716,31.28898051190044
37.717494436489716,31.885440566759243
37.717494436489716,32.283080603331776
37.76167666277556,32.34935394276053
39.08714345135067,32.945813997619325
38.51277450963478,32.54817396104679
37.98258779420474,33.34345403419186
39.838241298209894,33.34345403419186
39.9707879770674,33.34345403419186
39.9707879770674,33.873640749621906
40.037061316496164,35.19910753819701
40.69979471078371,34.536374143909455
40.10333465592491,35.464200895912036
41.69389480221505,35.6630209141983
41.229981426213755,36.2594809690571
42.79845045936097,36.126934290199586
42.22408151764509,35.6630209141983
44.654103963366126,35.72929425362706
44.079735021650244,36.524574326772125
43.5495483062202,36.657121005629634
46.46557524108544,36.2594809690571
45.9353885256554,35.6630209141983
45.47147514965411,35.6630209141983
45.9353885256554,36.2594809690571
45.40520181022535,37.054761042202166
44.74246841593779,38.31395449134852
44.146008361079,37.717494436489716
43.5495483062202,40.898614729069976
43.019361590790155,40.36842801363994
42.22408151764509,39.838241298209894
44.34482837936527,39.308054582779846
43.81464166393522,38.77786786734981
43.35072828793393,43.61582164564895
43.41700162736269,43.019361590790155
43.15190826964766,42.48917487536011
43.28445494850518,41.95898815993007
43.28445494850518,41.428801444500024
42.75426823307514,44.079735021650244
42.22408151764509,43.5495483062202
42.09153483878758,43.085634930218916
41.82644148107256,42.55544821478887
41.428801444500024,42.886814911932646
43.019361590790155,42.3566281965026
42.3566281965026,41.95898815993007
41.95898815993007,41.428801444500024
41.428801444500024,42.02526149935882
42.22408151764509,41.56134812335753
41.69389480221505,42.09153483878758
41.296254765642516,41.69389480221505
40.36842801363994,41.229981426213755
39.838241298209894,40.96488806849874
39.2417812433511,40.43470135306869
37.054761042202166,39.90451463763865
35.72929425362706,39.44060126163736
35.464200895912036,39.10923456449358
34.93401418048199,39.639421279923624
34.27128078619444,40.16960799535367
33.74109407076439,40.63352137135496
33.07836067647684,41.03116140792749
32.415627282189284,40.36842801363994
31.885440566759243,39.838241298209894
31.355253851329195,39.308054582779846
30.825067135899154,38.91041454620732
30.162333741611597,38.51277450963478
29.89724038389658,37.187307721059675
29.632147026181556,36.657121005629634
29.234506989609024,36.126934290199586
28.704320274178976,35.72929425362706
28.24040689817769,37.4524010787747
27.776493522176402,36.92221436334465
28.748502500464816,36.458300987343364
28.174133558748935,35.72929425362706
28.969413631894,35.464200895912036
28.969413631894,35.33165421705452
28.969413631894,34.66892082276697
29.300780329037778,34.006187428479414
28.83686695303649,33.34345403419186
29.89724038389658,32.68072063990431
30.02978706275409,32.15053392447426
30.294880420469113,31.62034720904422
29.89724038389658,31.222707172471686
30.825067135899154,31.355253851329195
30.825067135899154,31.951713906187997
30.162333741611597,32.415627282189284
30.096060402182843,32.98999622390516
30.626247117612884,32.68072063990431
31.090160493614178,32.283080603331776
31.929622793045077,32.283080603331776
31.355253851329195,32.283080603331776
30.957613814756662,33.80736741019315
33.21090735533435,33.21090735533435
32.74699397933306,32.68072063990431
33.21090735533435,32.283080603331776
32.68072063990431,35.33165421705452
32.283080603331776,34.867740841053234
32.283080603331776,34.27128078619444
32.283080603331776,34.4701008044807
32.283080603331776,34.13873410733692
32.283080603331776,33.34345403419186
32.15053392447426,32.74699397933306
31.686620548472973,32.283080603331776
31.222707172471686,32.68072063990431
31.752893887901728,33.74109407076439
32.415627282189284,33.21090735533435
32.98999622390516,34.93401418048199
33.52018293933521,34.27128078619444
34.27128078619444,35.596747574769545
33.80736741019315,36.458300987343364
33.60854739190688,35.99438761134208
33.34345403419186,36.92221436334465
33.34345403419186,37.4524010787747
33.34345403419186,36.98848770277341
33.2771806947631,36.458300987343364
33.21090735533435,35.99438761134208
32.68072063990431,35.596747574769545
32.34935394276053,36.458300987343364
33.07836067647684,35.86184093248457
33.52018293933521,37.58494775763221
34.536374143909455,36.92221436334465
34.006187428479414,37.58494775763221
35.11074308562534,36.92221436334465
35.19910753819701,36.657121005629634
34.66892082276697,36.72339434505839
35.33165421705452,37.78376777591848
34.867740841053234,37.187307721059675
35.0665608593395,38.77786786734981
34.536374143909455,38.247681151919764
34.40382746505195,39.308054582779846
34.4701008044807,39.705694619352386
34.867740841053234,39.10923456449358
34.40382746505195,39.705694619352386
35.464200895912036,40.898614729069976
35.19910753819701,40.36842801363994
34.867740841053234,39.90451463763865
35.37583644334036,39.308054582779846
35.72929425362706,38.91041454620732
35.420018669626195,38.91041454620732
33.873640749621906,38.91041454620732
33.34345403419186,38.91041454620732
32.54817396104679,38.84414120677856
32.283080603331776,38.51277450963478
31.752893887901728,37.98258779420474
31.355253851329195,37.85004111534723
31.885440566759243,37.85004111534723
31.355253851329195,37.98258779420474
31.885440566759243,38.6453211884923
31.355253851329195,38.91041454620732
31.023887154185417,38.38022783077727
31.090160493614178,37.85004111534723
31.090160493614178,37.58494775763221
30.42742709932662,36.92221436334465
29.963513723325335,36.657121005629634
29.89724038389658,36.524574326772125
29.632147026181556,35.92811427191332
29.101960310751508,35.0665608593395
28.83686695303649,34.40382746505195
28.43922691646396,34.93401418048199
27.90904020103391,35.464200895912036
28.505500255892713,36.17111651648543
28.969413631894,35.86184093248457
28.969413631894,35.33165421705452
28.505500255892713,34.33755412562319
27.90904020103391,33.80736741019315
26.583573412458804,33.34345403419186
26.119660036457518,33.34345403419186
25.58947332102747,33.34345403419186
25.523199981598715,33.80736741019315
24.993013266168674,34.27128078619444
24.462826550738633,33.873640749621906
23.800093156451076,33.47600071304937
23.402453119878544,32.81326731876182
23.402453119878544,32.15053392447426
23.269906441021035,31.48780053018671
22.739719725590987,30.692520457041645
22.474626367875963,30.22860708104035
22.07698633130343,30.957613814756662
21.41425293701588,30.957613814756662
20.884066221585833,30.42742709932662
20.353879506155792,30.02978706275409
21.01661290044335,29.565873686752802
20.4864261850133,29.035686971322754
21.281706258158366,28.43922691646396
21.856075199874248,28.041586879891426
22.07698633130343,26.583573412458804
21.54679961587339,26.053386697028763
20.884066221585833,25.65574666045623
20.221332827298284,25.258106623883698
19.691146111868235,24.72791990845365
19.028412717580686,24.264006532452363
18.763319359865662,23.800093156451076
18.36567932329313,23.402453119878544
17.835492607863088,22.739719725590987
17.30530589243304,22.07698633130343
16.775119177003,21.41425293701588
16.775119177003,20.884066221585833
16.64257249814549,20.4864261850133
16.377479140430466,20.088786148440768
15.847292425000418,19.691146111868235
15.582199067285401,19.22723273586695
15.052012351855353,19.691146111868235
14.588098975854066,19.293506075295703
14.786918994140336,20.088786148440768
15.449652388427886,19.691146111868235
,19.160959396438194
,18.697046020436908
,18.100585965578105
,17.437852571290556
,16.841392516431753
,16.510025819287975
,15.847292425000418
,15.184559030712869
,14.786918994140336
,14.389278957567804
,13.925365581566517
,13.461452205565223
,13.06381216899269
,12.599898792991404
,12.33480543527638
,11.605798701560076
,10.94306530727252
,10.280331912984963
,10.015238555269946
,9.418778500411143
,10.677971949557495
,10.147785234127454
,9.617598518697413
