Y(hoy),Y(ayer)
5.773744831829596,12.401078774705141
5.773744831829596,12.003438738132608
5.707471492400835,11.539525362131315
5.508651474114572,11.340705343845052
5.243558116399548,11.870892059275093
4.713371400969507,13.107994395278524
4.05063800668195,12.53362545356265
3.5204512912519093,12.798718811277674
3.5204512912519093,12.401078774705141
3.3879046123944008,12.33480543527638
3.1228112546793767,12.003438738132608
2.725171218106837,11.605798701560076
2.3275311815343116,11.208158664987543
3.3879046123944008,10.74424528898625
2.923991236393107,10.214058573556208
2.5926245392493286,10.015238555269946
2.3275311815343116,9.418778500411143
2.3275311815343116,8.954865124409856
2.0624378238192946,9.418778500411143
1.5322511083892465,9.88269187641243
1.2671577506742295,9.219958482124873
1.2671577506742295,9.15368514269612
1.2671577506742295,9.617598518697413
1.2008844112454682,10.0815118946987
1.0020643929591984,10.147785234127454
0.7369710352441814,10.280331912984963
0.33933099867164174,11.738345380417584
0.38351322495748263,11.208158664987543
1.1346110718167068,10.677971949557495
0.67069769581542,12.268532095847625
1.1346110718167068,11.47325202270256
0.2730576592428946,10.94306530727252
0.20678431981413326,10.479151931271232
0.20678431981413326,10.0815118946987
0.07423764095662477,9.88269187641243
-0.5884957533309318,9.418778500411143
-0.8535891110459488,8.954865124409856
-0.6768602059025994,8.888591784981102
0.07423764095662477,8.159585051264791
-0.3234023956159007,7.496851656977235
0.20678431981413326,6.834118262689678
0.20678431981413326,6.303931547259637
0.20678431981413326,5.84001817125835
0.20678431981413326,5.773744831829596
0.20678431981413326,5.6411981529720805
0.20678431981413326,5.177284776970794
0.20678431981413326,4.713371400969507
0.07423764095662477,5.177284776970794
-0.5884957533309318,5.508651474114572
-0.8535891110459488,4.91219141925577
-0.6768602059025994,4.713371400969507
0.07423764095662477,4.448278043254483
-0.3234023956159007,3.6529979701094177
0.07423764095662477,3.5204512912519093
-0.5884957533309318,3.1228112546793767
-0.6768602059025994,2.65889787867809
0.07423764095662477,3.255357933536885
-0.3234023956159007,2.7914445575355984
0.20678431981413326,2.3275311815343116
0.20678431981413326,2.3275311815343116
0.14051098038538612,2.3275311815343116
0.07423764095662477,2.3275311815343116
-0.45594907447342337,2.3275311815343116
-0.8535891110459488,2.7914445575355984
-0.5884957533309318,3.255357933536885
0.07423764095662477,2.7914445575355984
0.20678431981413326,2.3275311815343116
0.20678431981413326,1.929891144961772
0.20678431981413326,1.3334310901029767
0.20678431981413326,1.2671577506742295
0.20678431981413326,1.2671577506742295
0.20678431981413326,1.2671577506742295
0.20678431981413326,1.2671577506742295
0.20678431981413326,1.2671577506742295
0.07423764095662477,1.2671577506742295
-0.45594907447342337,1.2671577506742295
-0.7873157716172017,1.2671577506742295
-0.05830903790088371,1.2671577506742295
0.6486065826724996,1.2671577506742295
1.0020643929591984,1.2671577506742295
1.5322511083892465,1.2671577506742295
1.9961644843905333,1.2671577506742295
2.46007786039182,1.2671577506742295
2.46007786039182,1.2671577506742295
2.990264575821868,1.2671577506742295
2.46007786039182,1.2671577506742295
3.5204512912519093,1.2671577506742295
4.1169113461107045,1.2671577506742295
4.580824722111998,1.2671577506742295
4.978464758684531,1.2671577506742295
4.448278043254483,1.2671577506742295
5.6411981529720805,1.2671577506742295
5.6411981529720805,1.3334310901029767
5.1110114375420395,2.0624378238192946
4.779644740398261,1.5322511083892465
5.420287021542897,2.3275311815343116
5.950473736972938,2.3275311815343116
5.508651474114572,2.46007786039182
6.7457538101180035,2.3275311815343116
8.071220598693117,2.3938045209630587
7.496851656977235,2.3938045209630587
9.352505160982389,3.3216312729656394
8.822318445552341,2.8577178969643597
10.280331912984963,3.5204512912519093
10.94306530727252,3.5867246306806635
12.003438738132608,4.183184685539466
11.539525362131315,4.713371400969507
13.107994395278524,4.713371400969507
12.53362545356265,5.243558116399548
13.991638920995271,5.3761047952570635
14.698554541568662,4.91219141925577
16.510025819287975,4.713371400969507
15.979839103857934,4.713371400969507
15.449652388427886,4.713371400969507
17.835492607863088,5.177284776970794
17.30530589243304,5.707471492400835
16.841392516431753,5.773744831829596
17.30530589243304,5.773744831829596
18.89586603872317,6.171384868402129
18.431952662721883,6.569024904974661
17.835492607863088,5.972564850115859
20.000421695869093,6.436478226117146
19.42605275415322,6.038838189544613
21.281706258158366,6.834118262689678
20.751519542728325,6.834118262689678
22.872266404448496,6.834118262689678
22.342079689018455,6.9003916021184395
21.811892973588414,7.761945014692259
24.72791990845365,7.364304978119726
24.19773319302361,7.2759405255480445
23.667546477593568,6.834118262689678
26.097568923314597,7.828218354121013
25.523199981598715,7.761945014692259
27.423035711889703,7.231758299262211
26.84866677017383,6.834118262689678
28.748502500464816,7.761945014692259
28.174133558748935,7.364304978119726
30.02978706275409,8.2921317301223
29.49960034732404,8.888591784981102
31.885440566759243,9.418778500411143
31.355253851329195,9.88269187641243
30.825067135899154,9.219958482124873
34.27128078619444,9.418778500411143
33.74109407076439,8.954865124409856
33.2771806947631,10.987247533558353
32.68072063990431,10.412878591842478
37.4524010787747,9.88269187641243
36.78966768448714,11.340705343845052
36.325754308485855,10.81051862841501
35.86184093248457,10.346605252413717
35.33165421705452,11.605798701560076
34.80146750162448,10.94306530727252
39.35223680906569,12.33480543527638
38.77786786734981,12.401078774705141
38.247681151919764,12.401078774705141
40.6777035976408,12.798718811277674
40.10333465592491,13.328905526707715
41.472983670785865,14.190458939281534
42.22408151764509,13.726545563280247
43.28445494850518,14.65437231528282
42.75426823307514,15.184559030712869
44.3890106056511,15.582199067285401
43.81464166393522,15.582199067285401
45.18429067879617,15.582199067285401
45.97957075194123,16.57629915871673
47.30503754051634,15.979839103857934
46.73066859880046,18.630772681008153
48.05613538737557,18.100585965578105
48.58632210280561,17.570399250148064
47.923588708518054,17.040212534718023
47.65849535080304,18.36567932329313
47.260855314230504,17.968039286720597
46.73066859880046,17.437852571290556
47.52594867194553,16.97393919528926
46.99576195651548,19.205141622724028
46.33302856222792,18.630772681008153
45.80284184679789,18.100585965578105
45.14010845251033,17.570399250148064
44.654103963366126,20.022512809012014
45.40520181022535,20.221332827298284
46.46557524108544,21.082886239872103
45.9353885256554,20.618972863870816
45.40520181022535,21.54679961587339
44.94128843422406,22.07698633130343
44.54364839765153,21.679346294730898
45.18429067879617,21.21543291872961
45.71447739422621,21.613072955302144
45.27265513136784,21.149159579300857
46.46557524108544,22.143259670732192
47.52594867194553,22.209533010160946
46.99576195651548,22.40835302844721
46.46557524108544,22.872266404448496
45.9353885256554,23.33617978044979
45.40520181022535,23.13735976216352
44.74246841593779,22.60717304673348
44.278555039936506,23.800093156451076
44.34482837936527,23.13735976216352
43.88091500336398,24.462826550738633
43.35072828793393,25.302288850169532
43.28445494850518,24.860466587311166
42.62172155421762,24.993013266168674
42.3566281965026,24.59537322959614
41.95898815993007,25.05928660559743
41.428801444500024,24.59537322959614
41.95898815993007,25.390653302741207
41.428801444500024,24.794193247882404
40.898614729069976,24.661646569024896
39.9707879770674,25.324379963312452
39.705694619352386,26.31848005474378
39.308054582779846,25.78829333931374
38.6453211884923,26.64984675188756
38.38022783077727,26.31848005474378
37.85004111534723,25.78829333931374
37.58494775763221,25.258106623883698
37.58494775763221,24.72791990845365
37.31985439991719,26.451026733601296
36.92221436334465,25.78829333931374
37.717494436489716,25.258106623883698
37.187307721059675,26.716120091316313
36.72339434505839,26.981213449031337
36.325754308485855,28.24040689817769
35.72929425362706,27.643946843318894
35.464200895912036,28.571773595321467
35.596747574769545,27.997404653605592
35.33165421705452,28.770593613607737
34.66892082276697,28.306680237606443
34.40382746505195,28.83686695303649
34.006187428479414,28.306680237606443
33.47600071304937,27.776493522176402
33.60854739190688,29.632147026181556
34.27128078619444,28.969413631894
33.60854739190688,28.43922691646396
33.07836067647684,29.89724038389658
32.415627282189284,29.234506989609024
31.752893887901728,28.704320274178976
31.28898051190044,28.174133558748935
33.34345403419186,27.511400164461378
32.68072063990431,26.84866677017383
32.15053392447426,28.483409142749792
34.006187428479414,27.90904020103391
34.27128078619444,27.37885348560387
33.74109407076439,28.43922691646396
33.07836067647684,28.041586879891426
32.54817396104679,27.643946843318894
33.21090735533435,27.180033467317607
32.68072063990431,26.716120091316313
32.283080603331776,27.113760127888845
33.74109407076439,27.511400164461378
34.27128078619444,26.914940109602583
33.74109407076439,26.31848005474378
33.21090735533435,25.854566678742493
32.68072063990431,25.258106623883698
32.283080603331776,24.59537322959614
33.21090735533435,24.0651865141661
33.07836067647684,23.534999798736052
32.81326731876182,23.00481308330601
32.283080603331776,22.342079689018455
31.62034720904422,21.679346294730898
33.47600071304937,21.149159579300857
32.945813997619325,21.01661290044335
32.415627282189284,20.552699524442062
31.885440566759243,19.95623946958326
31.355253851329195,19.492326093581973
34.27128078619444,18.89586603872317
34.27128078619444,18.23313264443562
33.80736741019315,17.968039286720597
33.34345403419186,17.570399250148064
35.33165421705452,16.907665855860508
34.735194162195725,17.106485874146777
34.27128078619444,17.570399250148064
33.74109407076439,17.30530589243304
36.524574326772125,16.907665855860508
35.99438761134208,16.510025819287975
35.33165421705452,16.046112443286688
34.867740841053234,15.515925727856647
34.4701008044807,15.052012351855353
34.867740841053234,14.65437231528282
34.40382746505195,15.449652388427886
35.464200895912036,15.052012351855353
36.126934290199586,15.979839103857934
36.524574326772125,16.510025819287975
35.79556759305581,16.112385782715442
35.33165421705452,15.648472406714156
34.867740841053234,15.648472406714156
34.4701008044807,15.979839103857934
34.80146750162448,16.841392516431753
34.40382746505195,16.377479140430466
35.33165421705452,17.30530589243304
35.00028751991075,17.835492607863088
34.580556370195296,18.763319359865662
35.86184093248457,18.23313264443562
35.33165421705452,19.028412717580686
36.524574326772125,18.630772681008153
35.86184093248457,17.968039286720597
35.19910753819701,17.30530589243304
34.66892082276697,16.907665855860508
35.37583644334036,17.835492607863088
34.80146750162448,17.437852571290556
35.596747574769545,18.674954907293987
36.19320762962835,18.23313264443562
36.657121005629634,18.36567932329313
36.524574326772125,17.968039286720597
36.2594809690571,19.492326093581973
35.86184093248457,18.89586603872317
36.524574326772125,21.01661290044335
35.99438761134208,20.552699524442062
35.72929425362706,19.95623946958326
35.33165421705452,20.287606166727038
34.80146750162448,20.884066221585833
34.40382746505195,21.149159579300857
36.17111651648543,21.149159579300857
35.596747574769545,21.54679961587339
35.19910753819701,22.143259670732192
37.4524010787747,23.00481308330601
36.8559410239159,22.474626367875963
37.4524010787747,24.19773319302361
36.92221436334465,23.667546477593568
37.98258779420474,23.932639835308585
36.524574326772125,23.534999798736052
38.77786786734981,24.462826550738633
38.247681151919764,24.0651865141661
37.58494775763221,24.993013266168674
37.054761042202166,25.523199981598715
36.59084766620087,24.72791990845365
37.717494436489716,24.19773319302361
37.187307721059675,23.733819817022322
36.657121005629634,23.00481308330601
39.04296122506483,22.540899707304725
38.51277450963478,24.241915419309443
40.898614729069976,23.667546477593568
40.36842801363994,23.13735976216352
39.838241298209894,25.390653302741207
42.003170386215906,24.92673992673992
41.428801444500024,24.661646569024896
42.09153483878758,24.59537322959614
41.56134812335753,24.59537322959614
40.898614729069976,24.59537322959614
40.36842801363994,25.125559945026183
40.037061316496164,26.31848005474378
41.20789031307084,25.78829333931374
40.63352137135496,26.84866677017383
40.10333465592491,27.643946843318894
41.95898815993007,27.24630680674636
41.428801444500024,27.15794235417468
43.019361590790155,26.716120091316313
42.3566281965026,27.975313540462672
41.89271482050131,27.511400164461378
41.16370808678501,28.571773595321467
46.99576195651548,28.306680237606443
46.46557524108544,28.041586879891426
45.9353885256554,28.704320274178976
45.47147514965411,28.24040689817769
44.87501509479531,27.90904020103391
44.34482837936527,28.43922691646396
43.81464166393522,29.300780329037778
49.11650881823566,28.83686695303649
48.58632210280561,29.83096704446782
48.05613538737557,30.294880420469113
47.52594867194553,30.825067135899154
50.972162322240806,30.361153759897867
50.441975606810765,30.55997377818413
49.91178889138072,31.752893887901728
49.24905549709317,31.090160493614178
48.718868781663126,32.98999622390516
48.4537754239481,32.415627282189284
48.05613538737557,32.68072063990431
47.52594867194553,32.283080603331776
46.99576195651548,33.60854739190688
46.598121919942955,33.07836067647684
47.52594867194553,34.80146750162448
47.06203529594424,34.27128078619444
46.6643952593717,35.33165421705452
46.200481883370415,34.27128078619444
45.670295167940374,33.74109407076439
45.20638179193909,33.21090735533435
44.609921737080285,32.68072063990431
44.079735021650244,32.15053392447426
43.5495483062202,31.62034720904422
45.670295167940374,31.222707172471686
45.07383511308157,33.2771806947631
43.15190826964766,32.68072063990431
47.52594867194553,32.15053392447426
46.99576195651548,33.74109407076439
46.53184858051419,34.13873410733692
46.99576195651548,33.54227405247813
46.33302856222792,34.006187428479414
46.06793520451291,33.60854739190688
45.670295167940374,35.39792755648328
45.00756177365282,34.80146750162448
44.74246841593779,34.40382746505195
44.34482837936527,36.39202764791461
44.34482837936527,35.86184093248457
43.88091500336398,35.33165421705452
43.28445494850518,34.80146750162448
42.75426823307514,34.27128078619444
42.22408151764509,33.74109407076439
44.87501509479531,33.34345403419186
44.278555039936506,32.945813997619325
43.81464166393522,32.48190062161804
43.28445494850518,33.07836067647684
42.75426823307514,32.54817396104679
42.3566281965026,32.68072063990431
46.244664109656256,32.216807263903014
45.670295167940374,31.62034720904422
47.52594867194553,30.957613814756662
46.99576195651548,30.339062646754947
46.46557524108544,30.825067135899154
45.670295167940374,30.294880420469113
45.228472905082,29.764693705039065
45.40520181022535,29.234506989609024
44.87501509479531,28.571773595321467
44.21228170050775,28.306680237606443
43.68209498507771,27.90904020103391
43.019361590790155,27.511400164461378
42.48917487536011,27.113760127888845
42.02526149935882,27.710220182747648
41.428801444500024,26.716120091316313
40.76606805021247,28.704320274178976
40.23588133478243,28.174133558748935
39.9707879770674,27.643946843318894
43.28445494850518,26.981213449031337
42.75426823307514,26.716120091316313
42.22408151764509,26.31848005474378
41.69389480221505,25.78829333931374
41.16370808678501,25.258106623883698
44.609921737080285,24.794193247882404
44.079735021650244,24.19773319302361
45.40520181022535,23.667546477593568
44.74246841593779,23.00481308330601
44.079735021650244,22.60717304673348
43.41700162736269,23.13735976216352
42.886814911932646,22.60717304673348
42.3566281965026,22.143259670732192
41.69389480221505,21.679346294730898
41.16370808678501,21.21543291872961
40.50097469249745,20.884066221585833
39.9707879770674,20.221332827298284
39.44060126163736,19.82369279072575
39.04296122506483,19.160959396438194
38.77786786734981,18.630772681008153
38.247681151919764,18.100585965578105
37.717494436489716,17.570399250148064
37.187307721059675,17.040212534718023
36.657121005629634,18.36567932329313
36.126934290199586,18.89586603872317
35.596747574769545,17.968039286720597
36.92221436334465,17.570399250148064
39.838241298209894,17.040212534718023
39.308054582779846,16.377479140430466
38.77786786734981,15.91356576442918
38.247681151919764,16.510025819287975
37.717494436489716,16.046112443286688
36.126934290199586,15.515925727856647
35.72929425362706,14.919465672997845
39.57314794049488,14.256732278710288
39.04296122506483,13.660272223851493
38.51277450963478,13.461452205565223
37.98258779420474,14.455552296996558
37.31985439991719,13.859092242137756
37.054761042202166,15.449652388427886
36.524574326772125,14.985739012426599
35.92811427191332,14.919465672997845
35.53047423534079,14.521825636425312
35.596747574769545,13.947456694709437
37.98258779420474,14.786918994140336
37.38612773934594,16.510025819287975
36.92221436334465,15.979839103857934
36.39202764791461,15.515925727856647
35.86184093248457,15.449652388427886
35.464200895912036,14.85319233356909
39.838241298209894,14.521825636425312
39.308054582779846,16.819301403288833
38.84414120677856,16.244932461572958
39.308054582779846,18.16685930500686
38.6453211884923,17.570399250148064
37.98258779420474,18.674954907293987
37.65122109706097,18.36567932329313
37.717494436489716,17.968039286720597
37.187307721059675,18.630772681008153
36.657121005629634,18.962139378151925
36.126934290199586,18.630772681008153
35.596747574769545,18.23313264443562
35.90602315877041,
35.464200895912036,
37.231489947345516,
36.657121005629634,
39.04296122506483,
38.446501170206034,
37.98258779420474,
40.898614729069976,
40.36842801363994,
39.838241298209894,
40.63352137135496,
40.10333465592491,
39.90451463763865,
39.838241298209894,
39.308054582779846,
38.77786786734981,
38.115134473062255,
37.85004111534723,
39.882423524495735,
39.308054582779846,
38.77786786734981,
40.63352137135496,
40.898614729069976,
40.36842801363994,
39.838241298209894,
39.17550790392234,
38.6453211884923,
38.38022783077727,
37.98258779420474,
37.58494775763221,
38.6453211884923,
39.08714345135067,
39.838241298209894,
39.44060126163736,
40.23588133478243,
40.898614729069976,
40.36842801363994,
39.90451463763865,
39.17550790392234,
38.91041454620732,
38.51277450963478,
38.048861133633494,
39.57314794049488,
38.91041454620732,
38.51277450963478,
37.98258779420474,
39.838241298209894,
39.308054582779846,
38.77786786734981,
38.247681151919764,
37.717494436489716,
38.247681151919764,
37.85004111534723,
38.77786786734981,
38.247681151919764,
37.717494436489716,
37.054761042202166,
36.524574326772125,
35.86184093248457,
35.464200895912036,
37.4524010787747,
36.92221436334465,
36.39202764791461,
37.98258779420474,
37.58494775763221,
39.57314794049488,
39.04296122506483,
38.51277450963478,
40.898614729069976,
40.36842801363994,
40.037061316496164,
40.63352137135496,
41.73807702850088,
41.16370808678501,
40.10333465592491,
43.019361590790155,
42.48917487536011,
44.34482837936527,
43.81464166393522,
43.28445494850518,
42.75426823307514,
42.22408151764509,
41.7601681416438,
41.03116140792749,
40.50097469249745,
40.037061316496164,
40.898614729069976,
40.43470135306869,
40.10333465592491,
39.639421279923624,
39.04296122506483,
38.77786786734981,
38.247681151919764,
37.58494775763221,
36.92221436334465,
36.59084766620087,
38.247681151919764,
37.78376777591848,
37.187307721059675,
36.657121005629634,
39.838241298209894,
39.308054582779846,
38.77786786734981,
39.9707879770674,
40.14751688221075,
40.898614729069976,
40.36842801363994,
39.705694619352386,
39.17550790392234,
38.91041454620732,
38.51277450963478,
37.98258779420474,
37.31985439991719,
36.78966768448714,
36.524574326772125,
36.126934290199586,
35.464200895912036,
37.4524010787747,
36.78966768448714,
36.325754308485855,
35.86184093248457,
37.4524010787747,
36.92221436334465,
36.39202764791461,
35.86184093248457,
35.33165421705452,
34.80146750162448,
34.13873410733692,
33.873640749621906,
33.52018293933521,
34.27128078619444,
33.74109407076439,
33.21090735533435,
32.54817396104679,
32.01798724561675,
31.222707172471686,
30.957613814756662,
31.48780053018671,
30.957613814756662,
32.15053392447426,
31.62034720904422,
31.156433833042932,
30.957613814756662,
30.42742709932662,
29.89724038389658,
29.234506989609024,
28.704320274178976,
28.174133558748935,
27.643946843318894,
27.180033467317607,
26.67193786503048,
26.583573412458804,
26.053386697028763,
25.523199981598715,
24.993013266168674,
24.462826550738633,
23.99891317473734,
23.402453119878544,
22.872266404448496,
22.342079689018455,
22.209533010160946,
21.944439652445922,
21.41425293701588,
20.751519542728325,
20.221332827298284,
19.757419451296997,
19.160959396438194,
18.630772681008153,
17.968039286720597,
17.702945929005573,
17.835492607863088,
17.30530589243304,
16.64257249814549,
15.979839103857934,
16.64257249814549,
15.979839103857934,
17.30530589243304,
17.835492607863088,
17.30530589243304,
16.64257249814549,
16.377479140430466,
15.979839103857934,
15.317105709570377,
14.919465672997845,
13.06381216899269,
12.53362545356265,
12.003438738132608,
11.47325202270256,
11.075611986130028,
11.47325202270256,
12.003438738132608,
12.003438738132608,
11.47325202270256,
10.81051862841501,
10.280331912984963,
9.683871858126167,
9.087411803267365,
8.954865124409856,
8.689771766694832,
8.2921317301223,
7.960765032978522,
