Y(hoy),Y(ayer)
11.274432004416298,3.5204512912519093
10.677971949557495,3.5204512912519093
10.147785234127454,3.3879046123944008
10.147785234127454,2.990264575821868
10.147785234127454,2.5263511998205814
9.683871858126167,2.3275311815343116
9.087411803267365,2.3275311815343116
8.424678408979808,2.0624378238192946
7.761945014692259,1.399704429531738
7.231758299262211,1.2671577506742295
6.569024904974661,1.2671577506742295
6.303931547259637,0.8695177141016899
5.773744831829596,0.4056043381004031
5.508651474114572,0.20678431981413326
5.243558116399548,0.20678431981413326
4.713371400969507,-0.05830903790088371
4.05063800668195,-0.654769092759679
3.5204512912519093,-0.8535891110459488
3.3879046123944008,-0.389675735044662
3.1228112546793767,0.07423764095662477
2.725171218106837,-0.3234023956159007
2.3938045209630587,-0.7873157716172017
2.46007786039182,-0.8535891110459488
1.929891144961772,-0.8535891110459488
1.399704429531738,-0.8535891110459488
1.2671577506742295,-0.8535891110459488
1.2671577506742295,-0.8535891110459488
1.2671577506742295,-0.8535891110459488
1.2008844112454682,-0.8535891110459488
1.1346110718167068,-0.8535891110459488
0.47187767752916443,-0.8535891110459488
0.20678431981413326,-1.2512291476184885
0.20678431981413326,-1.8476892024772837
0.20678431981413326,-1.913962541906045
0.20678431981413326,-1.913962541906045
0.20678431981413326,-1.913962541906045
0.20678431981413326,-1.913962541906045
0.14051098038538612,-1.913962541906045
0.07423764095662477,-1.913962541906045
-0.5222224139021705,-1.913962541906045
-0.8535891110459488,-1.913962541906045
-0.8535891110459488,-1.913962541906045
-0.8535891110459488,-1.913962541906045
-0.8535891110459488,-1.913962541906045
-0.8535891110459488,-1.913962541906045
-0.8535891110459488,-1.913962541906045
-0.8535891110459488,-1.913962541906045
-0.8535891110459488,-1.913962541906045
-0.8535891110459488,-1.913962541906045
-0.8535891110459488,-1.913962541906045
-0.8535891110459488,-1.913962541906045
-0.8535891110459488,-1.8476892024772837
-0.8535891110459488,-1.383775826475997
-0.8535891110459488,-1.5163225053335054
-0.8535891110459488,-1.913962541906045
-0.8535891110459488,-1.2512291476184885
-0.8535891110459488,-0.8535891110459488
-0.8535891110459488,-0.8535891110459488
-0.8535891110459488,-0.8535891110459488
-0.8535891110459488,-0.8535891110459488
-0.8535891110459488,-0.8535891110459488
-0.8535891110459488,-0.8535891110459488
-0.5884957533309318,-0.8535891110459488
-0.05830903790088371,-0.45594907447342337
0.20678431981413326,0.14051098038538612
0.33933099867164174,0.33933099867164174
0.9136999403875308,0.8695177141016899
1.2671577506742295,1.5322511083892465
1.5322511083892465,2.194984502676803
2.5926245392493286,2.3275311815343116
3.0565379152506154,2.5926245392493286
3.5204512912519093,2.990264575821868
3.5867246306806635,4.05063800668195
7.298031638690972,4.845918079827015
7.894491693549767,5.906291510687105
8.689771766694832,6.834118262689678
9.352505160982389,7.231758299262211
10.677971949557495,8.093311711836037
10.147785234127454,7.629398335834743
12.003438738132608,9.087411803267365
11.47325202270256,8.557225087837324
13.06381216899269,10.147785234127454
12.53362545356265,9.617598518697413
14.389278957567804,11.47325202270256
13.859092242137756,10.94306530727252
15.71474574614291,12.798718811277674
15.184559030712869,12.268532095847625
17.570399250148064,11.870892059275093
17.17275921357553,14.12418559985278
18.962139378151925,13.593998884422739
18.36567932329313,13.196358847850206
20.088786148440768,15.71474574614291
19.62487277243948,15.184559030712869
19.160959396438194,14.65437231528282
19.691146111868235,17.570399250148064
20.751519542728325,17.040212534718023
20.221332827298284,16.510025819287975
22.07698633130343,18.36567932329313
21.54679961587339,17.968039286720597
21.149159579300857,18.763319359865662
23.13735976216352,19.558599433010727
22.60717304673348,20.088786148440768
24.462826550738633,21.281706258158366
23.932639835308585,20.751519542728325
26.31848005474378,20.353879506155792
25.78829333931374,22.342079689018455
28.571773595321467,21.811892973588414
27.90904020103391,23.667546477593568
27.37885348560387,23.13735976216352
30.294880420469113,25.258106623883698
29.764693705039065,24.72791990845365
29.234506989609024,24.330279871881118
32.15053392447426,27.113760127888845
31.62034720904422,26.583573412458804
31.090160493614178,26.053386697028763
30.692520457041645,28.969413631894
33.80736741019315,28.43922691646396
33.34345403419186,28.041586879891426
34.93401418048199,30.825067135899154
34.27128078619444,30.294880420469113
35.596747574769545,29.764693705039065
37.98258779420474,29.367053668466532
37.58494775763221,32.68072063990431
39.838241298209894,32.15053392447426
39.308054582779846,31.62034720904422
41.472983670785865,34.27128078619444
40.898614729069976,33.74109407076439
40.36842801363994,33.34345403419186
42.75426823307514,35.0665608593395
42.22408151764509,34.66892082276697
43.81464166393522,36.126934290199586
43.28445494850518,35.596747574769545
44.609921737080285,39.17550790392234
45.53774848908286,38.51277450963478
46.200481883370415,37.98258779420474
45.80284184679789,37.4524010787747
44.477375058222776,40.76606805021247
42.48917487536011,40.10333465592491
41.95898815993007,39.705694619352386
41.428801444500024,41.95898815993007
40.898614729069976,41.428801444500024
40.36842801363994,43.28445494850518
39.9707879770674,42.75426823307514
40.898614729069976,42.3566281965026
40.36842801363994,44.34482837936527
39.838241298209894,43.81464166393522
39.17550790392234,44.74246841593779
38.91041454620732,45.27265513136784
39.17550790392234,46.33302856222792
39.838241298209894,45.80284184679789
40.10333465592491,46.598121919942955
40.63352137135496,46.200481883370415
40.898614729069976,44.87501509479531
40.36842801363994,44.477375058222776
39.705694619352386,43.94718834279273
39.44060126163736,43.28445494850518
38.91041454620732,42.55544821478887
38.77786786734981,43.019361590790155
38.31395449134852,42.62172155421762
37.78376777591848,42.48917487536011
37.58494775763221,42.09153483878758
38.84414120677856,41.56134812335753
38.38022783077727,41.03116140792749
37.98258779420474,41.69389480221505
37.58494775763221,42.157808178216335
37.054761042202166,42.48917487536011
36.126934290199586,43.019361590790155
35.464200895912036,42.62172155421762
34.80146750162448,42.22408151764509
34.4701008044807,41.69389480221505
34.27128078619444,41.16370808678501
33.80736741019315,40.63352137135496
33.34345403419186,40.16960799535367
33.80736741019315,39.9707879770674
34.27128078619444,39.57314794049488
34.27128078619444,38.91041454620732
33.80736741019315,38.6453211884923
33.21090735533435,38.181407812491
32.68072063990431,37.85004111534723
32.216807263903014,38.6453211884923
32.15053392447426,38.247681151919764
31.686620548472973,37.58494775763221
31.156433833042932,37.054761042202166
31.090160493614178,36.126934290199586
30.957613814756662,35.596747574769545
30.692520457041645,34.93401418048199
30.294880420469113,34.27128078619444
31.090160493614178,33.74109407076439
30.55997377818413,33.34345403419186
31.090160493614178,33.34345403419186
31.090160493614178,33.21090735533435
31.090160493614178,32.68072063990431
31.090160493614178,32.283080603331776
31.090160493614178,33.07836067647684
30.42742709932662,32.81326731876182
30.02978706275409,32.415627282189284
30.162333741611597,31.951713906187997
30.02978706275409,31.28898051190044
31.090160493614178,31.222707172471686
30.692520457041645,30.825067135899154
31.090160493614178,30.162333741611597
31.156433833042932,29.83096704446782
31.686620548472973,29.367053668466532
31.222707172471686,28.969413631894
32.283080603331776,28.505500255892713
32.98999622390516,27.997404653605592
33.21090735533435,28.704320274178976
32.68072063990431,28.306680237606443
33.21090735533435,29.632147026181556
32.74699397933306,29.101960310751508
32.68072063990431,30.02978706275409
32.283080603331776,30.02978706275409
33.21090735533435,30.02978706275409
32.74699397933306,29.83096704446782
32.34935394276053,29.300780329037778
32.283080603331776,29.49960034732404
32.45980950847512,30.294880420469113
33.74109407076439,30.825067135899154
33.2771806947631,30.162333741611597
34.27128078619444,30.02978706275409
33.674820731335636,30.361153759897867
32.54817396104679,30.825067135899154
33.60854739190688,30.294880420469113
34.13873410733692,31.48780053018671
34.80146750162448,30.825067135899154
35.33165421705452,32.216807263903014
35.00028751991075,32.283080603331776
34.536374143909455,31.885440566759243
35.0665608593395,31.355253851329195
35.72929425362706,30.891340475327908
36.39202764791461,30.294880420469113
36.92221436334465,29.764693705039065
37.4524010787747,29.278689215894858
37.187307721059675,30.361153759897867
36.72339434505839,29.89724038389658
37.85004111534723,30.957613814756662
37.31985439991719,31.222707172471686
38.51277450963478,31.48780053018671
39.17550790392234,32.68072063990431
39.838241298209894,32.15053392447426
39.9707879770674,33.07836067647684
39.9707879770674,32.68072063990431
39.90451463763865,32.283080603331776
39.705694619352386,32.54817396104679
39.44060126163736,33.01208733704808
39.08714345135067,32.48190062161804
39.882423524495735,32.98999622390516
39.44060126163736,32.54817396104679
41.16370808678501,32.68072063990431
40.63352137135496,32.283080603331776
40.10333465592491,32.283080603331776
43.81464166393522,32.81326731876182
43.28445494850518,32.283080603331776
45.14010845251033,34.13873410733692
44.609921737080285,33.47600071304937
46.46557524108544,34.40382746505195
45.9353885256554,34.60264748333822
45.80284184679789,35.19910753819701
45.53774848908286,35.0665608593395
45.53774848908286,34.536374143909455
46.00166186508415,36.524574326772125
46.46557524108544,35.86184093248457
45.9353885256554,35.464200895912036
45.27265513136784,37.31985439991719
45.00756177365282,37.78376777591848
44.609921737080285,37.187307721059675
43.94718834279273,36.78966768448714
43.68209498507771,36.657121005629634
43.28445494850518,36.72339434505839
43.28445494850518,37.187307721059675
42.75426823307514,39.04296122506483
42.75426823307514,38.51277450963478
42.3566281965026,37.98258779420474
43.15190826964766,37.58494775763221
42.48917487536011,41.16370808678501
43.15190826964766,40.63352137135496
42.48917487536011,40.10333465592491
43.28445494850518,39.57314794049488
43.15190826964766,43.5495483062202
42.886814911932646,43.019361590790155
42.48917487536011,42.48917487536011
41.82644148107256,45.00756177365282
41.56134812335753,44.34482837936527
41.16370808678501,43.94718834279273
40.50097469249745,44.87501509479531
40.23588133478243,44.477375058222776
39.705694619352386,45.40520181022535
39.17550790392234,45.14010845251033
38.91041454620732,44.676195076509046
39.838241298209894,44.079735021650244
39.308054582779846,43.41700162736269
39.308054582779846,42.886814911932646
38.6453211884923,42.3566281965026
38.38022783077727,42.09153483878758
37.98258779420474,41.56134812335753
37.4524010787747,41.16370808678501
36.98848770277341,41.69389480221505
36.2594809690571,42.09153483878758
34.93401418048199,41.56134812335753
34.66892082276697,41.03116140792749
34.13873410733692,41.03116140792749
33.873640749621906,41.03116140792749
33.34345403419186,40.63352137135496
32.74699397933306,40.10333465592491
32.283080603331776,39.57314794049488
32.283080603331776,39.10923456449358
33.21090735533435,38.51277450963478
32.74699397933306,37.98258779420474
32.283080603331776,37.51867441820345
34.27128078619444,36.92221436334465
33.74109407076439,36.657121005629634
33.07836067647684,36.657121005629634
32.415627282189284,36.524574326772125
32.98999622390516,35.86184093248457
32.283080603331776,35.464200895912036
32.81326731876182,35.33165421705452
33.07836067647684,34.867740841053234
33.07836067647684,34.4701008044807
34.66892082276697,35.0665608593395
35.0665608593395,34.66892082276697
34.40382746505195,35.464200895912036
33.873640749621906,35.33165421705452
33.47600071304937,34.80146750162448
34.006187428479414,34.27128078619444
33.47600071304937,33.74109407076439
34.006187428479414,34.27128078619444
33.47600071304937,33.80736741019315
34.60264748333822,33.21090735533435
34.13873410733692,32.81326731876182
34.93401418048199,32.283080603331776
34.4701008044807,33.34345403419186
34.33755412562319,33.34345403419186
33.47600071304937,33.34345403419186
32.945813997619325,33.21090735533435
32.415627282189284,32.54817396104679
33.47600071304937,33.07836067647684
32.945813997619325,33.873640749621906
34.13873410733692,34.66892082276697
34.27128078619444,36.39202764791461
33.93991408905066,35.92811427191332
33.34345403419186,35.464200895912036
32.74699397933306,35.596747574769545
32.34935394276053,35.0665608593395
32.98999622390516,34.40382746505195
33.21090735533435,34.40382746505195
32.87954065819057,34.536374143909455
32.415627282189284,35.33165421705452
32.283080603331776,35.464200895912036
32.283080603331776,35.19910753819701
32.283080603331776,33.74109407076439
32.74699397933306,34.84564972791032
32.283080603331776,34.27128078619444
33.34345403419186,36.701303231915475
34.006187428479414,36.126934290199586
34.66892082276697,35.596747574769545
35.33165421705452,37.31985439991719
34.867740841053234,36.78966768448714
35.33165421705452,36.524574326772125
34.4701008044807,35.90602315877041
34.27128078619444,36.524574326772125
33.74109407076439,36.657121005629634
35.0665608593395,36.657121005629634
34.60264748333822,36.39202764791461
34.006187428479414,35.92811427191332
33.47600071304937,36.458300987343364
35.596747574769545,35.86184093248457
35.596747574769545,36.78966768448714
35.596747574769545,37.78376777591848
35.0665608593395,37.31985439991719
34.13873410733692,38.31395449134852
33.60854739190688,38.77786786734981
34.27128078619444,39.639421279923624
33.74109407076439,39.17550790392234
35.33165421705452,40.10333465592491
34.80146750162448,40.898614729069976
36.524574326772125,40.50097469249745
35.86184093248457,40.36842801363994
36.657121005629634,39.9707879770674
35.99438761134208,39.57314794049488
35.596747574769545,39.10923456449358
35.464200895912036,38.91041454620732
33.47600071304937,38.91041454620732
33.34345403419186,38.6453211884923
33.34345403419186,38.048861133633494
33.21090735533435,37.58494775763221
32.68072063990431,37.054761042202166
32.01798724561675,36.78966768448714
31.752893887901728,37.58494775763221
31.355253851329195,37.054761042202166
30.891340475327908,37.85004111534723
30.294880420469113,37.717494436489716
29.963513723325335,37.054761042202166
30.02978706275409,36.39202764791461
30.02978706275409,35.99438761134208
29.367053668466532,35.464200895912036
28.903140292465245,34.80146750162448
28.903140292465245,34.13873410733692
28.306680237606443,33.60854739190688
28.041586879891426,32.945813997619325
27.643946843318894,32.48190062161804
26.981213449031337,31.951713906187997
26.716120091316313,31.48780053018671
26.31848005474378,31.090160493614178
25.78829333931374,30.626247117612884
25.324379963312452,30.162333741611597
24.59537322959614,29.764693705039065
24.330279871881118,29.234506989609024
23.800093156451076,28.571773595321467
23.203633101592274,27.90904020103391
22.60717304673348,27.37885348560387
21.944439652445922,26.84866677017383
21.281706258158366,26.31848005474378
20.751519542728325,25.78829333931374
20.088786148440768,25.324379963312452
19.42605275415322,24.860466587311166
18.763319359865662,24.462826550738633
18.100585965578105,23.99891317473734
18.763319359865662,23.601273138164807
18.100585965578105,24.19773319302361
18.89586603872317,23.733819817022322
18.36567932329313,23.00481308330601
17.702945929005573,22.342079689018455
17.437852571290556,21.679346294730898
17.040212534718023,21.01661290044335
16.377479140430466,20.353879506155792
16.112385782715442,19.691146111868235
15.71474574614291,19.22723273586695
15.71474574614291,18.630772681008153
15.184559030712869,17.968039286720597
14.65437231528282,17.30530589243304
13.991638920995271,16.841392516431753
13.527725544993984,16.57629915871673
13.328905526707715,16.112385782715442
12.666172132420158,15.71474574614291
12.401078774705141,15.250832370141623
12.268532095847625,14.786918994140336
11.738345380417584,14.389278957567804
11.406978683273806,13.859092242137756
12.047620964418442,13.461452205565223
12.268532095847625,13.527725544993984
,14.256732278710288
,13.726545563280247
,13.859092242137756
,13.395178866136469
,13.06381216899269
,12.53362545356265
,11.870892059275093
,11.208158664987543
,10.677971949557495
,10.214058573556208
,9.683871858126167
,9.219958482124873
,8.822318445552341
,8.358405069551054
,7.894491693549767
,7.828218354121013
,7.099211620404702
,6.303931547259637
,5.84001817125835
,6.70157158383217
,6.303931547259637
,7.629398335834743
,7.099211620404702
,8.424678408979808
,9.617598518697413
,9.087411803267365
