Y(hoy),Y(ayer)
4.647098061540753,7.894491693549767
4.580824722111998,7.894491693549767
4.580824722111998,7.496851656977235
4.580824722111998,6.9003916021184395
4.1169113461107045,6.834118262689678
3.5204512912519093,6.303931547259637
2.990264575821868,5.773744831829596
2.46007786039182,5.3761047952570635
2.3275311815343116,4.91219141925577
2.0624378238192946,4.713371400969507
1.5322511083892465,4.183184685539466
1.3334310901029767,3.5867246306806635
1.2671577506742295,3.1228112546793767
1.1346110718167068,2.5926245392493286
0.47187767752916443,2.3938045209630587
0.20678431981413326,2.3275311815343116
0.07423764095662477,2.194984502676803
-0.45594907447342337,1.664797787246755
-0.8535891110459488,1.2671577506742295
-0.8535891110459488,0.8695177141016899
-0.8535891110459488,0.4056043381004031
-0.8535891110459488,0.20678431981413326
-0.8535891110459488,0.20678431981413326
-0.8535891110459488,0.20678431981413326
-1.1849558081897271,-0.05830903790088371
-1.6930514104768548,-0.7210424321884403
-2.0023269944777127,-0.8535891110459488
-1.2512291476184885,-0.389675735044662
-1.648869184191014,-0.05830903790088371
-1.2512291476184885,-0.654769092759679
-1.913962541906045,-0.7210424321884403
-2.0465092207635536,-0.1908557167583922
-2.0465092207635536,0.20678431981413326
-2.0465092207635536,0.14051098038538612
-2.0465092207635536,-0.1908557167583922
-2.0465092207635536,-0.7210424321884403
-2.0465092207635536,-0.8535891110459488
-2.0465092207635536,-0.8535891110459488
-2.0465092207635536,-0.8535891110459488
-2.0465092207635536,-0.8535891110459488
-2.179055899621062,-0.8535891110459488
-1.7814158630485224,-1.2512291476184885
-2.179055899621062,-1.7151425236197753
-1.1849558081897271,-1.7814158630485224
-0.8535891110459488,-1.2512291476184885
-0.3234023956159007,-1.648869184191014
-0.05830903790088371,-0.9198624504747102
1.5322511083892465,-0.8535891110459488
2.5263511998205814,-0.8535891110459488
3.0565379152506154,-0.7210424321884403
3.454177951823155,-0.1908557167583922
4.1169113461107045,0.20678431981413326
3.6529979701094177,0.20678431981413326
8.557225087837324,0.7369710352441814
8.159585051264791,1.2671577506742295
9.352505160982389,1.5322511083892465
8.954865124409856,2.0624378238192946
14.919465672997845,3.1228112546793767
14.389278957567804,3.6529979701094177
16.775119177003,3.7855446489669333
16.244932461572958,4.315731364396974
17.968039286720597,4.713371400969507
19.160959396438194,5.1110114375420395
20.884066221585833,5.773744831829596
23.667546477593568,6.303931547259637
23.269906441021035,7.099211620404702
25.65574666045623,7.761945014692259
24.993013266168674,8.027038372407276
24.462826550738633,9.617598518697413
27.37885348560387,9.087411803267365
26.84866677017383,8.557225087837324
26.31848005474378,11.208158664987543
28.748502500464816,10.81051862841501
28.174133558748935,11.870892059275093
30.096060402182843,13.06381216899269
29.49960034732404,12.666172132420158
31.090160493614178,15.449652388427886
30.55997377818413,14.919465672997845
32.415627282189284,14.389278957567804
32.01798724561675,17.570399250148064
35.596747574769545,17.040212534718023
38.38022783077727,16.510025819287975
37.717494436489716,16.112385782715442
37.187307721059675,18.89586603872317
36.78966768448714,18.431952662721883
39.57314794049488,17.968039286720597
39.04296122506483,18.100585965578105
40.898614729069976,19.160959396438194
40.50097469249745,18.630772681008153
44.74246841593779,20.353879506155792
45.53774848908286,21.01661290044335
43.94718834279273,21.149159579300857
43.41700162736269,22.07698633130343
42.62172155421762,23.402453119878544
42.22408151764509,23.00481308330601
42.22408151764509,24.72791990845365
42.09153483878758,24.19773319302361
41.82644148107256,23.800093156451076
41.296254765642516,26.053386697028763
41.20789031307084,25.523199981598715
42.003170386215906,25.125559945026183
43.41700162736269,27.37885348560387
43.28445494850518,26.84866677017383
43.5495483062202,26.451026733601296
43.15190826964766,29.300780329037778
44.21228170050775,28.704320274178976
44.411101718794015,28.174133558748935
44.94128843422406,27.776493522176402
45.40520181022535,30.825067135899154
45.40520181022535,30.294880420469113
44.94128843422406,29.764693705039065
44.54364839765153,32.68072063990431
44.079735021650244,32.15053392447426
43.5495483062202,31.62034720904422
43.15190826964766,31.222707172471686
42.48917487536011,34.006187428479414
42.09153483878758,35.596747574769545
44.079735021650244,37.187307721059675
43.41700162736269,36.657121005629634
42.9530882513614,36.2594809690571
44.079735021650244,39.04296122506483
43.5495483062202,38.51277450963478
43.019361590790155,37.98258779420474
42.62172155421762,41.428801444500024
41.69389480221505,40.898614729069976
41.296254765642516,40.36842801363994
40.898614729069976,39.838241298209894
40.43470135306869,43.81464166393522
39.838241298209894,43.28445494850518
39.308054582779846,42.886814911932646
38.6453211884923,44.74246841593779
38.38022783077727,45.14010845251033
37.98258779420474,44.609921737080285
37.51867441820345,45.18429067879617
36.92221436334465,44.87501509479531
37.717494436489716,44.477375058222776
37.187307721059675,44.21228170050775
37.717494436489716,43.68209498507771
37.25358106048843,43.28445494850518
36.2594809690571,42.820541572503885
35.596747574769545,42.42290153593136
35.0665608593395,43.019361590790155
34.27128078619444,42.48917487536011
33.74109407076439,42.157808178216335
33.34345403419186,43.085634930218916
33.60854739190688,42.62172155421762
33.07836067647684,43.35072828793393
32.81326731876182,43.94718834279273
32.45980950847512,44.079735021650244
35.33165421705452,43.5495483062202
34.80146750162448,43.15190826964766
34.40382746505195,42.62172155421762
33.21090735533435,41.56134812335753
35.33165421705452,41.16370808678501
34.66892082276697,41.82644148107256
34.40382746505195,41.95898815993007
34.40382746505195,40.63352137135496
34.27128078619444,40.23588133478243
33.674820731335636,39.838241298209894
32.283080603331776,39.308054582779846
32.81326731876182,38.84414120677856
33.21090735533435,38.247681151919764
33.07836067647684,37.58494775763221
32.283080603331776,36.92221436334465
34.07246076790817,36.2594809690571
33.60854739190688,35.596747574769545
35.0665608593395,35.53047423534079
34.536374143909455,35.86184093248457
35.33165421705452,36.39202764791461
34.735194162195725,36.458300987343364
34.40382746505195,35.86184093248457
35.6630209141983,35.464200895912036
35.596747574769545,34.80146750162448
35.6630209141983,34.40382746505195
34.66892082276697,33.674820731335636
34.80146750162448,34.13873410733692
34.40382746505195,33.74109407076439
35.33165421705452,34.27128078619444
34.66892082276697,33.873640749621906
34.13873410733692,33.47600071304937
34.40382746505195,32.945813997619325
34.40382746505195,32.48190062161804
34.536374143909455,32.283080603331776
35.0665608593395,32.415627282189284
34.93401418048199,33.01208733704808
34.536374143909455,32.68072063990431
35.464200895912036,32.283080603331776
35.90602315877041,32.945813997619325
36.524574326772125,32.54817396104679
35.86184093248457,34.13873410733692
35.33165421705452,33.60854739190688
34.735194162195725,32.415627282189284
34.867740841053234,32.81326731876182
35.37583644334036,33.60854739190688
35.596747574769545,34.07246076790817
36.126934290199586,33.47600071304937
36.657121005629634,33.01208733704808
36.92221436334465,32.54817396104679
36.524574326772125,33.21090735533435
37.4524010787747,34.33755412562319
37.4524010787747,33.873640749621906
36.92221436334465,34.13873410733692
38.51277450963478,33.74109407076439
37.98258779420474,33.34345403419186
36.524574326772125,34.006187428479414
39.838241298209894,34.93401418048199
39.308054582779846,35.33165421705452
39.838241298209894,34.80146750162448
39.17550790392234,34.27128078619444
38.91041454620732,33.80736741019315
38.38022783077727,33.34345403419186
37.85004111534723,34.33755412562319
38.38022783077727,33.873640749621906
39.57314794049488,34.867740841053234
39.17550790392234,35.33165421705452
41.16370808678501,34.80146750162448
49.6466955336657,34.13873410733692
49.0502354788069,33.40972737362062
49.381602175950675,33.47600071304937
48.718868781663126,34.07246076790817
48.05613538737557,33.674820731335636
48.58632210280561,34.93401418048199
48.05613538737557,36.17111651648543
47.52594867194553,35.596747574769545
46.73066859880046,36.126934290199586
46.200481883370415,35.6630209141983
45.670295167940374,35.464200895912036
46.46557524108544,35.464200895912036
46.00166186508415,34.93401418048199
45.9353885256554,34.4701008044807
45.47147514965411,34.40382746505195
45.40520181022535,34.40382746505195
44.74246841593779,34.40382746505195
44.21228170050775,34.40382746505195
43.019361590790155,34.40382746505195
43.28445494850518,34.93401418048199
43.41700162736269,34.40382746505195
44.079735021650244,36.2594809690571
45.18429067879617,35.596747574769545
44.609921737080285,35.99438761134208
45.40520181022535,35.72929425362706
44.87501509479531,36.92221436334465
44.34482837936527,36.39202764791461
43.81464166393522,38.115134473062255
43.28445494850518,37.4524010787747
42.75426823307514,38.77786786734981
42.3566281965026,38.247681151919764
41.95898815993007,37.717494436489716
41.428801444500024,37.25358106048843
40.63352137135496,36.8559410239159
37.25358106048843,37.51867441820345
36.72339434505839,38.51277450963478
36.524574326772125,37.98258779420474
35.72929425362706,38.91041454620732
35.0665608593395,39.308054582779846
34.40382746505195,42.22408151764509
33.74109407076439,41.69389480221505
33.07836067647684,41.16370808678501
32.54817396104679,45.14010845251033
31.885440566759243,44.609921737080285
31.355253851329195,44.21228170050775
30.825067135899154,47.791042029660545
30.162333741611597,47.260855314230504
30.02978706275409,46.86321527765797
29.367053668466532,48.58632210280561
28.969413631894,48.12240872680432
29.013595858179833,47.65849535080304
29.49960034732404,47.260855314230504
30.162333741611597,46.73066859880046
28.83686695303649,46.266755222799176
28.306680237606443,45.73656850736913
27.90904020103391,45.27265513136784
27.776493522176402,44.74246841593779
28.041586879891426,44.477375058222776
29.367053668466532,45.14010845251033
28.83686695303649,44.676195076509046
30.42742709932662,44.477375058222776
30.825067135899154,44.079735021650244
30.55997377818413,43.019361590790155
30.02978706275409,42.02526149935882
29.632147026181556,41.49507478392878
29.101960310751508,41.16370808678501
28.83686695303649,41.7601681416438
28.969413631894,42.886814911932646
30.55997377818413,42.22408151764509
31.090160493614178,43.5495483062202
31.090160493614178,43.94718834279273
30.493700438755376,43.28445494850518
30.162333741611597,42.75426823307514
30.626247117612884,42.22408151764509
31.090160493614178,41.428801444500024
31.752893887901728,41.03116140792749
32.283080603331776,40.50097469249745
30.692520457041645,39.838241298209894
29.89724038389658,38.77786786734981
34.93401418048199,37.85004111534723
35.464200895912036,37.78376777591848
32.68072063990431,37.4524010787747
32.283080603331776,36.98848770277341
31.885440566759243,36.39202764791461
31.355253851329195,35.86184093248457
32.48190062161804,35.33165421705452
31.885440566759243,34.80146750162448
33.01208733704808,34.27128078619444
33.74109407076439,33.74109407076439
34.33755412562319,33.2771806947631
34.867740841053234,32.68072063990431
35.464200895912036,32.15053392447426
35.464200895912036,31.62034720904422
34.93401418048199,30.957613814756662
34.40382746505195,30.361153759897867
34.006187428479414,30.02978706275409
33.47600071304937,29.764693705039065
33.01208733704808,29.101960310751508
32.415627282189284,28.83686695303649
33.47600071304937,28.43922691646396
33.01208733704808,28.041586879891426
34.536374143909455,29.89724038389658
34.006187428479414,29.234506989609024
35.13283419876826,29.83096704446782
35.72929425362706,29.367053668466532
36.39202764791461,28.704320274178976
35.72929425362706,28.041586879891426
34.62473859648113,27.776493522176402
34.27128078619444,27.37885348560387
33.60854739190688,26.84866677017383
33.07836067647684,28.704320274178976
32.415627282189284,28.174133558748935
33.873640749621906,27.643946843318894
33.47600071304937,27.24630680674636
32.945813997619325,29.764693705039065
34.40382746505195,29.234506989609024
34.40382746505195,29.83096704446782
34.27128078619444,29.300780329037778
33.80736741019315,29.49960034732404
32.945813997619325,29.101960310751508
32.283080603331776,29.89724038389658
33.873640749621906,30.162333741611597
33.34345403419186,30.825067135899154
33.07836067647684,31.81916722733048
31.62034720904422,31.222707172471686
31.134342719900012,31.222707172471686
31.885440566759243,30.294880420469113
31.355253851329195,30.825067135899154
31.885440566759243,31.48780053018671
31.222707172471686,32.01798724561675
30.55997377818413,33.21090735533435
29.89724038389658,32.81326731876182
29.632147026181556,34.27128078619444
29.234506989609024,35.0665608593395
28.704320274178976,35.464200895912036
28.24040689817769,34.80146750162448
27.776493522176402,34.006187428479414
27.180033467317607,33.60854739190688
27.643946843318894,32.68072063990431
26.716120091316313,33.2771806947631
27.180033467317607,33.34345403419186
27.643946843318894,33.80736741019315
27.643946843318894,34.33755412562319
27.180033467317607,34.27128078619444
26.716120091316313,33.873640749621906
26.053386697028763,33.47600071304937
25.390653302741207,32.945813997619325
24.59537322959614,32.415627282189284
23.99891317473734,32.01798724561675
23.402453119878544,31.48780053018671
22.739719725590987,31.222707172471686
22.07698633130343,32.216807263903014
21.54679961587339,31.752893887901728
20.751519542728325,32.68072063990431
19.293506075295703,33.54227405247813
19.028412717580686,33.07836067647684
18.36567932329313,34.07246076790817
17.570399250148064,35.0665608593395
17.17275921357553,34.536374143909455
16.311205801001712,35.86184093248457
15.803110198714585,36.39202764791461
16.775119177003,35.86184093248457
16.775119177003,35.39792755648328
16.112385782715442,34.867740841053234
15.847292425000418,34.40382746505195
15.317105709570377,34.40382746505195
14.786918994140336,33.74109407076439
13.991638920995271,33.34345403419186
13.593998884422739,33.34345403419186
13.328905526707715,33.2771806947631
12.798718811277674,32.81326731876182
12.268532095847625,32.01798724561675
11.738345380417584,31.48780053018671
10.677971949557495,34.006187428479414
10.147785234127454,33.47600071304937
10.015238555269946,33.07836067647684
10.280331912984963,34.40382746505195
9.88269187641243,34.006187428479414
9.087411803267365,33.60854739190688
9.087411803267365,34.006187428479414
9.087411803267365,33.47600071304937
,32.945813997619325
,31.885440566759243
,31.355253851329195
,30.957613814756662
,30.55997377818413
,30.096060402182843
,30.02978706275409
,30.02978706275409
,29.764693705039065
,29.234506989609024
,28.770593613607737
,28.174133558748935
,27.710220182747648
,27.113760127888845
,26.583573412458804
,26.119660036457518
,25.65574666045623
,26.119660036457518
,25.65574666045623
,26.64984675188756
,26.583573412458804
,26.185933375886272
,25.78829333931374
,25.258106623883698
,24.72791990845365
,24.330279871881118
,23.932639835308585
,23.468726459307298
,23.00481308330601
,22.60717304673348
,22.143259670732192
,21.679346294730898
,21.281706258158366
,20.618972863870816
,19.42605275415322
,19.028412717580686
,18.36567932329313
,17.835492607863088
,17.30530589243304
,16.775119177003
,16.775119177003
,15.847292425000418
,15.317105709570377
,14.65437231528282
,13.991638920995271
,13.196358847850206
,12.666172132420158
,12.268532095847625
,11.804618719846339
,11.340705343845052
,10.94306530727252
,10.479151931271232
,9.88269187641243
,9.352505160982389
,8.822318445552341
,8.159585051264791
,7.894491693549767
,7.894491693549767
