Y(hoy),Y(ayer)
3.5867246306806635,3.1228112546793767
3.5204512912519093,2.46007786039182
2.990264575821868,2.3275311815343116
2.46007786039182,1.929891144961772
2.1287111632480418,1.4659777689604852
1.5985244478179936,1.2671577506742295
1.2671577506742295,1.2671577506742295
1.2671577506742295,0.8695177141016899
1.2008844112454682,0.2730576592428946
1.1346110718167068,0.20678431981413326
0.6044243563866729,0.20678431981413326
0.47187767752916443,0.20678431981413326
0.20678431981413326,0.20678431981413326
0.07423764095662477,0.20678431981413326
-0.5222224139021705,-0.3234023956159007
-0.8535891110459488,-0.8535891110459488
-0.8535891110459488,-0.8535891110459488
-0.8535891110459488,-0.8535891110459488
-0.9198624504747102,-0.8535891110459488
-1.11868246876098,-0.9861357899034573
-1.5163225053335054,-1.5163225053335054
-2.1127825601923007,-1.913962541906045
-2.179055899621062,-1.913962541906045
-0.8535891110459488,-1.913962541906045
-1.5163225053335054,-1.913962541906045
-1.913962541906045,-1.913962541906045
-1.383775826475997,-1.450049165904744
-1.11868246876098,-0.9861357899034573
-0.5884957533309318,-1.5163225053335054
-0.05830903790088371,-1.913962541906045
1.5322511083892465,-1.2512291476184885
2.5263511998205814,-0.8535891110459488
2.990264575821868,-0.8535891110459488
2.990264575821868,-0.8535891110459488
2.5263511998205814,-0.8535891110459488
2.990264575821868,-0.8535891110459488
3.3879046123944008,-0.8535891110459488
3.7855446489669333,-0.7210424321884403
4.315731364396974,0.07423764095662477
5.1110114375420395,0.20678431981413326
5.707471492400835,0.7369710352441814
6.171384868402129,1.2671577506742295
6.966664941547194,1.5322511083892465
6.569024904974661,2.0624378238192946
12.53362545356265,3.1228112546793767
12.135985416990117,3.6529979701094177
13.859092242137756,3.5867246306806635
13.461452205565223,4.05063800668195
16.775119177003,4.580824722111998
18.431952662721883,5.1110114375420395
17.968039286720597,5.906291510687105
19.42605275415322,6.436478226117146
18.89586603872317,7.099211620404702
21.149159579300857,7.629398335834743
19.95623946958326,8.2921317301223
20.4864261850133,8.954865124409856
20.221332827298284,10.147785234127454
28.174133558748935,9.750145197554922
30.55997377818413,11.208158664987543
30.02978706275409,13.06381216899269
32.415627282189284,12.53362545356265
31.885440566759243,13.859092242137756
36.78966768448714,15.184559030712869
37.4524010787747,14.786918994140336
39.61733016678071,17.040212534718023
39.04296122506483,16.510025819287975
38.51277450963478,16.112385782715442
38.115134473062255,18.89586603872317
40.36842801363994,18.36567932329313
44.34482837936527,17.968039286720597
43.94718834279273,19.42605275415322
41.16370808678501,20.221332827298284
47.85731536908931,20.618972863870816
47.260855314230504,21.149159579300857
46.73066859880046,21.01661290044335
48.32122874509059,20.552699524442062
48.718868781663126,22.872266404448496
49.11650881823566,22.342079689018455
49.84551555195196,21.811892973588414
49.381602175950675,21.41425293701588
48.58632210280561,25.920840018171248
48.188682066233085,25.258106623883698
44.609921737080285,24.72791990845365
44.21228170050775,28.704320274178976
43.81464166393522,28.174133558748935
42.75426823307514,27.643946843318894
42.29035485707385,31.355253851329195
43.28445494850518,30.825067135899154
42.62172155421762,30.294880420469113
42.3566281965026,29.89724038389658
41.82644148107256,32.68072063990431
41.097434747356246,32.15053392447426
42.29035485707385,31.752893887901728
41.82644148107256,34.006187428479414
41.69389480221505,33.60854739190688
41.16370808678501,35.0665608593395
40.898614729069976,38.51277450963478
40.43470135306869,37.98258779420474
39.705694619352386,37.4524010787747
39.44060126163736,36.92221436334465
38.91041454620732,36.39202764791461
38.77786786734981,40.16960799535367
38.247681151919764,39.57314794049488
37.85004111534723,39.04296122506483
37.4524010787747,40.63352137135496
36.78966768448714,41.428801444500024
36.524574326772125,42.48917487536011
36.126934290199586,45.14010845251033
35.464200895912036,44.609921737080285
36.39202764791461,44.079735021650244
35.86184093248457,43.5495483062202
36.96639658963049,48.65259544223437
36.657121005629634,48.05613538737557
35.99438761134208,47.52594867194553
35.72929425362706,46.99576195651548
35.33165421705452,48.98396213937815
34.66892082276697,49.51414885480819
34.40382746505195,49.24905549709317
33.873640749621906,48.32122874509059
33.21090735533435,47.260855314230504
32.68072063990431,46.86321527765797
32.34935394276053,46.33302856222792
32.945813997619325,44.609921737080285
32.68072063990431,44.079735021650244
32.283080603331776,43.41700162736269
33.21090735533435,43.5495483062202
32.68072063990431,44.079735021650244
32.15053392447426,43.5495483062202
30.957613814756662,43.019361590790155
29.49960034732404,42.48917487536011
28.969413631894,41.69389480221505
28.43922691646396,41.16370808678501
27.90904020103391,41.69389480221505
28.704320274178976,42.157808178216335
28.83686695303649,42.48917487536011
28.969413631894,43.019361590790155
28.43922691646396,42.62172155421762
27.975313540462672,42.22408151764509
29.764693705039065,41.7601681416438
29.16823365018027,41.229981426213755
28.704320274178976,40.63352137135496
28.174133558748935,40.10333465592491
29.632147026181556,39.639421279923624
29.101960310751508,39.04296122506483
30.02978706275409,38.51277450963478
29.49960034732404,37.717494436489716
31.554073869615465,37.31985439991719
30.55997377818413,36.98848770277341
32.15053392447426,37.717494436489716
31.62034720904422,37.31985439991719
31.222707172471686,36.78966768448714
30.162333741611597,36.39202764791461
29.013595858179833,35.86184093248457
29.764693705039065,35.39792755648328
29.367053668466532,34.80146750162448
29.49960034732404,34.40382746505195
29.035686971322754,34.006187428479414
30.294880420469113,33.40972737362062
29.764693705039065,33.34345403419186
30.891340475327908,33.21090735533435
31.090160493614178,32.68072063990431
30.55997377818413,32.15053392447426
29.89724038389658,31.62034720904422
31.929622793045077,31.090160493614178
31.355253851329195,30.55997377818413
30.825067135899154,30.162333741611597
30.294880420469113,31.752893887901728
32.68072063990431,31.090160493614178
31.752893887901728,30.162333741611597
31.48780053018671,29.89724038389658
31.023887154185417,29.300780329037778
32.01798724561675,29.764693705039065
31.752893887901728,29.367053668466532
31.355253851329195,29.367053668466532
32.01798724561675,28.571773595321467
32.72490286619014,28.041586879891426
32.945813997619325,29.89724038389658
33.674820731335636,29.367053668466532
34.27128078619444,30.162333741611597
33.74109407076439,30.692520457041645
33.34345403419186,30.42742709932662
31.885440566759243,30.162333741611597
31.355253851329195,30.825067135899154
30.891340475327908,30.294880420469113
30.294880420469113,29.89724038389658
29.89724038389658,29.234506989609024
31.355253851329195,30.626247117612884
30.825067135899154,30.02978706275409
31.885440566759243,29.632147026181556
34.33755412562319,31.090160493614178
33.74109407076439,30.825067135899154
33.34345403419186,30.294880420469113
33.34345403419186,31.48780053018671
32.81326731876182,30.825067135899154
32.34935394276053,32.01798724561675
34.27128078619444,31.42152719075795
33.74109407076439,31.951713906187997
33.40972737362062,32.98999622390516
34.006187428479414,32.415627282189284
33.47600071304937,32.68072063990431
35.37583644334036,32.283080603331776
34.80146750162448,33.2771806947631
35.72929425362706,32.54817396104679
36.39202764791461,31.752893887901728
35.86184093248457,31.355253851329195
35.33165421705452,32.945813997619325
34.80146750162448,32.48190062161804
34.4701008044807,33.07836067647684
35.596747574769545,33.34345403419186
35.0665608593395,32.945813997619325
34.536374143909455,32.415627282189284
36.524574326772125,31.885440566759243
35.99438761134208,31.355253851329195
35.72929425362706,32.945813997619325
35.464200895912036,32.54817396104679
35.596747574769545,33.2771806947631
36.126934290199586,32.61444730047555
35.596747574769545,33.07836067647684
36.657121005629634,32.81326731876182
41.69389480221505,32.415627282189284
41.16370808678501,32.81326731876182
40.63352137135496,33.60854739190688
45.9353885256554,35.33165421705452
45.40520181022535,34.80146750162448
44.87501509479531,34.33755412562319
44.34482837936527,33.47600071304937
43.81464166393522,32.945813997619325
47.65849535080304,32.415627282189284
47.52594867194553,32.283080603331776
46.99576195651548,32.74699397933306
46.46557524108544,32.283080603331776
46.06793520451291,33.74109407076439
46.200481883370415,33.21090735533435
47.260855314230504,34.536374143909455
46.73066859880046,34.13873410733692
47.59222201137428,35.0665608593395
46.86321527765797,35.464200895912036
46.598121919942955,36.98848770277341
46.200481883370415,36.39202764791461
45.80284184679789,37.4524010787747
45.00756177365282,36.92221436334465
44.477375058222776,36.39202764791461
44.34482837936527,35.92811427191332
44.34482837936527,36.39202764791461
45.670295167940374,37.31985439991719
45.27265513136784,36.78966768448714
42.48917487536011,37.4524010787747
42.09153483878758,36.98848770277341
41.69389480221505,37.4524010787747
41.03116140792749,37.054761042202166
40.50097469249745,37.187307721059675
39.838241298209894,36.78966768448714
39.44060126163736,37.717494436489716
38.77786786734981,38.6453211884923
38.247681151919764,38.115134473062255
37.717494436489716,37.4524010787747
36.2594809690571,36.98848770277341
35.72929425362706,36.39202764791461
37.717494436489716,35.86184093248457
37.187307721059675,43.81464166393522
36.2594809690571,43.28445494850518
36.78966768448714,42.75426823307514
35.72929425362706,42.22408151764509
34.80146750162448,41.69389480221505
34.27128078619444,41.16370808678501
33.60854739190688,40.63352137135496
32.68072063990431,40.10333465592491
31.885440566759243,39.57314794049488
31.355253851329195,39.17550790392234
30.692520457041645,46.73066859880046
30.096060402182843,46.200481883370415
30.162333741611597,45.670295167940374
29.101960310751508,45.14010845251033
29.587964799895722,44.74246841593779
30.294880420469113,48.58632210280561
31.222707172471686,48.05613538737557
28.83686695303649,47.59222201137428
28.969413631894,46.99576195651548
30.55997377818413,46.33302856222792
32.68072063990431,45.80284184679789
31.62034720904422,45.53774848908286
31.222707172471686,48.4537754239481
33.21090735533435,47.989862047946815
33.21090735533435,47.791042029660545
32.68072063990431,47.260855314230504
32.15053392447426,46.73066859880046
31.355253851329195,46.06793520451291
30.957613814756662,48.58632210280561
30.096060402182843,48.12240872680432
31.48780053018671,47.52594867194553
30.55997377818413,47.12830863537299
32.415627282189284,48.05613538737557
32.01798724561675,46.99576195651548
34.006187428479414,46.46557524108544
32.945813997619325,46.06793520451291
32.34935394276053,45.60402182851162
31.951713906187997,45.53774848908286
31.554073869615465,45.47147514965411
31.090160493614178,44.477375058222776
30.55997377818413,43.94718834279273
30.096060402182843,43.41700162736269
32.15053392447426,45.40520181022535
31.62034720904422,44.87501509479531
31.090160493614178,44.34482837936527
30.692520457041645,46.200481883370415
32.81326731876182,45.80284184679789
33.47600071304937,45.14010845251033
34.27128078619444,44.74246841593779
33.74109407076439,43.81464166393522
33.34345403419186,43.41700162736269
32.34935394276053,42.75426823307514
33.21090735533435,42.3566281965026
33.40972737362062,41.69389480221505
34.006187428479414,41.16370808678501
35.33165421705452,40.63352137135496
34.80146750162448,40.23588133478243
34.40382746505195,39.838241298209894
33.47600071304937,39.308054582779846
33.21090735533435,38.77786786734981
32.68072063990431,38.247681151919764
32.283080603331776,36.78966768448714
34.07246076790817,36.2594809690571
33.47600071304937,35.72929425362706
32.945813997619325,35.0665608593395
34.27128078619444,34.536374143909455
33.74109407076439,33.60854739190688
33.07836067647684,32.81326731876182
32.81326731876182,32.15053392447426
32.34935394276053,31.62034720904422
32.54817396104679,31.156433833042932
35.79556759305581,30.692520457041645
36.39202764791461,30.294880420469113
36.96639658963049,29.632147026181556
37.717494436489716,28.969413631894
37.187307721059675,29.234506989609024
36.657121005629634,30.604156004469964
36.126934290199586,30.02978706275409
35.596747574769545,29.632147026181556
35.0665608593395,29.49960034732404
34.60264748333822,29.101960310751508
34.006187428479414,28.83686695303649
33.54227405247813,28.24040689817769
32.945813997619325,29.234506989609024
34.580556370195296,31.090160493614178
34.006187428479414,30.55997377818413
33.60854739190688,31.885440566759243
35.33165421705452,31.48780053018671
34.867740841053234,32.283080603331776
35.19910753819701,32.283080603331776
34.4701008044807,31.885440566759243
35.33165421705452,31.48780053018671
34.93401418048199,31.090160493614178
34.80146750162448,30.42742709932662
34.27128078619444,30.162333741611597
33.80736741019315,30.957613814756662
33.34345403419186,31.222707172471686
32.945813997619325,32.15053392447426
33.34345403419186,31.62034720904422
32.81326731876182,33.60854739190688
35.86184093248457,34.867740841053234
35.33165421705452,34.40382746505195
34.80146750162448,35.33165421705452
36.39202764791461,34.006187428479414
35.6630209141983,33.60854739190688
35.19910753819701,32.945813997619325
32.54817396104679,32.415627282189284
32.283080603331776,32.34935394276053
32.61444730047555,33.2771806947631
33.21090735533435,32.81326731876182
32.87954065819057,33.80736741019315
32.415627282189284,34.27128078619444
32.15053392447426,33.47600071304937
31.686620548472973,32.81326731876182
31.090160493614178,32.283080603331776
30.42742709932662,32.81326731876182
30.162333741611597,33.21090735533435
29.764693705039065,32.48190062161804
29.234506989609024,32.945813997619325
28.571773595321467,34.33755412562319
27.90904020103391,33.74109407076439
26.782393430745074,34.80146750162448
27.180033467317607,34.40382746505195
27.643946843318894,36.2594809690571
27.113760127888845,35.596747574769545
24.993013266168674,36.126934290199586
23.932639835308585,35.72929425362706
23.534999798736052,35.33165421705452
21.01661290044335,34.80146750162448
20.552699524442062,34.40382746505195
21.01661290044335,33.21090735533435
20.4864261850133,32.68072063990431
19.691146111868235,32.283080603331776
19.293506075295703,34.13873410733692
18.36567932329313,33.60854739190688
17.968039286720597,34.40382746505195
18.89586603872317,34.80146750162448
18.36567932329313,35.33165421705452
17.835492607863088,34.93401418048199
17.371579231861794,34.536374143909455
16.775119177003,34.13873410733692
16.841392516431753,33.74109407076439
16.907665855860508,33.21090735533435
11.870892059275093,32.74699397933306
11.208158664987543,32.283080603331776
10.677971949557495,32.68072063990431
9.683871858126167,34.006187428479414
9.087411803267365,34.80146750162448
8.954865124409856,35.19910753819701
8.557225087837324,34.536374143909455
7.894491693549767,33.873640749621906
7.894491693549767,33.34345403419186
,34.27128078619444
,33.80736741019315
,33.21090735533435
,32.81326731876182
,32.01798724561675
,31.48780053018671
,31.222707172471686
,32.945813997619325
,32.54817396104679
,33.2771806947631
,32.945813997619325
,32.48190062161804
,32.945813997619325
,33.34345403419186
,32.81326731876182
,32.283080603331776
,32.283080603331776
,34.006187428479414
,33.47600071304937
,32.945813997619325
,35.33165421705452
,34.80146750162448
,34.40382746505195
,34.006187428479414
,33.47600071304937
,35.11074308562534
,34.536374143909455
,34.006187428479414
,32.68072063990431
,32.15053392447426
,31.62034720904422
,31.090160493614178
,30.42742709932662
,30.162333741611597
,31.885440566759243
,31.48780053018671
,32.216807263903014
,31.48780053018671
,30.825067135899154
,30.162333741611597
,30.02978706275409
,29.632147026181556
,29.234506989609024
,28.704320274178976
,28.174133558748935
,27.710220182747648
,27.180033467317607
,26.716120091316313
,27.643946843318894
,27.113760127888845
,26.716120091316313
,26.716120091316313
,25.258106623883698
,24.72791990845365
,24.19773319302361
,23.667546477593568
,23.13735976216352
,22.60717304673348
,21.01661290044335
,20.618972863870816
,20.088786148440768
,20.022512809012014
,19.558599433010727
,18.36567932329313
,17.835492607863088
,17.17275921357553
,16.510025819287975
,15.979839103857934
,15.449652388427886
,14.985739012426599
,14.256732278710288
,13.682363336994413
,14.433461183853638
,16.377479140430466
,15.71474574614291
,15.184559030712869
,15.979839103857934
,15.317105709570377
,14.786918994140336
,14.12418559985278
,13.461452205565223
,12.931265490135182
,12.003438738132608
,11.47325202270256
,10.94306530727252
,10.412878591842478
,9.88269187641243
,9.418778500411143
,9.88269187641243
,9.485051839839898
,9.087411803267365
,8.557225087837324
,7.894491693549767
,7.828218354121013
,7.496851656977235
,7.099211620404702
