Y(hoy),Y(ayer)
11.274432004416298,4.713371400969507
10.677971949557495,4.315731364396974
10.015238555269946,3.8518179883956876
9.352505160982389,3.5204512912519093
8.822318445552341,3.5204512912519093
8.159585051264791,3.3879046123944008
7.894491693549767,2.725171218106837
7.364304978119726,2.3275311815343116
6.834118262689678,2.2612578421055503
6.038838189544613,1.929891144961772
5.773744831829596,1.399704429531738
5.707471492400835,1.2671577506742295
5.6411981529720805,1.2671577506742295
4.978464758684531,0.8695177141016899
4.713371400969507,0.4056043381004031
4.183184685539466,0.20678431981413326
3.5867246306806635,0.20678431981413326
2.990264575821868,0.20678431981413326
2.46007786039182,0.07423764095662477
2.46007786039182,-0.45594907447342337
2.46007786039182,-0.8535891110459488
2.46007786039182,-0.8535891110459488
2.0182555975334537,-0.8535891110459488
1.5322511083892465,-0.8535891110459488
1.2671577506742295,-0.8535891110459488
1.2671577506742295,-0.8535891110459488
1.2008844112454682,-0.8535891110459488
1.1346110718167068,-0.8535891110459488
0.6044243563866729,-0.8535891110459488
0.2730576592428946,-0.9861357899034573
0.20678431981413326,-1.5163225053335054
0.20678431981413326,-1.913962541906045
0.20678431981413326,-1.913962541906045
0.20678431981413326,-1.913962541906045
0.07423764095662477,-1.913962541906045
-0.36758462190174157,-1.913962541906045
-0.5884957533309318,-1.913962541906045
-0.8535891110459488,-1.913962541906045
-0.8535891110459488,-1.913962541906045
-0.8535891110459488,-1.913962541906045
-0.8535891110459488,-1.913962541906045
-0.8535891110459488,-1.913962541906045
-0.8535891110459488,-1.913962541906045
-0.8535891110459488,-1.913962541906045
-0.8535891110459488,-1.913962541906045
-0.8535891110459488,-1.913962541906045
-0.8535891110459488,-1.913962541906045
-0.8535891110459488,-1.913962541906045
-0.8535891110459488,-1.913962541906045
-0.8535891110459488,-1.913962541906045
-0.8535891110459488,-1.913962541906045
-0.8535891110459488,-1.913962541906045
-0.8535891110459488,-1.648869184191014
-0.8535891110459488,-0.8535891110459488
-0.8535891110459488,-0.8535891110459488
-0.8535891110459488,-0.8535891110459488
-0.8535891110459488,-0.8535891110459488
-0.8535891110459488,-0.8535891110459488
-0.8535891110459488,-0.8535891110459488
-0.8535891110459488,-0.7210424321884403
-0.5222224139021705,-0.1908557167583922
0.07423764095662477,-0.45594907447342337
-0.389675735044662,-0.8535891110459488
-0.5884957533309318,0.4056043381004031
-0.5222224139021705,-0.05830903790088371
0.07423764095662477,1.0020643929591984
-0.3234023956159007,1.2671577506742295
0.20678431981413326,1.5322511083892465
0.20678431981413326,2.194984502676803
0.33933099867164174,3.1228112546793767
0.9136999403875308,2.725171218106837
1.5322511083892465,2.8577178969643597
2.23916672896263,3.5867246306806635
1.7973444661042635,4.183184685539466
2.46007786039182,5.1110114375420395
3.1228112546793767,5.773744831829596
3.6529979701094177,6.303931547259637
3.5867246306806635,6.834118262689678
4.05063800668195,7.496851656977235
4.580824722111998,7.099211620404702
7.298031638690972,8.557225087837324
7.761945014692259,8.159585051264791
8.689771766694832,9.485051839839898
13.328905526707715,10.147785234127454
14.65437231528282,11.47325202270256
14.12418559985278,11.075611986130028
17.835492607863088,12.666172132420158
17.901765947291842,13.06381216899269
18.498226002150638,14.65437231528282
19.205141622724028,14.12418559985278
19.95623946958326,13.593998884422739
21.811892973588414,16.510025819287975
21.281706258158366,15.979839103857934
20.751519542728325,17.17275921357553
20.353879506155792,18.498226002150638
23.932639835308585,17.835492607863088
23.402453119878544,19.82369279072575
22.872266404448496,19.160959396438194
22.342079689018455,20.088786148440768
25.78829333931374,20.4864261850133
25.258106623883698,20.088786148440768
24.72791990845365,23.203633101592274
27.643946843318894,22.60717304673348
27.113760127888845,22.07698633130343
26.583573412458804,21.54679961587339
28.969413631894,21.01661290044335
28.43922691646396,25.390653302741207
30.02978706275409,24.72791990845365
29.49960034732404,24.19773319302361
30.626247117612884,23.667546477593568
32.15053392447426,27.24630680674636
31.554073869615465,26.583573412458804
31.090160493614178,26.053386697028763
34.006187428479414,29.013595858179833
33.40972737362062,28.43922691646396
32.945813997619325,27.90904020103391
34.84564972791032,30.957613814756662
35.596747574769545,30.294880420469113
36.657121005629634,29.764693705039065
36.126934290199586,32.74699397933306
37.76167666277556,32.15053392447426
37.187307721059675,31.62034720904422
38.51277450963478,34.27128078619444
37.717494436489716,33.74109407076439
38.51277450963478,33.21090735533435
36.92221436334465,35.19910753819701
36.39202764791461,34.66892082276697
35.86184093248457,35.99438761134208
35.33165421705452,37.31985439991719
34.867740841053234,36.657121005629634
34.359645238766106,38.57904784906354
34.27128078619444,37.98258779420474
33.74109407076439,39.705694619352386
33.07836067647684,39.04296122506483
32.54817396104679,41.56134812335753
31.885440566759243,40.898614729069976
31.222707172471686,40.36842801363994
30.957613814756662,43.41700162736269
30.55997377818413,42.75426823307514
30.162333741611597,42.22408151764509
30.869249362184988,44.74246841593779
31.090160493614178,44.079735021650244
31.090160493614178,45.47147514965411
30.55997377818413,45.73656850736913
30.162333741611597,46.200481883370415
30.869249362184988,45.47147514965411
31.090160493614178,44.87501509479531
31.355253851329195,44.477375058222776
30.957613814756662,44.477375058222776
32.45980950847512,44.34482837936527
31.885440566759243,43.68209498507771
33.21090735533435,43.019361590790155
32.54817396104679,42.48917487536011
31.885440566759243,43.019361590790155
31.355253851329195,42.55544821478887
31.023887154185417,42.02526149935882
31.090160493614178,41.428801444500024
30.55997377818413,41.03116140792749
30.162333741611597,41.03116140792749
30.825067135899154,42.02526149935882
30.692520457041645,41.428801444500024
30.162333741611597,41.03116140792749
31.090160493614178,43.15190826964766
30.55997377818413,42.48917487536011
30.55997377818413,43.085634930218916
29.89724038389658,42.62172155421762
29.234506989609024,42.22408151764509
29.8088759313249,41.7601681416438
29.234506989609024,41.229981426213755
30.02978706275409,40.76606805021247
30.55997377818413,40.36842801363994
31.090160493614178,39.90451463763865
30.096060402182843,39.37432792220861
30.55997377818413,38.91041454620732
29.69842036561031,38.6453211884923
29.101960310751508,37.98258779420474
28.83686695303649,37.58494775763221
29.234506989609024,36.92221436334465
28.83686695303649,36.458300987343364
29.632147026181556,35.86184093248457
28.969413631894,35.19910753819701
28.43922691646396,34.536374143909455
27.975313540462672,34.07246076790817
27.37885348560387,33.40972737362062
26.782393430745074,33.34345403419186
28.174133558748935,33.34345403419186
28.83686695303649,32.945813997619325
27.776493522176402,32.415627282189284
28.969413631894,31.752893887901728
28.969413631894,31.090160493614178
29.101960310751508,30.55997377818413
29.8088759313249,30.162333741611597
30.162333741611597,30.825067135899154
30.118151515325764,30.42742709932662
30.957613814756662,30.02978706275409
30.294880420469113,29.49960034732404
31.156433833042932,29.101960310751508
31.62034720904422,29.89724038389658
32.15053392447426,30.02978706275409
31.62034720904422,29.764693705039065
31.156433833042932,29.234506989609024
32.01798724561675,28.306680237606443
31.355253851329195,27.90904020103391
32.68072063990431,28.505500255892713
33.21090735533435,28.969413631894
32.68072063990431,29.49960034732404
32.15053392447426,29.49960034732404
31.62034720904422,28.903140292465245
31.222707172471686,28.903140292465245
31.48780053018671,29.234506989609024
32.01798724561675,29.89724038389658
32.283080603331776,30.02978706275409
32.283080603331776,30.361153759897867
32.283080603331776,30.825067135899154
32.283080603331776,30.339062646754947
32.283080603331776,31.090160493614178
32.61444730047555,31.42152719075795
33.21090735533435,31.885440566759243
33.34345403419186,32.283080603331776
33.60854739190688,31.885440566759243
34.13873410733692,31.42152719075795
34.580556370195296,31.222707172471686
35.464200895912036,31.222707172471686
34.93401418048199,31.222707172471686
35.464200895912036,31.62034720904422
35.19910753819701,32.15053392447426
34.80146750162448,32.283080603331776
34.13873410733692,32.283080603331776
33.60854739190688,32.68072063990431
33.873640749621906,33.01208733704808
34.66892082276697,32.48190062161804
35.13283419876826,32.34935394276053
35.6630209141983,33.21090735533435
35.596747574769545,32.81326731876182
35.90602315877041,32.34935394276053
35.464200895912036,32.48190062161804
37.187307721059675,32.945813997619325
36.657121005629634,34.27128078619444
37.85004111534723,33.74109407076439
38.38022783077727,35.33165421705452
39.08714345135067,34.80146750162448
40.36842801363994,34.006187428479414
39.838241298209894,33.54227405247813
41.16370808678501,34.536374143909455
40.76606805021247,34.13873410733692
43.019361590790155,35.0665608593395
42.62172155421762,35.92811427191332
42.75426823307514,36.39202764791461
42.22408151764509,37.78376777591848
43.15190826964766,37.187307721059675
42.62172155421762,36.78966768448714
42.22408151764509,38.6453211884923
41.7601681416438,38.181407812491
41.16370808678501,37.98258779420474
41.69389480221505,37.31985439991719
42.22408151764509,36.72339434505839
42.75426823307514,36.78966768448714
43.15190826964766,38.048861133633494
42.48917487536011,37.4524010787747
42.157808178216335,39.705694619352386
41.95898815993007,39.04296122506483
41.296254765642516,38.51277450963478
41.03116140792749,42.48917487536011
40.63352137135496,41.428801444500024
40.10333465592491,40.898614729069976
40.63352137135496,40.36842801363994
41.03116140792749,44.477375058222776
41.428801444500024,43.81464166393522
41.95898815993007,43.28445494850518
41.627621462786294,42.886814911932646
41.03116140792749,46.200481883370415
40.76606805021247,45.60402182851162
40.36842801363994,45.14010845251033
39.838241298209894,45.40520181022535
39.308054582779846,44.87501509479531
38.84414120677856,44.477375058222776
38.247681151919764,45.27265513136784
37.717494436489716,44.87501509479531
37.054761042202166,44.477375058222776
36.78966768448714,44.609921737080285
36.2594809690571,45.14010845251033
35.99438761134208,44.676195076509046
35.596747574769545,44.34482837936527
34.93401418048199,43.81464166393522
34.66892082276697,43.35072828793393
34.13873410733692,42.820541572503885
33.873640749621906,42.3566281965026
33.34345403419186,41.95898815993007
32.68072063990431,41.49507478392878
32.01798724561675,41.69389480221505
31.752893887901728,42.22408151764509
31.355253851329195,43.019361590790155
30.825067135899154,42.62172155421762
30.361153759897867,42.48917487536011
29.764693705039065,41.95898815993007
29.101960310751508,41.49507478392878
28.43922691646396,41.03116140792749
27.90904020103391,40.63352137135496
27.24630680674636,40.16960799535367
26.782393430745074,39.57314794049488
27.423035711889703,39.04296122506483
27.643946843318894,38.51277450963478
27.113760127888845,37.98258779420474
26.716120091316313,37.31985439991719
27.643946843318894,37.054761042202166
27.113760127888845,36.657121005629634
27.776493522176402,36.19320762962835
27.842766861605156,35.79556759305581
28.174133558748935,36.39202764791461
27.776493522176402,35.99438761134208
28.748502500464816,35.596747574769545
28.969413631894,35.13283419876826
29.565873686752802,34.60264748333822
30.02978706275409,34.006187428479414
30.02978706275409,33.54227405247813
30.02978706275409,32.945813997619325
29.49960034732404,32.34935394276053
28.969413631894,32.283080603331776
29.565873686752802,32.283080603331776
30.02978706275409,32.415627282189284
30.361153759897867,32.98999622390516
29.89724038389658,32.68072063990431
30.825067135899154,32.283080603331776
30.55997377818413,32.283080603331776
30.02978706275409,32.283080603331776
30.02978706275409,33.2771806947631
29.89724038389658,32.68072063990431
29.632147026181556,32.283080603331776
29.234506989609024,34.33755412562319
30.02978706275409,33.74109407076439
29.49960034732404,34.40382746505195
30.162333741611597,34.006187428479414
30.825067135899154,33.54227405247813
30.825067135899154,33.2771806947631
30.162333741611597,32.74699397933306
30.02978706275409,32.283080603331776
30.626247117612884,32.68072063990431
31.222707172471686,33.54227405247813
31.929622793045077,33.07836067647684
32.216807263903014,34.07246076790817
32.15053392447426,35.19910753819701
31.62034720904422,34.536374143909455
31.090160493614178,36.39202764791461
30.55997377818413,35.86184093248457
30.02978706275409,35.72929425362706
30.294880420469113,35.464200895912036
29.89724038389658,35.19910753819701
30.825067135899154,34.62473859648113
30.692520457041645,35.39792755648328
30.162333741611597,36.524574326772125
31.090160493614178,35.86184093248457
30.55997377818413,36.657121005629634
30.55997377818413,36.458300987343364
30.02978706275409,35.72929425362706
31.090160493614178,35.72929425362706
31.090160493614178,36.72339434505839
31.752893887901728,36.2594809690571
31.222707172471686,37.187307721059675
32.415627282189284,37.717494436489716
32.98999622390516,38.55695673592062
33.21090735533435,38.115134473062255
32.54817396104679,38.247681151919764
32.283080603331776,37.85004111534723
31.752893887901728,38.6453211884923
31.222707172471686,38.38022783077727
31.686620548472973,37.98258779420474
32.15053392447426,37.31985439991719
32.283080603331776,36.92221436334465
32.216807263903014,37.58494775763221
32.15053392447426,37.85004111534723
31.62034720904422,37.85004111534723
30.957613814756662,37.78376777591848
30.294880420469113,37.31985439991719
30.957613814756662,36.78966768448714
30.294880420469113,37.85004111534723
31.156433833042932,37.187307721059675
31.62034720904422,38.51277450963478
32.15053392447426,38.84414120677856
31.48780053018671,38.51277450963478
31.023887154185417,37.98258779420474
31.090160493614178,37.85004111534723
30.626247117612884,37.31985439991719
30.02978706275409,36.78966768448714
29.49960034732404,37.31985439991719
29.101960310751508,37.85004111534723
29.764693705039065,37.916314454775986
29.764693705039065,38.51277450963478
29.101960310751508,37.98258779420474
28.83686695303649,37.51867441820345
28.571773595321467,37.054761042202166
28.041586879891426,36.657121005629634
27.511400164461378,36.657121005629634
26.716120091316313,36.39202764791461
26.451026733601296,35.92811427191332
25.920840018171248,36.2594809690571
25.324379963312452,35.72929425362706
24.72791990845365,36.524574326772125
25.523199981598715,36.126934290199586
24.993013266168674,35.72929425362706
24.993013266168674,35.33165421705452
24.59537322959614,34.80146750162448
24.462826550738633,34.27128078619444
24.131459853594855,33.74109407076439
23.534999798736052,33.21090735533435
23.269906441021035,32.68072063990431
22.872266404448496,32.283080603331776
22.342079689018455,32.01798724561675
21.811892973588414,31.48780053018671
21.281706258158366,31.090160493614178
20.618972863870816,30.626247117612884
20.353879506155792,30.096060402182843
19.82369279072575,29.89724038389658
19.160959396438194,29.632147026181556
18.498226002150638,29.234506989609024
18.23313264443562,28.704320274178976
17.835492607863088,28.041586879891426
17.17275921357553,27.776493522176402
16.841392516431753,27.37885348560387
16.775119177003,26.84866677017383
16.244932461572958,26.384753394172535
15.781019085571664,25.854566678742493
16.64257249814549,26.31848005474378
15.979839103857934,25.920840018171248
16.775119177003,26.64984675188756
16.112385782715442,26.31848005474378
15.515925727856647,25.78829333931374
14.919465672997845,25.258106623883698
14.256732278710288,24.860466587311166
13.593998884422739,23.932639835308585
13.328905526707715,23.402453119878544
12.798718811277674,22.872266404448496
12.268532095847625,22.342079689018455
11.738345380417584,21.878166313017168
11.340705343845052,21.41425293701588
12.135985416990117,21.01661290044335
11.870892059275093,20.4864261850133
11.47325202270256,20.022512809012014
10.81051862841501,19.42605275415322
10.214058573556208,19.028412717580686
10.147785234127454,18.630772681008153
10.015238555269946,18.03431262614935
10.94306530727252,17.702945929005573
10.412878591842478,17.17275921357553
,16.112385782715442
,15.317105709570377
,14.588098975854066
,14.985739012426599
,15.449652388427886
,14.985739012426599
,14.521825636425312
,14.12418559985278
,13.660272223851493
,13.130085508421452
,12.666172132420158
,12.268532095847625
,11.804618719846339
,11.340705343845052
,10.94306530727252
,10.412878591842478
,9.948965215841184
,9.396687387268223
,10.015238555269946
,9.750145197554922
,9.15368514269612
,9.219958482124873
,10.545425270699987
,9.88269187641243
,12.047620964418442
,11.47325202270256
,10.94306530727252
,13.859092242137756
,13.328905526707715
,12.798718811277674
