Y(hoy),Y(ayer)
3.6529979701094177,3.3879046123944008
2.3275311815343116,2.8577178969643597
3.255357933536885,2.3275311815343116
2.8577178969643597,1.7973444661042635
3.255357933536885,1.2671577506742295
2.725171218106837,1.2671577506742295
2.3275311815343116,1.2671577506742295
1.929891144961772,0.7369710352441814
1.2671577506742295,0.20678431981413326
-0.12458237732964506,0.20678431981413326
-0.1908557167583922,0.20678431981413326
-0.7210424321884403,0.20678431981413326
-0.1466734904725655,0.14051098038538612
-0.5884957533309318,-0.389675735044662
0.20678431981413326,-0.8535891110459488
-0.7873157716172017,-0.3234023956159007
-1.1849558081897271,-0.05830903790088371
-1.6930514104768548,-0.7210424321884403
-2.0023269944777127,-0.8535891110459488
-1.1849558081897271,-0.8535891110459488
-1.7814158630485224,-0.8535891110459488
-1.1849558081897271,-0.8535891110459488
-1.648869184191014,-0.8535891110459488
-2.0465092207635536,-0.8535891110459488
-2.0465092207635536,-0.8535891110459488
-1.7814158630485224,-0.8535891110459488
-2.179055899621062,-0.8535891110459488
-1.1849558081897271,-0.8535891110459488
-1.1849558081897271,-0.8535891110459488
-1.5163225053335054,-0.8535891110459488
-1.9802358813347922,-0.8535891110459488
-2.0465092207635536,-0.8535891110459488
-1.7151425236197753,-0.8535891110459488
-2.179055899621062,-0.8535891110459488
-1.1849558081897271,-0.8535891110459488
-1.1849558081897271,-0.8535891110459488
-1.7814158630485224,-0.8535891110459488
-1.1849558081897271,-0.8535891110459488
-1.7814158630485224,-0.8535891110459488
-1.1849558081897271,-0.8535891110459488
-1.6930514104768548,-0.8535891110459488
-1.383775826475997,-0.8535891110459488
-1.913962541906045,-0.8535891110459488
-1.11868246876098,-0.8535891110459488
-0.8535891110459488,-0.389675735044662
-0.8535891110459488,0.14051098038538612
-0.8535891110459488,0.20678431981413326
-0.7210424321884403,0.07423764095662477
-0.1908557167583922,-0.45594907447342337
-0.1908557167583922,0.14051098038538612
-0.7210424321884403,-0.3234023956159007
-0.6768602059025994,0.20678431981413326
-0.05830903790088371,0.20678431981413326
0.4056043381004031,0.20678431981413326
0.9357910535304512,0.6044243563866729
1.929891144961772,1.2008844112454682
1.399704429531738,1.5322511083892465
1.9961644843905333,2.194984502676803
2.5263511998205814,2.5263511998205814
3.0565379152506154,3.1228112546793767
3.3879046123944008,3.6529979701094177
4.713371400969507,3.6529979701094177
4.514551382683237,4.315731364396974
5.177284776970794,4.845918079827015
5.6411981529720805,5.3761047952570635
6.303931547259637,5.906291510687105
7.629398335834743,6.303931547259637
10.412878591842478,7.099211620404702
10.015238555269946,7.761945014692259
11.539525362131315,9.087411803267365
10.94306530727252,8.689771766694832
12.003438738132608,10.147785234127454
12.798718811277674,9.750145197554922
16.907665855860508,11.075611986130028
19.82369279072575,10.545425270699987
20.265515053584117,11.738345380417584
21.01661290044335,12.798718811277674
22.07698633130343,12.268532095847625
26.84866677017383,14.65437231528282
26.451026733601296,14.12418559985278
31.090160493614178,16.510025819287975
30.55997377818413,15.979839103857934
28.969413631894,16.907665855860508
31.752893887901728,18.100585965578105
33.74109407076439,17.702945929005573
35.13283419876826,19.82369279072575
34.66892082276697,20.4864261850133
36.39202764791461,21.281706258158366
37.717494436489716,20.884066221585833
37.187307721059675,22.07698633130343
39.705694619352386,23.667546477593568
39.04296122506483,23.13735976216352
38.51277450963478,26.84866677017383
38.115134473062255,26.31848005474378
40.898614729069976,25.78829333931374
40.36842801363994,29.101960310751508
42.75426823307514,29.632147026181556
41.69389480221505,30.55997377818413
41.296254765642516,30.162333741611597
43.28445494850518,31.885440566759243
43.28445494850518,31.355253851329195
42.75426823307514,34.536374143909455
42.09153483878758,34.006187428479414
41.49507478392878,33.47600071304937
40.23588133478243,33.07836067647684
39.838241298209894,35.33165421705452
39.308054582779846,34.93401418048199
38.77786786734981,35.72929425362706
38.247681151919764,36.2594809690571
37.78376777591848,37.187307721059675
39.57314794049488,36.657121005629634
39.04296122506483,38.51277450963478
38.51277450963478,37.98258779420474
37.98258779420474,40.36842801363994
39.838241298209894,39.838241298209894
39.308054582779846,39.308054582779846
40.63352137135496,41.95898815993007
40.10333465592491,41.56134812335753
39.57314794049488,40.76606805021247
39.04296122506483,42.09153483878758
40.96488806849874,41.95898815993007
40.36842801363994,41.428801444500024
41.95898815993007,40.96488806849874
41.428801444500024,40.36842801363994
40.898614729069976,39.9707879770674
39.44060126163736,40.898614729069976
38.77786786734981,40.50097469249745
38.247681151919764,40.037061316496164
37.58494775763221,40.43470135306869
37.31985439991719,40.96488806849874
36.92221436334465,41.03116140792749
36.39202764791461,40.898614729069976
34.66892082276697,39.705694619352386
35.0665608593395,39.17550790392234
33.873640749621906,40.69979471078371
33.34345403419186,40.10333465592491
32.68072063990431,39.705694619352386
33.21090735533435,40.23588133478243
32.283080603331776,39.44060126163736
31.752893887901728,39.04296122506483
29.89724038389658,38.51277450963478
31.222707172471686,38.115134473062255
30.294880420469113,37.717494436489716
29.764693705039065,37.187307721059675
29.101960310751508,36.657121005629634
28.571773595321467,36.126934290199586
27.776493522176402,35.19910753819701
28.041586879891426,34.536374143909455
28.43922691646396,34.66892082276697
29.035686971322754,36.17111651648543
28.306680237606443,35.596747574769545
28.83686695303649,35.596747574769545
27.643946843318894,35.0665608593395
26.84866677017383,34.006187428479414
28.748502500464816,33.47600071304937
28.174133558748935,32.945813997619325
27.643946843318894,32.34935394276053
28.83686695303649,32.15053392447426
28.571773595321467,31.752893887901728
28.174133558748935,30.957613814756662
27.842766861605156,30.361153759897867
28.505500255892713,30.825067135899154
30.162333741611597,30.294880420469113
29.035686971322754,29.764693705039065
28.571773595321467,29.234506989609024
29.764693705039065,28.83686695303649
29.16823365018027,28.43922691646396
29.49960034732404,27.975313540462672
28.969413631894,28.63804693475022
29.234506989609024,28.174133558748935
28.83686695303649,27.643946843318894
30.825067135899154,27.180033467317607
30.22860708104035,26.583573412458804
29.764693705039065,25.920840018171248
30.825067135899154,25.65574666045623
30.162333741611597,27.511400164461378
30.02978706275409,28.571773595321467
30.162333741611597,28.10786021932018
30.869249362184988,27.643946843318894
31.134342719900012,27.113760127888845
32.15053392447426,26.583573412458804
31.62034720904422,26.053386697028763
31.62034720904422,25.65574666045623
31.090160493614178,26.64984675188756
30.42742709932662,26.185933375886272
29.963513723325335,27.113760127888845
30.869249362184988,27.710220182747648
30.294880420469113,28.704320274178976
29.89724038389658,28.306680237606443
32.15053392447426,29.234506989609024
31.62034720904422,29.764693705039065
31.090160493614178,29.101960310751508
30.604156004469964,28.43922691646396
30.02978706275409,28.041586879891426
31.48780053018671,28.571773595321467
31.885440566759243,28.174133558748935
31.355253851329195,27.643946843318894
30.957613814756662,27.180033467317607
30.42742709932662,26.84866677017383
28.83686695303649,28.43922691646396
31.222707172471686,27.90904020103391
31.090160493614178,27.37885348560387
30.55997377818413,29.764693705039065
30.096060402182843,29.234506989609024
30.957613814756662,28.770593613607737
30.294880420469113,28.24040689817769
31.222707172471686,27.776493522176402
31.885440566759243,28.174133558748935
31.28898051190044,28.770593613607737
31.885440566759243,28.969413631894
30.825067135899154,29.49960034732404
30.294880420469113,29.963513723325335
31.885440566759243,30.02978706275409
31.355253851329195,29.764693705039065
29.101960310751508,29.300780329037778
31.81916722733048,28.83686695303649
31.355253851329195,28.770593613607737
32.54817396104679,28.174133558748935
32.98999622390516,27.710220182747648
33.21090735533435,27.15794235417468
32.61444730047555,26.716120091316313
32.54817396104679,29.54378257360988
34.27128078619444,28.969413631894
33.873640749621906,28.43922691646396
35.37583644334036,27.90904020103391
34.80146750162448,30.825067135899154
35.464200895912036,30.294880420469113
35.19910753819701,30.825067135899154
34.84564972791032,29.632147026181556
35.464200895912036,29.101960310751508
34.93401418048199,30.692520457041645
35.464200895912036,30.42742709932662
35.19910753819701,29.89724038389658
34.80146750162448,29.234506989609024
36.39202764791461,28.903140292465245
35.99438761134208,29.89724038389658
40.36842801363994,29.367053668466532
39.838241298209894,30.02978706275409
41.03116140792749,30.02978706275409
42.53335710164595,29.632147026181556
41.95898815993007,29.234506989609024
41.56134812335753,30.294880420469113
43.15190826964766,29.89724038389658
42.3566281965026,30.692520457041645
41.69389480221505,30.22860708104035
41.16370808678501,30.825067135899154
40.69979471078371,31.885440566759243
40.10333465592491,31.355253851329195
39.639421279923624,32.283080603331776
39.04296122506483,32.283080603331776
40.63352137135496,32.415627282189284
42.003170386215906,32.945813997619325
41.428801444500024,34.006187428479414
42.09153483878758,34.40382746505195
41.56134812335753,34.40382746505195
40.76606805021247,34.40382746505195
40.23588133478243,34.40382746505195
39.838241298209894,34.006187428479414
39.37432792220861,33.47600071304937
38.77786786734981,37.4524010787747
38.247681151919764,36.92221436334465
37.916314454775986,36.39202764791461
41.16370808678501,35.86184093248457
40.10333465592491,40.36842801363994
39.57314794049488,39.57314794049488
38.91041454620732,43.019361590790155
38.6453211884923,42.48917487536011
38.247681151919764,42.02526149935882
37.85004111534723,41.56134812335753
36.92221436334465,41.95898815993007
36.524574326772125,41.428801444500024
35.86184093248457,40.96488806849874
35.33165421705452,40.43470135306869
34.80146750162448,39.838241298209894
34.27128078619444,39.37432792220861
33.74109407076439,38.77786786734981
33.34345403419186,38.115134473062255
35.37583644334036,37.4524010787747
35.72929425362706,36.92221436334465
34.006187428479414,38.57904784906354
32.945813997619325,37.98258779420474
32.415627282189284,40.6777035976408
31.885440566759243,40.10333465592491
31.090160493614178,39.57314794049488
29.764693705039065,39.04296122506483
29.101960310751508,40.10333465592491
28.83686695303649,39.639421279923624
30.162333741611597,39.10923456449358
29.632147026181556,38.6453211884923
30.825067135899154,38.247681151919764
31.355253851329195,37.78376777591848
32.01798724561675,37.4524010787747
32.15053392447426,36.92221436334465
31.62034720904422,36.458300987343364
31.090160493614178,35.92811427191332
30.162333741611597,37.054761042202166
29.632147026181556,36.39202764791461
29.101960310751508,38.247681151919764
28.83686695303649,37.717494436489716
31.355253851329195,40.898614729069976
30.7587937964704,40.36842801363994
30.42742709932662,39.838241298209894
32.15053392447426,41.95898815993007
31.48780053018671,41.428801444500024
31.090160493614178,39.57314794049488
31.355253851329195,39.04296122506483
30.957613814756662,38.51277450963478
32.283080603331776,37.916314454775986
33.21090735533435,36.92221436334465
32.68072063990431,36.39202764791461
32.216807263903014,35.596747574769545
32.415627282189284,35.0665608593395
31.090160493614178,34.66892082276697
30.42742709932662,34.006187428479414
30.02978706275409,33.47600071304937
32.15053392447426,32.81326731876182
31.62034720904422,32.415627282189284
31.28898051190044,32.945813997619325
31.885440566759243,34.580556370195296
33.47600071304937,34.006187428479414
32.945813997619325,33.47600071304937
35.33165421705452,35.33165421705452
34.80146750162448,34.536374143909455
34.536374143909455,34.006187428479414
34.006187428479414,33.47600071304937
33.47600071304937,33.07836067647684
34.66892082276697,32.68072063990431
34.006187428479414,32.15053392447426
35.33165421705452,31.62034720904422
34.80146750162448,30.957613814756662
35.33165421705452,30.42742709932662
34.27128078619444,29.764693705039065
33.74109407076439,28.83686695303649
33.34345403419186,28.372953577035204
34.80146750162448,27.90904020103391
36.43620987420045,30.55997377818413
35.86184093248457,30.02978706275409
35.33165421705452,29.49960034732404
34.40382746505195,28.969413631894
36.524574326772125,28.571773595321467
36.2594809690571,31.090160493614178
35.86184093248457,30.957613814756662
35.19910753819701,30.162333741611597
34.93401418048199,29.963513723325335
34.536374143909455,30.02978706275409
34.006187428479414,31.090160493614178
33.54227405247813,30.55997377818413
32.81326731876182,30.162333741611597
32.54817396104679,32.945813997619325
31.885440566759243,32.415627282189284
31.355253851329195,31.885440566759243
32.945813997619325,31.42152719075795
32.54817396104679,31.752893887901728
36.92221436334465,32.15053392447426
36.524574326772125,31.48780053018671
38.247681151919764,30.825067135899154
37.717494436489716,30.361153759897867
37.31985439991719,30.55997377818413
39.838241298209894,30.162333741611597
39.308054582779846,31.62034720904422
38.77786786734981,31.090160493614178
39.57314794049488,33.47600071304937
38.91041454620732,32.945813997619325
38.6453211884923,32.415627282189284
38.247681151919764,32.01798724561675
37.717494436489716,34.006187428479414
37.187307721059675,32.945813997619325
36.126934290199586,32.415627282189284
35.596747574769545,31.885440566759243
37.4524010787747,31.48780053018671
37.054761042202166,32.15053392447426
37.4524010787747,31.48780053018671
36.92221436334465,30.825067135899154
36.524574326772125,30.294880420469113
35.86184093248457,31.48780053018671
35.464200895912036,33.21090735533435
36.524574326772125,32.74699397933306
37.187307721059675,32.15053392447426
37.717494436489716,32.415627282189284
37.12103438163092,31.951713906187997
35.596747574769545,31.355253851329195
35.0665608593395,30.825067135899154
34.536374143909455,30.294880420469113
35.596747574769545,31.62034720904422
36.701303231915475,31.090160493614178
36.126934290199586,30.692520457041645
37.4524010787747,32.415627282189284
37.31985439991719,32.945813997619325
37.054761042202166,34.006187428479414
37.717494436489716,35.33165421705452
37.187307721059675,36.39202764791461
36.78966768448714,37.31985439991719
36.39202764791461,37.187307721059675
35.99438761134208,36.78966768448714
35.33165421705452,36.524574326772125
34.93401418048199,35.596747574769545
36.39202764791461,35.19910753819701
35.79556759305581,34.66892082276697
36.39202764791461,35.33165421705452
35.72929425362706,35.86184093248457
35.19910753819701,36.458300987343364
34.66892082276697,36.524574326772125
34.40382746505195,35.596747574769545
36.524574326772125,35.0665608593395
35.99438761134208,34.536374143909455
35.464200895912036,34.07246076790817
35.19910753819701,33.54227405247813
35.33165421705452,34.006187428479414
34.80146750162448,35.0665608593395
34.27128078619444,34.536374143909455
33.80736741019315,35.86184093248457
33.07836067647684,36.458300987343364
32.81326731876182,36.458300987343364
32.415627282189284,35.99438761134208
31.885440566759243,35.0665608593395
31.39943607761503,34.66892082276697
32.15053392447426,34.006187428479414
33.25508958162019,33.47600071304937
32.68072063990431,33.01208733704808
31.752893887901728,32.54817396104679
34.050369654765255,33.74109407076439
34.27128078619444,33.2771806947631
33.74109407076439,34.27128078619444
33.34345403419186,33.47600071304937
,32.945813997619325
,32.283080603331776
,31.752893887901728
,31.28898051190044
,33.21090735533435
,32.68072063990431
,32.15053392447426
,31.885440566759243
,31.355253851329195
,30.692520457041645
,30.02978706275409
,29.565873686752802
,29.234506989609024
,29.83096704446782
,30.361153759897867
,30.825067135899154
,31.686620548472973
,31.222707172471686
,32.01798724561675
,31.42152719075795
,31.885440566759243
,31.355253851329195
,31.355253851329195
,30.825067135899154
,30.162333741611597
,29.49960034732404
,28.969413631894
,28.306680237606443
,28.041586879891426
,27.643946843318894
,27.113760127888845
,26.716120091316313
,28.24040689817769
,28.571773595321467
,27.975313540462672
,27.511400164461378
,27.113760127888845
,26.716120091316313
,27.511400164461378
,27.24630680674636
,26.84866677017383
,26.31848005474378
,25.78829333931374
,25.258106623883698
,24.794193247882404
,25.523199981598715
,24.860466587311166
,24.0651865141661
,23.601273138164807
,24.19773319302361
,23.733819817022322
,23.00481308330601
,22.342079689018455
,21.679346294730898
,21.149159579300857
,22.07698633130343
,21.613072955302144
,21.082886239872103
,20.4864261850133
,20.088786148440768
,19.691146111868235
,19.160959396438194
,18.697046020436908
,18.23313264443562
,17.835492607863088
,17.30530589243304
,16.841392516431753
,16.377479140430466
,15.979839103857934
,15.449652388427886
,14.985739012426599
,14.521825636425312
,14.521825636425312
,14.985739012426599
,15.449652388427886
,14.985739012426599
,14.521825636425312
,14.12418559985278
,13.660272223851493
,13.395178866136469
,12.666172132420158
,12.003438738132608
,11.340705343845052
,10.677971949557495
,10.015238555269946
,9.219958482124873
,8.954865124409856
,8.822318445552341
,8.2921317301223
,7.894491693549767
,7.496851656977235
,7.032938280975948
,7.496851656977235
