Y(hoy),Y(ayer)
6.834118262689678,5.773744831829596
6.834118262689678,6.171384868402129
6.569024904974661,6.70157158383217
5.243558116399548,6.569024904974661
4.845918079827015,5.906291510687105
5.243558116399548,5.773744831829596
4.713371400969507,5.6411981529720805
5.508651474114572,4.91219141925577
4.1169113461107045,5.442378134685818
4.580824722111998,4.713371400969507
4.05063800668195,4.05063800668195
3.5204512912519093,3.5204512912519093
2.46007786039182,3.5204512912519093
2.46007786039182,3.3879046123944008
1.7973444661042635,2.8577178969643597
1.3334310901029767,2.0624378238192946
1.2671577506742295,1.4659777689604852
1.2671577506742295,1.2671577506742295
1.2671577506742295,1.2671577506742295
0.5381510169579116,0.8695177141016899
1.1346110718167068,0.4056043381004031
0.6927888089583405,0.8695177141016899
0.67069769581542,0.47187767752916443
1.1346110718167068,1.2671577506742295
0.6044243563866729,0.7369710352441814
0.47187767752916443,0.20678431981413326
0.20678431981413326,0.6044243563866729
0.20678431981413326,1.1346110718167068
0.20678431981413326,0.7369710352441814
-0.45594907447342337,0.20678431981413326
0.07423764095662477,0.20678431981413326
-0.45594907447342337,0.20678431981413326
-0.8535891110459488,0.20678431981413326
-0.654769092759679,0.20678431981413326
-0.1908557167583922,0.20678431981413326
-0.389675735044662,0.20678431981413326
0.07423764095662477,0.20678431981413326
-0.45594907447342337,0.20678431981413326
-0.8535891110459488,0.20678431981413326
-0.6768602059025994,0.20678431981413326
-0.1908557167583922,0.20678431981413326
-0.6326779796167585,0.20678431981413326
-0.1908557167583922,-0.1908557167583922
-0.7210424321884403,-0.5884957533309318
-0.3234023956159007,-0.05830903790088371
-0.7873157716172017,-0.45594907447342337
0.07423764095662477,-0.8535891110459488
-0.389675735044662,-0.8535891110459488
-0.45594907447342337,-0.8535891110459488
-0.8535891110459488,-0.8535891110459488
0.14051098038538612,-0.8535891110459488
0.20678431981413326,-0.8535891110459488
0.20678431981413326,-0.7210424321884403
0.20678431981413326,0.07423764095662477
0.20678431981413326,-0.3234023956159007
0.20678431981413326,-0.45594907447342337
0.20678431981413326,0.14051098038538612
0.2730576592428946,-0.05830903790088371
0.67069769581542,-0.7210424321884403
0.20678431981413326,-0.8535891110459488
1.1346110718167068,-0.7210424321884403
1.2671577506742295,-0.05830903790088371
1.2671577506742295,0.20678431981413326
1.0020643929591984,0.20678431981413326
0.7369710352441814,0.20678431981413326
0.38351322495748263,0.20678431981413326
1.2008844112454682,0.67069769581542
0.7369710352441814,0.20678431981413326
1.2671577506742295,1.2008844112454682
1.2671577506742295,1.2671577506742295
1.2671577506742295,1.2671577506742295
1.399704429531738,1.2671577506742295
2.23916672896263,1.2671577506742295
1.664797787246755,1.2671577506742295
2.46007786039182,1.2671577506742295
2.3275311815343116,1.2671577506742295
2.0624378238192946,1.4659777689604852
1.664797787246755,2.0624378238192946
2.194984502676803,2.3275311815343116
1.664797787246755,2.7914445575355984
2.0624378238192946,3.3879046123944008
1.5322511083892465,3.5204512912519093
1.2671577506742295,3.3879046123944008
2.194984502676803,2.990264575821868
1.7310711266755163,2.5263511998205814
1.929891144961772,2.5926245392493286
1.4659777689604852,3.3879046123944008
2.725171218106837,3.5204512912519093
2.194984502676803,3.5204512912519093
3.3879046123944008,3.7855446489669333
3.5204512912519093,4.315731364396974
3.5204512912519093,4.713371400969507
3.7855446489669333,4.713371400969507
3.3879046123944008,4.713371400969507
4.448278043254483,5.243558116399548
4.647098061540753,5.707471492400835
5.1110114375420395,5.3761047952570635
5.6411981529720805,4.845918079827015
5.1110114375420395,4.779644740398261
4.448278043254483,5.3761047952570635
3.918091327824442,5.773744831829596
3.5204512912519093,5.773744831829596
4.448278043254483,5.773744831829596
3.7855446489669333,5.773744831829596
4.580824722111998,6.171384868402129
4.845918079827015,6.767844923260924
4.448278043254483,7.364304978119726
5.420287021542897,6.834118262689678
5.707471492400835,8.601407314123158
5.6411981529720805,8.027038372407276
5.1110114375420395,8.2921317301223
4.779644740398261,7.894491693549767
5.3761047952570635,8.822318445552341
5.972564850115859,8.424678408979808
6.569024904974661,7.960765032978522
6.834118262689678,8.888591784981102
6.966664941547194,8.2921317301223
7.541033883263069,7.894491693549767
7.894491693549767,9.88269187641243
7.894491693549767,9.418778500411143
8.027038372407276,9.396687387268223
8.689771766694832,10.015238555269946
9.087411803267365,10.147785234127454
9.131594029553199,10.147785234127454
10.147785234127454,11.605798701560076
9.617598518697413,10.94306530727252
10.81051862841501,10.412878591842478
11.47325202270256,12.33480543527638
12.003438738132608,12.401078774705141
13.107994395278524,12.864992150706428
12.53362545356265,12.401078774705141
14.389278957567804,13.196358847850206
13.925365581566517,12.599898792991404
14.985739012426599,13.196358847850206
15.582199067285401,13.395178866136469
15.582199067285401,12.864992150706428
15.317105709570377,12.401078774705141
14.919465672997845,12.798718811277674
16.244932461572958,13.660272223851493
15.71474574614291,13.196358847850206
16.775119177003,14.256732278710288
15.317105709570377,14.521825636425312
14.786918994140336,14.985739012426599
18.100585965578105,15.449652388427886
18.697046020436908,14.985739012426599
18.100585965578105,14.65437231528282
17.63667258957682,15.250832370141623
17.084394761003857,15.71474574614291
16.64257249814549,16.57629915871673
18.89586603872317,16.112385782715442
18.36567932329313,17.040212534718023
17.835492607863088,17.570399250148064
19.42605275415322,16.907665855860508
19.82369279072575,17.30530589243304
19.757419451296997,16.907665855860508
19.42605275415322,18.100585965578105
19.028412717580686,17.702945929005573
19.82369279072575,19.028412717580686
19.293506075295703,19.028412717580686
19.028412717580686,19.42605275415322
18.630772681008153,20.088786148440768
18.100585965578105,20.088786148440768
17.570399250148064,20.552699524442062
17.106485874146777,21.082886239872103
16.708845837574245,21.347979597587127
17.30530589243304,21.944439652445922
16.841392516431753,21.811892973588414
17.835492607863088,21.41425293701588
17.30530589243304,22.916448630734337
16.775119177003,22.342079689018455
16.112385782715442,24.19773319302361
15.582199067285401,23.667546477593568
15.317105709570377,23.13735976216352
14.963647899283679,22.60717304673348
14.521825636425312,22.143259670732192
16.289114687858792,21.590981842159223
15.71474574614291,21.149159579300857
17.084394761003857,23.00481308330601
17.835492607863088,22.342079689018455
17.30530589243304,24.19773319302361
16.775119177003,23.667546477593568
16.244932461572958,23.00481308330601
15.648472406714156,22.739719725590987
17.040212534718023,22.342079689018455
16.510025819287975,21.811892973588414
17.570399250148064,21.41425293701588
16.841392516431753,23.269906441021035
17.30530589243304,22.60717304673348
16.244932461572958,23.402453119878544
15.781019085571664,23.667546477593568
16.775119177003,24.330279871881118
17.835492607863088,24.330279871881118
17.30530589243304,23.800093156451076
16.841392516431753,23.402453119878544
17.30530589243304,22.938539743877257
17.702945929005573,22.540899707304725
17.17275921357553,23.203633101592274
16.775119177003,24.19773319302361
17.30530589243304,23.733819817022322
16.907665855860508,23.667546477593568
17.702945929005573,23.203633101592274
17.040212534718023,22.695537499305154
17.702945929005573,24.19773319302361
17.040212534718023,23.667546477593568
17.835492607863088,23.13735976216352
18.100585965578105,23.932639835308585
17.702945929005573,23.534999798736052
19.691146111868235,24.19773319302361
19.160959396438194,24.529099890167387
18.630772681008153,23.800093156451076
19.95623946958326,23.13735976216352
19.293506075295703,22.673446386162233
19.028412717580686,23.269906441021035
19.028412717580686,22.739719725590987
19.160959396438194,23.402453119878544
19.691146111868235,23.402453119878544
20.353879506155792,23.00481308330601
21.01661290044335,22.540899707304725
21.149159579300857,23.13735976216352
21.01661290044335,22.673446386162233
20.4864261850133,21.944439652445922
19.95623946958326,21.281706258158366
19.42605275415322,21.811892973588414
19.028412717580686,22.474626367875963
21.01661290044335,23.071086422734766
20.4864261850133,22.60717304673348
19.95623946958326,22.209533010160946
19.42605275415322,21.811892973588414
21.54679961587339,21.41425293701588
23.534999798736052,23.00481308330601
22.938539743877257,22.474626367875963
23.667546477593568,21.679346294730898
24.19773319302361,21.01661290044335
23.601273138164807,20.353879506155792
23.13735976216352,19.691146111868235
22.60717304673348,19.22723273586695
22.143259670732192,19.028412717580686
21.41425293701588,18.498226002150638
21.149159579300857,17.702945929005573
20.751519542728325,16.510025819287975
20.088786148440768,15.71474574614291
19.42605275415322,15.449652388427886
16.510025819287975,14.985739012426599
15.317105709570377,14.588098975854066
14.786918994140336,15.449652388427886
14.521825636425312,15.052012351855353
14.190458939281534,14.919465672997845
13.660272223851493,14.521825636425312
13.328905526707715,14.12418559985278
12.864992150706428,13.660272223851493
12.467352114133895,13.461452205565223
12.33480543527638,13.461452205565223
12.268532095847625,13.06381216899269
11.804618719846339,12.666172132420158
11.340705343845052,13.196358847850206
11.738345380417584,13.06381216899269
12.268532095847625,12.53362545356265
12.401078774705141,12.53362545356265
12.666172132420158,13.130085508421452
14.786918994140336,12.53362545356265
14.389278957567804,13.593998884422739
13.991638920995271,13.196358847850206
15.184559030712869,14.786918994140336
14.786918994140336,15.250832370141623
15.184559030712869,13.991638920995271
14.65437231528282,14.65437231528282
16.775119177003,15.449652388427886
16.244932461572958,15.582199067285401
16.64257249814549,15.582199067285401
16.244932461572958,15.582199067285401
16.289114687858792,15.582199067285401
17.30530589243304,15.582199067285401
16.775119177003,15.979839103857934
17.835492607863088,16.64257249814549
17.835492607863088,16.64257249814549
17.30530589243304,16.046112443286688
16.775119177003,16.289114687858792
18.100585965578105,15.847292425000418
19.95623946958326,15.979839103857934
19.42605275415322,15.449652388427886
18.89586603872317,14.919465672997845
17.437852571290556,14.521825636425312
18.564499341579392,16.64257249814549
19.160959396438194,15.979839103857934
18.100585965578105,15.582199067285401
18.630772681008153,17.437852571290556
19.160959396438194,17.570399250148064
19.691146111868235,17.106485874146777
19.691146111868235,17.702945929005573
19.160959396438194,17.17275921357553
18.630772681008153,17.968039286720597
18.100585965578105,18.498226002150638
19.028412717580686,19.09468605700944
18.36567932329313,19.82369279072575
20.221332827298284,19.293506075295703
19.691146111868235,20.088786148440768
21.01661290044335,19.691146111868235
20.4864261850133,19.028412717580686
19.82369279072575,18.763319359865662
19.558599433010727,18.36567932329313
19.160959396438194,17.968039286720597
19.42605275415322,19.293506075295703
19.028412717580686,20.022512809012014
19.95623946958326,19.95623946958326
19.42605275415322,19.293506075295703
19.691146111868235,18.630772681008153
19.293506075295703,18.03431262614935
20.353879506155792,19.82369279072575
21.01661290044335,19.42605275415322
21.01661290044335,18.89586603872317
20.552699524442062,19.160959396438194
20.15505948786953,18.697046020436908
20.884066221585833,18.16685930500686
21.01661290044335,18.697046020436908
20.552699524442062,19.82369279072575
21.01661290044335,19.160959396438194
20.15505948786953,20.088786148440768
22.07698633130343,19.82369279072575
21.54679961587339,19.22723273586695
21.01661290044335,19.757419451296997
20.68524620329957,20.79570176901416
21.281706258158366,20.221332827298284
20.221332827298284,20.4864261850133
21.811892973588414,20.088786148440768
20.751519542728325,21.347979597587127
22.342079689018455,20.884066221585833
22.872266404448496,21.944439652445922
22.342079689018455,21.613072955302144
23.269906441021035,23.13735976216352
22.60717304673348,22.60717304673348
23.181541988449354,22.60717304673348
22.60717304673348,21.944439652445922
23.402453119878544,21.281706258158366
22.872266404448496,20.751519542728325
22.342079689018455,20.221332827298284
21.811892973588414,21.856075199874248
21.281706258158366,21.281706258158366
22.474626367875963,20.751519542728325
21.811892973588414,21.54679961587339
23.13735976216352,21.944439652445922
22.43044414159013,21.679346294730898
23.13735976216352,21.281706258158366
23.534999798736052,20.751519542728325
23.402453119878544,20.15505948786953
22.739719725590987,19.95623946958326
22.342079689018455,19.42605275415322
22.474626367875963,18.962139378151925
22.342079689018455,18.36567932329313
22.474626367875963,17.702945929005573
22.342079689018455,17.040212534718023
22.342079689018455,18.23313264443562
21.811892973588414,17.570399250148064
21.281706258158366,18.89586603872317
20.618972863870816,18.36567932329313
20.15505948786953,17.835492607863088
20.751519542728325,17.371579231861794
21.01661290044335,16.97393919528926
20.4864261850133,17.570399250148064
19.95623946958326,17.106485874146777
19.42605275415322,17.30530589243304
18.89586603872317,17.968039286720597
18.431952662721883,17.570399250148064
17.968039286720597,17.040212534718023
18.36567932329313,16.775119177003
18.89586603872317,16.775119177003
18.23313264443562,16.510025819287975
17.835492607863088,15.847292425000418
17.371579231861794,15.052012351855353
16.841392516431753,14.786918994140336
16.377479140430466,15.317105709570377
15.71474574614291,14.720645654711582
15.052012351855353,13.991638920995271
14.521825636425312,13.726545563280247
13.726545563280247,13.328905526707715
13.461452205565223,12.798718811277674
13.859092242137756,12.401078774705141
13.461452205565223,13.328905526707715
14.389278957567804,12.931265490135182
13.859092242137756,12.467352114133895
13.196358847850206,12.599898792991404
12.666172132420158,13.107994395278524
12.003438738132608,12.798718811277674
11.47325202270256,12.401078774705141
11.141885325558782,13.395178866136469
11.208158664987543,12.931265490135182
10.876791967843765,13.328905526707715
10.280331912984963,12.864992150706428
10.147785234127454,12.268532095847625
10.147785234127454,11.605798701560076
10.015238555269946,10.94306530727252
9.750145197554922,10.280331912984963
9.352505160982389,9.617598518697413
10.147785234127454,9.15368514269612
9.617598518697413,8.424678408979808
10.015238555269946,8.689771766694832
9.750145197554922,8.159585051264791
9.352505160982389,8.557225087837324
8.689771766694832,8.093311711836037
8.159585051264791,7.629398335834743
8.822318445552341,7.231758299262211
8.358405069551054,6.834118262689678
8.557225087837324,6.834118262689678
8.027038372407276,7.231758299262211
7.828218354121013,
7.761945014692259,
7.099211620404702,
6.436478226117146,
5.906291510687105,
5.906291510687105,
7.298031638690972,
6.436478226117146,
7.828218354121013,
