Y(hoy),Y(ayer)
2.3938045209630587,3.5204512912519093
2.3938045209630587,3.255357933536885
1.9961644843905333,2.725171218106837
1.4659777689604852,2.3275311815343116
1.2671577506742295,2.194984502676803
0.8695177141016899,1.7310711266755163
0.33933099867164174,1.2671577506742295
0.20678431981413326,1.2671577506742295
0.14051098038538612,1.2671577506742295
-0.1908557167583922,1.2671577506742295
-0.7210424321884403,1.2671577506742295
-0.8535891110459488,0.8695177141016899
-0.8535891110459488,0.20678431981413326
-0.8535891110459488,0.20678431981413326
-0.8535891110459488,0.20678431981413326
-1.1849558081897271,0.20678431981413326
-1.2512291476184885,0.14051098038538612
-1.7814158630485224,-0.389675735044662
-2.1127825601923007,-0.8535891110459488
-2.0465092207635536,-0.8535891110459488
-2.0465092207635536,-0.8535891110459488
-2.0465092207635536,-0.8535891110459488
-2.0465092207635536,-0.8535891110459488
-2.0465092207635536,-0.8535891110459488
-2.0465092207635536,-0.8535891110459488
-2.0465092207635536,-0.8535891110459488
-2.0465092207635536,-0.8535891110459488
-2.0465092207635536,-0.8535891110459488
-2.1127825601923007,-0.8535891110459488
-2.1127825601923007,-1.11868246876098
-2.0465092207635536,-1.7151425236197753
-1.9802358813347922,-1.913962541906045
-1.383775826475997,-1.450049165904744
-1.11868246876098,-1.11868246876098
-1.1849558081897271,-1.7151425236197753
-1.5163225053335054,-1.11868246876098
-1.913962541906045,-1.648869184191014
-1.1849558081897271,-0.8535891110459488
-0.5884957533309318,-0.8535891110459488
-0.05830903790088371,-0.8535891110459488
1.2671577506742295,-0.8535891110459488
0.8032443746729285,-0.8535891110459488
0.38351322495748263,-0.8535891110459488
1.399704429531738,-0.7210424321884403
0.8695177141016899,0.07423764095662477
1.9961644843905333,0.20678431981413326
2.5263511998205814,0.7369710352441814
3.0565379152506154,1.2671577506742295
4.580824722111998,1.664797787246755
4.183184685539466,2.194984502676803
5.6411981529720805,3.1228112546793767
5.1110114375420395,2.5926245392493286
6.171384868402129,3.6529979701094177
6.966664941547194,3.6529979701094177
6.569024904974661,5.1110114375420395
7.629398335834743,4.580824722111998
8.159585051264791,5.906291510687105
8.822318445552341,5.508651474114572
9.352505160982389,6.436478226117146
17.570399250148064,7.099211620404702
19.95623946958326,7.629398335834743
19.42605275415322,8.2921317301223
18.630772681008153,9.087411803267365
18.23313264443562,8.689771766694832
19.028412717580686,9.485051839839898
19.558599433010727,10.147785234127454
20.265515053584117,11.47325202270256
21.01661290044335,11.075611986130028
24.59537322959614,12.798718811277674
22.07698633130343,13.859092242137756
26.31848005474378,15.184559030712869
25.78829333931374,16.510025819287975
28.704320274178976,16.112385782715442
28.174133558748935,18.100585965578105
31.090160493614178,17.570399250148064
30.55997377818413,18.962139378151925
32.945813997619325,19.028412717580686
32.415627282189284,19.95623946958326
34.27128078619444,20.4864261850133
39.57314794049488,21.281706258158366
40.898614729069976,20.884066221585833
40.50097469249745,22.07698633130343
42.75426823307514,23.402453119878544
42.3566281965026,23.00481308330601
44.654103963366126,24.72791990845365
44.079735021650244,24.330279871881118
43.68209498507771,26.31848005474378
45.9353885256554,25.78829333931374
45.47147514965411,25.390653302741207
46.53184858051419,28.969413631894
46.33302856222792,28.43922691646396
43.15190826964766,27.90904020103391
42.75426823307514,31.090160493614178
42.22408151764509,30.55997377818413
43.218181609076424,30.162333741611597
43.28445494850518,32.945813997619325
42.62172155421762,32.415627282189284
41.95898815993007,34.27128078619444
41.428801444500024,33.873640749621906
40.76606805021247,35.596747574769545
42.3566281965026,35.19910753819701
42.75426823307514,37.4524010787747
43.15190826964766,36.92221436334465
42.48917487536011,38.6453211884923
40.898614729069976,39.57314794049488
40.36842801363994,40.898614729069976
39.705694619352386,40.36842801363994
39.04296122506483,39.9707879770674
38.38022783077727,42.75426823307514
37.78376777591848,42.22408151764509
37.187307721059675,41.69389480221505
36.78966768448714,43.5495483062202
37.4524010787747,44.74246841593779
36.8559410239159,44.079735021650244
37.4524010787747,46.00166186508415
36.2594809690571,45.40520181022535
35.72929425362706,46.53184858051419
35.596747574769545,46.200481883370415
34.93401418048199,45.670295167940374
34.13873410733692,44.34482837936527
33.07836067647684,43.81464166393522
32.81326731876182,43.019361590790155
32.34935394276053,41.95898815993007
32.283080603331776,41.428801444500024
32.283080603331776,41.03116140792749
30.55997377818413,41.95898815993007
29.764693705039065,41.56134812335753
29.234506989609024,41.16370808678501
28.83686695303649,40.50097469249745
29.035686971322754,40.10333465592491
28.63804693475022,40.63352137135496
28.174133558748935,41.296254765642516
27.90904020103391,41.95898815993007
28.43922691646396,42.09153483878758
29.433327007895286,41.69389480221505
30.02978706275409,40.63352137135496
29.234506989609024,40.23588133478243
28.83686695303649,39.838241298209894
29.49960034732404,39.308054582779846
28.969413631894,38.84414120677856
28.83686695303649,38.38022783077727
29.565873686752802,38.02677002049058
28.969413631894,38.6453211884923
29.035686971322754,38.247681151919764
29.565873686752802,37.717494436489716
29.89724038389658,37.25358106048843
30.42742709932662,36.78966768448714
31.222707172471686,36.39202764791461
29.89724038389658,35.99438761134208
30.02978706275409,35.33165421705452
29.89724038389658,34.80146750162448
29.367053668466532,34.006187428479414
28.83686695303649,33.40972737362062
30.339062646754947,33.21090735533435
29.764693705039065,32.68072063990431
29.234506989609024,32.283080603331776
31.708711661615894,31.752893887901728
32.15053392447426,31.222707172471686
31.752893887901728,30.55997377818413
31.090160493614178,30.02978706275409
30.42742709932662,29.49960034732404
30.02978706275409,28.571773595321467
30.02978706275409,28.10786021932018
30.55997377818413,28.83686695303649
30.02978706275409,28.43922691646396
33.60854739190688,27.975313540462672
35.0665608593395,27.776493522176402
35.64092980105538,28.24040689817769
36.657121005629634,28.770593613607737
35.99438761134208,28.83686695303649
35.53047423534079,29.234506989609024
36.657121005629634,29.764693705039065
36.126934290199586,29.234506989609024
37.187307721059675,29.632147026181556
38.77786786734981,30.162333741611597
38.38022783077727,29.764693705039065
43.35072828793393,29.300780329037778
43.81464166393522,29.89724038389658
44.079735021650244,30.096060402182843
43.68209498507771,30.096060402182843
43.68209498507771,30.294880420469113
43.019361590790155,30.957613814756662
42.62172155421762,30.692520457041645
42.09153483878758,30.294880420469113
44.433192831936935,30.957613814756662
45.14010845251033,31.222707172471686
44.477375058222776,31.222707172471686
44.609921737080285,31.48780053018671
44.079735021650244,31.951713906187997
43.5495483062202,31.222707172471686
42.29035485707385,31.222707172471686
43.15190826964766,31.752893887901728
42.62172155421762,32.216807263903014
42.09153483878758,31.885440566759243
42.62172155421762,31.355253851329195
43.32863717479101,30.692520457041645
44.477375058222776,30.294880420469113
42.75426823307514,31.355253851329195
42.22408151764509,32.283080603331776
41.56134812335753,32.283080603331776
39.57314794049488,32.68072063990431
37.054761042202166,33.21090735533435
37.98258779420474,32.68072063990431
36.39202764791461,33.74109407076439
35.86184093248457,33.21090735533435
35.33165421705452,35.596747574769545
34.80146750162448,35.0665608593395
34.40382746505195,36.524574326772125
35.33165421705452,35.99438761134208
34.867740841053234,36.524574326772125
34.80146750162448,35.99438761134208
34.40382746505195,35.33165421705452
34.205007446765684,34.735194162195725
33.60854739190688,35.33165421705452
33.34345403419186,36.2594809690571
32.945813997619325,35.72929425362706
32.415627282189284,36.92221436334465
31.885440566759243,39.308054582779846
31.222707172471686,38.77786786734981
30.55997377818413,38.247681151919764
30.02978706275409,37.58494775763221
29.89724038389658,41.69389480221505
29.89724038389658,41.296254765642516
30.339062646754947,40.76606805021247
29.89724038389658,43.5495483062202
31.48780053018671,43.019361590790155
32.945813997619325,44.477375058222776
34.27128078619444,44.87501509479531
33.74109407076439,45.40520181022535
33.74109407076439,44.609921737080285
33.01208733704808,44.079735021650244
32.415627282189284,43.5495483062202
33.2771806947631,43.019361590790155
32.68072063990431,42.48917487536011
31.885440566759243,42.09153483878758
29.89724038389658,42.75426823307514
31.355253851329195,42.3566281965026
30.957613814756662,44.079735021650244
32.415627282189284,43.68209498507771
32.01798724561675,43.5495483062202
33.47600071304937,43.15190826964766
32.68072063990431,42.62172155421762
32.283080603331776,43.019361590790155
32.15053392447426,42.48917487536011
31.62034720904422,42.09153483878758
31.156433833042932,42.75426823307514
31.62034720904422,43.28445494850518
33.21090735533435,44.079735021650244
32.68072063990431,43.68209498507771
32.01798724561675,43.019361590790155
32.68072063990431,42.48917487536011
31.951713906187997,41.95898815993007
31.42152719075795,41.428801444500024
30.957613814756662,39.838241298209894
31.090160493614178,39.308054582779846
33.47600071304937,38.77786786734981
32.945813997619325,37.98258779420474
32.54817396104679,36.92221436334465
31.62034720904422,36.524574326772125
31.222707172471686,35.92811427191332
34.27128078619444,35.39792755648328
33.74109407076439,34.867740841053234
33.34345403419186,35.33165421705452
34.27128078619444,34.80146750162448
33.80736741019315,34.27128078619444
33.74109407076439,33.74109407076439
33.21090735533435,33.21090735533435
32.68072063990431,32.81326731876182
32.34935394276053,32.415627282189284
33.07836067647684,31.885440566759243
33.74109407076439,31.355253851329195
34.27128078619444,30.825067135899154
34.27128078619444,30.294880420469113
33.674820731335636,30.692520457041645
32.945813997619325,31.222707172471686
32.415627282189284,31.885440566759243
34.27128078619444,31.48780053018671
33.74109407076439,30.55997377818413
33.34345403419186,30.162333741611597
34.867740841053234,31.090160493614178
35.464200895912036,31.222707172471686
35.72929425362706,31.62034720904422
36.43620987420045,32.945813997619325
36.657121005629634,32.54817396104679
36.126934290199586,33.34345403419186
35.464200895912036,33.2771806947631
35.19910753819701,32.68072063990431
34.80146750162448,31.885440566759243
34.27128078619444,31.48780053018671
33.74109407076439,30.42742709932662
33.34345403419186,30.162333741611597
34.27128078619444,30.957613814756662
33.80736741019315,32.15053392447426
34.27128078619444,31.62034720904422
33.40972737362062,34.07246076790817
33.21090735533435,33.74109407076439
32.74699397933306,33.21090735533435
32.15053392447426,32.68072063990431
31.62034720904422,31.62034720904422
31.156433833042932,31.222707172471686
30.55997377818413,31.222707172471686
30.096060402182843,31.885440566759243
30.42742709932662,32.283080603331776
31.355253851329195,32.283080603331776
32.45980950847512,32.216807263903014
31.885440566759243,31.62034720904422
33.21090735533435,30.692520457041645
32.54817396104679,30.22860708104035
31.951713906187997,30.825067135899154
31.48780053018671,31.885440566759243
30.692520457041645,32.283080603331776
30.02978706275409,32.945813997619325
29.49960034732404,32.54817396104679
28.969413631894,33.34345403419186
28.43922691646396,32.945813997619325
27.842766861605156,32.415627282189284
27.710220182747648,31.885440566759243
27.202124580460527,31.42152719075795
26.981213449031337,31.222707172471686
26.583573412458804,31.222707172471686
26.053386697028763,32.81326731876182
24.72791990845365,32.15053392447426
23.468726459307298,31.62034720904422
23.402453119878544,34.006187428479414
23.534999798736052,33.47600071304937
18.100585965578105,33.40972737362062
17.437852571290556,32.68072063990431
17.17275921357553,32.283080603331776
16.775119177003,33.21090735533435
16.244932461572958,32.81326731876182
15.71474574614291,33.74109407076439
15.648472406714156,34.33755412562319
14.919465672997845,34.536374143909455
15.582199067285401,35.33165421705452
14.389278957567804,34.867740841053234
13.726545563280247,34.33755412562319
13.461452205565223,33.74109407076439
12.798718811277674,33.34345403419186
12.401078774705141,32.945813997619325
12.401078774705141,32.415627282189284
12.401078774705141,31.951713906187997
12.401078774705141,31.42152719075795
10.147785234127454,32.01798724561675
9.683871858126167,32.34935394276053
9.087411803267365,32.945813997619325
8.424678408979808,32.415627282189284
7.960765032978522,32.01798724561675
7.761945014692259,31.62034720904422
7.1654849598334565,31.090160493614178
6.038838189544613,30.692520457041645
5.84001817125835,30.294880420469113
6.436478226117146,29.632147026181556
6.038838189544613,28.969413631894
,29.49960034732404
,29.101960310751508
,30.55997377818413
,30.02978706275409
,31.222707172471686
,31.222707172471686
,30.825067135899154
,30.294880420469113
,29.764693705039065
,29.234506989609024
,28.43922691646396
,27.90904020103391
,27.37885348560387
,26.782393430745074
,26.716120091316313
,26.716120091316313
,26.31848005474378
,25.78829333931374
,25.390653302741207
,24.72791990845365
,23.667546477593568
,22.872266404448496
,22.40835302844721
,22.474626367875963
,23.071086422734766
,22.474626367875963
,21.679346294730898
,21.01661290044335
,19.95623946958326
,19.558599433010727
,18.763319359865662
,18.100585965578105
,17.570399250148064
,17.106485874146777
,16.57629915871673
,16.112385782715442
,15.582199067285401
,15.052012351855353
,14.389278957567804
,13.859092242137756
,12.798718811277674
,12.268532095847625
,11.738345380417584
,11.340705343845052
,11.870892059275093
,11.406978683273806
,12.003438738132608
,12.401078774705141
,11.870892059275093
,11.208158664987543
,10.147785234127454
,9.617598518697413
,9.087411803267365
,8.689771766694832
,8.2921317301223
,7.761945014692259
,7.298031638690972
,6.834118262689678
,6.834118262689678
,6.569024904974661
,5.906291510687105
,5.773744831829596
,5.3761047952570635
,4.91219141925577
,4.713371400969507
