Y(hoy),Y(ayer)
3.5204512912519093,3.1228112546793767
3.6529979701094177,2.5926245392493286
3.5867246306806635,3.1228112546793767
3.5204512912519093,3.1228112546793767
3.5204512912519093,2.5263511998205814
2.923991236393107,2.3275311815343116
2.46007786039182,2.3275311815343116
1.2671577506742295,1.664797787246755
1.2671577506742295,1.2671577506742295
0.47187767752916443,1.2671577506742295
0.9136999403875308,0.7369710352441814
1.1346110718167068,0.20678431981413326
1.1346110718167068,0.20678431981413326
0.5381510169579116,0.20678431981413326
0.20678431981413326,0.20678431981413326
0.20678431981413326,0.20678431981413326
0.14051098038538612,-0.3234023956159007
0.07423764095662477,-0.8535891110459488
-0.389675735044662,-0.8535891110459488
-0.5884957533309318,-0.8535891110459488
-0.8535891110459488,-0.8535891110459488
-0.8535891110459488,-0.8535891110459488
-0.8535891110459488,-0.8535891110459488
-0.8535891110459488,-0.8535891110459488
-0.5884957533309318,-0.8535891110459488
-0.1466734904725655,-0.8535891110459488
0.07423764095662477,-0.8535891110459488
-0.5222224139021705,-0.8535891110459488
-0.5884957533309318,-0.8535891110459488
-0.1466734904725655,-0.8535891110459488
0.20678431981413326,-0.8535891110459488
0.20678431981413326,-0.8535891110459488
3.0565379152506154,-0.8535891110459488
3.5867246306806635,-0.8535891110459488
3.3879046123944008,-0.8535891110459488
4.713371400969507,-0.8535891110459488
5.906291510687105,-0.8535891110459488
5.508651474114572,-0.8535891110459488
7.828218354121013,-1.2512291476184885
7.231758299262211,-1.648869184191014
6.569024904974661,-0.9861357899034573
10.611698610128741,-0.8535891110459488
11.208158664987543,-1.648869184191014
12.268532095847625,-1.2512291476184885
15.847292425000418,-1.648869184191014
16.244932461572958,-0.8535891110459488
17.702945929005573,-0.8535891110459488
18.697046020436908,-0.8535891110459488
18.23313264443562,-0.8535891110459488
19.160959396438194,-0.8535891110459488
19.691146111868235,-0.8535891110459488
24.59537322959614,-0.8535891110459488
21.54679961587339,-0.8535891110459488
26.31848005474378,-0.8535891110459488
25.78829333931374,-0.45594907447342337
28.174133558748935,-0.05830903790088371
27.643946843318894,-0.45594907447342337
29.764693705039065,-0.8535891110459488
29.367053668466532,-0.1908557167583922
31.62034720904422,0.20678431981413326
31.222707172471686,0.7369710352441814
33.60854739190688,1.5322511083892465
39.04296122506483,2.194984502676803
38.6453211884923,2.5263511998205814
43.28445494850518,2.990264575821868
42.75426823307514,3.3879046123944008
42.3566281965026,3.6529979701094177
43.28445494850518,4.315731364396974
43.28445494850518,4.845918079827015
43.28445494850518,6.436478226117146
42.75426823307514,5.906291510687105
42.22408151764509,6.834118262689678
41.56134812335753,7.231758299262211
40.898614729069976,7.629398335834743
39.57314794049488,9.087411803267365
38.976687885636075,8.689771766694832
39.838241298209894,10.015238555269946
39.838241298209894,10.94306530727252
38.91041454620732,10.412878591842478
39.308054582779846,12.798718811277674
39.838241298209894,12.268532095847625
39.9707879770674,11.870892059275093
39.35223680906569,14.12418559985278
38.91041454620732,15.184559030712869
39.705694619352386,15.582199067285401
40.23588133478243,15.979839103857934
39.9707879770674,18.763319359865662
39.308054582779846,18.100585965578105
38.77786786734981,17.570399250148064
38.247681151919764,17.040212534718023
37.717494436489716,16.510025819287975
36.92221436334465,19.028412717580686
38.51277450963478,19.42605275415322
37.98258779420474,19.82369279072575
37.4524010787747,21.54679961587339
36.92221436334465,21.01661290044335
37.4524010787747,23.402453119878544
36.92221436334465,23.00481308330601
36.39202764791461,24.72791990845365
35.86184093248457,24.330279871881118
35.464200895912036,26.053386697028763
35.596747574769545,25.523199981598715
35.53047423534079,28.174133558748935
35.464200895912036,27.643946843318894
35.19910753819701,27.113760127888845
34.66892082276697,30.02978706275409
34.13873410733692,29.49960034732404
33.60854739190688,28.969413631894
32.68072063990431,31.885440566759243
33.34345403419186,31.355253851329195
32.15053392447426,33.74109407076439
31.48780053018671,33.21090735533435
30.957613814756662,35.33165421705452
31.023887154185417,34.93401418048199
30.42742709932662,36.126934290199586
28.041586879891426,37.187307721059675
27.423035711889703,36.78966768448714
26.84866677017383,39.308054582779846
27.643946843318894,38.77786786734981
27.113760127888845,38.38022783077727
27.776493522176402,40.63352137135496
26.451026733601296,40.23588133478243
25.920840018171248,41.95898815993007
25.65574666045623,41.56134812335753
26.716120091316313,41.472983670785865
26.053386697028763,41.03116140792749
27.423035711889703,41.82644148107256
27.643946843318894,41.296254765642516
27.643946843318894,40.76606805021247
27.113760127888845,40.23588133478243
26.716120091316313,39.705694619352386
27.643946843318894,38.976687885636075
27.180033467317607,39.04296122506483
26.583573412458804,39.44060126163736
26.053386697028763,40.43470135306869
27.113760127888845,39.9707879770674
25.65574666045623,40.898614729069976
28.704320274178976,40.36842801363994
28.174133558748935,39.37432792220861
27.643946843318894,38.91041454620732
26.716120091316313,39.90451463763865
27.180033467317607,39.9707879770674
28.174133558748935,40.23588133478243
27.643946843318894,40.76606805021247
26.782393430745074,40.10333465592491
26.31848005474378,39.639421279923624
25.920840018171248,39.17550790392234
25.65574666045623,38.6453211884923
26.583573412458804,38.247681151919764
26.185933375886272,37.4524010787747
27.710220182747648,36.78966768448714
27.202124580460527,36.524574326772125
26.914940109602583,36.126934290199586
27.423035711889703,35.33165421705452
26.84866677017383,34.66892082276697
27.643946843318894,34.006187428479414
27.113760127888845,33.47600071304937
28.748502500464816,33.34345403419186
28.174133558748935,33.34345403419186
27.643946843318894,32.81326731876182
27.24630680674636,32.15053392447426
29.101960310751508,31.62034720904422
27.643946843318894,31.222707172471686
27.113760127888845,31.885440566759243
26.716120091316313,31.355253851329195
28.704320274178976,30.957613814756662
28.174133558748935,30.294880420469113
29.764693705039065,29.49960034732404
29.16823365018027,28.83686695303649
28.748502500464816,28.43922691646396
28.306680237606443,27.90904020103391
29.89724038389658,26.583573412458804
29.433327007895286,26.053386697028763
29.101960310751508,25.65574666045623
28.306680237606443,26.451026733601296
27.90904020103391,25.854566678742493
28.83686695303649,25.390653302741207
29.49960034732404,24.860466587311166
30.162333741611597,24.59537322959614
28.24040689817769,25.258106623883698
28.83686695303649,25.65574666045623
30.02978706275409,25.65574666045623
29.565873686752802,25.722019999884985
31.090160493614178,26.384753394172535
30.55997377818413,27.37885348560387
30.02978706275409,26.84866677017383
29.565873686752802,26.384753394172535
28.43922691646396,25.78829333931374
27.511400164461378,25.324379963312452
26.981213449031337,24.816284361025325
30.825067135899154,25.78829333931374
30.22860708104035,25.258106623883698
27.90904020103391,26.583573412458804
27.37885348560387,26.119660036457518
26.981213449031337,25.65574666045623
30.7587937964704,27.180033467317607
30.294880420469113,26.583573412458804
31.885440566759243,26.185933375886272
31.48780053018671,27.643946843318894
31.885440566759243,26.583573412458804
31.222707172471686,26.053386697028763
30.957613814756662,25.65574666045623
30.55997377818413,26.31848005474378
32.194716150760094,26.053386697028763
31.62034720904422,25.65574666045623
31.222707172471686,26.64984675188756
33.52018293933521,26.716120091316313
32.945813997619325,27.710220182747648
34.27128078619444,27.113760127888845
33.74109407076439,28.704320274178976
33.34345403419186,28.041586879891426
34.27128078619444,27.37885348560387
33.80736741019315,26.31848005474378
34.006187428479414,25.854566678742493
33.60854739190688,27.113760127888845
33.47600071304937,26.583573412458804
35.86184093248457,28.24040689817769
35.33165421705452,27.643946843318894
34.80146750162448,28.704320274178976
34.40382746505195,27.423035711889703
40.10333465592491,26.981213449031337
39.44060126163736,28.704320274178976
39.04296122506483,28.306680237606443
38.51277450963478,28.83686695303649
37.98258779420474,28.372953577035204
37.58494775763221,27.90904020103391
41.428801444500024,29.764693705039065
40.898614729069976,29.234506989609024
42.003170386215906,28.83686695303649
42.48917487536011,29.101960310751508
42.09153483878758,28.43922691646396
45.14010845251033,27.776493522176402
44.477375058222776,28.24040689817769
43.94718834279273,28.770593613607737
43.41700162736269,28.83686695303649
43.019361590790155,28.43922691646396
45.14010845251033,28.041586879891426
44.609921737080285,29.234506989609024
44.079735021650244,28.83686695303649
43.5495483062202,29.764693705039065
43.019361590790155,29.234506989609024
42.48917487536011,29.83096704446782
41.95898815993007,30.825067135899154
41.49507478392878,30.294880420469113
40.76606805021247,30.825067135899154
40.50097469249745,30.42742709932662
40.10333465592491,30.02978706275409
41.16370808678501,29.49960034732404
40.63352137135496,29.101960310751508
41.95898815993007,30.55997377818413
41.428801444500024,30.02978706275409
40.76606805021247,31.156433833042932
40.50097469249745,31.62034720904422
40.10333465592491,32.48190062161804
39.57314794049488,32.01798724561675
39.17550790392234,33.07836067647684
38.6453211884923,33.34345403419186
37.717494436489716,33.34345403419186
36.657121005629634,32.945813997619325
37.187307721059675,32.48190062161804
36.657121005629634,35.596747574769545
36.126934290199586,35.0665608593395
35.72929425362706,34.536374143909455
39.04296122506483,34.13873410733692
38.51277450963478,33.07836067647684
38.115134473062255,38.247681151919764
36.2594809690571,37.717494436489716
35.596747574769545,37.187307721059675
35.0665608593395,36.657121005629634
34.006187428479414,36.2594809690571
33.47600071304937,39.57314794049488
32.945813997619325,38.976687885636075
34.27128078619444,38.6453211884923
33.74109407076439,38.77786786734981
33.74109407076439,38.247681151919764
32.945813997619325,37.85004111534723
32.48190062161804,39.838241298209894
31.885440566759243,39.308054582779846
31.355253851329195,40.76606805021247
30.825067135899154,40.23588133478243
30.294880420469113,39.44060126163736
29.89724038389658,38.77786786734981
30.825067135899154,38.115134473062255
30.22860708104035,37.85004111534723
29.764693705039065,38.51277450963478
29.234506989609024,38.91041454620732
28.83686695303649,38.77786786734981
29.632147026181556,37.717494436489716
29.234506989609024,37.054761042202166
29.49960034732404,36.78966768448714
28.969413631894,37.4524010787747
30.02978706275409,36.92221436334465
29.632147026181556,36.39202764791461
30.02978706275409,35.0665608593395
28.83686695303649,34.60264748333822
31.62034720904422,36.657121005629634
31.222707172471686,36.126934290199586
31.222707172471686,35.596747574769545
32.01798724561675,35.19910753819701
31.62034720904422,39.308054582779846
31.222707172471686,38.77786786734981
31.222707172471686,38.247681151919764
32.945813997619325,37.717494436489716
34.27128078619444,37.187307721059675
33.74109407076439,40.63352137135496
34.006187428479414,40.10333465592491
33.47600071304937,38.77786786734981
34.33755412562319,38.38022783077727
33.873640749621906,37.4524010787747
34.4701008044807,36.78966768448714
35.33165421705452,36.39202764791461
34.80146750162448,35.86184093248457
34.40382746505195,35.0665608593395
36.524574326772125,34.536374143909455
35.86184093248457,34.006187428479414
36.524574326772125,33.47600071304937
36.2594809690571,32.945813997619325
35.72929425362706,31.885440566759243
35.19910753819701,31.355253851329195
34.66892082276697,32.68072063990431
36.43620987420045,33.34345403419186
35.86184093248457,33.34345403419186
35.33165421705452,33.2771806947631
34.80146750162448,32.54817396104679
36.657121005629634,31.885440566759243
37.31985439991719,31.222707172471686
38.02677002049058,30.692520457041645
39.35223680906569,30.294880420469113
38.77786786734981,30.02978706275409
40.23588133478243,30.825067135899154
40.898614729069976,30.42742709932662
40.567248031926205,30.55997377818413
39.9707879770674,29.49960034732404
39.308054582779846,28.969413631894
38.77786786734981,28.43922691646396
38.247681151919764,28.041586879891426
37.85004111534723,29.764693705039065
40.10333465592491,29.234506989609024
39.57314794049488,32.15053392447426
39.04296122506483,31.48780053018671
40.898614729069976,31.222707172471686
40.23588133478243,30.825067135899154
39.57314794049488,30.294880420469113
39.08714345135067,29.101960310751508
39.838241298209894,29.764693705039065
39.308054582779846,29.367053668466532
38.6453211884923,31.62034720904422
38.38022783077727,31.222707172471686
37.85004111534723,32.216807263903014
37.58494775763221,31.752893887901728
37.717494436489716,31.222707172471686
38.247681151919764,30.825067135899154
37.85004111534723,30.162333741611597
38.77786786734981,29.49960034732404
38.91041454620732,29.101960310751508
39.08714345135067,30.42742709932662
39.838241298209894,29.764693705039065
39.308054582779846,31.090160493614178
38.6453211884923,32.15053392447426
38.115134473062255,32.945813997619325
37.4524010787747,32.216807263903014
36.92221436334465,31.62034720904422
36.524574326772125,31.222707172471686
38.02677002049058,31.222707172471686
38.77786786734981,31.62034720904422
38.115134473062255,32.216807263903014
37.4524010787747,32.415627282189284
36.78966768448714,33.2771806947631
36.78966768448714,32.81326731876182
37.4524010787747,33.80736741019315
36.8559410239159,34.13873410733692
37.4524010787747,33.47600071304937
36.39202764791461,32.81326731876182
35.72929425362706,32.283080603331776
35.19910753819701,32.415627282189284
34.536374143909455,33.2771806947631
35.33165421705452,32.81326731876182
34.80146750162448,33.74109407076439
34.40382746505195,34.33755412562319
36.39202764791461,35.64092980105538
35.79556759305581,35.0665608593395
35.72929425362706,34.536374143909455
35.464200895912036,37.98258779420474
35.86184093248457,37.4524010787747
35.464200895912036,36.92221436334465
36.39202764791461,36.39202764791461
35.596747574769545,38.77786786734981
35.0665608593395,37.98258779420474
34.536374143909455,37.4524010787747
33.873640749621906,36.78966768448714
33.34345403419186,36.2594809690571
32.68072063990431,35.90602315877041
32.15053392447426,36.524574326772125
31.62034720904422,36.657121005629634
31.222707172471686,36.657121005629634
34.006187428479414,36.39202764791461
33.34345403419186,35.92811427191332
32.81326731876182,36.39202764791461
32.415627282189284,35.92811427191332
34.27128078619444,35.86184093248457
33.74109407076439,35.33165421705452
33.21090735533435,34.80146750162448
32.68072063990431,36.524574326772125
32.01798724561675,35.86184093248457
31.48780053018671,35.464200895912036
30.825067135899154,36.524574326772125
30.294880420469113,35.99438761134208
31.090160493614178,36.39202764791461
32.15053392447426,35.92811427191332
31.62034720904422,35.33165421705452
30.55997377818413,34.66892082276697
30.096060402182843,34.40382746505195
31.090160493614178,34.006187428479414
29.49960034732404,33.47600071304937
28.969413631894,32.81326731876182
28.43922691646396,32.34935394276053
27.975313540462672,33.60854739190688
27.37885348560387,33.07836067647684
26.84866677017383,34.80146750162448
25.920840018171248,34.33755412562319
25.390653302741207,35.33165421705452
24.993013266168674,34.536374143909455
25.523199981598715,34.006187428479414
25.65574666045623,33.34345403419186
23.932639835308585,32.81326731876182
23.402453119878544,32.415627282189284
22.872266404448496,34.27128078619444
22.342079689018455,33.74109407076439
21.679346294730898,33.21090735533435
21.01661290044335,32.945813997619325
20.4864261850133,32.415627282189284
19.95623946958326,31.951713906187997
19.492326093581973,31.42152719075795
19.028412717580686,31.28898051190044
19.95623946958326,31.885440566759243
19.293506075295703,32.216807263903014
18.498226002150638,31.885440566759243
17.702945929005573,31.355253851329195
17.084394761003857,30.692520457041645
16.64257249814549,30.294880420469113
17.835492607863088,30.825067135899154
17.30530589243304,30.294880420469113
16.64257249814549,29.764693705039065
16.377479140430466,29.234506989609024
15.847292425000418,28.704320274178976
15.582199067285401,28.041586879891426
15.71474574614291,27.24630680674636
16.112385782715442,26.84866677017383
15.582199067285401,29.013595858179833
16.775119177003,28.43922691646396
17.30530589243304,27.90904020103391
17.702945929005573,27.37885348560387
16.97393919528926,29.764693705039065
16.510025819287975,29.101960310751508
15.847292425000418,28.505500255892713
15.184559030712869,27.90904020103391
14.521825636425312,27.643946843318894
13.726545563280247,27.113760127888845
13.461452205565223,26.716120091316313
13.06381216899269,25.78829333931374
12.53362545356265,25.390653302741207
12.135985416990117,24.816284361025325
11.605798701560076,25.523199981598715
11.208158664987543,26.451026733601296
11.208158664987543,26.053386697028763
11.075611986130028,25.920840018171248
10.81051862841501,25.390653302741207
10.280331912984963,24.19773319302361
10.214058573556208,23.667546477593568
10.81051862841501,23.00481308330601
11.47325202270256,22.342079689018455
12.003438738132608,21.878166313017168
,21.41425293701588
,20.751519542728325
,20.221332827298284
,19.691146111868235
,18.89586603872317
,18.36567932329313
,17.968039286720597
,18.763319359865662
,18.36567932329313
,17.835492607863088
,17.30530589243304
,16.510025819287975
,15.847292425000418
,15.515925727856647
,14.985739012426599
,14.256732278710288
,13.660272223851493
,14.12418559985278
,13.726545563280247
,14.985739012426599
,14.521825636425312
,15.515925727856647
,15.449652388427886
,14.919465672997845
,14.389278957567804
,13.991638920995271
,13.593998884422739
,13.196358847850206
,12.798718811277674
,12.135985416990117
,11.605798701560076
,10.94306530727252
,10.280331912984963
,10.015238555269946
,9.617598518697413
,9.15368514269612
,8.888591784981102
,8.358405069551054
,7.894491693549767
,7.496851656977235
,7.032938280975948
,7.496851656977235
