Y(hoy),Y(ayer)
7.894491693549767,6.834118262689678
7.894491693549767,7.231758299262211
7.894491693549767,7.563124996405989
7.894491693549767,6.9003916021184395
7.828218354121013,6.834118262689678
7.761945014692259,6.303931547259637
7.099211620404702,5.773744831829596
6.834118262689678,5.508651474114572
6.834118262689678,4.845918079827015
6.70157158383217,4.713371400969507
6.038838189544613,4.713371400969507
5.773744831829596,4.448278043254483
5.773744831829596,3.719271309538172
5.707471492400835,3.6529979701094177
5.6411981529720805,4.315731364396974
4.978464758684531,3.8518179883956876
4.713371400969507,3.3879046123944008
4.315731364396974,2.990264575821868
3.6529979701094177,2.5263511998205814
3.5204512912519093,2.0624378238192946
3.5204512912519093,1.664797787246755
3.3879046123944008,1.2671577506742295
3.1228112546793767,1.2671577506742295
2.5926245392493286,1.2671577506742295
2.46007786039182,1.2671577506742295
2.46007786039182,1.2671577506742295
2.46007786039182,0.8695177141016899
2.46007786039182,0.4056043381004031
2.46007786039182,0.8695177141016899
2.46007786039182,0.47187767752916443
2.46007786039182,1.2671577506742295
1.929891144961772,1.1346110718167068
1.399704429531738,0.67069769581542
1.2671577506742295,0.20678431981413326
1.1346110718167068,0.20678431981413326
0.47187767752916443,0.20678431981413326
0.20678431981413326,-0.3234023956159007
0.07423764095662477,-0.8535891110459488
-0.45594907447342337,-0.8535891110459488
-0.8535891110459488,-0.8535891110459488
0.07423764095662477,-0.8535891110459488
-0.389675735044662,-1.2512291476184885
-0.1908557167583922,-1.7151425236197753
-0.7210424321884403,-1.913962541906045
-0.8535891110459488,-1.9802358813347922
-0.8535891110459488,-1.9802358813347922
-0.8535891110459488,-1.913962541906045
-0.8535891110459488,-1.913962541906045
-0.8535891110459488,-1.383775826475997
-0.8535891110459488,-1.913962541906045
-0.8535891110459488,-1.648869184191014
-0.8535891110459488,-1.913962541906045
-0.9861357899034573,-1.913962541906045
-1.5163225053335054,-1.913962541906045
-0.9861357899034573,-1.913962541906045
-1.5163225053335054,-1.913962541906045
-1.5163225053335054,-1.913962541906045
-0.9861357899034573,-1.913962541906045
-1.383775826475997,-1.913962541906045
-0.9198624504747102,-1.5163225053335054
-0.9861357899034573,-0.8535891110459488
-1.450049165904744,-0.8535891110459488
-1.450049165904744,-0.8535891110459488
-0.9198624504747102,-0.8535891110459488
-1.383775826475997,-0.8535891110459488
-1.8476892024772837,-0.8535891110459488
-1.2512291476184885,-0.45594907447342337
-1.648869184191014,0.14051098038538612
-1.5163225053335054,0.33933099867164174
-1.9802358813347922,0.8695177141016899
-1.7814158630485224,1.2671577506742295
-2.179055899621062,1.2671577506742295
-1.1849558081897271,1.3334310901029767
-0.8535891110459488,1.929891144961772
-0.8535891110459488,2.3938045209630587
-0.389675735044662,2.3938045209630587
-0.8535891110459488,2.990264575821868
0.07423764095662477,2.5926245392493286
0.20678431981413326,3.8518179883956876
0.20678431981413326,3.3879046123944008
0.20678431981413326,4.382004703825729
0.20678431981413326,4.845918079827015
0.20678431981413326,5.773744831829596
0.38351322495748263,5.243558116399548
1.1346110718167068,7.032938280975948
0.67069769581542,6.436478226117146
0.6044243563866729,8.093311711836037
0.20678431981413326,7.496851656977235
1.2671577506742295,8.623498427266078
1.7310711266755163,9.683871858126167
1.2671577506742295,9.087411803267365
2.3275311815343116,10.81051862841501
2.46007786039182,10.147785234127454
2.46007786039182,12.666172132420158
2.46007786039182,12.003438738132608
2.46007786039182,11.47325202270256
2.504260086677661,14.521825636425312
3.299540159822719,13.859092242137756
2.725171218106837,13.328905526707715
3.5204512912519093,15.847292425000418
4.05063800668195,15.184559030712869
4.580824722111998,16.64257249814549
4.580824722111998,16.775119177003
4.580824722111998,16.510025819287975
4.580824722111998,15.847292425000418
4.580824722111998,15.184559030712869
4.580824722111998,14.720645654711582
4.580824722111998,13.991638920995271
4.580824722111998,13.593998884422739
4.845918079827015,14.190458939281534
4.448278043254483,14.720645654711582
5.508651474114572,15.184559030712869
5.707471492400835,16.510025819287975
6.171384868402129,15.979839103857934
6.70157158383217,15.582199067285401
6.171384868402129,17.702945929005573
7.231758299262211,17.040212534718023
6.70157158383217,18.431952662721883
6.171384868402129,18.89586603872317
5.773744831829596,19.42605275415322
7.894491693549767,20.618972863870816
8.358405069551054,19.95623946958326
7.894491693549767,21.878166313017168
8.954865124409856,21.281706258158366
9.087411803267365,23.00481308330601
9.087411803267365,22.342079689018455
9.418778500411143,24.330279871881118
8.954865124409856,23.667546477593568
10.015238555269946,25.58947332102747
10.280331912984963,24.993013266168674
10.987247533558353,26.583573412458804
11.208158664987543,26.053386697028763
11.208158664987543,27.113760127888845
11.47325202270256,27.511400164461378
11.075611986130028,26.914940109602583
12.003438738132608,26.451026733601296
12.666172132420158,26.053386697028763
13.328905526707715,25.523199981598715
12.997538829563936,24.993013266168674
12.577807679848483,24.462826550738633
13.328905526707715,23.99891317473734
12.864992150706428,23.402453119878544
12.798718811277674,22.872266404448496
12.401078774705141,22.209533010160946
13.859092242137756,21.613072955302144
13.328905526707715,21.149159579300857
14.389278957567804,20.751519542728325
13.925365581566517,20.287606166727038
13.527725544993984,20.088786148440768
14.168367826138613,20.552699524442062
14.521825636425312,21.01661290044335
14.698554541568662,20.618972863870816
15.582199067285401,20.287606166727038
15.052012351855353,20.884066221585833
15.71474574614291,21.149159579300857
15.71474574614291,22.143259670732192
16.112385782715442,21.54679961587339
15.582199067285401,23.269906441021035
16.775119177003,22.60717304673348
16.775119177003,23.203633101592274
16.244932461572958,22.739719725590987
15.781019085571664,22.2758063495897
16.57629915871673,22.209533010160946
15.979839103857934,22.209533010160946
17.17275921357553,22.209533010160946
17.835492607863088,22.209533010160946
17.30530589243304,22.209533010160946
16.907665855860508,22.209533010160946
17.614581476433898,22.342079689018455
17.901765947291842,22.872266404448496
18.36567932329313,23.33617978044979
18.89586603872317,23.402453119878544
19.160959396438194,23.33617978044979
19.73532833815407,22.739719725590987
20.088786148440768,22.474626367875963
20.088786148440768,23.13735976216352
20.088786148440768,22.739719725590987
20.353879506155792,22.474626367875963
21.01661290044335,22.40835302844721
20.552699524442062,22.872266404448496
21.01661290044335,23.733819817022322
20.15505948786953,23.269906441021035
20.088786148440768,24.19773319302361
20.088786148440768,23.932639835308585
20.088786148440768,23.468726459307298
20.088786148440768,23.534999798736052
20.088786148440768,23.932639835308585
20.088786148440768,24.529099890167387
20.265515053584117,24.59537322959614
21.01661290044335,24.529099890167387
20.618972863870816,24.19773319302361
20.4864261850133,23.733819817022322
19.82369279072575,24.330279871881118
19.558599433010727,23.800093156451076
19.160959396438194,24.59537322959614
18.630772681008153,24.860466587311166
18.100585965578105,26.053386697028763
17.835492607863088,25.523199981598715
19.95623946958326,26.64984675188756
19.42605275415322,26.716120091316313
18.89586603872317,26.716120091316313
18.36567932329313,26.716120091316313
19.691146111868235,26.716120091316313
19.028412717580686,26.716120091316313
18.36567932329313,27.180033467317607
17.901765947291842,27.643946843318894
17.835492607863088,27.24630680674636
17.835492607863088,26.914940109602583
17.879674834148922,27.37885348560387
18.674954907293987,27.776493522176402
18.100585965578105,27.776493522176402
18.630772681008153,27.776493522176402
18.100585965578105,27.842766861605156
17.437852571290556,28.770593613607737
16.775119177003,28.306680237606443
16.244932461572958,28.83686695303649
15.582199067285401,28.83686695303649
14.919465672997845,28.83686695303649
14.521825636425312,28.83686695303649
15.449652388427886,28.903140292465245
14.919465672997845,28.43922691646396
16.046112443286688,27.90904020103391
16.64257249814549,29.764693705039065
16.775119177003,29.234506989609024
16.64257249814549,28.704320274178976
16.377479140430466,29.89724038389658
15.847292425000418,29.300780329037778
15.250832370141623,29.49960034732404
14.65437231528282,29.101960310751508
14.521825636425312,29.963513723325335
14.389278957567804,30.02978706275409
13.726545563280247,30.692520457041645
13.06381216899269,30.162333741611597
12.53362545356265,30.825067135899154
11.870892059275093,30.361153759897867
11.274432004416298,30.825067135899154
11.208158664987543,30.42742709932662
10.545425270699987,30.55997377818413
10.147785234127454,30.096060402182843
10.147785234127454,30.096060402182843
10.147785234127454,30.55997377818413
9.485051839839898,31.686620548472973
9.02113846383861,31.090160493614178
8.954865124409856,32.81326731876182
8.689771766694832,32.15053392447426
8.159585051264791,34.13873410733692
7.894491693549767,33.47600071304937
7.894491693549767,35.39792755648328
7.894491693549767,34.80146750162448
7.629398335834743,35.39792755648328
7.364304978119726,34.93401418048199
7.0108471678330275,34.536374143909455
7.761945014692259,34.006187428479414
7.298031638690972,33.54227405247813
7.496851656977235,32.945813997619325
7.032938280975948,32.48190062161804
8.557225087837324,31.885440566759243
8.027038372407276,31.355253851329195
9.087411803267365,31.222707172471686
9.087411803267365,31.090160493614178
8.557225087837324,30.626247117612884
8.027038372407276,30.02978706275409
8.623498427266078,29.367053668466532
9.087411803267365,28.571773595321467
9.087411803267365,28.041586879891426
9.087411803267365,27.643946843318894
9.087411803267365,27.180033467317607
8.756045106123587,26.716120091316313
8.159585051264791,27.113760127888845
7.960765032978522,28.24040689817769
7.894491693549767,27.643946843318894
8.093311711836037,29.367053668466532
8.623498427266078,28.704320274178976
9.087411803267365,30.692520457041645
9.087411803267365,30.02978706275409
9.087411803267365,31.885440566759243
9.087411803267365,31.222707172471686
9.131594029553199,30.7587937964704
10.147785234127454,30.294880420469113
9.617598518697413,29.764693705039065
9.219958482124873,29.101960310751508
8.954865124409856,28.83686695303649
9.087411803267365,28.43922691646396
9.087411803267365,27.90904020103391
9.087411803267365,27.37885348560387
9.683871858126167,26.914940109602583
9.219958482124873,26.31848005474378
10.147785234127454,25.78829333931374
10.147785234127454,25.324379963312452
10.147785234127454,24.72791990845365
10.147785234127454,24.0651865141661
10.147785234127454,23.402453119878544
10.147785234127454,22.872266404448496
10.677971949557495,22.40835302844721
11.208158664987543,21.811892973588414
11.208158664987543,21.281706258158366
11.605798701560076,20.618972863870816
11.075611986130028,19.95623946958326
12.268532095847625,19.492326093581973
12.864992150706428,18.962139378151925
13.328905526707715,18.498226002150638
13.660272223851493,18.03431262614935
14.256732278710288,17.835492607863088
14.919465672997845,17.17275921357553
15.493834614713727,16.510025819287975
15.71474574614291,16.046112443286688
15.250832370141623,15.582199067285401
14.720645654711582,15.582199067285401
15.184559030712869,15.582199067285401
16.510025819287975,15.582199067285401
15.91356576442918,15.582199067285401
16.377479140430466,15.582199067285401
15.847292425000418,15.582199067285401
16.775119177003,15.317105709570377
16.244932461572958,14.85319233356909
16.244932461572958,15.449652388427886
15.71474574614291,15.052012351855353
16.775119177003,16.377479140430466
16.377479140430466,15.847292425000418
16.775119177003,16.64257249814549
17.371579231861794,16.244932461572958
16.775119177003,15.781019085571664
17.835492607863088,15.317105709570377
17.835492607863088,14.963647899283679
17.835492607863088,15.847292425000418
17.835492607863088,16.510025819287975
17.879674834148922,16.046112443286688
18.630772681008153,16.64257249814549
18.100585965578105,16.112385782715442
18.498226002150638,16.64257249814549
18.03431262614935,16.046112443286688
18.36567932329313,15.582199067285401
19.028412717580686,15.582199067285401
17.769219268434327,16.046112443286688
18.23313264443562,16.510025819287975
17.702945929005573,16.046112443286688
18.89586603872317,15.582199067285401
18.36567932329313,15.515925727856647
17.901765947291842,14.919465672997845
18.100585965578105,15.781019085571664
17.702945929005573,15.317105709570377
18.763319359865662,16.311205801001712
18.89586603872317,16.775119177003
18.431952662721883,17.570399250148064
17.835492607863088,17.17275921357553
17.17275921357553,17.30530589243304
16.708845837574245,16.907665855860508
16.64257249814549,16.510025819287975
16.377479140430466,16.024021330143768
15.979839103857934,16.64257249814549
16.377479140430466,16.775119177003
16.112385782715442,17.040212534718023
15.979839103857934,17.702945929005573
15.449652388427886,17.968039286720597
14.919465672997845,17.968039286720597
14.521825636425312,17.968039286720597
15.052012351855353,19.293506075295703
15.449652388427886,18.630772681008153
14.786918994140336,18.100585965578105
14.521825636425312,20.022512809012014
14.521825636425312,20.088786148440768
13.06381216899269,19.95623946958326
12.268532095847625,19.492326093581973
11.804618719846339,19.028412717580686
11.340705343845052,19.42605275415322
10.147785234127454,20.022512809012014
9.617598518697413,20.088786148440768
9.087411803267365,20.088786148440768
9.15368514269612,20.088786148440768
,20.088786148440768
,20.088786148440768
,20.088786148440768
,20.4864261850133
,20.884066221585833
,20.287606166727038
,20.884066221585833
,20.353879506155792
,20.4864261850133
,19.95623946958326
,19.492326093581973
,19.028412717580686
,19.42605275415322
,20.022512809012014
,19.95623946958326
,19.42605275415322
,19.028412717580686
,18.498226002150638
,18.100585965578105
,19.492326093581973
,18.89586603872317
,18.498226002150638
,20.022512809012014
,20.552699524442062
,20.088786148440768
,21.082886239872103
,21.149159579300857
,20.884066221585833
,20.353879506155792
,19.95623946958326
,19.492326093581973
,19.028412717580686
,18.763319359865662
,18.100585965578105
,17.968039286720597
,17.437852571290556
,16.907665855860508
,16.57629915871673
,16.112385782715442
,15.71474574614291
,15.250832370141623
,15.449652388427886
,14.919465672997845
,16.64257249814549
,15.979839103857934
,17.349488118718874
,17.30530589243304
,16.775119177003
,16.244932461572958
,15.582199067285401
,14.919465672997845
,13.991638920995271
,13.06381216899269
,12.53362545356265
,12.003438738132608
,11.406978683273806
,10.677971949557495
,9.750145197554922
,9.219958482124873
,8.822318445552341
,8.358405069551054
,7.894491693549767
,8.093311711836037
,8.557225087837324
