Y(hoy),Y(ayer)
,7.894491693549767
,7.894491693549767
,7.894491693549767
,7.894491693549767
,7.761945014692259
,7.298031638690972
,6.834118262689678
,6.834118262689678
,6.834118262689678
,6.303931547259637
,5.773744831829596
,5.508651474114572
,4.779644740398261
,4.713371400969507
,4.713371400969507
,4.713371400969507
,4.580824722111998
,4.05063800668195
,3.5867246306806635
,3.5204512912519093
,3.5204512912519093
,3.5204512912519093
,3.5204512912519093
,3.255357933536885
,2.7914445575355984
,2.3938045209630587
,2.3275311815343116
,2.2612578421055503
,1.7310711266755163
,1.399704429531738
,2.0624378238192946
,1.929891144961772
,1.4659777689604852
,1.2671577506742295
,1.2671577506742295
,1.2671577506742295
,1.2671577506742295
,1.2671577506742295
,1.2671577506742295
,1.2008844112454682
,0.6044243563866729
,0.20678431981413326
,1.2008844112454682
,0.7369710352441814
,1.2671577506742295
,1.2671577506742295
,1.2671577506742295
,0.8695177141016899
,0.4056043381004031
,1.0020643929591984
,0.7369710352441814
,0.33933099867164174
,1.1346110718167068
,0.7369710352441814
,0.2730576592428946
,0.20678431981413326
,0.20678431981413326
,0.20678431981413326
,0.20678431981413326
,0.14051098038538612
,-0.45594907447342337
,-0.8535891110459488
,0.14051098038538612
,-0.3234023956159007
,0.20678431981413326
,0.20678431981413326
,0.20678431981413326
,0.20678431981413326
,0.20678431981413326
,0.20678431981413326
,0.20678431981413326
,0.20678431981413326
,0.20678431981413326
,0.20678431981413326
,0.6044243563866729
,1.2008844112454682
,1.0020643929591984
,0.42769545124332353
,1.2008844112454682
,0.7369710352441814
,1.2671577506742295
,1.2671577506742295
,1.2671577506742295
,1.2671577506742295
,1.2671577506742295
,1.2671577506742295
,1.7310711266755163
,2.194984502676803
,2.725171218106837
,3.3879046123944008
,3.3879046123944008
,2.990264575821868
,2.5263511998205814
,2.3938045209630587
,2.5263511998205814
,3.1228112546793767
,3.6529979701094177
,4.315731364396974
,3.918091327824442
,5.243558116399548
,4.713371400969507
,5.84001817125835
,6.502751565545907
,6.038838189544613
,6.966664941547194
,7.828218354121013
,7.364304978119726
,8.358405069551054
,8.888591784981102
,8.954865124409856
,8.954865124409856
,9.02113846383861
,9.750145197554922
,9.219958482124873
,10.280331912984963
,10.94306530727252
,10.545425270699987
,10.677971949557495
,10.280331912984963
,10.94306530727252
,10.412878591842478
,10.015238555269946
,9.219958482124873
,8.424678408979808
,8.027038372407276
,8.822318445552341
,8.424678408979808
,8.027038372407276
,7.563124996405989
,7.032938280975948
,7.496851656977235
,7.894491693549767
,7.960765032978522
,8.689771766694832
,8.159585051264791
,8.336313956408134
,9.15368514269612
,10.214058573556208
,9.617598518697413
,10.677971949557495
,11.208158664987543
,11.340705343845052
,11.870892059275093
,11.340705343845052
,12.401078774705141
,12.401078774705141
,12.401078774705141
,12.401078774705141
,12.401078774705141
,12.401078774705141
,12.931265490135182
,12.401078774705141
,13.461452205565223
,13.527725544993984
,14.256732278710288
,13.726545563280247
,13.859092242137756
,13.461452205565223
,14.256732278710288
,13.660272223851493
,13.461452205565223
,13.991638920995271
,14.588098975854066
,15.317105709570377
,14.786918994140336
,15.582199067285401
,16.57629915871673
,15.979839103857934
,17.702945929005573
,17.040212534718023
,17.968039286720597
,18.431952662721883
,17.968039286720597
,19.492326093581973
,18.89586603872317
,19.95623946958326
,19.42605275415322
,19.028412717580686
,20.022512809012014
,19.558599433010727
,20.287606166727038
,20.751519542728325
,21.149159579300857
,21.01661290044335
,20.552699524442062
,20.221332827298284
,21.41425293701588
,20.751519542728325
,22.143259670732192
,22.209533010160946
,22.60717304673348
,23.13735976216352
,22.673446386162233
,22.209533010160946
,22.474626367875963
,23.203633101592274
,24.19773319302361
,23.733819817022322
,23.667546477593568
,23.203633101592274
,22.695537499305154
,24.330279871881118
,23.667546477593568
,23.13735976216352
,24.59537322959614
,24.59537322959614
,24.993013266168674
,25.58947332102747
,25.78829333931374
,26.583573412458804
,26.185933375886272
,25.78829333931374
,25.258106623883698
,24.794193247882404
,25.302288850169532
,24.860466587311166
,24.993013266168674
,24.59537322959614
,25.390653302741207
,25.125559945026183
,24.72791990845365
,24.0651865141661
,23.468726459307298
,23.402453119878544
,23.402453119878544
,23.269906441021035
,22.872266404448496
,22.342079689018455
,21.679346294730898
,21.01661290044335
,20.4864261850133
,20.088786148440768
,21.01661290044335
,20.552699524442062
,19.82369279072575
,19.160959396438194
,18.697046020436908
,18.23313264443562
,17.835492607863088
,17.30530589243304
,16.841392516431753
,16.311205801001712
,15.582199067285401
,14.985739012426599
,14.521825636425312
,14.256732278710288
,13.593998884422739
,13.461452205565223
,13.06381216899269
,12.467352114133895
,12.401078774705141
,12.401078774705141
,12.003438738132608
,11.406978683273806
,11.539525362131315
,12.047620964418442
,11.738345380417584
,11.340705343845052
,12.268532095847625
,11.870892059275093
,12.798718811277674
,13.395178866136469
,13.593998884422739
,14.389278957567804
,13.991638920995271
,13.859092242137756
,13.461452205565223
,14.455552296996558
,14.521825636425312
,14.985739012426599
,15.449652388427886
,16.377479140430466
,15.847292425000418
,16.907665855860508
,17.570399250148064
,17.17275921357553
,17.084394761003857
,17.570399250148064
,17.128576987289698
,18.674954907293987
,18.100585965578105
,17.570399250148064
,18.36567932329313
,17.968039286720597
,17.968039286720597
,18.431952662721883
,18.89586603872317
,18.23313264443562
,17.968039286720597
,18.630772681008153
,19.028412717580686
,19.09468605700944
,19.691146111868235
,19.293506075295703
,20.088786148440768
,20.4864261850133
,21.082886239872103
,21.149159579300857
,21.613072955302144
,21.149159579300857
,22.07698633130343
,21.613072955302144
,21.281706258158366
,21.878166313017168
,22.342079689018455
,23.00481308330601
,22.739719725590987
,22.474626367875963
,23.269906441021035
,23.269906441021035
,22.739719725590987
,22.474626367875963
,23.203633101592274
,22.739719725590987
,23.667546477593568
,24.529099890167387
,24.0651865141661
,25.05928660559743
,25.58947332102747
,25.854566678742493
,26.31848005474378
,25.58947332102747
,24.993013266168674
,24.59537322959614
,25.523199981598715
,25.125559945026183
,26.31848005474378
,25.920840018171248
,26.053386697028763
,25.523199981598715
,24.993013266168674
,24.59537322959614
,25.258106623883698
,24.72791990845365
,24.264006532452363
,23.733819817022322
,23.402453119878544
,23.402453119878544
,23.269906441021035
,22.739719725590987
,22.2758063495897
,22.07698633130343
,21.41425293701588
,20.751519542728325
,20.221332827298284
,20.088786148440768
,19.82369279072575
,19.160959396438194
,19.028412717580686
,18.763319359865662
,18.100585965578105
,17.437852571290556
,16.841392516431753
,16.775119177003
,16.775119177003
,16.510025819287975
,16.046112443286688
,15.582199067285401
,15.184559030712869
,14.720645654711582
,14.455552296996558
,13.859092242137756
,13.395178866136469
,12.798718811277674
,12.401078774705141
,12.401078774705141
,12.268532095847625
,11.738345380417584
,11.274432004416298
,10.74424528898625
,10.214058573556208
,9.948965215841184
,9.485051839839898
,9.02113846383861
,8.822318445552341
,8.2921317301223
,7.894491693549767
,8.822318445552341
,8.424678408979808
,8.027038372407276
,7.563124996405989
,6.966664941547194
,6.834118262689678
,6.436478226117146
,5.84001817125835
,5.972564850115859
,6.569024904974661
,6.171384868402129
,5.773744831829596
,5.773744831829596
,5.773744831829596
