Y(hoy),Y(ayer)
7.828218354121013,6.834118262689678
7.298031638690972,6.834118262689678
7.099211620404702,6.834118262689678
7.761945014692259,6.70157158383217
7.298031638690972,6.171384868402129
7.496851656977235,5.773744831829596
6.966664941547194,5.773744831829596
6.966664941547194,5.707471492400835
7.629398335834743,5.1110114375420395
7.761945014692259,4.713371400969507
7.4305783175484805,5.3761047952570635
7.0108471678330275,4.845918079827015
7.761945014692259,4.315731364396974
7.298031638690972,3.6529979701094177
7.099211620404702,3.8518179883956876
6.834118262689678,4.315731364396974
7.231758299262211,3.7855446489669333
6.834118262689678,3.255357933536885
7.761945014692259,2.7914445575355984
7.761945014692259,2.2612578421055503
7.231758299262211,1.929891144961772
6.789936036403844,1.4659777689604852
6.70157158383217,1.2671577506742295
6.237658207830883,1.2671577506742295
5.84001817125835,1.0020643929591984
5.773744831829596,0.33933099867164174
5.6411981529720805,0.20678431981413326
4.978464758684531,0.20678431981413326
4.514551382683237,0.20678431981413326
4.580824722111998,0.20678431981413326
4.1169113461107045,0.20678431981413326
3.5204512912519093,-0.1908557167583922
3.5204512912519093,-0.654769092759679
2.8577178969643597,-0.8535891110459488
2.46007786039182,-0.8535891110459488
2.46007786039182,-0.8535891110459488
1.929891144961772,-0.8535891110459488
1.399704429531738,-0.8535891110459488
1.2671577506742295,-0.8535891110459488
1.2671577506742295,-0.8535891110459488
1.0020643929591984,-0.8535891110459488
0.7369710352441814,-0.8535891110459488
0.38351322495748263,-0.8535891110459488
1.1346110718167068,-0.8535891110459488
0.67069769581542,-0.8535891110459488
0.6044243563866729,-0.8535891110459488
0.20678431981413326,-1.648869184191014
0.14051098038538612,-1.2512291476184885
0.07423764095662477,-1.648869184191014
-0.389675735044662,-0.8535891110459488
-0.5884957533309318,-0.8535891110459488
-0.8535891110459488,-0.8535891110459488
-0.8535891110459488,-0.8535891110459488
-1.1849558081897271,-0.8535891110459488
-1.5163225053335054,-0.8535891110459488
-1.9802358813347922,-0.8535891110459488
-2.0465092207635536,-0.8535891110459488
-1.7151425236197753,-0.8535891110459488
-2.179055899621062,-0.8535891110459488
-1.1849558081897271,-0.8535891110459488
-0.8535891110459488,-0.8535891110459488
-0.8535891110459488,-0.8535891110459488
-0.8535891110459488,-0.8535891110459488
-0.389675735044662,-0.389675735044662
-0.8535891110459488,0.14051098038538612
0.07423764095662477,0.20678431981413326
0.20678431981413326,0.9357910535304512
0.20678431981413326,0.33933099867164174
0.20678431981413326,1.929891144961772
0.2730576592428946,1.399704429531738
1.0020643929591984,2.3275311815343116
0.33933099867164174,2.3275311815343116
1.2671577506742295,2.46007786039182
1.2671577506742295,3.3879046123944008
1.4659777689604852,2.8577178969643597
1.9961644843905333,3.5867246306806635
2.46007786039182,4.1169113461107045
2.46007786039182,4.580824722111998
2.990264575821868,5.508651474114572
2.46007786039182,4.978464758684531
3.5204512912519093,5.773744831829596
3.5204512912519093,6.70157158383217
3.5204512912519093,6.171384868402129
3.5204512912519093,7.828218354121013
2.990264575821868,7.231758299262211
2.5263511998205814,8.2921317301223
3.0565379152506154,9.352505160982389
3.5204512912519093,8.822318445552341
3.918091327824442,10.545425270699987
3.3879046123944008,9.88269187641243
4.580824722111998,11.870892059275093
4.580824722111998,11.208158664987543
4.580824722111998,13.196358847850206
4.978464758684531,12.53362545356265
4.448278043254483,14.433461183853638
5.6411981529720805,13.859092242137756
5.773744831829596,15.758927972428744
5.773744831829596,15.184559030712869
5.707471492400835,17.570399250148064
5.6411981529720805,17.040212534718023
5.177284776970794,16.510025819287975
4.713371400969507,18.630772681008153
5.243558116399548,18.100585965578105
5.906291510687105,18.962139378151925
6.569024904974661,18.630772681008153
7.0108471678330275,18.23313264443562
7.761945014692259,17.835492607863088
7.364304978119726,17.371579231861794
8.159585051264791,16.841392516431753
8.822318445552341,16.841392516431753
8.822318445552341,17.30530589243304
8.2921317301223,18.674954907293987
7.894491693549767,18.100585965578105
10.191967460413288,17.702945929005573
9.617598518697413,20.618972863870816
9.087411803267365,19.95623946958326
8.689771766694832,19.42605275415322
11.517434248988394,21.944439652445922
10.94306530727252,21.281706258158366
12.268532095847625,23.269906441021035
12.401078774705141,22.60717304673348
12.33480543527638,23.711728703879402
12.268532095847625,23.269906441021035
11.738345380417584,25.56738220788455
11.406978683273806,24.993013266168674
12.003438738132608,24.462826550738633
12.599898792991404,26.914940109602583
13.196358847850206,26.31848005474378
13.328905526707715,27.37885348560387
12.997538829563936,28.571773595321467
12.577807679848483,27.90904020103391
13.90327446842359,29.89724038389658
13.328905526707715,29.234506989609024
14.786918994140336,32.15053392447426
15.449652388427886,31.62034720904422
14.919465672997845,31.090160493614178
14.389278957567804,30.55997377818413
13.726545563280247,34.27128078619444
13.461452205565223,33.74109407076439
15.493834614713727,33.21090735533435
14.919465672997845,32.68072063990431
14.521825636425312,35.13283419876826
15.71474574614291,34.66892082276697
15.71474574614291,35.6630209141983
15.71474574614291,36.17111651648543
15.184559030712869,35.86184093248457
14.698554541568662,35.33165421705452
16.024021330143768,34.66892082276697
15.449652388427886,34.40382746505195
16.64257249814549,34.006187428479414
15.979839103857934,33.47600071304937
16.64257249814549,32.945813997619325
15.979839103857934,32.415627282189284
16.841392516431753,31.885440566759243
17.437852571290556,31.355253851329195
18.100585965578105,30.825067135899154
18.674954907293987,30.294880420469113
18.962139378151925,29.764693705039065
19.028412717580686,29.300780329037778
19.028412717580686,28.903140292465245
19.73532833815407,29.83096704446782
19.160959396438194,29.367053668466532
21.01661290044335,30.891340475327908
20.4864261850133,30.294880420469113
19.95623946958326,31.885440566759243
19.160959396438194,31.355253851329195
19.691146111868235,30.825067135899154
20.221332827298284,30.294880420469113
20.79570176901416,29.764693705039065
21.01661290044335,29.234506989609024
20.4864261850133,31.355253851329195
20.088786148440768,30.825067135899154
21.01661290044335,30.294880420469113
20.552699524442062,32.48190062161804
21.01661290044335,31.885440566759243
20.4864261850133,32.98999622390516
20.088786148440768,32.68072063990431
22.60717304673348,32.283080603331776
22.07698633130343,34.13873410733692
21.54679961587339,33.47600071304937
23.667546477593568,35.33165421705452
23.13735976216352,34.867740841053234
24.19773319302361,34.536374143909455
23.601273138164807,33.873640749621906
23.13735976216352,33.21090735533435
22.60717304673348,32.54817396104679
22.209533010160946,32.283080603331776
24.19773319302361,31.752893887901728
23.601273138164807,31.222707172471686
25.523199981598715,30.825067135899154
24.993013266168674,30.294880420469113
24.462826550738633,29.83096704446782
23.800093156451076,29.101960310751508
23.269906441021035,28.83686695303649
22.60717304673348,29.300780329037778
22.209533010160946,29.764693705039065
23.13735976216352,30.294880420469113
24.241915419309443,30.825067135899154
23.667546477593568,30.294880420469113
25.523199981598715,29.632147026181556
24.993013266168674,28.969413631894
24.462826550738633,28.571773595321467
23.932639835308585,28.10786021932018
23.402453119878544,28.770593613607737
24.772102134739484,29.764693705039065
25.523199981598715,29.234506989609024
25.390653302741207,28.571773595321467
25.125559945026183,27.90904020103391
24.772102134739484,27.37885348560387
25.523199981598715,26.914940109602583
24.993013266168674,27.37885348560387
24.993013266168674,27.776493522176402
24.59537322959614,27.776493522176402
25.390653302741207,27.37885348560387
24.860466587311166,26.914940109602583
24.59537322959614,26.716120091316313
24.19773319302361,26.716120091316313
23.534999798736052,27.113760127888845
25.523199981598715,27.975313540462672
24.993013266168674,27.511400164461378
24.462826550738633,28.483409142749792
24.993013266168674,28.174133558748935
24.330279871881118,27.643946843318894
23.667546477593568,27.113760127888845
24.19773319302361,26.716120091316313
23.269906441021035,29.764693705039065
25.302288850169532,29.234506989609024
24.72791990845365,28.770593613607737
23.667546477593568,28.174133558748935
25.523199981598715,28.704320274178976
24.993013266168674,28.174133558748935
24.330279871881118,27.776493522176402
23.667546477593568,28.483409142749792
24.330279871881118,27.90904020103391
23.667546477593568,29.764693705039065
24.462826550738633,29.234506989609024
23.932639835308585,29.49960034732404
23.402453119878544,29.101960310751508
23.667546477593568,28.704320274178976
23.269906441021035,28.24040689817769
24.19773319302361,27.776493522176402
24.19773319302361,29.300780329037778
23.534999798736052,28.704320274178976
23.402453119878544,28.174133558748935
22.872266404448496,29.89724038389658
22.40835302844721,30.02978706275409
23.181541988449354,30.02978706275409
22.60717304673348,30.55997377818413
23.402453119878544,30.162333741611597
22.872266404448496,31.090160493614178
22.342079689018455,30.692520457041645
22.209533010160946,30.162333741611597
21.679346294730898,31.156433833042932
20.884066221585833,30.55997377818413
20.353879506155792,32.01798724561675
19.691146111868235,31.48780053018671
19.160959396438194,30.692520457041645
18.89586603872317,30.294880420469113
18.23313264443562,30.891340475327908
17.63667258957682,31.42152719075795
17.040212534718023,31.885440566759243
16.510025819287975,31.156433833042932
15.979839103857934,30.55997377818413
15.449652388427886,30.162333741611597
14.919465672997845,31.090160493614178
14.477643410139478,30.692520457041645
14.389278957567804,32.01798724561675
13.859092242137756,31.48780053018671
13.527725544993984,32.283080603331776
13.726545563280247,32.74699397933306
14.389278957567804,33.07836067647684
13.726545563280247,32.48190062161804
13.461452205565223,32.945813997619325
13.06381216899269,32.415627282189284
12.53362545356265,31.752893887901728
11.870892059275093,31.28898051190044
11.47325202270256,31.885440566759243
11.208158664987543,32.216807263903014
11.208158664987543,31.885440566759243
11.208158664987543,31.355253851329195
10.677971949557495,34.006187428479414
10.147785234127454,33.40972737362062
10.015238555269946,32.945813997619325
9.750145197554922,32.415627282189284
9.219958482124873,32.01798724561675
9.087411803267365,33.47600071304937
8.954865124409856,32.945813997619325
8.689771766694832,32.415627282189284
8.2921317301223,34.60264748333822
8.822318445552341,34.006187428479414
8.2921317301223,33.60854739190688
9.418778500411143,35.11074308562534
9.88269187641243,34.80146750162448
9.617598518697413,34.27128078619444
9.02113846383861,33.60854739190688
10.015238555269946,33.47600071304937
9.485051839839898,34.66892082276697
9.88269187641243,34.006187428479414
9.352505160982389,35.39792755648328
8.954865124409856,35.464200895912036
10.94306530727252,35.53047423534079
10.346605252413717,35.86184093248457
10.677971949557495,36.524574326772125
10.147785234127454,37.49658330506054
10.147785234127454,36.92221436334465
10.147785234127454,39.35223680906569
10.147785234127454,38.77786786734981
10.147785234127454,38.247681151919764
9.88269187641243,41.20789031307084
9.352505160982389,40.63352137135496
8.954865124409856,40.10333465592491
10.94306530727252,43.019361590790155
10.280331912984963,42.55544821478887
9.88269187641243,41.95898815993007
9.352505160982389,42.53335710164595
10.412878591842478,42.886814911932646
9.88269187641243,42.62172155421762
9.219958482124873,42.22408151764509
8.954865124409856,41.56134812335753
9.396687387268223,40.898614729069976
8.954865124409856,40.36842801363994
10.677971949557495,39.9707879770674
10.147785234127454,39.57314794049488
11.208158664987543,39.04296122506483
11.738345380417584,38.57904784906354
11.340705343845052,37.98258779420474
12.268532095847625,37.85004111534723
11.738345380417584,37.31985439991719
11.274432004416298,36.78966768448714
11.208158664987543,37.31985439991719
11.252340891273377,37.85004111534723
13.328905526707715,38.38022783077727
12.798718811277674,39.57314794049488
12.268532095847625,38.976687885636075
11.738345380417584,38.77786786734981
11.340705343845052,38.247681151919764
14.389278957567804,37.717494436489716
13.859092242137756,37.187307721059675
13.461452205565223,36.657121005629634
13.859092242137756,36.126934290199586
14.389278957567804,35.464200895912036
14.521825636425312,34.93401418048199
14.521825636425312,34.27128078619444
14.389278957567804,33.74109407076439
13.859092242137756,33.34345403419186
13.461452205565223,33.21090735533435
14.455552296996558,32.68072063990431
13.859092242137756,32.15053392447426
14.985739012426599,31.62034720904422
15.582199067285401,31.090160493614178
15.71474574614291,30.55997377818413
15.582199067285401,29.89724038389658
15.317105709570377,29.367053668466532
14.919465672997845,28.83686695303649
14.521825636425312,28.704320274178976
15.71474574614291,28.174133558748935
16.64257249814549,27.643946843318894
16.112385782715442,27.113760127888845
15.847292425000418,26.583573412458804
15.582199067285401,26.053386697028763
16.510025819287975,25.65574666045623
16.046112443286688,25.258106623883698
15.582199067285401,24.794193247882404
17.570399250148064,24.330279871881118
16.97393919528926,23.932639835308585
17.30530589243304,23.468726459307298
16.841392516431753,22.739719725590987
17.835492607863088,22.474626367875963
17.437852571290556,22.07698633130343
18.23313264443562,21.41425293701588
17.702945929005573,21.149159579300857
18.89586603872317,20.751519542728325
19.95623946958326,20.15505948786953
19.492326093581973,20.088786148440768
21.01661290044335,19.558599433010727
20.4864261850133,19.028412717580686
19.95623946958326,19.42605275415322
19.42605275415322,19.82369279072575
18.962139378151925,19.22723273586695
18.36567932329313,19.691146111868235
17.968039286720597,20.552699524442062
19.293506075295703,20.088786148440768
18.630772681008153,21.01661290044335
19.95623946958326,21.944439652445922
20.088786148440768,21.41425293701588
20.088786148440768,21.811892973588414
20.79570176901416,21.347979597587127
20.221332827298284,20.81779288215708
22.07698633130343,20.221332827298284
21.54679961587339,20.088786148440768
21.811892973588414,19.82369279072575
21.281706258158366,19.24932384900987
21.811892973588414,20.088786148440768
21.21543291872961,21.856075199874248
23.667546477593568,21.281706258158366
23.071086422734766,20.751519542728325
22.60717304673348,21.54679961587339
24.330279871881118,21.21543291872961
23.667546477593568,21.944439652445922
23.33617978044979,21.41425293701588
23.402453119878544,21.679346294730898
23.402453119878544,21.281706258158366
22.872266404448496,22.07698633130343
22.40835302844721,21.679346294730898
23.13735976216352,21.590981842159223
22.60717304673348,21.149159579300857
23.800093156451076,21.944439652445922
24.462826550738633,21.370070710730047
24.462826550738633,22.07698633130343
24.462826550738633,21.679346294730898
23.800093156451076,22.60717304673348
23.534999798736052,23.13735976216352
23.00481308330601,22.673446386162233
22.40835302844721,23.99891317473734
21.811892973588414,23.402453119878544
21.281706258158366,22.872266404448496
21.856075199874248,24.462826550738633
22.342079689018455,24.19773319302361
21.811892973588414,23.711728703879402
21.149159579300857,24.462826550738633
20.884066221585833,24.59537322959614
20.4864261850133,25.125559945026183
19.95623946958326,24.59537322959614
19.42605275415322,25.65574666045623
19.028412717580686,26.451026733601296
20.4864261850133,25.920840018171248
19.95623946958326,26.053386697028763
19.558599433010727,25.65574666045623
19.160959396438194,26.31848005474378
18.630772681008153,26.716120091316313
17.968039286720597,26.782393430745074
17.835492607863088,27.511400164461378
17.769219268434327,28.704320274178976
17.968039286720597,28.174133558748935
12.798718811277674,27.643946843318894
12.135985416990117,26.981213449031337
10.147785234127454,26.716120091316313
9.617598518697413,26.31848005474378
8.954865124409856,25.78829333931374
,25.258106623883698
,24.72791990845365
,27.710220182747648
,27.113760127888845
,26.583573412458804
,27.643946843318894
,27.180033467317607
,26.583573412458804
,26.053386697028763
,25.65574666045623
,27.643946843318894
,27.180033467317607
,26.583573412458804
,27.113760127888845
,26.716120091316313
,26.716120091316313
,27.24630680674636
,26.716120091316313
,27.710220182747648
,27.37885348560387
,26.84866677017383
,26.185933375886272
,25.78829333931374
,26.31848005474378
,26.716120091316313
,26.185933375886272
,25.65574666045623
,26.053386697028763
,26.64984675188756
,27.511400164461378
,26.84866677017383
,28.704320274178976
,28.174133558748935
,27.710220182747648
,27.113760127888845
,26.716120091316313
,26.31848005474378
,25.854566678742493
,26.384753394172535
,26.84866677017383
,27.710220182747648
,27.24630680674636
,28.24040689817769
,28.770593613607737
,28.571773595321467
,27.90904020103391
,27.24630680674636
,26.716120091316313
,26.583573412458804
,26.053386697028763
,25.523199981598715
,25.05928660559743
,24.462826550738633
,23.932639835308585
,23.534999798736052
,24.19773319302361
,24.529099890167387
,23.932639835308585
,23.402453119878544
,22.872266404448496
,22.342079689018455
,21.944439652445922
,21.54679961587339
,21.149159579300857
,20.4864261850133
,19.42605275415322
,19.028412717580686
,19.028412717580686
,18.498226002150638
,17.968039286720597
,17.437852571290556
,16.775119177003
,16.112385782715442
,15.449652388427886
,14.12418559985278
,13.06381216899269
,12.53362545356265
,12.069712077561363
,11.517434248988394
,12.864992150706428
,12.268532095847625
,13.328905526707715
,12.798718811277674
,12.268532095847625
,11.075611986130028
,10.545425270699987
,9.617598518697413
,8.954865124409856
,8.336313956408134
,7.894491693549767
,8.822318445552341
,9.617598518697413
