Y(hoy),Y(ayer)
11.274432004416298,10.147785234127454
11.47325202270256,10.81051862841501
11.075611986130028,10.280331912984963
12.047620964418442,10.545425270699987
12.33480543527638,10.280331912984963
12.401078774705141,10.94306530727252
12.401078774705141,10.545425270699987
12.33480543527638,10.457060818128312
12.268532095847625,10.81051862841501
11.605798701560076,10.280331912984963
11.340705343845052,9.88269187641243
10.94306530727252,9.352505160982389
10.479151931271232,8.954865124409856
10.147785234127454,8.822318445552341
9.551325179268652,8.2921317301223
9.087411803267365,7.894491693549767
8.557225087837324,7.496851656977235
8.159585051264791,6.9003916021184395
7.894491693549767,6.834118262689678
7.761945014692259,6.303931547259637
7.1654849598334565,5.773744831829596
6.834118262689678,5.508651474114572
6.70157158383217,4.845918079827015
6.038838189544613,4.05063800668195
5.3761047952570635,3.5867246306806635
4.978464758684531,3.5204512912519093
4.647098061540753,3.5204512912519093
4.580824722111998,3.454177951823155
4.580824722111998,2.990264575821868
4.580824722111998,2.5263511998205814
4.448278043254483,2.3275311815343116
4.183184685539466,2.3275311815343116
3.7855446489669333,2.3275311815343116
4.580824722111998,2.3275311815343116
4.05063800668195,2.3275311815343116
4.05063800668195,2.194984502676803
3.5204512912519093,1.7089800135325959
3.5204512912519093,2.0624378238192946
3.3879046123944008,1.4659777689604852
2.990264575821868,1.2671577506742295
3.255357933536885,1.2671577506742295
2.8577178969643597,1.2671577506742295
3.255357933536885,1.399704429531738
2.725171218106837,2.0624378238192946
2.46007786039182,1.664797787246755
2.5926245392493286,1.2671577506742295
2.46007786039182,1.2671577506742295
2.46007786039182,1.2671577506742295
2.46007786039182,1.7973444661042635
2.46007786039182,2.3275311815343116
2.5926245392493286,2.2612578421055503
2.46007786039182,1.7973444661042635
2.46007786039182,1.399704429531738
2.46007786039182,2.2612578421055503
2.5263511998205814,1.7973444661042635
2.990264575821868,2.3938045209630587
3.3879046123944008,2.46007786039182
2.7914445575355984,2.990264575821868
2.504260086677661,3.454177951823155
3.3879046123944008,3.5204512912519093
2.8577178969643597,4.183184685539466
3.5204512912519093,3.6529979701094177
3.7855446489669333,3.918091327824442
3.3879046123944008,4.24945802496822
4.448278043254483,3.7855446489669333
4.580824722111998,3.5204512912519093
4.647098061540753,3.5204512912519093
4.647098061540753,3.5204512912519093
4.183184685539466,3.454177951823155
3.5867246306806635,3.255357933536885
3.3879046123944008,2.7914445575355984
2.8577178969643597,3.3879046123944008
2.3938045209630587,2.8577178969643597
2.46007786039182,3.3879046123944008
2.46007786039182,2.7914445575355984
2.46007786039182,2.990264575821868
2.3275311815343116,3.454177951823155
2.3938045209630587,3.8518179883956876
2.46007786039182,4.315731364396974
2.3275311815343116,5.177284776970794
2.46007786039182,4.713371400969507
2.7914445575355984,5.508651474114572
2.3275311815343116,4.91219141925577
3.3879046123944008,4.713371400969507
3.5204512912519093,4.713371400969507
3.5204512912519093,4.713371400969507
3.5204512912519093,4.845918079827015
3.0565379152506154,5.508651474114572
2.46007786039182,5.773744831829596
2.46007786039182,5.773744831829596
2.46007786039182,5.972564850115859
2.7914445575355984,6.569024904974661
2.3275311815343116,6.834118262689678
3.3879046123944008,6.834118262689678
3.5204512912519093,6.834118262689678
3.7855446489669333,6.834118262689678
3.3879046123944008,6.834118262689678
4.448278043254483,7.231758299262211
4.580824722111998,7.828218354121013
4.05063800668195,7.894491693549767
3.5204512912519093,7.894491693549767
3.7855446489669333,7.960765032978522
3.3879046123944008,8.623498427266078
4.315731364396974,8.159585051264791
4.315731364396974,9.087411803267365
3.6529979701094177,9.948965215841184
3.5204512912519093,9.485051839839898
3.5204512912519093,10.214058573556208
3.5204512912519093,10.81051862841501
3.5204512912519093,11.340705343845052
3.5204512912519093,11.340705343845052
4.359913590682808,12.003438738132608
3.7855446489669333,12.401078774705141
4.580824722111998,12.467352114133895
4.580824722111998,13.196358847850206
4.580824722111998,12.666172132420158
4.580824722111998,13.461452205565223
5.1110114375420395,13.925365581566517
4.713371400969507,14.455552296996558
5.6411981529720805,14.521825636425312
5.773744831829596,14.65437231528282
5.773744831829596,15.515925727856647
5.84001817125835,15.052012351855353
6.237658207830883,15.582199067285401
5.773744831829596,15.781019085571664
6.70157158383217,16.244932461572958
6.171384868402129,16.708845837574245
5.84001817125835,16.510025819287975
6.569024904974661,16.024021330143768
7.0108471678330275,16.64257249814549
7.761945014692259,17.106485874146777
7.364304978119726,17.702945929005573
7.894491693549767,17.968039286720597
7.894491693549767,18.100585965578105
7.960765032978522,18.763319359865662
8.689771766694832,19.028412717580686
8.027038372407276,19.028412717580686
9.087411803267365,19.492326093581973
9.087411803267365,20.022512809012014
9.087411803267365,20.088786148440768
9.683871858126167,20.552699524442062
10.280331912984963,20.088786148440768
10.987247533558353,21.01661290044335
11.274432004416298,20.552699524442062
11.738345380417584,20.221332827298284
12.268532095847625,20.884066221585833
12.401078774705141,21.149159579300857
12.401078774705141,21.149159579300857
12.798718811277674,21.41425293701588
12.401078774705141,22.673446386162233
13.328905526707715,22.07698633130343
12.798718811277674,23.269906441021035
12.467352114133895,23.402453119878544
12.599898792991404,23.13735976216352
13.196358847850206,22.474626367875963
13.461452205565223,22.209533010160946
13.461452205565223,22.2758063495897
13.726545563280247,22.60717304673348
14.389278957567804,23.269906441021035
14.985739012426599,23.402453119878544
15.582199067285401,23.402453119878544
16.244932461572958,23.402453119878544
16.64257249814549,23.402453119878544
16.046112443286688,23.269906441021035
15.648472406714156,22.872266404448496
16.046112443286688,22.40835302844721
15.582199067285401,22.209533010160946
16.510025819287975,22.209533010160946
16.244932461572958,22.209533010160946
15.71474574614291,22.209533010160946
16.775119177003,22.209533010160946
16.377479140430466,21.679346294730898
17.106485874146777,21.149159579300857
16.64257249814549,21.811892973588414
17.570399250148064,22.209533010160946
17.30530589243304,22.209533010160946
16.775119177003,21.679346294730898
16.775119177003,21.281706258158366
17.106485874146777,21.811892973588414
16.64257249814549,22.209533010160946
17.702945929005573,22.07698633130343
17.835492607863088,21.54679961587339
17.835492607863088,21.082886239872103
17.30530589243304,20.4864261850133
16.841392516431753,20.088786148440768
17.702945929005573,20.287606166727038
17.040212534718023,20.751519542728325
17.835492607863088,21.281706258158366
18.100585965578105,22.07698633130343
17.702945929005573,21.679346294730898
18.630772681008153,21.54679961587339
18.630772681008153,21.082886239872103
18.100585965578105,20.618972863870816
17.769219268434327,20.15505948786953
17.835492607863088,19.95623946958326
17.835492607863088,19.293506075295703
17.835492607863088,18.630772681008153
17.50412591071931,17.968039286720597
17.040212534718023,17.437852571290556
17.835492607863088,16.907665855860508
17.30530589243304,16.64257249814549
17.835492607863088,16.244932461572958
17.702945929005573,15.648472406714156
17.437852571290556,15.449652388427886
16.907665855860508,14.786918994140336
16.775119177003,14.521825636425312
16.112385782715442,14.12418559985278
15.648472406714156,13.593998884422739
15.582199067285401,13.461452205565223
15.317105709570377,13.660272223851493
14.786918994140336,14.256732278710288
14.521825636425312,13.859092242137756
14.521825636425312,13.461452205565223
14.389278957567804,13.06381216899269
13.726545563280247,12.599898792991404
13.328905526707715,12.135985416990117
12.864992150706428,11.738345380417584
12.467352114133895,11.340705343845052
12.268532095847625,11.340705343845052
11.738345380417584,11.274432004416298
11.274432004416298,10.677971949557495
12.268532095847625,10.280331912984963
11.738345380417584,10.677971949557495
11.340705343845052,11.208158664987543
11.738345380417584,11.340705343845052
11.274432004416298,11.075611986130028
11.208158664987543,10.280331912984963
10.545425270699987,10.81051862841501
10.147785234127454,11.340705343845052
10.147785234127454,11.340705343845052
10.147785234127454,11.870892059275093
10.147785234127454,12.003438738132608
10.0815118946987,11.539525362131315
9.683871858126167,11.340705343845052
9.087411803267365,11.340705343845052
9.617598518697413,11.804618719846339
10.0815118946987,12.33480543527638
10.191967460413288,12.401078774705141
10.677971949557495,12.798718811277674
11.340705343845052,13.328905526707715
10.015238555269946,12.798718811277674
10.147785234127454,13.196358847850206
10.147785234127454,12.666172132420158
10.677971949557495,12.931265490135182
10.147785234127454,12.401078774705141
11.208158664987543,12.931265490135182
10.677971949557495,12.401078774705141
10.214058573556208,13.527725544993984
10.74424528898625,14.12418559985278
11.141885325558782,14.521825636425312
11.252340891273377,14.521825636425312
12.069712077561363,13.991638920995271
11.605798701560076,13.461452205565223
12.401078774705141,15.228741256998703
12.53362545356265,14.65437231528282
13.395178866136469,14.12418559985278
13.461452205565223,15.052012351855353
13.461452205565223,14.786918994140336
13.90327446842359,15.515925727856647
14.256732278710288,15.582199067285401
14.521825636425312,15.582199067285401
14.521825636425312,15.71474574614291
14.521825636425312,16.377479140430466
14.588098975854066,17.106485874146777
14.963647899283679,17.702945929005573
14.521825636425312,17.968039286720597
16.244932461572958,18.36567932329313
16.775119177003,18.962139378151925
16.907665855860508,19.160959396438194
16.708845837574245,19.691146111868235
17.30530589243304,20.088786148440768
16.775119177003,20.088786148440768
18.674954907293987,19.95623946958326
18.23313264443562,19.42605275415322
19.028412717580686,19.028412717580686
17.968039286720597,19.691146111868235
17.702945929005573,20.618972863870816
18.36567932329313,21.149159579300857
17.968039286720597,20.884066221585833
18.89586603872317,20.4864261850133
18.36567932329313,20.088786148440768
18.03431262614935,20.4864261850133
18.630772681008153,21.149159579300857
19.22723273586695,21.149159579300857
19.691146111868235,21.21543291872961
20.088786148440768,21.944439652445922
21.082886239872103,21.41425293701588
20.618972863870816,21.679346294730898
20.088786148440768,21.41425293701588
20.81779288215708,22.143259670732192
20.309697279869958,21.679346294730898
20.15505948786953,22.209533010160946
20.265515053584117,21.944439652445922
21.01661290044335,21.347979597587127
20.552699524442062,21.149159579300857
20.353879506155792,20.751519542728325
20.088786148440768,20.221332827298284
20.022512809012014,19.82369279072575
19.95623946958326,19.293506075295703
19.492326093581973,19.95623946958326
19.09468605700944,20.088786148440768
19.691146111868235,19.82369279072575
19.82369279072575,19.160959396438194
20.022512809012014,18.763319359865662
19.028412717580686,18.03431262614935
18.36567932329313,17.835492607863088
17.901765947291842,17.30530589243304
17.702945929005573,16.841392516431753
17.437852571290556,16.244932461572958
16.907665855860508,15.184559030712869
16.775119177003,14.786918994140336
16.775119177003,14.389278957567804
16.112385782715442,13.925365581566517
15.71474574614291,13.461452205565223
15.71474574614291,13.328905526707715
15.71474574614291,12.798718811277674
15.052012351855353,12.268532095847625
14.389278957567804,11.804618719846339
13.859092242137756,11.274432004416298
13.461452205565223,10.81051862841501
13.328905526707715,10.457060818128312
12.864992150706428,11.208158664987543
12.401078774705141,
12.33480543527638,
