Y(hoy),Y(ayer)
2.1360429209722724,3.0975095025330504
2.616776211752658,3.0975095025330504
2.736959534447756,3.0975095025330504
2.3163179050149196,3.0975095025330504
2.1360429209722724,3.0975095025330504
2.1360429209722724,3.0975095025330504
2.1360429209722724,3.0374178411855013
2.1360429209722724,2.496592889057567
2.1360429209722724,2.1360429209722724
1.8355846142345342,2.1360429209722724
1.2947596621065998,2.1360429209722724
0.9943013553688544,2.1360429209722724
1.0543930167164035,2.1360429209722724
1.0543930167164035,2.1360429209722724
1.0543930167164035,2.1360429209722724
0.45347640324092,2.1360429209722724
0.21310975785073083,2.1360429209722724
0.21310975785073083,2.1360429209722724
0.21310975785073083,2.1360429209722724
0.21310975785073083,2.1360429209722724
0.21310975785073083,2.1360429209722724
0.21310975785073083,2.1360429209722724
0.21310975785073083,2.1360429209722724
0.21310975785073083,2.1360429209722724
0.21310975785073083,2.1360429209722724
0.21310975785073083,2.1360429209722724
0.5736597259360181,2.1360429209722724
1.0543930167164035,2.1360429209722724
0.5736597259360181,2.1360429209722724
0.2732014191982728,2.1360429209722724
0.8140263713262073,2.1360429209722724
0.8140263713262073,2.1360429209722724
0.2732014191982728,2.1360429209722724
0.21310975785073083,2.1360429209722724
0.21310975785073083,2.1360429209722724
0.21310975785073083,2.1360429209722724
0.21310975785073083,2.1360429209722724
0.21310975785073083,2.1360429209722724
0.21310975785073083,2.1360429209722724
0.21310975785073083,2.1360429209722724
0.21310975785073083,2.1360429209722724
0.21310975785073083,2.1360429209722724
0.21310975785073083,2.1360429209722724
0.21310975785073083,2.1360429209722724
0.21310975785073083,2.1360429209722724
0.21310975785073083,2.1360429209722724
0.2732014191982728,2.1360429209722724
1.0543930167164035,2.1360429209722724
0.5736597259360181,2.1360429209722724
0.5736597259360181,2.1360429209722724
0.21310975785073083,2.1360429209722724
0.9342096940213054,2.1360429209722724
0.45347640324092,2.1360429209722724
0.2732014191982728,2.1360429209722724
0.21310975785073083,2.556684550405109
0.8540874788912447,2.1360429209722724
0.33329308054582185,3.0374178411855013
1.0543930167164035,3.0975095025330504
1.0543930167164035,3.0975095025330504
1.0543930167164035,3.0975095025330504
1.0543930167164035,3.4580594706183376
1.0543930167164035,3.998884422746272
1.0543930167164035,4.058976084093821
1.0543930167164035,4.058976084093821
1.094454124281441,4.058976084093821
1.8956762755820833,4.058976084093821
1.4149429848016908,4.058976084093821
2.1360429209722724,4.4796177135266575
2.1360429209722724,4.900259342959494
2.1360429209722724,4.4796177135266575
2.1360429209722724,4.179159406788919
2.1360429209722724,4.780076020264403
2.1360429209722724,5.020442665654592
2.1360429209722724,5.441084295087435
2.1360429209722724,5.98190924721537
2.1360429209722724,6.102092569910461
2.1360429209722724,6.102092569910461
2.496592889057567,5.741542601825174
2.1360429209722724,5.200717649697239
2.9773261798379522,5.020442665654592
2.556684550405109,5.14062598834969
2.1961345823198215,5.6213592791300755
2.7770206420127863,6.042000908562912
3.0374178411855013,6.102092569910461
3.0975095025330504,6.16218423125801
2.9773261798379522,6.8231925060810426
2.496592889057567,6.462642537995755
2.1961345823198215,6.342459215300657
2.7770206420127863,5.861725924520272
2.736959534447756,5.260809311044788
2.2562262436673706,5.020442665654592
2.1360429209722724,5.020442665654592
2.2562262436673706,4.659892697569305
2.7770206420127863,4.239251068136468
2.9773261798379522,3.758517777356076
2.3764095663624687,3.297815040358209
2.1360429209722724,3.998884422746272
2.2562262436673706,3.5782427933134358
2.7770206420127863,4.058976084093821
2.9773261798379522,4.058976084093821
2.496592889057567,4.058976084093821
2.1360429209722724,4.11906774544137
2.9773261798379522,4.780076020264403
2.496592889057567,4.29934272948401
2.9773261798379522,4.659892697569305
2.496592889057567,4.239251068136468
2.1961345823198215,4.058976084093821
2.7770206420127863,4.419526052179108
2.9773261798379522,4.960351004307043
2.3764095663624687,4.780076020264403
2.1360429209722724,4.259281621918987
2.1360429209722724,4.960351004307043
2.1360429209722724,4.539709374874207
2.1360429209722724,5.020442665654592
2.1360429209722724,5.020442665654592
2.1360429209722724,4.900259342959494
2.1360429209722724,4.419526052179108
2.1360429209722724,4.058976084093821
2.1360429209722724,4.058976084093821
2.1360429209722724,4.058976084093821
2.1360429209722724,4.058976084093821
2.1360429209722724,4.419526052179108
2.1360429209722724,4.900259342959494
2.1360429209722724,4.539709374874207
2.1360429209722724,4.11906774544137
2.1360429209722724,4.179159406788919
2.1360429209722724,4.960351004307043
2.1360429209722724,4.539709374874207
2.1360429209722724,5.020442665654592
2.1961345823198215,5.020442665654592
2.556684550405109,4.659892697569305
2.1360429209722724,4.239251068136468
2.9773261798379522,4.058976084093821
3.0374178411855013,4.4796177135266575
2.857142857142854,4.960351004307043
2.616776211752658,5.020442665654592
2.2562262436673706,4.780076020264403
2.1360429209722724,4.259281621918987
2.1360429209722724,4.960351004307043
2.1360429209722724,4.539709374874207
2.1360429209722724,5.020442665654592
2.1360429209722724,5.080534327002141
2.1360429209722724,5.020442665654592
2.1360429209722724,5.020442665654592
2.1360429209722724,5.080534327002141
2.1360429209722724,5.861725924520272
2.1360429209722724,5.501175956434977
2.1961345823198215,5.6213592791300755
2.7770206420127863,5.260809311044788
2.2562262436673706,4.900259342959494
2.9773261798379522,4.4796177135266575
2.556684550405109,4.179159406788919
2.9773261798379522,4.780076020264403
2.1360429209722724,5.020442665654592
2.556684550405109,5.020442665654592
2.9773261798379522,5.020442665654592
3.0374178411855013,5.080534327002141
2.9773261798379522,5.020442665654592
2.556684550405109,5.080534327002141
2.1360429209722724,5.741542601825174
2.496592889057567,5.260809311044788
2.9773261798379522,5.6213592791300755
2.496592889057567,5.080534327002141
2.1360429209722724,5.020442665654592
2.3764095663624687,5.080534327002141
2.9773261798379522,5.741542601825174
3.0975095025330504,5.260809311044788
3.0975095025330504,5.501175956434977
3.0975095025330504,5.260809311044788
3.0975095025330504,5.98190924721537
3.0975095025330504,5.501175956434977
3.0975095025330504,5.98190924721537
3.0975095025330504,5.441084295087435
3.2577539327931717,5.921817585867821
3.938792761398723,5.501175956434977
3.5181511319658867,6.102092569910461
3.3378761479232395,6.102092569910461
3.0975095025330504,6.102092569910461
3.4580594706183376,6.102092569910461
3.0975095025330504,6.102092569910461
3.938792761398723,6.102092569910461
3.5181511319658867,6.102092569910461
3.1576011638805923,6.102092569910461
3.0975095025330504,6.102092569910461
3.0975095025330504,6.342459215300657
3.0975095025330504,6.943375828776141
3.0975095025330504,6.943375828776141
3.0975095025330504,6.3825203228656875
3.0975095025330504,6.8231925060810426
3.0975095025330504,7.183742474166337
3.0975095025330504,6.703009183385944
3.0975095025330504,6.16218423125801
3.0374178411855013,5.98190924721537
2.9773261798379522,5.441084295087435
2.496592889057567,5.741542601825174
2.1360429209722724,5.260809311044788
2.1360429209722724,5.6213592791300755
2.1360429209722724,5.200717649697239
2.1360429209722724,5.080534327002141
2.1360429209722724,5.020442665654592
2.1360429209722724,5.14062598834969
2.1360429209722724,5.861725924520272
2.1360429209722724,5.501175956434977
2.1360429209722724,5.260809311044788
2.1360429209722724,5.020442665654592
2.1360429209722724,4.659892697569305
2.1360429209722724,4.11906774544137
2.1360429209722724,4.058976084093821
2.1360429209722724,4.058976084093821
2.1360429209722724,3.998884422746272
2.0759512596247234,3.698426116008534
1.8956762755820833,3.2777844865756904
1.655309630191887,3.938792761398723
1.3348207696716372,3.5181511319658867
2.0158595982771743,3.4580594706183376
1.535126307496789,3.0975095025330504
2.0158595982771743,3.2777844865756904
1.535126307496789,3.818609438703625
1.1144846780639526,3.4580594706183376
2.0158595982771743,3.0975095025330504
1.535126307496789,3.0975095025330504
1.1745763394115016,3.0975095025330504
2.1360429209722724,3.0975095025330504
2.1360429209722724,3.0975095025330504
2.1360429209722724,3.0975095025330504
2.1360429209722724,2.9773261798379522
2.1360429209722724,2.496592889057567
2.1360429209722724,2.1360429209722724
2.1360429209722724,2.736959534447756
2.1360429209722724,3.0975095025330504
2.1360429209722724,3.0975095025330504
2.296287351232401,3.0975095025330504
2.797051195795305,3.0975095025330504
2.797051195795305,2.736959534447756
2.496592889057567,2.3163179050149196
2.1360429209722724,2.857142857142854
2.797051195795305,2.736959534447756
3.0975095025330504,2.3764095663624687
3.0975095025330504,2.736959534447756
3.0975095025330504,3.0975095025330504
3.2176928252281414,3.0975095025330504
3.758517777356076,3.0975095025330504
3.758517777356076,3.0975095025330504
3.698426116008534,3.0975095025330504
3.2176928252281414,3.0975095025330504
3.0975095025330504,3.0975095025330504
3.0975095025330504,3.0975095025330504
3.0975095025330504,3.0975095025330504
3.0975095025330504,3.0975095025330504
3.0374178411855013,3.0975095025330504
2.9773261798379522,3.0975095025330504
2.556684550405109,3.0975095025330504
2.1961345823198215,3.0975095025330504
2.2562262436673706,3.0975095025330504
2.7770206420127863,3.0975095025330504
2.9773261798379522,3.2176928252281414
2.3764095663624687,3.698426116008534
2.1360429209722724,4.058976084093821
2.496592889057567,4.058976084093821
2.9773261798379522,3.698426116008534
2.496592889057567,3.1576011638805923
2.1961345823198215,3.0975095025330504
2.7770206420127863,3.0975095025330504
2.9773261798379522,3.0975095025330504
2.3764095663624687,3.0975095025330504
2.1360429209722724,3.0975095025330504
2.1360429209722724,3.4580594706183376
2.1360429209722724,3.998884422746272
2.1360429209722724,4.058976084093821
2.0759512596247234,4.058976084093821
2.0158595982771743,4.058976084093821
1.535126307496789,3.818609438703625
1.1144846780639526,3.2176928252281414
1.2947596621065998,3.0975095025330504
0.9342096940213054,3.0975095025330504
1.7754929528869852,3.0975095025330504
,3.0975095025330504
,3.0975095025330504
,3.0975095025330504
,3.2176928252281414
,3.698426116008534
,4.058976084093821
,4.058976084093821
,4.058976084093821
,4.058976084093821
,4.058976084093821
,4.058976084093821
,4.058976084093821
,4.058976084093821
,4.058976084093821
,4.058976084093821
,4.058976084093821
,4.058976084093821
,4.058976084093821
,3.698426116008534
,3.1576011638805923
,3.0975095025330504
,3.5181511319658867
,3.938792761398723
,3.5782427933134358
,3.1576011638805923
