Y(hoy),Y(ayer)
9.106675637287879,9.106675637287879
8.565850685159944,8.625942346507493
8.98649231459278,8.145209055727108
8.585881238942463,8.145209055727108
8.145209055727108,7.784659087641813
8.02502573303201,7.243834135513879
7.484200780904075,7.063559151471239
6.462642537995755,6.582825860690853
6.102092569910461,5.98190924721537
5.98190924721537,5.6213592791300755
5.501175956434977,5.020442665654592
5.020442665654592,4.539709374874207
5.020442665654592,4.058976084093821
4.058976084093821,4.058976084093821
3.758517777356076,4.058976084093821
3.698426116008534,4.058976084093821
3.2176928252281414,4.058976084093821
3.0975095025330504,4.058976084093821
3.0975095025330504,4.058976084093821
3.0975095025330504,3.938792761398723
2.9773261798379522,3.4580594706183376
2.3764095663624687,3.998884422746272
2.1360429209722724,3.818609438703625
2.296287351232401,3.2176928252281414
2.736959534447756,3.0975095025330504
2.3163179050149196,3.0975095025330504
2.1360429209722724,3.0975095025330504
2.1360429209722724,3.0975095025330504
2.1360429209722724,3.0975095025330504
2.1360429209722724,3.0975095025330504
2.1360429209722724,3.0975095025330504
2.1360429209722724,3.0975095025330504
2.1360429209722724,3.0975095025330504
2.1360429209722724,3.0975095025330504
2.1360429209722724,3.0975095025330504
2.1360429209722724,3.0975095025330504
2.1360429209722724,3.0975095025330504
2.1360429209722724,3.0975095025330504
2.0759512596247234,3.0975095025330504
2.0158595982771743,3.0975095025330504
1.535126307496789,3.0975095025330504
1.1745763394115016,3.0975095025330504
1.8956762755820833,3.0975095025330504
2.0759512596247234,3.0975095025330504
2.1360429209722724,3.0975095025330504
2.1360429209722724,3.0975095025330504
2.1360429209722724,3.0975095025330504
2.1360429209722724,2.736959534447756
2.1360429209722724,2.3764095663624687
2.496592889057567,1.535126307496789
2.9773261798379522,1.1745763394115016
2.556684550405109,2.0158595982771743
2.7770206420127863,2.1360429209722724
2.3764095663624687,2.1360429209722724
2.9773261798379522,2.1360429209722724
2.496592889057567,2.1360429209722724
2.9773261798379522,2.1360429209722724
2.496592889057567,2.1360429209722724
4.359434390831559,2.1360429209722724
4.900259342959494,2.616776211752658
5.14062598834969,3.0975095025330504
5.681450940477625,3.5782427933134358
6.042000908562912,4.058976084093821
6.642917522038395,4.058976084093821
6.222275892605559,4.900259342959494
7.784659087641813,4.419526052179108
8.98649231459278,5.861725924520272
8.505759023812395,5.501175956434977
8.145209055727108,6.222275892605559
9.587408928068264,6.342459215300657
9.106675637287879,6.8231925060810426
10.308508864238846,7.183742474166337
10.90942547771433,7.183742474166337
11.991075381970198,7.664475764946722
14.51492515856723,8.505759023812395
17.038774935164263,8.02502573303201
15.476391740128001,9.947958896153558
15.115841772042714,9.467225605373173
18.12042483942013,10.428692186933944
17.639691548639746,11.149792123104525
21.24519122949264,12.111258704665296
22.24671891861845,11.750708736580009
21.725924520273026,13.072725286226067
23.408491038004385,13.67364189970155
22.927757747223993,14.995658449347616
24.610324264955345,14.51492515856723
24.12959097417496,15.957125030908387
23.769041006089672,15.476391740128001
25.571790846516123,16.31767499899368
28.456190591198443,17.158958257859354
30.138757108929795,17.699783209987288
29.778207140844508,18.12042483942013
36.14792324368463,19.3222580663711
35.787373275599336,18.961708098285804
37.16948148659295,21.00482458410245
36.74883985716011,21.30528289084019
39.27268963375714,22.687391101833803
38.91213966567185,22.206657811053418
44.08002254156101,21.725924520273026
43.59928925078062,24.12959097417496
44.200205864256105,23.648857683394574
44.62084749368894,23.16812439261419
45.081550230686815,25.812157491906312
44.56075583234139,25.331424201125927
44.08002254156101,24.85069091034554
43.479105928085524,27.49472400963767
43.95983921886591,28.456190591198443
42.99837263730514,30.859857045100377
42.637822669219844,30.37912375431999
44.200205864256105,29.8983904635396
43.59928925078062,29.417657172759213
42.03690605574437,33.744256789782696
45.04148912312178,33.263523499002304
44.56075583234139,32.782790208221925
44.200205864256105,32.42224024013663
45.04148912312178,34.94609001673366
44.4405725096463,34.58554004864837
43.89974755751837,35.907556598294434
43.479105928085524,36.628656534465016
41.91672273304927,37.59012311602579
41.556172764963975,37.2295731479405
42.157089378439466,39.513056279147335
41.67635608765907,39.03232298836694
41.19562279687869,38.67177302028166
39.99378956992772,40.9552561514885
39.513056279147335,40.474522860708106
38.31122305219637,42.637822669219844
37.950673084111074,42.27727270113456
37.3497564706356,43.479105928085524
37.950673084111074,43.95983921886591
37.469939793330695,44.80112247773158
37.1093898252454,44.4405725096463
36.74883985716011,45.281855768511974
37.59012311602579,45.82268072063991
38.07085640680617,45.40203909120707
37.16948148659295,45.04148912312178
37.59012311602579,44.56075583234139
36.14792324368463,43.95983921886591
35.66718995290424,43.479105928085524
35.06627333942876,43.95983921886591
34.58554004864837,43.118555960000236
33.864440112477794,42.637822669219844
33.3837068216974,42.21718103978701
32.782790208221925,42.87818931461004
32.181873594746435,42.517639346524746
31.6410486426185,43.77956423482327
31.220407013185664,43.238739282695335
31.6410486426185,42.457547685177204
32.06169027205134,43.59928925078062
32.30205691744153,44.08002254156101
33.56398180574005,43.83965589617081
33.023156853612115,43.419014266737975
33.98462343517289,42.87818931461004
33.98462343517289,41.91672273304927
33.5038901443925,41.556172764963975
33.14334017630721,40.7148895060983
31.100223690490566,40.11397289262282
32.782790208221925,39.513056279147335
32.24196525609399,39.15250631106204
33.98462343517289,40.474522860708106
33.5038901443925,40.05388123127527
31.220407013185664,40.9552561514885
32.54242356283173,39.75342292453753
32.42224024013663,39.27268963375714
32.782790208221925,38.67177302028166
33.98462343517289,38.19103972950127
33.5038901443925,38.8520480043243
33.14334017630721,38.431406374891466
33.263523499002304,37.3497564706356
32.782790208221925,36.74883985716011
32.30205691744153,36.26810656637973
33.263523499002304,36.708778749595076
32.782790208221925,35.907556598294434
33.78431789734773,35.42682330751405
33.98462343517289,34.94609001673366
33.3837068216974,34.46535672595327
33.32361516034986,36.14792324368463
34.34517340325817,35.66718995290424
33.744256789782696,35.18645666212386
34.94609001673366,36.50847321176992
34.46535672595327,36.869023179855205
33.864440112477794,36.38828988907482
33.44379848304496,35.907556598294434
33.98462343517289,35.4869149688616
33.5038901443925,35.06627333942876
33.3837068216974,34.94609001673366
33.14334017630721,34.46535672595327
34.10480675786798,34.044715096520434
35.18645666212386,33.5038901443925
34.765815032691016,33.20343183765476
36.02773992098953,33.744256789782696
35.54700663020914,33.263523499002304
34.825906694038565,32.54242356283173
34.46535672595327,32.06169027205134
34.044715096520434,31.58095698127095
35.907556598294434,31.220407013185664
35.30663998481895,32.782790208221925
34.94609001673366,32.30205691744153
34.46535672595327,31.941506949356246
38.07085640680617,33.083248514959664
37.59012311602579,32.30205691744153
37.16948148659295,31.941506949356246
36.628656534465016,31.340590335880762
37.59012311602579,31.70114030396605
37.2295731479405,32.782790208221925
38.07085640680617,32.30205691744153
37.469939793330695,33.98462343517289
36.9892065025503,33.5038901443925
36.38828988907482,33.023156853612115
35.907556598294434,32.54242356283173
35.42682330751405,32.181873594746435
35.06627333942876,32.72269854687437
36.14792324368463,32.30205691744153
35.66718995290424,31.821323626661147
36.14792324368463,31.280498674533213
35.66718995290424,31.46077365857586
35.30663998481895,32.54242356283173
36.14792324368463,32.06169027205134
37.1093898252454,32.902973530917016
37.710306438720885,32.42224024013663
38.31122305219637,32.06169027205134
38.8520480043243,31.6410486426185
39.39287295645224,31.280498674533213
39.99378956992772,32.782790208221925
40.23415621531791,32.30205691744153
40.75495061366333,31.821323626661147
41.19562279687869,33.744256789782696
40.89516449014094,33.263523499002304
40.474522860708106,33.20343183765476
40.11397289262282,33.14334017630721
40.9552561514885,33.6240734670876
41.91672273304927,33.263523499002304
41.43598944226888,32.782790208221925
40.7148895060983,32.181873594746435
40.17406455397037,31.58095698127095
46.48368899546294,31.220407013185664
46.00295570468255,32.66260688552683
45.52222241390217,32.06169027205134
45.04148912312178,33.864440112477794
47.965949975369135,33.44379848304496
47.44515557702371,34.044715096520434
46.96442228624333,34.10480675786798
49.127722094755065,33.44379848304496
48.64698880397468,33.98462343517289
48.246377728324354,33.6240734670876
48.887355449364875,33.32361516034986
49.848822030925646,33.864440112477794
47.204788931633516,34.10480675786798
46.72405564085314,34.10480675786798
46.00295570468255,34.46535672595327
45.64240573659727,35.006181678081205
47.44515557702371,35.30663998481895
47.084605608938425,36.869023179855205
49.127722094755065,36.38828988907482
48.64698880397468,36.02773992098953
48.28643883588939,36.26810656637973
48.40662215858448,36.26810656637973
47.9258888678041,36.628656534465016
47.50524723837126,36.38828988907482
46.84423896354823,35.907556598294434
46.48368899546294,35.42682330751405
46.36350567276784,34.94609001673366
45.88277238198746,34.52544838730083
44.56075583234139,34.10480675786798
44.08002254156101,36.18798435124966
45.64240573659727,35.66718995290424
45.04148912312178,35.18645666212386
47.204788931633516,37.87055086898101
46.72405564085314,37.3497564706356
46.243322350072745,36.869023179855205
48.887355449364875,38.91213966567185
48.28643883588939,38.49149803623901
47.80570554510901,38.25113139084882
47.204788931633516,39.312750741322176
47.68552222241391,38.79195634297675
46.72405564085314,38.31122305219637
46.243322350072745,40.474522860708106
45.64240573659727,39.99378956992772
45.40203909120707,41.07543947418359
45.04148912312178,40.9552561514885
44.56075583234139,40.534614522055655
44.08002254156101,43.118555960000236
43.65938091212817,42.637822669219844
42.637822669219844,42.157089378439466
42.21718103978701,45.52222241390217
43.05846429865268,44.80112247773158
42.75800599191494,46.063047366030105
42.397456023829655,46.48368899546294
42.03690605574437,47.44515557702371
39.87360624723262,46.96442228624333
39.39287295645224,48.40662215858448
39.15250631106204,47.9258888678041
41.19562279687869,49.848822030925646
40.7148895060983,49.48827206284036
41.91672273304927,48.887355449364875
41.375897780921335,48.40662215858448
40.35433953801301,47.204788931633516
39.99378956992772,46.84423896354823
39.99378956992772,46.12313902737765
39.513056279147335,45.64240573659727
39.03232298836694,47.9258888678041
38.611681358934106,47.44515557702371
38.07085640680617,47.024513947590876
37.469939793330695,46.72405564085314
37.59012311602579,46.1832306887252
37.1093898252454,46.00295570468255
39.27268963375714,45.40203909120707
38.79195634297675,44.3203891869512
38.31122305219637,43.83965589617081
39.99378956992772,42.87818931461004
39.39287295645224,42.457547685177204
38.79195634297675,43.83965589617081
38.19103972950127,43.358922605390426
37.469939793330695,45.04148912312178
36.9892065025503,44.56075583234139
36.38828988907482,45.76258905929236
36.02773992098953,45.40203909120707
38.31122305219637,45.04148912312178
37.770398100068434,44.68093915503649
37.3497564706356,44.3203891869512
36.869023179855205,43.83965589617081
39.03232298836694,43.29883094404288
39.03232298836694,42.75800599191494
38.551589697586564,42.157089378439466
38.13094806815372,41.19562279687869
37.59012311602579,40.8350728287934
37.2295731479405,40.11397289262282
38.79195634297675,40.534614522055655
38.31122305219637,40.9552561514885
37.950673084111074,40.474522860708106
39.99378956992772,39.87360624723262
39.513056279147335,39.63323960184243
38.551589697586564,39.27268963375714
37.950673084111074,38.67177302028166
37.469939793330695,38.07085640680617
37.2295731479405,37.469939793330695
36.869023179855205,36.628656534465016
36.38828988907482,36.14792324368463
36.02773992098953,35.54700663020914
36.869023179855205,34.94609001673366
38.11091751437121,34.46535672595327
39.75342292453753,34.10480675786798
39.15250631106204,35.4869149688616
38.79195634297675,36.02773992098953
40.9552561514885,36.14792324368463
40.474522860708106,35.907556598294434
39.99378956992772,35.42682330751405
39.513056279147335,35.006181678081205
39.03232298836694,34.46535672595327
38.551589697586564,35.4869149688616
38.07085640680617,34.94609001673366
37.710306438720885,36.02773992098953
36.38828988907482,35.787373275599336
36.02773992098953,35.30663998481895
38.551589697586564,36.628656534465016
38.19103972950127,36.14792324368463
36.869023179855205,35.66718995290424
40.23415621531791,38.551589697586564
39.75342292453753,38.07085640680617
41.91672273304927,37.59012311602579
41.375897780921335,37.1093898252454
40.7148895060983,39.15250631106204
40.35433953801301,38.79195634297675
39.99378956992772,38.37131471354392
39.57314794049488,37.830489761415976
39.03232298836694,37.1093898252454
38.67177302028166,36.628656534465016
40.9552561514885,36.20801490503217
40.474522860708106,36.26810656637973
40.474522860708106,36.9892065025503
39.87360624723262,37.59012311602579
39.312750741322176,38.551589697586564
39.99378956992772,38.19103972950127
40.9552561514885,40.35433953801301
40.474522860708106,39.75342292453753
39.27268963375714,39.27268963375714
38.79195634297675,40.9552561514885
38.31122305219637,39.27268963375714
37.950673084111074,38.79195634297675
37.59012311602579,38.19103972950127
37.1093898252454,38.79195634297675
38.07085640680617,38.31122305219637
37.650214777373336,38.31122305219637
37.2295731479405,37.830489761415976
39.03232298836694,37.3497564706356
38.551589697586564,36.869023179855205
39.57314794049488,36.38828988907482
40.51458396827314,39.0924146497145
39.99378956992772,38.551589697586564
41.67635608765907,38.07085640680617
41.25571445822624,37.59012311602579
42.157089378439466,40.474522860708106
42.157089378439466,39.99378956992772
42.157089378439466,39.513056279147335
41.67635608765907,41.91672273304927
41.19562279687869,41.43598944226888
40.7148895060983,40.9552561514885
40.294247876665466,40.594706183403204
39.75342292453753,39.99378956992772
39.33278129510469,39.513056279147335
39.99378956992772,39.03232298836694
39.513056279147335,38.67177302028166
39.2125979724096,38.31122305219637
39.75342292453753,37.830489761415976
38.79195634297675,37.3497564706356
38.25113139084882,36.74883985716011
40.474522860708106,36.38828988907482
42.03690605574437,36.869023179855205
41.556172764963975,36.50847321176992
41.07543947418359,37.650214777373336
39.93369790858017,37.2295731479405
40.474522860708106,38.07085640680617
39.99378956992772,38.551589697586564
39.39287295645224,39.33278129510469
39.03232298836694,38.91213966567185
39.03232298836694,39.75342292453753
38.611681358934106,40.11397289262282
38.19103972950127,39.75342292453753
38.611681358934106,39.27268963375714
39.03232298836694,38.67177302028166
39.553117386712366,38.25113139084882
39.15250631106204,38.8520480043243
40.75495061366333,38.37131471354392
40.23415621531791,37.950673084111074
41.43598944226888,37.59012311602579
41.91672273304927,37.2295731479405
41.07543947418359,37.950673084111074
40.594706183403204,37.710306438720885
39.99378956992772,37.3497564706356
39.63323960184243,36.869023179855205
39.33278129510469,36.26810656637973
39.75342292453753,36.02773992098953
41.91672273304927,35.707251060469275
41.31580611957378,35.30663998481895
40.8350728287934,36.869023179855205
40.414431199360564,36.38828988907482
41.91672273304927,37.40984813198314
41.43598944226888,37.830489761415976
40.9552561514885,38.19103972950127
40.474522860708106,38.19103972950127
39.99378956992772,38.8520480043243
39.513056279147335,38.431406374891466
39.15250631106204,39.27268963375714
41.19562279687869,39.99378956992772
40.7148895060983,39.57314794049488
40.23415621531791,39.15250631106204
39.87360624723262,38.67177302028166
41.67635608765907,38.25113139084882
42.03690605574437,39.03232298836694
41.375897780921335,38.91213966567185
40.9552561514885,38.31122305219637
40.35433953801301,37.950673084111074
39.87360624723262,37.3497564706356
39.63323960184243,36.92911484120276
39.27268963375714,36.38828988907482
38.8520480043243,35.787373275599336
38.431406374891466,35.18645666212386
39.03232298836694,34.70572337134347
40.03385067749275,34.22499008056308
39.513056279147335,37.63018422359082
40.75495061366333,37.1093898252454
41.476050549833914,36.628656534465016
42.637822669219844,36.14792324368463
42.157089378439466,35.66718995290424
43.398983712955456,35.18645666212386
44.08002254156101,38.19103972950127
43.59928925078062,38.611681358934106
43.118555960000236,39.0924146497145
42.6979143305674,39.33278129510469
42.157089378439466,39.75342292453753
41.556172764963975,39.03232298836694
41.07543947418359,38.551589697586564
40.35433953801301,38.07085640680617
39.87360624723262,37.59012311602579
39.312750741322176,37.1093898252454
39.99378956992772,36.50847321176992
39.513056279147335,36.14792324368463
39.99378956992772,36.20801490503217
39.03232298836694,36.74883985716011
38.551589697586564,36.628656534465016
38.07085640680617,36.14792324368463
37.650214777373336,35.54700663020914
37.2295731479405,34.825906694038565
37.59012311602579,34.22499008056308
38.07085640680617,33.864440112477794
37.16948148659295,33.263523499002304
37.59012311602579,32.782790208221925
36.628656534465016,32.181873594746435
36.02773992098953,31.58095698127095
35.54700663020914,31.220407013185664
35.06627333942876,31.40068199722831
34.46535672595327,31.821323626661147
33.864440112477794,32.12178193339889
33.6240734670876,31.821323626661147
33.263523499002304,31.340590335880762
32.782790208221925,30.919948706447926
32.30205691744153,30.37912375431999
33.023156853612115,30.018573786234697
32.54242356283173,29.65802381814941
33.56398180574005,29.177290527369024
33.98462343517289,28.69655723658863
33.5038901443925,28.215823945808246
32.902973530917016,27.73509065502786
32.66260688552683,27.314449025595025
32.30205691744153,26.77362407346709
31.70114030396605,26.292890782686705
31.46077365857586,25.69197416921122
31.100223690490566,25.091057555735738
30.61949039971018,24.610324264955345
30.198848770277344,24.18968263552251
29.53784049545431,23.94931599013232
29.297473850064115,23.528674360699476
28.936923881978828,23.16812439261419
28.336007268503344,22.567207779138705
28.095640623113148,21.966291165663222
27.73509065502786,21.485557874882836
27.134174041552377,21.125007906797542
26.533257428076894,21.605741197577935
25.93234081460141,21.00482458410245
25.391515862473476,20.524091293322066
24.85069091034554,20.103449663889222
24.249774296870058,19.562624711761288
24.00940765147987,18.961708098285804
23.648857683394574,18.36079148481032
23.16812439261419,18.240608162115223
22.687391101833803,18.961708098285804
22.32684113374851,19.081891420980902
21.485557874882836,18.721341452895615
20.884641261407353,18.36079148481032
20.28372464793187,17.880058194029935
19.802991357151484,17.39932490324955
19.38234972771864,16.978683273816713
18.961708098285804,16.43785832168878
20.804519046277285,16.077308353603485
20.28372464793187,15.957125030908387
19.802991357151484,15.356208417432903
19.3222580663711,14.75529180395742
21.545649536230385,14.214466851829485
21.966291165663222,13.914008545091747
21.545649536230385,13.433275254311361
20.884641261407353,13.072725286226067
20.403907970626967,12.591991995445682
19.802991357151484,12.171350366012845
19.202074743676,11.63052541388491
18.601158130200517,11.209883784452074
18.12042483942013,11.029608800409427
19.081891420980902,11.149792123104525
18.601158130200517,11.63052541388491
18.000241516725033,
17.519508225944648,
17.038774935164263,
16.43785832168878,
16.077308353603485,
15.476391740128001,
15.115841772042714,
15.055750110695165,
14.995658449347616,
14.394741835872132,
14.154375190481943,
13.793825222396649,
13.313091931616263,
13.012633624878518,
13.072725286226067,
12.471808672750583,
12.111258704665296,
