Y(hoy),Y(ayer)
6.834118262689678,6.436478226117146
6.767844923260924,5.972564850115859
6.569024904974661,5.773744831829596
6.171384868402129,5.773744831829596
4.647098061540753,5.6411981529720805
4.580824722111998,4.978464758684531
4.05063800668195,4.448278043254483
2.5263511998205814,4.05063800668195
2.194984502676803,3.5867246306806635
1.7310711266755163,3.5204512912519093
1.5322511083892465,3.1228112546793767
1.2008844112454682,2.5926245392493286
0.6927888089583405,2.0624378238192946
0.47187767752916443,1.664797787246755
0.20678431981413326,1.2671577506742295
0.07423764095662477,1.2008844112454682
-0.45594907447342337,0.6044243563866729
-0.8535891110459488,0.20678431981413326
-0.8535891110459488,0.20678431981413326
-0.8535891110459488,0.07423764095662477
-0.8535891110459488,-0.45594907447342337
-0.8535891110459488,-0.8535891110459488
-1.5163225053335054,-0.8535891110459488
-0.9861357899034573,-0.8535891110459488
-0.8535891110459488,-0.8535891110459488
-0.5884957533309318,-0.8535891110459488
-0.05830903790088371,-0.8535891110459488
0.20678431981413326,-0.8535891110459488
1.5322511083892465,-0.8535891110459488
3.299540159822719,-1.2512291476184885
2.8577178969643597,-1.7372336367626815
3.5204512912519093,-1.383775826475997
3.6529979701094177,-1.7151425236197753
9.352505160982389,-1.2512291476184885
8.954865124409856,-0.8535891110459488
10.147785234127454,-1.383775826475997
9.750145197554922,-1.913962541906045
21.149159579300857,-1.913962541906045
18.498226002150638,-1.913962541906045
18.100585965578105,-1.5163225053335054
18.630772681008153,-0.9861357899034573
18.100585965578105,-0.8535891110459488
19.73532833815407,-0.8535891110459488
19.160959396438194,-0.8535891110459488
21.01661290044335,-0.8535891110459488
20.4864261850133,-0.8535891110459488
22.342079689018455,-0.7873157716172017
21.811892973588414,-0.1908557167583922
21.41425293701588,0.20678431981413326
23.667546477593568,0.20678431981413326
23.13735976216352,0.7369710352441814
24.993013266168674,1.2671577506742295
24.462826550738633,1.5322511083892465
26.053386697028763,2.0624378238192946
25.523199981598715,2.3275311815343116
27.37885348560387,2.3275311815343116
26.84866677017383,2.7914445575355984
28.174133558748935,3.255357933536885
28.83686695303649,3.6529979701094177
29.234506989609024,4.580824722111998
30.55997377818413,5.6411981529720805
30.02978706275409,6.303931547259637
33.21090735533435,7.099211620404702
32.68072063990431,7.629398335834743
34.006187428479414,8.2921317301223
34.40382746505195,8.822318445552341
36.524574326772125,10.147785234127454
35.86184093248457,9.617598518697413
33.873640749621906,9.219958482124873
33.21090735533435,11.47325202270256
32.74699397933306,11.075611986130028
32.283080603331776,13.328905526707715
31.752893887901728,12.798718811277674
31.28898051190044,15.184559030712869
31.62034720904422,14.786918994140336
32.216807263903014,17.040212534718023
32.15053392447426,16.64257249814549
31.62034720904422,18.23313264443562
31.222707172471686,18.763319359865662
32.54817396104679,19.95623946958326
32.01798724561675,19.558599433010727
33.21090735533435,21.01661290044335
33.47600071304937,20.618972863870816
34.006187428479414,19.82369279072575
33.34345403419186,19.160959396438194
31.885440566759243,19.22723273586695
31.355253851329195,20.221332827298284
30.957613814756662,19.691146111868235
31.090160493614178,21.54679961587339
30.957613814756662,21.01661290044335
31.090160493614178,20.618972863870816
30.096060402182843,22.872266404448496
30.162333741611597,22.342079689018455
29.035686971322754,24.19773319302361
28.969413631894,23.667546477593568
28.43922691646396,23.269906441021035
27.776493522176402,25.258106623883698
27.37885348560387,24.72791990845365
26.84866677017383,26.583573412458804
26.64984675188756,26.053386697028763
25.722019999884985,27.643946843318894
25.65574666045623,27.24630680674636
26.583573412458804,28.306680237606443
26.053386697028763,28.83686695303649
27.643946843318894,29.49960034732404
27.113760127888845,31.090160493614178
26.981213449031337,30.55997377818413
26.716120091316313,30.162333741611597
28.306680237606443,34.006187428479414
27.776493522176402,33.47600071304937
27.776493522176402,32.945813997619325
27.776493522176402,32.415627282189284
28.505500255892713,34.40382746505195
28.041586879891426,35.33165421705452
28.969413631894,34.93401418048199
28.903140292465245,36.39202764791461
28.83686695303649,37.231489947345516
29.278689215894858,36.78966768448714
29.632147026181556,36.126934290199586
30.162333741611597,35.596747574769545
28.903140292465245,34.006187428479414
28.969413631894,33.47600071304937
28.83686695303649,32.945813997619325
30.361153759897867,32.415627282189284
30.825067135899154,31.885440566759243
30.55997377818413,31.48780053018671
30.02978706275409,32.283080603331776
29.632147026181556,32.283080603331776
28.83686695303649,31.885440566759243
31.090160493614178,31.355253851329195
30.55997377818413,31.222707172471686
30.162333741611597,33.07836067647684
29.764693705039065,32.415627282189284
29.49960034732404,33.873640749621906
30.02978706275409,34.40382746505195
30.02978706275409,34.33755412562319
30.02978706275409,33.21090735533435
29.49960034732404,32.01798724561675
28.505500255892713,31.62034720904422
27.90904020103391,30.825067135899154
28.483409142749792,30.294880420469113
27.90904020103391,31.48780053018671
30.162333741611597,30.825067135899154
29.234506989609024,32.15053392447426
28.83686695303649,31.62034720904422
30.361153759897867,31.090160493614178
31.885440566759243,30.42742709932662
31.355253851329195,30.825067135899154
30.825067135899154,30.294880420469113
31.752893887901728,29.632147026181556
31.28898051190044,29.101960310751508
32.15053392447426,28.306680237606443
31.62034720904422,27.710220182747648
32.54817396104679,27.24630680674636
33.2771806947631,26.84866677017383
32.283080603331776,26.185933375886272
32.81326731876182,25.78829333931374
32.945813997619325,26.31848005474378
32.48190062161804,25.987113357600002
33.47600071304937,25.65574666045623
32.945813997619325,26.64984675188756
32.415627282189284,26.583573412458804
40.76606805021247,26.053386697028763
41.03116140792749,25.65574666045623
37.31985439991719,25.65574666045623
36.72339434505839,26.053386697028763
36.657121005629634,26.451026733601296
36.657121005629634,27.37885348560387
36.39202764791461,28.041586879891426
35.72929425362706,28.704320274178976
35.86184093248457,28.83686695303649
39.838241298209894,28.306680237606443
39.44060126163736,28.43922691646396
29.035686971322754,28.83686695303649
28.306680237606443,28.704320274178976
27.776493522176402,28.174133558748935
28.83686695303649,27.776493522176402
27.113760127888845,27.842766861605156
26.716120091316313,28.505500255892713
25.258106623883698,29.764693705039065
24.794193247882404,29.300780329037778
24.0651865141661,29.367053668466532
23.402453119878544,29.764693705039065
20.751519542728325,30.162333741611597
20.287606166727038,29.632147026181556
21.01661290044335,29.101960310751508
20.4864261850133,29.49960034732404
22.07698633130343,29.963513723325335
21.54679961587339,29.764693705039065
21.21543291872961,29.300780329037778
21.01661290044335,29.89724038389658
20.4864261850133,29.764693705039065
20.088786148440768,29.234506989609024
21.01661290044335,29.69842036561031
20.4864261850133,28.969413631894
21.325888484444206,28.83686695303649
22.209533010160946,28.83686695303649
21.679346294730898,28.969413631894
22.342079689018455,29.764693705039065
22.209533010160946,29.234506989609024
21.944439652445922,29.89724038389658
21.41425293701588,30.02978706275409
21.149159579300857,30.361153759897867
23.402453119878544,30.825067135899154
23.33617978044979,31.752893887901728
22.872266404448496,31.222707172471686
22.40835302844721,32.68072063990431
23.402453119878544,33.07836067647684
22.872266404448496,32.54817396104679
22.474626367875963,33.21090735533435
24.0651865141661,33.34345403419186
24.39655321130987,33.47600071304937
24.462826550738633,36.126934290199586
24.330279871881118,35.596747574769545
25.58947332102747,35.19910753819701
26.053386697028763,38.247681151919764
26.583573412458804,37.717494436489716
26.119660036457518,40.898614729069976
25.722019999884985,40.36842801363994
26.362662281029614,39.838241298209894
26.583573412458804,39.44060126163736
26.053386697028763,39.57314794049488
25.65574666045623,38.976687885636075
26.384753394172535,40.898614729069976
25.920840018171248,40.50097469249745
27.24630680674636,39.57314794049488
26.84866677017383,39.17550790392234
26.716120091316313,37.85004111534723
26.716120091316313,37.85004111534723
26.914940109602583,38.31395449134852
27.511400164461378,37.85004111534723
28.21831578503477,38.77786786734981
28.43922691646396,38.247681151919764
27.90904020103391,37.717494436489716
27.776493522176402,37.187307721059675
27.842766861605156,36.92221436334465
28.306680237606443,37.4524010787747
27.776493522176402,36.78966768448714
27.90904020103391,36.126934290199586
28.43922691646396,35.72929425362706
28.505500255892713,35.0665608593395
27.975313540462672,34.536374143909455
27.90904020103391,36.126934290199586
27.37885348560387,35.596747574769545
27.202124580460527,35.0665608593395
26.782393430745074,37.98258779420474
26.64984675188756,37.58494775763221
26.583573412458804,40.898614729069976
25.920840018171248,40.43470135306869
25.65574666045623,39.838241298209894
25.65574666045623,39.44060126163736
25.58947332102747,40.36842801363994
25.523199981598715,39.308054582779846
25.05928660559743,38.247681151919764
24.330279871881118,36.657121005629634
23.800093156451076,36.126934290199586
24.19773319302361,34.80146750162448
23.667546477593568,34.27128078619444
23.932639835308585,33.21090735533435
23.402453119878544,32.01798724561675
22.739719725590987,31.48780053018671
22.07698633130343,30.55997377818413
21.613072955302144,29.234506989609024
21.149159579300857,28.505500255892713
20.751519542728325,27.90904020103391
19.691146111868235,27.37885348560387
19.160959396438194,26.84866677017383
18.89586603872317,26.31848005474378
18.23313264443562,25.390653302741207
17.702945929005573,24.993013266168674
16.775119177003,24.529099890167387
18.674954907293987,23.932639835308585
18.100585965578105,23.402453119878544
18.89586603872317,22.07698633130343
18.36567932329313,21.54679961587339
14.65437231528282,21.149159579300857
14.12418559985278,21.54679961587339
13.593998884422739,23.00481308330601
12.798718811277674,22.342079689018455
12.33480543527638,22.872266404448496
11.937165398703847,22.40835302844721
11.340705343845052,22.209533010160946
10.677971949557495,22.209533010160946
10.214058573556208,22.2758063495897
10.280331912984963,22.60717304673348
,23.269906441021035
,23.402453119878544
,23.00481308330601
,22.40835302844721
,21.944439652445922
,21.54679961587339
,22.209533010160946
,22.60717304673348
,24.330279871881118
,23.667546477593568
,24.330279871881118
,23.733819817022322
,23.534999798736052
,24.0651865141661
,24.59537322959614
,25.125559945026183
,25.58947332102747
,24.993013266168674
,24.59537322959614
,24.72791990845365
,25.920840018171248
,26.31848005474378
,26.84866677017383
,27.643946843318894
,27.24630680674636
,27.113760127888845
,26.716120091316313
,28.24040689817769
,27.643946843318894
,28.571773595321467
,27.975313540462672
,27.511400164461378
,27.04748678846009
,27.643946843318894
,27.776493522176402
,27.37885348560387
,26.451026733601296
,26.053386697028763
,25.65574666045623
,26.31848005474378
,27.113760127888845
,27.975313540462672
,27.511400164461378
,28.43922691646396
,28.83686695303649
,28.83686695303649
,29.035686971322754
,29.632147026181556
,29.49960034732404
,29.035686971322754
,28.704320274178976
,28.041586879891426
,27.24630680674636
,26.84866677017383
,27.24630680674636
,28.24040689817769
,28.770593613607737
,28.83686695303649
,28.704320274178976
,28.174133558748935
,27.643946843318894
,27.113760127888845
,27.776493522176402
,27.643946843318894
,27.113760127888845
,26.716120091316313
,26.053386697028763
,25.390653302741207
,24.661646569024896
,24.59537322959614
,24.529099890167387
,24.19773319302361
,23.733819817022322
,23.203633101592274
,22.872266404448496
,22.40835302844721
,21.944439652445922
,21.54679961587339
,21.149159579300857
,20.618972863870816
,20.088786148440768
,20.088786148440768
,19.558599433010727
,18.763319359865662
,18.100585965578105
,17.702945929005573
,17.040212534718023
,17.437852571290556
,17.901765947291842
,17.968039286720597
,17.437852571290556
,16.775119177003
,16.112385782715442
,15.582199067285401
,14.919465672997845
,14.389278957567804
,13.859092242137756
,13.328905526707715
,12.798718811277674
,12.268532095847625
,11.738345380417584
,11.208158664987543
,10.74424528898625
,10.214058573556208
,9.485051839839898
,9.617598518697413
