Y(hoy),Y(ayer)
6.834118262689678,5.773744831829596
6.834118262689678,6.171384868402129
6.569024904974661,6.70157158383217
5.906291510687105,6.569024904974661
5.773744831829596,6.038838189544613
5.508651474114572,5.3761047952570635
5.1110114375420395,4.890100306112849
5.6411981529720805,5.6411981529720805
5.1110114375420395,5.508651474114572
4.448278043254483,4.978464758684531
4.05063800668195,4.315731364396974
3.608815743823584,3.6529979701094177
4.580824722111998,3.3879046123944008
4.05063800668195,2.8577178969643597
4.05063800668195,2.5926245392493286
3.5204512912519093,3.255357933536885
2.923991236393107,2.8577178969643597
2.46007786039182,2.725171218106837
1.2671577506742295,2.3275311815343116
0.20678431981413326,2.3275311815343116
0.20678431981413326,1.7973444661042635
0.20678431981413326,1.2671577506742295
0.07423764095662477,1.2671577506742295
-0.5222224139021705,1.2671577506742295
-0.8535891110459488,0.7369710352441814
-0.8535891110459488,0.20678431981413326
-0.8535891110459488,0.20678431981413326
-0.8535891110459488,-0.1908557167583922
-0.8535891110459488,-0.654769092759679
-0.8535891110459488,-0.8535891110459488
-0.8535891110459488,-0.8535891110459488
-0.8535891110459488,-0.8535891110459488
-0.8535891110459488,-0.8535891110459488
-0.9861357899034573,-0.8535891110459488
-1.5163225053335054,-0.8535891110459488
-0.9861357899034573,-1.648869184191014
-1.5163225053335054,-1.2512291476184885
-0.8535891110459488,-1.648869184191014
-0.8535891110459488,-1.8476892024772837
-0.8535891110459488,-1.913962541906045
-0.8535891110459488,-1.913962541906045
-0.8535891110459488,-1.913962541906045
-0.8535891110459488,-1.913962541906045
-0.8535891110459488,-1.913962541906045
-0.8535891110459488,-1.913962541906045
-0.5884957533309318,-1.913962541906045
-0.05830903790088371,-1.913962541906045
0.20678431981413326,-1.913962541906045
0.7369710352441814,-1.913962541906045
2.23916672896263,-1.913962541906045
1.664797787246755,-1.913962541906045
2.46007786039182,-1.913962541906045
2.3275311815343116,-1.913962541906045
2.769353444392678,-1.913962541906045
5.707471492400835,-1.7814158630485224
6.171384868402129,-1.2512291476184885
6.966664941547194,-1.7372336367626815
6.569024904974661,-0.9861357899034573
18.829592699294416,-0.8535891110459488
18.630772681008153,-0.8535891110459488
18.100585965578105,-0.8535891110459488
17.570399250148064,-0.7210424321884403
16.775119177003,0.07423764095662477
18.89586603872317,0.20678431981413326
18.36567932329313,0.8695177141016899
22.07698633130343,1.2671577506742295
23.13735976216352,1.2671577506742295
22.739719725590987,2.0624378238192946
24.19773319302361,1.5322511083892465
23.667546477593568,2.990264575821868
25.258106623883698,3.3879046123944008
30.02978706275409,3.918091327824442
29.632147026181556,4.448278043254483
32.415627282189284,5.1110114375420395
31.885440566759243,5.906291510687105
34.80146750162448,6.436478226117146
34.40382746505195,7.099211620404702
35.6630209141983,7.629398335834743
35.19910753819701,8.2921317301223
36.126934290199586,8.954865124409856
35.79556759305581,10.147785234127454
35.33165421705452,9.750145197554922
34.80146750162448,11.208158664987543
34.40382746505195,12.53362545356265
32.945813997619325,13.859092242137756
32.415627282189284,15.184559030712869
32.01798724561675,14.786918994140336
30.825067135899154,16.775119177003
30.294880420469113,16.244932461572958
29.83096704446782,18.630772681008153
29.300780329037778,18.100585965578105
28.903140292465245,19.42605275415322
29.278689215894858,19.82369279072575
28.83686695303649,19.293506075295703
29.89724038389658,18.89586603872317
30.957613814756662,18.498226002150638
30.42742709932662,18.100585965578105
29.89724038389658,17.570399250148064
29.234506989609024,17.17275921357553
28.83686695303649,16.377479140430466
30.957613814756662,15.847292425000418
30.294880420469113,17.30530589243304
29.764693705039065,16.775119177003
31.62034720904422,16.244932461572958
33.34345403419186,19.160959396438194
32.74699397933306,18.630772681008153
33.21090735533435,20.221332827298284
32.34935394276053,19.82369279072575
34.050369654765255,21.41425293701588
35.33165421705452,21.944439652445922
34.735194162195725,22.872266404448496
33.74109407076439,22.342079689018455
33.21090735533435,24.462826550738633
32.68072063990431,23.932639835308585
32.283080603331776,25.523199981598715
31.885440566759243,25.125559945026183
30.957613814756662,26.451026733601296
30.55997377818413,27.24630680674636
30.02978706275409,28.174133558748935
29.565873686752802,30.55997377818413
28.969413631894,30.02978706275409
28.903140292465245,29.632147026181556
29.367053668466532,32.68072063990431
30.02978706275409,32.15053392447426
30.957613814756662,31.62034720904422
30.294880420469113,35.33165421705452
29.764693705039065,34.80146750162448
29.101960310751508,34.27128078619444
28.83686695303649,36.2594809690571
28.43922691646396,35.72929425362706
28.770593613607737,36.78966768448714
29.234506989609024,36.78966768448714
27.90904020103391,36.39202764791461
27.511400164461378,35.86184093248457
27.776493522176402,35.33165421705452
27.643946843318894,34.93401418048199
27.04748678846009,34.27128078619444
26.716120091316313,33.74109407076439
26.84866677017383,33.21090735533435
27.37885348560387,32.68072063990431
28.041586879891426,32.15053392447426
28.704320274178976,31.752893887901728
28.10786021932018,31.156433833042932
28.571773595321467,30.825067135899154
27.688129069604727,30.294880420469113
27.113760127888845,30.55997377818413
29.89724038389658,30.162333741611597
29.367053668466532,31.885440566759243
28.83686695303649,31.48780053018671
28.43922691646396,31.48780053018671
28.041586879891426,32.283080603331776
28.704320274178976,32.81326731876182
28.041586879891426,33.80736741019315
27.776493522176402,34.27128078619444
28.483409142749792,36.39202764791461
27.90904020103391,35.86184093248457
29.764693705039065,35.33165421705452
29.16823365018027,34.93401418048199
29.49960034732404,37.4524010787747
28.969413631894,36.92221436334465
28.43922691646396,36.39202764791461
27.90904020103391,35.86184093248457
29.49960034732404,35.33165421705452
29.035686971322754,34.80146750162448
30.02978706275409,33.873640749621906
30.02978706275409,33.21090735533435
30.02978706275409,32.81326731876182
30.869249362184988,32.415627282189284
30.294880420469113,31.885440566759243
31.090160493614178,31.355253851329195
30.7587937964704,30.957613814756662
30.294880420469113,30.361153759897867
31.156433833042932,29.89724038389658
32.15053392447426,29.49960034732404
31.62034720904422,30.825067135899154
31.222707172471686,30.294880420469113
30.825067135899154,30.02978706275409
30.294880420469113,29.234506989609024
31.48780053018671,28.571773595321467
30.957613814756662,27.842766861605156
32.15053392447426,27.776493522176402
31.62034720904422,28.969413631894
31.090160493614178,28.43922691646396
30.55997377818413,30.825067135899154
30.02978706275409,30.294880420469113
32.15053392447426,29.764693705039065
32.74699397933306,29.234506989609024
32.283080603331776,28.83686695303649
33.21090735533435,28.43922691646396
32.68072063990431,27.90904020103391
32.283080603331776,27.511400164461378
33.21090735533435,26.981213449031337
32.68072063990431,27.37885348560387
32.945813997619325,26.84866677017383
32.415627282189284,26.185933375886272
31.885440566759243,25.523199981598715
31.355253851329195,24.993013266168674
32.15053392447426,24.59537322959614
31.62034720904422,25.523199981598715
32.15053392447426,25.125559945026183
31.62034720904422,26.384753394172535
31.156433833042932,25.920840018171248
32.216807263903014,26.053386697028763
34.27128078619444,25.523199981598715
33.74109407076439,25.05928660559743
33.21090735533435,24.59537322959614
32.74699397933306,25.05928660559743
33.47600071304937,25.58947332102747
32.945813997619325,25.854566678742493
32.415627282189284,26.31848005474378
34.580556370195296,26.981213449031337
34.006187428479414,27.423035711889703
33.47600071304937,27.113760127888845
35.33165421705452,26.716120091316313
34.80146750162448,26.31848005474378
35.33165421705452,25.854566678742493
34.27128078619444,26.31848005474378
33.74109407076439,25.920840018171248
33.40972737362062,27.180033467317607
34.580556370195296,26.716120091316313
34.006187428479414,27.643946843318894
33.47600071304937,27.180033467317607
35.464200895912036,26.716120091316313
35.596747574769545,27.643946843318894
35.596747574769545,27.113760127888845
36.126934290199586,28.704320274178976
35.596747574769545,28.174133558748935
36.657121005629634,27.511400164461378
37.4524010787747,26.981213449031337
36.92221436334465,28.770593613607737
36.524574326772125,28.174133558748935
41.428801444500024,27.643946843318894
43.019361590790155,28.83686695303649
42.42290153593136,28.83686695303649
42.75426823307514,29.367053668466532
42.157808178216335,30.294880420469113
43.15190826964766,30.825067135899154
42.62172155421762,30.294880420469113
42.3566281965026,29.632147026181556
41.82644148107256,29.101960310751508
41.296254765642516,29.49960034732404
40.63352137135496,29.963513723325335
40.10333465592491,29.764693705039065
39.308054582779846,29.101960310751508
38.51277450963478,28.83686695303649
38.115134473062255,28.43922691646396
37.717494436489716,28.041586879891426
37.25358106048843,29.764693705039065
36.72339434505839,29.234506989609024
37.25358106048843,32.15053392447426
37.717494436489716,31.48780053018671
39.308054582779846,31.222707172471686
38.77786786734981,30.825067135899154
38.38022783077727,30.361153759897867
39.838241298209894,29.632147026181556
38.247681151919764,29.16823365018027
37.717494436489716,29.89724038389658
37.31985439991719,30.162333741611597
36.92221436334465,30.604156004469964
36.39202764791461,30.294880420469113
35.72929425362706,29.764693705039065
35.19910753819701,29.234506989609024
34.66892082276697,29.89724038389658
34.006187428479414,29.367053668466532
33.47600071304937,30.02978706275409
33.07836067647684,29.565873686752802
32.15053392447426,28.969413631894
31.752893887901728,28.306680237606443
29.632147026181556,27.776493522176402
29.101960310751508,31.090160493614178
28.969413631894,30.55997377818413
28.571773595321467,30.02978706275409
21.149159579300857,29.49960034732404
20.884066221585833,29.101960310751508
20.088786148440768,32.15053392447426
19.95623946958326,31.62034720904422
19.492326093581973,31.090160493614178
19.09468605700944,30.55997377818413
19.73532833815407,30.096060402182843
19.95623946958326,30.096060402182843
19.42605275415322,30.604156004469964
19.028412717580686,30.294880420469113
19.757419451296997,29.764693705039065
19.293506075295703,29.234506989609024
20.618972863870816,30.957613814756662
21.74561963415966,30.294880420469113
21.281706258158366,29.89724038389658
20.81779288215708,31.686620548472973
20.221332827298284,32.15053392447426
20.088786148440768,32.68072063990431
19.889966130154505,33.2771806947631
19.42605275415322,33.21090735533435
19.028412717580686,32.68072063990431
20.221332827298284,32.283080603331776
21.347979597587127,33.2771806947631
20.751519542728325,34.27128078619444
19.82369279072575,33.80736741019315
21.811892973588414,35.0665608593395
21.347979597587127,34.536374143909455
21.811892973588414,34.006187428479414
21.944439652445922,33.47600071304937
21.41425293701588,37.4524010787747
21.149159579300857,36.92221436334465
22.07698633130343,36.39202764791461
21.679346294730898,35.86184093248457
21.811892973588414,40.23588133478243
21.21543291872961,39.705694619352386
22.209533010160946,41.49507478392878
21.679346294730898,41.95898815993007
21.21543291872961,41.428801444500024
21.856075199874248,40.96488806849874
22.872266404448496,40.567248031926205
22.342079689018455,40.10333465592491
23.269906441021035,39.44060126163736
22.60717304673348,38.77786786734981
23.13735976216352,38.247681151919764
22.209533010160946,37.85004111534723
24.19773319302361,38.91041454620732
23.667546477593568,39.44060126163736
22.60717304673348,38.77786786734981
24.462826550738633,38.247681151919764
23.932639835308585,37.85004111534723
23.468726459307298,37.4524010787747
23.99891317473734,36.98848770277341
24.462826550738633,36.39202764791461
24.462826550738633,35.72929425362706
25.05928660559743,35.464200895912036
24.59537322959614,36.126934290199586
25.523199981598715,35.596747574769545
25.832475565599573,37.187307721059675
26.583573412458804,36.657121005629634
26.252206715315026,40.23588133478243
25.832475565599573,39.57314794049488
26.583573412458804,39.04296122506483
26.185933375886272,38.6453211884923
26.782393430745074,43.019361590790155
27.423035711889703,42.48917487536011
26.84866677017383,41.95898815993007
28.704320274178976,41.428801444500024
28.174133558748935,40.898614729069976
27.643946843318894,41.428801444500024
27.113760127888845,40.898614729069976
26.451026733601296,40.36842801363994
25.78829333931374,39.838241298209894
25.258106623883698,39.44060126163736
24.72791990845365,38.77786786734981
26.362662281029614,38.247681151919764
27.643946843318894,37.4524010787747
27.113760127888845,36.92221436334465
27.643946843318894,36.524574326772125
27.113760127888845,36.126934290199586
26.583573412458804,35.596747574769545
25.920840018171248,35.0665608593395
25.65574666045623,34.536374143909455
27.643946843318894,34.006187428479414
27.113760127888845,33.60854739190688
26.583573412458804,32.68072063990431
26.981213449031337,32.15053392447426
26.716120091316313,31.62034720904422
26.716120091316313,30.096060402182843
27.445126825032624,29.764693705039065
27.37885348560387,29.234506989609024
26.84866677017383,28.704320274178976
26.31848005474378,28.306680237606443
25.854566678742493,26.84866677017383
26.384753394172535,26.31848005474378
25.78829333931374,25.920840018171248
26.384753394172535,25.125559945026183
26.053386697028763,24.59537322959614
25.65574666045623,23.932639835308585
26.716120091316313,23.13735976216352
26.185933375886272,22.07698633130343
27.643946843318894,21.679346294730898
27.113760127888845,21.149159579300857
26.716120091316313,20.751519542728325
28.770593613607737,20.353879506155792
28.306680237606443,20.751519542728325
27.511400164461378,21.613072955302144
27.113760127888845,21.149159579300857
26.583573412458804,22.07698633130343
25.920840018171248,21.54679961587339
25.65574666045623,21.082886239872103
27.113760127888845,20.4864261850133
27.710220182747648,20.088786148440768
28.24040689817769,20.884066221585833
28.83686695303649,20.287606166727038
28.83686695303649,20.088786148440768
28.306680237606443,21.01661290044335
27.511400164461378,20.4864261850133
26.981213449031337,22.143259670732192
26.583573412458804,21.679346294730898
26.053386697028763,22.209533010160946
25.258106623883698,21.679346294730898
24.72791990845365,21.149159579300857
24.264006532452363,21.149159579300857
23.667546477593568,20.751519542728325
24.462826550738633,20.353879506155792
24.0651865141661,20.751519542728325
24.462826550738633,21.811892973588414
23.800093156451076,21.281706258158366
23.269906441021035,23.13735976216352
22.60717304673348,22.673446386162233
21.944439652445922,22.209533010160946
21.41425293701588,22.342079689018455
21.01661290044335,21.679346294730898
20.4864261850133,21.41425293701588
19.95623946958326,22.07698633130343
19.293506075295703,22.60717304673348
19.028412717580686,23.203633101592274
18.962139378151925,23.667546477593568
18.89586603872317,24.19773319302361
18.431952662721883,23.711728703879402
17.901765947291842,24.0651865141661
17.835492607863088,23.534999798736052
17.17275921357553,23.534999798736052
16.510025819287975,25.832475565599573
15.847292425000418,25.258106623883698
15.582199067285401,24.72791990845365
15.052012351855353,24.19773319302361
14.521825636425312,27.511400164461378
13.726545563280247,26.981213449031337
13.461452205565223,26.451026733601296
13.06381216899269,26.31848005474378
12.599898792991404,25.854566678742493
12.069712077561363,26.583573412458804
13.06381216899269,26.053386697028763
12.401078774705141,25.58947332102747
11.605798701560076,25.125559945026183
13.328905526707715,24.772102134739484
12.798718811277674,26.185933375886272
12.268532095847625,25.523199981598715
11.738345380417584,27.423035711889703
11.208158664987543,26.84866677017383
10.74424528898625,27.776493522176402
10.147785234127454,28.174133558748935
9.617598518697413,28.770593613607737
8.557225087837324,28.903140292465245
8.027038372407276,28.704320274178976
9.352505160982389,28.041586879891426
8.822318445552341,27.37885348560387
,26.84866677017383
,28.770593613607737
,28.174133558748935
,27.776493522176402
,28.83686695303649
,29.234506989609024
,29.764693705039065
,29.234506989609024
,28.43922691646396
,27.776493522176402
,27.24630680674636
,26.981213449031337
,29.89724038389658
,29.234506989609024
,28.704320274178976
,29.764693705039065
,29.300780329037778
,28.704320274178976
,28.174133558748935
,27.776493522176402
,28.770593613607737
,28.306680237606443
,28.83686695303649
,28.43922691646396
,27.90904020103391
,27.445126825032624
,26.981213449031337
,27.643946843318894
,27.710220182747648
,27.37885348560387
,26.84866677017383
,26.716120091316313
,26.84866677017383
,27.445126825032624
,27.975313540462672
,28.571773595321467
,28.174133558748935
,27.776493522176402
,27.37885348560387
,26.84866677017383
,25.78829333931374
,26.31848005474378
,26.053386697028763
,25.65574666045623
,26.64984675188756
,27.643946843318894
,27.180033467317607
,26.84866677017383
,26.384753394172535
,25.854566678742493
,25.390653302741207
,24.72791990845365
,24.19773319302361
,23.667546477593568
,23.269906441021035
,22.872266404448496
,22.342079689018455
,21.811892973588414
,21.41425293701588
,21.944439652445922
,21.347979597587127
,20.618972863870816
,20.353879506155792
,19.95623946958326
,19.293506075295703
,18.498226002150638
,17.968039286720597
,17.570399250148064
,17.106485874146777
,16.57629915871673
,16.112385782715442
,15.648472406714156
,15.648472406714156
,15.979839103857934
,16.377479140430466
,15.71474574614291
,15.250832370141623
,14.65437231528282
,14.190458939281534
,13.726545563280247
,13.328905526707715
,12.798718811277674
,12.401078774705141
,12.003438738132608
,11.47325202270256
,11.208158664987543
,10.677971949557495
,10.214058573556208
,9.617598518697413
,9.15368514269612
,8.557225087837324
,8.159585051264791
,10.015238555269946
,9.485051839839898
,10.015238555269946
,9.485051839839898
