Y(hoy),Y(ayer)
15.115841772042714,14.154375190481943
15.53648340147555,14.57501681991478
16.077308353603485,14.995658449347616
16.37776666034123,15.476391740128001
16.918591612469164,16.017216692255936
16.49794998303632,16.077308353603485
16.798408289774066,16.077308353603485
16.43785832168878,15.716758385518197
16.918591612469164,15.236025094737812
16.43785832168878,14.635108481262328
15.836941708213295,14.034191867786845
15.296116756085361,13.433275254311361
14.995658449347616,12.71217531814078
14.57501681991478,12.171350366012845
14.034191867786845,11.991075381970198
13.433275254311361,11.450250429842264
12.832358640835878,10.969517139061878
12.411717011403042,10.66905883232414
11.750708736580009,10.308508864238846
11.390158768494715,9.947958896153558
11.149792123104525,9.527317266720715
11.029608800409427,9.106675637287879
10.66905883232414,8.746125669202591
10.308508864238846,8.325484039769755
10.068142218848656,8.86630899189769
9.947958896153558,8.505759023812395
9.347042282678075,8.145209055727108
9.106675637287879,7.784659087641813
8.625942346507493,7.303925796861428
8.205300717074657,6.883284167428592
8.02502573303201,6.402550876648206
7.724567426294271,6.8231925060810426
7.303925796861428,6.462642537995755
7.063559151471239,6.582825860690853
7.123650812818788,6.16218423125801
7.364017458208977,6.222275892605559
7.824720195206844,6.582825860690853
7.784659087641813,6.943375828776141
7.303925796861428,6.8231925060810426
7.00346749012369,6.402550876648206
7.063559151471239,6.102092569910461
6.582825860690853,5.98190924721537
6.102092569910461,5.380992633739886
5.98190924721537,5.020442665654592
5.741542601825174,4.659892697569305
5.260809311044788,4.239251068136468
5.14062598834969,4.058976084093821
5.14062598834969,4.058976084093821
5.020442665654592,3.818609438703625
4.780076020264403,3.2777844865756904
4.29934272948401,3.0975095025330504
4.11906774544137,3.0975095025330504
4.058976084093821,3.0975095025330504
3.938792761398723,2.857142857142854
3.4580594706183376,2.496592889057567
3.938792761398723,2.1360429209722724
3.5181511319658867,2.496592889057567
3.3378761479232395,2.9773261798379522
3.0975095025330504,2.857142857142854
3.0975095025330504,2.3764095663624687
2.1360429209722724,2.797051195795305
2.2562262436673706,2.1360429209722724
2.7770206420127863,2.1360429209722724
2.9773261798379522,2.1360429209722724
2.676867873100207,2.1360429209722724
2.296287351232401,2.1360429209722724
2.797051195795305,2.1360429209722724
2.3764095663624687,2.1360429209722724
3.0975095025330504,2.1360429209722724
3.0975095025330504,2.1360429209722724
3.0975095025330504,2.1360429209722724
3.0975095025330504,2.1360429209722724
3.1576011638805923,2.1360429209722724
3.5181511319658867,2.1360429209722724
3.0975095025330504,2.1961345823198215
3.938792761398723,2.736959534447756
4.058976084093821,3.0975095025330504
4.058976084093821,3.4580594706183376
4.058976084093821,3.998884422746272
4.11906774544137,3.818609438703625
4.719984358916854,3.2176928252281414
4.179159406788919,3.0975095025330504
5.14062598834969,3.2176928252281414
5.14062598834969,3.818609438703625
5.14062598834969,4.058976084093821
5.681450940477625,4.058976084093821
5.14062598834969,4.239251068136468
6.102092569910461,4.780076020264403
6.102092569910461,5.020442665654592
6.582825860690853,5.441084295087435
6.102092569910461,5.861725924520272
7.063559151471239,6.703009183385944
6.462642537995755,6.222275892605559
5.861725924520272,6.8231925060810426
5.380992633739886,6.402550876648206
5.98190924721537,6.102092569910461
5.380992633739886,6.102092569910461
6.102092569910461,6.102092569910461
6.102092569910461,6.342459215300657
6.102092569910461,6.943375828776141
6.582825860690853,7.183742474166337
6.102092569910461,7.664475764946722
7.063559151471239,8.145209055727108
7.063559151471239,8.205300717074657
7.364017458208977,8.746125669202591
6.943375828776141,9.527317266720715
7.9048424103369115,9.106675637287879
8.145209055727108,10.008050557501107
8.265392378422206,10.068142218848656
8.86630899189769,10.068142218848656
8.98649231459278,9.947958896153558
8.686034007855042,9.527317266720715
8.265392378422206,9.166767298635428
8.265392378422206,9.767683912110911
8.746125669202591,9.347042282678075
9.347042282678075,10.188325541543747
9.947958896153558,10.969517139061878
10.068142218848656,10.548875509629042
10.068142218848656,11.450250429842264
10.068142218848656,11.991075381970198
10.128233880196198,12.231442027360394
10.488783848281493,12.591991995445682
10.068142218848656,13.373183592963812
11.029608800409427,12.952541963530976
11.149792123104525,13.853916883744198
11.450250429842264,14.274558513177034
11.029608800409427,15.055750110695165
11.8708920592751,14.635108481262328
11.63052541388491,15.476391740128001
11.149792123104525,15.836941708213295
12.111258704665296,15.296116756085361
11.750708736580009,15.716758385518197
12.111258704665296,15.356208417432903
12.591991995445682,16.49794998303632
12.111258704665296,16.077308353603485
13.072725286226067,16.918591612469164
13.313091931616263,16.49794998303632
12.952541963530976,16.077308353603485
13.793825222396649,17.4594165645971
14.394741835872132,16.918591612469164
14.995658449347616,16.43785832168878
15.115841772042714,18.000241516725033
14.995658449347616,18.12042483942013
14.51492515856723,18.36079148481032
14.154375190481943,18.841524775590706
14.995658449347616,19.202074743676
14.51492515856723,19.923174679846582
14.154375190481943,19.44244138906619
15.53648340147555,20.16354132523677
15.957125030908387,21.06491624545
16.47791942925381,20.524091293322066
16.077308353603485,21.966291165663222
17.639691548639746,21.485557874882836
17.219049919206903,22.727452209398834
18.12042483942013,22.32684113374851
18.12042483942013,22.687391101833803
18.12042483942013,22.206657811053418
18.881585883155736,21.605741197577935
18.36079148481032,21.125007906797542
19.081891420980902,21.00482458410245
19.081891420980902,20.584182954669608
19.081891420980902,20.16354132523677
18.601158130200517,20.524091293322066
18.12042483942013,21.06491624545
19.802991357151484,21.125007906797542
19.3222580663711,22.02638282701077
18.841524775590706,21.485557874882836
18.36079148481032,21.125007906797542
20.043358002541673,22.98784940857154
19.742899695803935,22.447024456443607
19.36231917393613,23.04794106991909
20.524091293322066,22.8075744245289
20.103449663889222,22.28678002618348
21.00482458410245,22.98784940857154
21.00482458410245,22.567207779138705
20.584182954669608,23.04794106991909
20.103449663889222,23.468582699351927
19.742899695803935,23.04794106991909
19.3222580663711,23.94931599013232
20.3237857554969,24.12959097417496
19.802991357151484,24.430049280912705
21.00482458410245,24.00940765147987
20.403907970626967,25.451607523821025
20.16354132523677,24.85069091034554
20.28372464793187,25.93234081460141
20.804519046277285,25.391515862473476
21.00482458410245,25.812157491906312
20.524091293322066,26.593349089424443
20.16354132523677,26.172707459991607
21.00482458410245,27.07408238020483
20.524091293322066,27.314449025595025
21.125007906797542,27.73509065502786
21.06491624545,28.095640623113148
21.00482458410245,28.456190591198443
20.524091293322066,28.936923881978828
19.923174679846582,28.57637391389354
19.44244138906619,28.215823945808246
19.202074743676,27.79518231637541
20.043358002541673,27.314449025595025
19.562624711761288,27.134174041552377
20.16354132523677,27.134174041552377
20.16354132523677,27.49472400963767
20.16354132523677,28.035548961765606
20.103449663889222,27.85527397772296
20.043358002541673,27.254357364247475
19.562624711761288,27.134174041552377
19.202074743676,27.314449025595025
19.923174679846582,27.85527397772296
20.524091293322066,27.73509065502786
21.00482458410245,27.254357364247475
20.584182954669608,27.134174041552377
20.043358002541673,27.134174041552377
19.44244138906619,26.77362407346709
18.901616436938255,26.352982444034247
18.36079148481032,26.81368518103212
18.060333178072582,26.413074105381796
18.12042483942013,26.533257428076894
17.639691548639746,26.172707459991607
17.038774935164263,27.07408238020483
16.49794998303632,26.653440750771992
16.137400014951034,26.893807396162188
15.957125030908387,26.292890782686705
15.356208417432903,26.172707459991607
15.115841772042714,26.593349089424443
14.635108481262328,26.893807396162188
14.214466851829485,26.352982444034247
14.79535291152245,26.112615798644057
14.995658449347616,25.631882507863672
14.394741835872132,25.21124087843083
14.034191867786845,25.21124087843083
13.613550238354001,25.21124087843083
13.072725286226067,25.391515862473476
12.471808672750583,25.812157491906312
11.930983720622649,25.571790846516123
11.390158768494715,25.21124087843083
11.089700461756976,24.85069091034554
11.450250429842264,24.430049280912705
11.029608800409427,24.00940765147987
11.991075381970198,23.408491038004385
12.231442027360394,22.98784940857154
12.832358640835878,22.447024456443607
12.832358640835878,21.966291165663222
12.231442027360394,21.36537455218774
11.69061707523246,21.125007906797542
11.149792123104525,21.00482458410245
11.63052541388491,20.584182954669608
12.231442027360394,19.923174679846582
12.832358640835878,19.682808034456386
13.072725286226067,19.3222580663711
13.072725286226067,18.961708098285804
13.072725286226067,18.601158130200517
13.072725286226067,18.18051650076768
13.072725286226067,18.000241516725033
13.55345857700646,17.4594165645971
13.192908608921165,17.038774935164263
14.034191867786845,17.038774935164263
14.154375190481943,16.978683273816713
14.334650174524583,16.49794998303632
14.815383465304969,16.077308353603485
15.175933433390263,15.716758385518197
16.017216692255936,15.296116756085361
16.077308353603485,15.115841772042714
16.077308353603485,15.115841772042714
16.137400014951034,14.75529180395742
16.718286074644,14.214466851829485
16.197491676298583,13.914008545091747
17.158958257859354,13.313091931616263
17.158958257859354,13.132816947573616
17.158958257859354,13.613550238354001
17.639691548639746,13.914008545091747
18.12042483942013,13.373183592963812
18.36079148481032,13.914008545091747
18.000241516725033,13.433275254311361
18.961708098285804,14.154375190481943
19.081891420980902,14.154375190481943
18.601158130200517,14.154375190481943
18.18051650076768,14.154375190481943
18.661249791548066,14.635108481262328
19.081891420980902,14.154375190481943
19.081891420980902,15.115841772042714
19.081891420980902,15.115841772042714
19.121952528545933,15.115841772042714
19.923174679846582,15.115841772042714
19.3222580663711,15.115841772042714
20.524091293322066,15.836941708213295
21.00482458410245,15.476391740128001
21.24519122949264,15.115841772042714
21.765985627838056,15.716758385518197
21.966291165663222,15.175933433390263
21.485557874882836,15.115841772042714
21.125007906797542,15.115841772042714
21.966291165663222,15.476391740128001
21.485557874882836,16.017216692255936
22.507116117791156,16.077308353603485
23.04794106991909,16.077308353603485
23.408491038004385,16.077308353603485
23.04794106991909,16.137400014951034
24.85069091034554,16.798408289774066
24.309865958217607,16.31767499899368
23.88922432878477,16.43785832168878
24.730507587650443,16.137400014951034
24.249774296870058,16.798408289774066
25.091057555735738,16.31767499899368
24.610324264955345,16.978683273816713
25.091057555735738,16.55804164438387
24.610324264955345,16.31767499899368
24.18968263552251,16.918591612469164
24.97087423304064,17.759874871334837
24.369957619565156,17.27914158055445
25.331424201125927,18.000241516725033
24.97087423304064,17.639691548639746
26.332951890251735,17.27914158055445
25.812157491906312,18.961708098285804
27.01399071885728,18.36079148481032
27.07408238020483,18.000241516725033
26.893807396162188,19.202074743676
26.653440750771992,19.38234972771864
26.292890782686705,19.802991357151484
26.292890782686705,20.584182954669608
26.77362407346709,20.16354132523677
26.77362407346709,21.00482458410245
26.292890782686705,20.584182954669608
25.69197416921122,20.16354132523677
25.451607523821025,21.545649536230385
25.21124087843083,21.00482458410245
24.00940765147987,20.524091293322066
23.88922432878477,22.02638282701077
23.288307715309287,22.98784940857154
23.04794106991909,22.447024456443607
23.04794106991909,23.88922432878477
22.8075744245289,23.408491038004385
22.447024456443607,22.98784940857154
21.966291165663222,22.447024456443607
21.36537455218774,22.08647448835832
21.00482458410245,22.08647448835832
20.584182954669608,22.507116117791156
20.22363298658432,22.08647448835832
20.103449663889222,22.927757747223993
19.923174679846582,23.408491038004385
19.682808034456386,24.00940765147987
19.36231917393613,24.12959097417496
20.043358002541673,24.12959097417496
19.562624711761288,24.12959097417496
19.562624711761288,24.610324264955345
18.961708098285804,24.249774296870058
18.721341452895615,25.091057555735738
18.36079148481032,24.730507587650443
17.880058194029935,24.249774296870058
17.39932490324955,24.430049280912705
17.038774935164263,24.85069091034554
18.000241516725033,24.249774296870058
17.39932490324955,24.12959097417496
18.12042483942013,24.430049280912705
17.519508225944648,24.85069091034554
17.098866596511805,24.249774296870058
17.158958257859354,23.648857683394574
17.158958257859354,23.04794106991909
16.678224967078968,22.507116117791156
16.197491676298583,22.08647448835832
16.077308353603485,23.408491038004385
16.017216692255936,22.927757747223993
15.53648340147555,22.567207779138705
14.75529180395742,23.88922432878477
14.154375190481943,23.408491038004385
13.55345857700646,22.927757747223993
13.793825222396649,22.32684113374851
13.313091931616263,22.08647448835832
15.416300078780452,21.605741197577935
14.394741835872132,21.125007906797542
15.957125030908387,20.764457938712255
,20.34381630927942
,20.16354132523677
,20.16354132523677
,20.16354132523677
,20.043358002541673
,19.622716373108837
,19.081891420980902
,18.48097480750542
,17.759874871334837
,17.219049919206903
,17.038774935164263
,16.678224967078968
,16.31767499899368
,15.836941708213295
,15.476391740128001
,15.115841772042714
,14.875475126652518
,14.51492515856723
,14.154375190481943
,15.115841772042714
