Y(hoy),Y(ayer)
2.3938045209630587,1.2671577506742295
2.46007786039182,1.2671577506742295
2.46007786039182,1.2671577506742295
2.46007786039182,1.2671577506742295
1.9961644843905333,1.2671577506742295
1.5322511083892465,0.8695177141016899
0.7369710352441814,0.33933099867164174
0.20678431981413326,-0.7210424321884403
-0.05830903790088371,-0.8535891110459488
-0.389675735044662,-0.8535891110459488
0.07423764095662477,-0.8535891110459488
-0.45594907447342337,-0.8535891110459488
-0.9198624504747102,-0.8535891110459488
-1.4279580527618378,-0.8535891110459488
-2.1127825601923007,-0.8535891110459488
-2.0465092207635536,-1.5163225053335054
-1.648869184191014,-1.913962541906045
-1.2070469213326476,-1.7814158630485224
-0.9198624504747102,-1.2512291476184885
-0.8535891110459488,-1.7814158630485224
-0.5884957533309318,-1.913962541906045
-0.05830903790088371,-1.913962541906045
1.0020643929591984,-1.383775826475997
1.2671577506742295,-1.913962541906045
2.3275311815343116,-0.8535891110459488
3.6529979701094177,-0.8535891110459488
4.315731364396974,-0.8535891110459488
3.918091327824442,-0.7210424321884403
4.978464758684531,0.20678431981413326
5.6411981529720805,0.8695177141016899
6.70157158383217,1.2671577506742295
12.268532095847625,1.664797787246755
13.593998884422739,2.3275311815343116
13.06381216899269,2.5926245392493286
23.269906441021035,3.255357933536885
25.258106623883698,3.7855446489669333
24.72791990845365,4.382004703825729
36.39202764791461,5.3761047952570635
35.99438761134208,4.845918079827015
39.838241298209894,7.761945014692259
39.44060126163736,7.298031638690972
37.717494436489716,6.70157158383217
43.748368324506465,7.099211620404702
42.48917487536011,7.761945014692259
42.09153483878758,9.087411803267365
44.411101718794015,10.412878591842478
44.477375058222776,10.015238555269946
40.898614729069976,11.340705343845052
40.36842801363994,12.003438738132608
39.57314794049488,13.593998884422739
39.17550790392234,13.06381216899269
38.77786786734981,12.53362545356265
38.38022783077727,15.184559030712869
38.247681151919764,14.786918994140336
37.717494436489716,16.112385782715442
37.85004111534723,16.775119177003
38.247681151919764,17.437852571290556
38.77786786734981,18.100585965578105
38.115134473062255,18.763319359865662
37.4524010787747,20.4864261850133
36.92221436334465,19.95623946958326
36.2594809690571,22.342079689018455
35.596747574769545,21.811892973588414
35.13283419876826,23.402453119878544
36.657121005629634,25.523199981598715
34.40382746505195,24.993013266168674
35.39792755648328,24.462826550738633
34.66892082276697,28.704320274178976
33.873640749621906,28.174133558748935
33.34345403419186,27.643946843318894
32.81326731876182,30.294880420469113
30.42742709932662,30.957613814756662
30.162333741611597,32.68072063990431
29.764693705039065,32.15053392447426
29.234506989609024,34.66892082276697
28.83686695303649,34.006187428479414
29.632147026181556,36.92221436334465
29.367053668466532,36.39202764791461
29.234506989609024,35.86184093248457
28.571773595321467,37.717494436489716
28.306680237606443,38.38022783077727
27.90904020103391,40.10333465592491
27.37885348560387,39.57314794049488
26.914940109602583,39.17550790392234
27.37885348560387,43.019361590790155
26.981213449031337,42.48917487536011
26.981213449031337,41.95898815993007
26.451026733601296,43.41700162736269
26.716120091316313,43.81464166393522
26.185933375886272,44.21228170050775
26.51730007303005,44.079735021650244
26.31848005474378,43.5495483062202
25.78829333931374,42.22408151764509
26.583573412458804,41.69389480221505
26.053386697028763,40.63352137135496
27.37885348560387,40.037061316496164
26.914940109602583,39.838241298209894
26.84866677017383,39.308054582779846
26.981213449031337,38.77786786734981
27.643946843318894,38.38022783077727
27.776493522176402,37.98258779420474
28.969413631894,38.6453211884923
28.306680237606443,38.247681151919764
27.776493522176402,37.717494436489716
27.90904020103391,37.187307721059675
28.43922691646396,36.524574326772125
29.49960034732404,35.950205385056236
28.969413631894,37.31985439991719
28.041586879891426,36.657121005629634
30.096060402182843,36.2594809690571
30.02978706275409,37.58494775763221
29.49960034732404,36.92221436334465
29.8088759313249,36.39202764791461
29.367053668466532,35.86184093248457
30.02978706275409,35.33165421705452
28.969413631894,34.80146750162448
29.565873686752802,34.40382746505195
30.096060402182843,35.33165421705452
29.587964799895722,36.39202764791461
28.83686695303649,35.99438761134208
30.162333741611597,35.596747574769545
29.367053668466532,34.80146750162448
28.83686695303649,34.27128078619444
30.361153759897867,33.74109407076439
29.764693705039065,33.21090735533435
30.957613814756662,32.68072063990431
31.090160493614178,31.752893887901728
30.42742709932662,31.222707172471686
29.963513723325335,31.222707172471686
30.825067135899154,30.825067135899154
30.361153759897867,30.294880420469113
29.89724038389658,29.89724038389658
31.929622793045077,29.49960034732404
31.355253851329195,28.969413631894
32.68072063990431,28.505500255892713
33.21090735533435,28.041586879891426
33.21090735533435,27.511400164461378
32.54817396104679,26.84866677017383
32.283080603331776,26.716120091316313
32.68072063990431,26.053386697028763
33.2771806947631,26.583573412458804
33.80736741019315,27.643946843318894
34.40382746505195,27.180033467317607
34.66892082276697,26.84866677017383
35.33165421705452,26.84866677017383
34.867740841053234,27.37885348560387
35.19910753819701,27.776493522176402
34.4701008044807,27.24630680674636
35.464200895912036,27.445126825032624
34.93401418048199,26.981213449031337
37.187307721059675,27.90904020103391
36.657121005629634,28.571773595321467
36.126934290199586,28.174133558748935
35.596747574769545,27.776493522176402
40.36842801363994,28.306680237606443
39.838241298209894,28.83686695303649
39.308054582779846,28.306680237606443
38.77786786734981,27.776493522176402
42.48917487536011,28.174133558748935
41.95898815993007,29.035686971322754
41.428801444500024,28.571773595321467
40.898614729069976,29.632147026181556
44.34482837936527,30.162333741611597
43.81464166393522,29.764693705039065
43.28445494850518,29.234506989609024
42.820541572503885,28.83686695303649
43.15190826964766,28.83686695303649
42.26826374393093,29.035686971322754
43.15190826964766,29.764693705039065
42.62172155421762,30.02978706275409
42.22408151764509,29.49960034732404
41.7601681416438,28.903140292465245
41.16370808678501,29.101960310751508
42.29035485707385,29.764693705039065
41.69389480221505,29.89724038389658
43.15190826964766,29.49960034732404
42.62172155421762,28.903140292465245
41.95898815993007,28.83686695303649
41.296254765642516,28.903140292465245
40.96488806849874,28.903140292465245
40.50097469249745,29.83096704446782
40.10333465592491,29.367053668466532
39.705694619352386,30.02978706275409
38.33604560449143,30.096060402182843
40.23588133478243,30.55997377818413
39.57314794049488,31.156433833042932
39.04296122506483,31.355253851329195
41.95898815993007,31.885440566759243
41.428801444500024,32.74699397933306
40.898614729069976,32.283080603331776
40.36842801363994,33.2771806947631
40.898614729069976,33.54227405247813
39.838241298209894,34.006187428479414
39.44060126163736,33.47600071304937
38.91041454620732,32.81326731876182
38.6453211884923,32.34935394276053
38.247681151919764,33.07836067647684
38.77786786734981,32.68072063990431
37.717494436489716,34.006187428479414
37.187307721059675,33.40972737362062
36.2594809690571,32.945813997619325
32.945813997619325,32.415627282189284
33.21090735533435,36.39202764791461
32.68072063990431,35.86184093248457
32.15053392447426,35.33165421705452
31.62034720904422,34.80146750162448
27.776493522176402,39.04296122506483
28.041586879891426,38.51277450963478
28.505500255892713,37.98258779420474
28.969413631894,37.4524010787747
29.101960310751508,37.054761042202166
28.43922691646396,40.63352137135496
27.90904020103391,40.10333465592491
29.49960034732404,39.705694619352386
29.035686971322754,41.03116140792749
29.89724038389658,40.96488806849874
29.234506989609024,40.43470135306869
28.83686695303649,39.838241298209894
28.43922691646396,39.37432792220861
28.041586879891426,38.91041454620732
28.174133558748935,39.57314794049488
27.776493522176402,40.63352137135496
31.222707172471686,40.10333465592491
29.49960034732404,41.82644148107256
29.101960310751508,41.296254765642516
31.156433833042932,40.898614729069976
28.969413631894,40.63352137135496
29.367053668466532,40.16960799535367
30.55997377818413,40.898614729069976
30.162333741611597,40.36842801363994
31.355253851329195,39.705694619352386
31.752893887901728,39.17550790392234
31.134342719900012,38.51277450963478
31.885440566759243,37.85004111534723
31.355253851329195,37.98258779420474
31.885440566759243,39.308054582779846
31.222707172471686,38.77786786734981
30.692520457041645,38.38022783077727
30.42742709932662,38.51277450963478
32.15053392447426,37.98258779420474
31.62034720904422,37.4524010787747
31.090160493614178,36.98848770277341
30.692520457041645,36.39202764791461
32.15053392447426,35.99438761134208
31.48780053018671,34.006187428479414
30.825067135899154,33.47600071304937
30.162333741611597,32.945813997619325
29.587964799895722,31.752893887901728
30.825067135899154,31.222707172471686
28.83686695303649,31.222707172471686
32.415627282189284,30.957613814756662
31.885440566759243,30.55997377818413
31.48780053018671,29.764693705039065
32.945813997619325,28.704320274178976
34.006187428479414,28.306680237606443
33.47600071304937,27.776493522176402
35.33165421705452,27.24630680674636
34.80146750162448,26.716120091316313
34.27128078619444,28.174133558748935
34.80146750162448,27.643946843318894
33.60854739190688,27.24630680674636
33.34345403419186,28.83686695303649
32.81326731876182,28.704320274178976
32.34935394276053,28.174133558748935
32.98999622390516,28.704320274178976
33.21090735533435,28.306680237606443
32.54817396104679,27.90904020103391
32.283080603331776,27.37885348560387
31.885440566759243,26.84866677017383
31.48780053018671,28.704320274178976
31.62034720904422,28.174133558748935
29.89724038389658,27.511400164461378
30.361153759897867,29.49960034732404
30.957613814756662,29.101960310751508
31.48780053018671,30.825067135899154
32.54817396104679,30.42742709932662
32.01798724561675,30.42742709932662
33.21090735533435,30.825067135899154
33.34345403419186,29.764693705039065
31.62034720904422,28.571773595321467
30.55997377818413,28.21831578503477
30.096060402182843,28.704320274178976
31.090160493614178,29.367053668466532
30.692520457041645,30.294880420469113
29.89724038389658,29.89724038389658
30.55997377818413,31.355253851329195
30.096060402182843,30.825067135899154
31.090160493614178,31.885440566759243
30.55997377818413,30.825067135899154
30.096060402182843,30.162333741611597
29.632147026181556,30.02978706275409
28.041586879891426,30.02978706275409
27.776493522176402,29.963513723325335
28.24040689817769,29.83096704446782
27.776493522176402,29.367053668466532
28.770593613607737,28.969413631894
28.505500255892713,28.83686695303649
27.975313540462672,29.49960034732404
27.24630680674636,30.825067135899154
26.716120091316313,30.42742709932662
26.053386697028763,31.62034720904422
25.390653302741207,31.222707172471686
24.72791990845365,32.48190062161804
25.258106623883698,32.01798724561675
26.64984675188756,33.07836067647684
26.252206715315026,32.68072063990431
25.78829333931374,32.216807263903014
25.523199981598715,31.752893887901728
25.05928660559743,31.28898051190044
24.330279871881118,31.222707172471686
24.0651865141661,31.222707172471686
23.667546477593568,32.15053392447426
23.13735976216352,31.62034720904422
22.474626367875963,33.07836067647684
22.342079689018455,32.54817396104679
22.342079689018455,31.885440566759243
22.209533010160946,30.55997377818413
21.679346294730898,30.162333741611597
20.884066221585833,29.632147026181556
20.353879506155792,29.16823365018027
19.558599433010727,29.83096704446782
19.028412717580686,30.825067135899154
18.23313264443562,30.294880420469113
15.582199067285401,31.48780053018671
16.510025819287975,32.15053392447426
16.112385782715442,32.415627282189284
16.510025819287975,32.945813997619325
15.979839103857934,31.885440566759243
15.449652388427886,31.48780053018671
14.985739012426599,30.692520457041645
14.521825636425312,30.162333741611597
13.991638920995271,30.692520457041645
13.328905526707715,30.294880420469113
12.798718811277674,29.764693705039065
12.135985416990117,29.234506989609024
11.539525362131315,29.764693705039065
11.208158664987543,29.367053668466532
11.274432004416298,29.101960310751508
10.876791967843765,28.306680237606443
10.280331912984963,27.643946843318894
9.485051839839898,26.981213449031337
8.954865124409856,26.451026733601296
7.541033883263069,25.854566678742493
7.099211620404702,26.31848005474378
7.761945014692259,27.37885348560387
7.1654849598334565,26.84866677017383
6.038838189544613,28.704320274178976
5.773744831829596,28.174133558748935
5.773744831829596,29.234506989609024
,29.764693705039065
,29.234506989609024
,28.704320274178976
,28.174133558748935
,27.643946843318894
,27.113760127888845
,26.583573412458804
,26.053386697028763
,26.451026733601296
,26.053386697028763
,25.523199981598715
,24.860466587311166
,24.330279871881118
,23.667546477593568
,23.203633101592274
,22.60717304673348
,21.944439652445922
,21.21543291872961
,21.149159579300857
,21.149159579300857
,20.751519542728325
,20.221332827298284
,19.757419451296997
,19.293506075295703
,18.89586603872317
,18.23313264443562
,17.570399250148064
,17.17275921357553
,16.244932461572958
,15.582199067285401
,15.184559030712869
,14.786918994140336
,14.389278957567804
,13.991638920995271
,12.931265490135182
,12.401078774705141
,12.003438738132608
,11.47325202270256
,11.009338646701273
,10.479151931271232
,10.677971949557495
,11.340705343845052
,12.135985416990117
,11.340705343845052
,10.677971949557495
,10.147785234127454
,9.617598518697413
,9.219958482124873
,8.822318445552341
,8.2921317301223
,7.629398335834743
,6.966664941547194
,6.834118262689678
,6.569024904974661
,5.906291510687105
,5.773744831829596
,5.3761047952570635
,4.91219141925577
,5.1110114375420395
