Y(hoy),Y(ayer)
5.243558116399548,5.243558116399548
5.508651474114572,4.845918079827015
4.713371400969507,5.6411981529720805
3.5204512912519093,4.845918079827015
4.05063800668195,4.05063800668195
4.580824722111998,3.1228112546793767
3.5867246306806635,2.5263511998205814
4.05063800668195,2.2612578421055503
3.189084594108131,1.7973444661042635
2.5926245392493286,1.3334310901029767
2.3275311815343116,1.2671577506742295
2.46007786039182,1.2671577506742295
2.46007786039182,1.2671577506742295
1.929891144961772,1.2008844112454682
1.5322511083892465,0.8695177141016899
1.9740733712476128,0.33933099867164174
2.194984502676803,0.20678431981413326
1.5985244478179936,0.20678431981413326
1.3334310901029767,-0.05830903790088371
1.2671577506742295,-0.654769092759679
1.2671577506742295,-0.1908557167583922
1.2008844112454682,0.20678431981413326
1.0020643929591984,0.14051098038538612
0.6044243563866729,-0.5884957533309318
0.47187767752916443,-0.1908557167583922
0.20678431981413326,-0.5884957533309318
0.20678431981413326,0.20678431981413326
0.20678431981413326,-0.1908557167583922
0.07423764095662477,-0.654769092759679
-0.45594907447342337,-0.8535891110459488
-0.1466734904725655,-0.8535891110459488
-0.5884957533309318,-0.8535891110459488
0.20678431981413326,-0.8535891110459488
0.20678431981413326,-0.8535891110459488
0.07423764095662477,-0.8535891110459488
-0.45594907447342337,-1.648869184191014
-0.8535891110459488,-1.2512291476184885
-0.8535891110459488,-1.648869184191014
-0.8535891110459488,-0.8535891110459488
-0.5222224139021705,-0.8535891110459488
0.07423764095662477,-0.8535891110459488
-0.36758462190174157,-0.8535891110459488
-0.5884957533309318,-0.8535891110459488
-0.5222224139021705,-0.8535891110459488
0.07423764095662477,-0.8535891110459488
-0.36758462190174157,-1.383775826475997
-0.389675735044662,-1.913962541906045
0.07423764095662477,-1.383775826475997
0.07423764095662477,-0.8535891110459488
-0.45594907447342337,-0.8535891110459488
0.07423764095662477,-0.8535891110459488
-0.45594907447342337,-0.8535891110459488
0.20678431981413326,-0.8535891110459488
0.20678431981413326,-0.8535891110459488
0.47187767752916443,-0.8535891110459488
1.1346110718167068,-0.8535891110459488
0.7369710352441814,-0.8535891110459488
1.3334310901029767,-0.8535891110459488
1.664797787246755,-0.45594907447342337
1.2671577506742295,-0.12458237732964506
2.23916672896263,-0.654769092759679
2.46007786039182,-0.1908557167583922
2.725171218106837,0.20678431981413326
3.299540159822719,0.20678431981413326
3.6529979701094177,0.2730576592428946
4.05063800668195,0.8695177141016899
4.580824722111998,1.2671577506742295
4.845918079827015,2.0624378238192946
4.448278043254483,1.5322511083892465
5.442378134685818,2.46007786039182
6.038838189544613,2.990264575821868
6.70157158383217,3.454177951823155
7.298031638690972,3.6529979701094177
7.894491693549767,4.05063800668195
8.623498427266078,4.91219141925577
9.087411803267365,4.448278043254483
16.510025819287975,5.3761047952570635
15.91356576442918,5.906291510687105
15.449652388427886,6.767844923260924
14.919465672997845,6.303931547259637
18.89586603872317,7.231758299262211
18.36567932329313,8.093311711836037
17.835492607863088,7.629398335834743
17.30530589243304,9.087411803267365
17.040212534718023,8.557225087837324
17.570399250148064,10.147785234127454
17.702945929005573,10.81051862841501
19.95623946958326,11.340705343845052
19.42605275415322,12.003438738132608
18.498226002150638,13.593998884422739
20.4864261850133,13.06381216899269
20.088786148440768,15.184559030712869
24.59537322959614,14.65437231528282
26.31848005474378,15.648472406714156
25.78829333931374,16.377479140430466
27.113760127888845,18.630772681008153
30.02978706275409,18.100585965578105
33.74109407076439,17.570399250148064
33.21090735533435,17.17275921357553
32.68072063990431,19.028412717580686
32.15053392447426,18.630772681008153
36.17111651648543,18.23313264443562
35.596747574769545,20.4864261850133
35.0665608593395,19.95623946958326
34.536374143909455,19.42605275415322
34.13873410733692,18.89586603872317
37.4524010787747,23.402453119878544
36.98848770277341,22.872266404448496
38.51277450963478,22.474626367875963
37.98258779420474,24.72791990845365
39.04296122506483,24.330279871881118
40.43470135306869,25.78829333931374
39.838241298209894,25.390653302741207
41.428801444500024,27.113760127888845
40.898614729069976,26.583573412458804
43.28445494850518,30.294880420469113
42.75426823307514,29.764693705039065
42.22408151764509,29.234506989609024
44.079735021650244,28.704320274178976
46.33302856222792,34.80146750162448
45.60402182851162,34.27128078619444
45.40520181022535,33.74109407076439
44.94128843422406,33.21090735533435
45.40520181022535,32.68072063990431
44.34482837936527,32.283080603331776
43.81464166393522,37.4524010787747
43.28445494850518,36.92221436334465
42.62172155421762,36.39202764791461
42.22408151764509,35.86184093248457
40.76606805021247,35.33165421705452
40.23588133478243,38.84414120677856
39.9707879770674,38.247681151919764
40.63352137135496,39.57314794049488
40.23588133478243,39.04296122506483
42.48917487536011,41.03116140792749
41.95898815993007,40.36842801363994
41.428801444500024,39.9707879770674
43.28445494850518,42.79845045936097
43.15190826964766,42.22408151764509
42.886814911932646,41.69389480221505
42.3566281965026,44.21228170050775
41.69389480221505,43.5495483062202
41.16370808678501,44.477375058222776
41.03116140792749,45.40520181022535
40.898614729069976,46.200481883370415
40.36842801363994,45.40520181022535
39.838241298209894,44.74246841593779
39.308054582779846,44.21228170050775
38.77786786734981,43.5495483062202
38.31395449134852,43.085634930218916
37.78376777591848,42.3566281965026
37.717494436489716,42.09153483878758
37.65122109706097,41.56134812335753
36.524574326772125,41.03116140792749
36.2594809690571,40.63352137135496
35.86184093248457,40.037061316496164
35.33165421705452,40.16960799535367
34.867740841053234,40.76606805021247
34.66892082276697,40.36842801363994
34.27128078619444,39.9707879770674
33.873640749621906,41.82644148107256
33.47600071304937,41.16370808678501
35.33165421705452,43.019361590790155
34.80146750162448,42.55544821478887
34.27128078619444,42.157808178216335
33.80736741019315,41.95898815993007
34.27128078619444,41.428801444500024
33.07836067647684,40.898614729069976
32.54817396104679,40.36842801363994
32.283080603331776,39.838241298209894
31.885440566759243,39.308054582779846
31.355253851329195,38.91041454620732
30.825067135899154,38.84414120677856
30.22860708104035,38.51277450963478
29.89724038389658,38.115134473062255
32.15053392447426,37.58494775763221
31.62034720904422,37.054761042202166
30.957613814756662,36.126934290199586
30.42742709932662,35.464200895912036
29.764693705039065,34.80146750162448
29.367053668466532,34.40382746505195
31.090160493614178,34.40382746505195
30.626247117612884,34.006187428479414
28.969413631894,33.47600071304937
32.15053392447426,33.01208733704808
31.62034720904422,32.415627282189284
31.28898051190044,31.885440566759243
30.692520457041645,31.42152719075795
30.162333741611597,31.222707172471686
29.49960034732404,31.090160493614178
29.035686971322754,30.692520457041645
30.02978706275409,30.02978706275409
31.355253851329195,29.367053668466532
30.891340475327908,29.101960310751508
32.415627282189284,29.764693705039065
31.885440566759243,29.300780329037778
33.21090735533435,28.83686695303649
32.54817396104679,28.43922691646396
32.01798724561675,28.041586879891426
31.48780053018671,28.571773595321467
31.090160493614178,27.975313540462672
33.21090735533435,27.445126825032624
32.68072063990431,26.84866677017383
32.15053392447426,26.716120091316313
31.62034720904422,26.185933375886272
31.222707172471686,25.65574666045623
32.945813997619325,27.180033467317607
32.415627282189284,26.583573412458804
33.21090735533435,26.053386697028763
32.68072063990431,27.511400164461378
32.15053392447426,26.937031222745503
31.48780053018671,28.174133558748935
31.090160493614178,27.643946843318894
33.21090735533435,29.764693705039065
32.68072063990431,29.234506989609024
32.15053392447426,28.770593613607737
31.62034720904422,28.704320274178976
31.222707172471686,28.174133558748935
32.415627282189284,27.776493522176402
31.885440566759243,27.90904020103391
31.355253851329195,28.571773595321467
32.68072063990431,28.174133558748935
32.15053392447426,29.035686971322754
31.752893887901728,28.571773595321467
34.006187428479414,29.54378257360988
33.47600071304937,29.234506989609024
34.27128078619444,28.704320274178976
33.74109407076439,28.24040689817769
33.34345403419186,27.643946843318894
34.27128078619444,27.113760127888845
33.74109407076439,29.234506989609024
34.40382746505195,28.704320274178976
34.27128078619444,28.174133558748935
33.80736741019315,27.643946843318894
33.25508958162019,26.716120091316313
32.68072063990431,31.156433833042932
34.31546301248027,30.55997377818413
33.74109407076439,30.02978706275409
35.0665608593395,31.62034720904422
35.33165421705452,32.216807263903014
34.80146750162448,32.98999622390516
34.13873410733692,32.68072063990431
33.60854739190688,32.01798724561675
33.07836067647684,31.355253851329195
32.54817396104679,30.692520457041645
35.0665608593395,30.096060402182843
34.536374143909455,30.825067135899154
34.006187428479414,30.294880420469113
33.47600071304937,31.885440566759243
32.945813997619325,31.355253851329195
32.415627282189284,31.62034720904422
35.596747574769545,31.222707172471686
35.596747574769545,32.01798724561675
35.0665608593395,31.62034720904422
34.580556370195296,31.090160493614178
35.90602315877041,30.42742709932662
35.33165421705452,30.162333741611597
36.524574326772125,30.957613814756662
35.86184093248457,31.355253851329195
35.53047423534079,31.951713906187997
36.657121005629634,32.48190062161804
36.126934290199586,32.98999622390516
35.596747574769545,32.68072063990431
37.76167666277556,32.283080603331776
37.187307721059675,31.885440566759243
38.51277450963478,31.48780053018671
38.77786786734981,33.25508958162019
38.115134473062255,32.68072063990431
37.4524010787747,32.15053392447426
36.92221436334465,35.11074308562534
37.717494436489716,34.536374143909455
38.77786786734981,34.006187428479414
38.247681151919764,34.80146750162448
38.247681151919764,34.4701008044807
37.58494775763221,35.86184093248457
36.92221436334465,35.39792755648328
38.247681151919764,34.80146750162448
37.717494436489716,36.39202764791461
40.898614729069976,35.596747574769545
40.36842801363994,35.0665608593395
39.90451463763865,34.536374143909455
39.308054582779846,33.873640749621906
38.77786786734981,33.34345403419186
41.03116140792749,34.580556370195296
41.296254765642516,34.006187428479414
41.95898815993007,37.49658330506054
41.428801444500024,36.92221436334465
41.95898815993007,36.39202764791461
40.898614729069976,35.86184093248457
40.23588133478243,35.33165421705452
39.9707879770674,39.705694619352386
42.48917487536011,39.17550790392234
41.95898815993007,38.6453211884923
41.428801444500024,38.115134473062255
40.898614729069976,37.65122109706097
45.670295167940374,37.231489947345516
45.00756177365282,36.78966768448714
44.477375058222776,37.78376777591848
44.079735021650244,37.8058588890614
43.5495483062202,39.17550790392234
43.019361590790155,38.51277450963478
47.52594867194553,38.115134473062255
46.99576195651548,40.898614729069976
46.46557524108544,40.36842801363994
45.9353885256554,39.838241298209894
45.40520181022535,42.55544821478887
44.87501509479531,41.95898815993007
44.34482837936527,41.428801444500024
43.81464166393522,43.61582164564895
43.35072828793393,43.019361590790155
42.75426823307514,44.21228170050775
42.22408151764509,44.477375058222776
43.28445494850518,44.87501509479531
43.28445494850518,45.47147514965411
43.28445494850518,45.40520181022535
45.40520181022535,44.74246841593779
44.87501509479531,44.079735021650244
44.34482837936527,43.48327496679144
43.81464166393522,45.14010845251033
49.11650881823566,44.676195076509046
48.58632210280561,44.21228170050775
48.05613538737557,44.609921737080285
47.52594867194553,44.146008361079
46.99576195651548,43.68209498507771
46.46557524108544,43.28445494850518
45.9353885256554,42.62172155421762
50.22106447538158,41.95898815993007
49.6466955336657,41.428801444500024
50.972162322240806,41.03116140792749
50.441975606810765,41.95898815993007
49.91178889138072,41.56134812335753
49.381602175950675,41.49507478392878
48.78514212109188,41.03116140792749
50.70706896452579,42.62172155421762
50.04433557023823,41.95898815993007
49.580422194236945,44.3890106056511
50.70706896452579,43.81464166393522
50.17688224909574,43.28445494850518
49.11650881823566,46.200481883370415
48.58632210280561,45.53774848908286
48.12240872680432,45.00756177365282
47.52594867194553,44.34482837936527
46.99576195651548,43.81464166393522
46.46557524108544,43.35072828793393
45.80284184679789,42.75426823307514
45.53774848908286,42.22408151764509
47.52594867194553,41.69389480221505
46.99576195651548,41.16370808678501
46.46557524108544,40.63352137135496
46.86321527765797,40.10333465592491
46.598121919942955,40.76606805021247
46.598121919942955,40.50097469249745
46.6643952593717,40.10333465592491
47.30503754051634,39.44060126163736
46.73066859880046,38.77786786734981
47.39340199308802,38.247681151919764
46.86321527765797,37.717494436489716
46.598121919942955,37.054761042202166
48.58632210280561,37.4524010787747
48.05613538737557,36.98848770277341
47.52594867194553,36.458300987343364
46.99576195651548,35.72929425362706
48.32122874509059,35.596747574769545
47.65849535080304,36.39202764791461
46.99576195651548,35.92811427191332
46.598121919942955,35.33165421705452
47.52594867194553,34.80146750162448
46.99576195651548,34.27128078619444
47.260855314230504,33.74109407076439
46.73066859880046,33.34345403419186
46.200481883370415,34.13873410733692
45.670295167940374,33.873640749621906
46.46557524108544,33.54227405247813
45.9353885256554,34.006187428479414
45.47147514965411,34.40382746505195
44.87501509479531,34.13873410733692
44.34482837936527,33.60854739190688
43.81464166393522,32.945813997619325
43.28445494850518,32.34935394276053
42.75426823307514,32.283080603331776
42.22408151764509,33.21090735533435
42.09153483878758,32.68072063990431
41.82644148107256,35.0665608593395
41.296254765642516,34.536374143909455
41.03116140792749,34.006187428479414
40.50097469249745,35.99438761134208
39.9707879770674,36.2594809690571
39.17550790392234,35.33165421705452
38.6453211884923,34.66892082276697
37.85004111534723,34.27128078619444
37.58494775763221,33.60854739190688
37.187307721059675,33.34345403419186
36.657121005629634,33.74109407076439
36.126934290199586,34.93401418048199
35.6630209141983,34.27128078619444
36.39202764791461,35.596747574769545
35.86184093248457,36.2594809690571
36.39202764791461,35.6630209141983
35.72929425362706,35.92811427191332
35.464200895912036,35.464200895912036
35.0665608593395,36.92221436334465
34.66892082276697,36.39202764791461
33.60854739190688,37.4524010787747
34.07246076790817,36.92221436334465
32.945813997619325,36.39202764791461
32.34935394276053,35.72929425362706
33.674820731335636,35.72929425362706
34.27128078619444,36.39202764791461
33.21090735533435,35.86184093248457
33.74109407076439,35.19910753819701
32.72490286619014,34.536374143909455
33.21090735533435,33.873640749621906
32.68072063990431,33.21090735533435
35.0665608593395,32.68072063990431
34.536374143909455,32.283080603331776
36.59084766620087,35.11074308562534
36.126934290199586,34.536374143909455
35.86184093248457,34.006187428479414
35.464200895912036,33.47600071304937
35.19910753819701,37.4524010787747
34.536374143909455,36.92221436334465
35.464200895912036,36.39202764791461
34.93401418048199,36.39202764791461
35.596747574769545,35.86184093248457
36.92221436334465,37.31985439991719
37.4524010787747,37.187307721059675
36.657121005629634,36.78966768448714
35.99438761134208,36.39202764791461
35.0665608593395,35.86184093248457
34.40382746505195,35.33165421705452
34.13873410733692,34.80146750162448
33.74109407076439,34.07246076790817
33.34345403419186,33.47600071304937
34.27128078619444,32.945813997619325
33.74109407076439,32.34935394276053
32.945813997619325,32.283080603331776
32.415627282189284,34.006187428479414
33.34345403419186,33.47600071304937
32.68072063990431,32.945813997619325
34.006187428479414,32.415627282189284
34.27128078619444,36.458300987343364
33.74109407076439,35.86184093248457
33.21090735533435,35.33165421705452
32.68072063990431,34.80146750162448
32.283080603331776,35.86184093248457
35.33165421705452,35.33165421705452
34.735194162195725,34.80146750162448
34.40382746505195,34.40382746505195
33.21090735533435,34.006187428479414
32.68072063990431,33.47600071304937
35.596747574769545,33.47600071304937
35.596747574769545,34.13873410733692
35.0665608593395,35.33165421705452
34.536374143909455,34.80146750162448
34.40382746505195,36.39202764791461
35.13283419876826,35.86184093248457
34.536374143909455,36.92221436334465
35.596747574769545,37.98258779420474
35.596747574769545,38.51277450963478
35.464200895912036,36.657121005629634
37.717494436489716,35.99438761134208
37.187307721059675,35.72929425362706
36.78966768448714,36.524574326772125
36.39202764791461,36.524574326772125
35.86184093248457,35.86184093248457
35.33165421705452,36.39202764791461
34.66892082276697,35.99438761134208
33.873640749621906,35.86184093248457
32.945813997619325,35.0665608593395
32.415627282189284,34.4701008044807
34.13873410733692,34.40382746505195
35.596747574769545,34.867740841053234
35.0665608593395,35.19910753819701
33.60854739190688,34.536374143909455
36.2594809690571,34.006187428479414
36.78966768448714,33.54227405247813
38.91041454620732,34.13873410733692
35.464200895912036,33.74109407076439
37.717494436489716,33.21090735533435
37.25358106048843,32.68072063990431
36.657121005629634,32.15053392447426
38.77786786734981,31.62034720904422
38.247681151919764,31.222707172471686
37.916314454775986,32.216807263903014
37.31985439991719,32.15053392447426
37.054761042202166,31.48780053018671
36.657121005629634,30.825067135899154
35.53047423534079,30.162333741611597
35.596747574769545,29.89724038389658
35.6630209141983,29.632147026181556
35.26538087762577,29.234506989609024
34.84564972791032,28.704320274178976
35.464200895912036,28.041586879891426
34.93401418048199,27.776493522176402
36.126934290199586,27.37885348560387
36.657121005629634,26.84866677017383
36.657121005629634,26.384753394172535
36.657121005629634,25.854566678742493
35.99438761134208,26.31848005474378
35.72929425362706,27.180033467317607
35.33165421705452,26.716120091316313
34.66892082276697,27.710220182747648
34.40382746505195,27.776493522176402
34.006187428479414,27.37885348560387
33.47600071304937,26.914940109602583
35.0665608593395,26.31848005474378
34.40382746505195,25.854566678742493
34.006187428479414,25.258106623883698
35.33165421705452,24.794193247882404
34.80146750162448,24.19773319302361
34.27128078619444,23.534999798736052
33.74109407076439,22.872266404448496
33.40972737362062,22.209533010160946
33.74109407076439,21.613072955302144
33.34345403419186,21.149159579300857
34.27128078619444,20.751519542728325
33.74109407076439,20.287606166727038
33.21090735533435,19.691146111868235
32.54817396104679,19.22723273586695
32.01798724561675,18.498226002150638
31.355253851329195,18.03431262614935
30.891340475327908,18.630772681008153
30.294880420469113,18.100585965578105
30.869249362184988,17.63667258957682
29.89724038389658,17.040212534718023
32.15053392447426,16.57629915871673
31.62034720904422,16.06820355642961
32.15053392447426,17.702945929005573
31.62034720904422,17.040212534718023
31.28898051190044,16.510025819287975
31.929622793045077,17.968039286720597
31.885440566759243,18.431952662721883
31.222707172471686,18.763319359865662
30.957613814756662,18.100585965578105
30.55997377818413,17.437852571290556
30.02978706275409,16.775119177003
29.367053668466532,16.244932461572958
28.83686695303649,15.781019085571664
28.571773595321467,15.184559030712869
28.174133558748935,14.720645654711582
27.643946843318894,14.12418559985278
26.981213449031337,13.461452205565223
26.716120091316313,12.931265490135182
26.64984675188756,12.467352114133895
26.583573412458804,12.268532095847625
25.920840018171248,11.804618719846339
25.390653302741207,11.208158664987543
24.72791990845365,10.545425270699987
24.19773319302361,9.750145197554922
23.667546477593568,9.15368514269612
23.402453119878544,8.888591784981102
24.462826550738633,8.358405069551054
23.932639835308585,8.027038372407276
23.269906441021035,8.557225087837324
23.00481308330601,
22.60717304673348,
22.07698633130343,
21.54679961587339,
20.884066221585833,
20.265515053584117,
21.01661290044335,
20.618972863870816,
21.149159579300857,
21.01661290044335,
20.353879506155792,
20.088786148440768,
19.691146111868235,
19.160959396438194,
18.630772681008153,
17.968039286720597,
17.30530589243304,
16.64257249814549,
15.979839103857934,
15.648472406714156,
15.71474574614291,
15.184559030712869,
14.65437231528282,
14.12418559985278,
13.461452205565223,
13.196358847850206,
12.666172132420158,
12.401078774705141,
12.666172132420158,
13.328905526707715,
