Y(hoy),Y(ayer)
9.02113846383861,10.81051862841501
9.087411803267365,10.280331912984963
9.352505160982389,11.340705343845052
8.954865124409856,11.340705343845052
9.88269187641243,10.94306530727252
9.352505160982389,10.545425270699987
8.822318445552341,10.147785234127454
8.159585051264791,9.485051839839898
7.894491693549767,10.015238555269946
8.027038372407276,10.015238555269946
8.557225087837324,9.617598518697413
8.954865124409856,9.15368514269612
8.159585051264791,8.623498427266078
7.496851656977235,8.225858390693546
7.0108471678330275,8.822318445552341
7.761945014692259,8.358405069551054
7.231758299262211,7.496851656977235
7.099211620404702,6.966664941547194
6.569024904974661,6.834118262689678
5.442378134685818,6.569024904974661
4.934282532398697,6.105111528973374
5.3761047952570635,6.569024904974661
4.845918079827015,5.972564850115859
5.3761047952570635,5.773744831829596
4.845918079827015,5.243558116399548
4.448278043254483,4.713371400969507
4.647098061540753,4.05063800668195
4.139002459253625,3.6529979701094177
4.05063800668195,3.3879046123944008
4.580824722111998,3.5204512912519093
4.05063800668195,3.5204512912519093
2.990264575821868,3.3879046123944008
2.5263511998205814,2.990264575821868
2.990264575821868,2.3275311815343116
2.5926245392493286,1.664797787246755
2.8577178969643597,1.2671577506742295
2.3938045209630587,1.664797787246755
2.3938045209630587,2.3275311815343116
1.2671577506742295,1.664797787246755
1.9740733712476128,2.194984502676803
2.5263511998205814,1.7973444661042635
2.3275311815343116,1.399704429531738
1.399704429531738,1.2671577506742295
2.194984502676803,1.2671577506742295
1.7310711266755163,1.2671577506742295
1.5985244478179936,0.8695177141016899
2.194984502676803,0.4056043381004031
1.7973444661042635,1.0020643929591984
1.929891144961772,0.6044243563866729
1.5322511083892465,0.20678431981413326
1.2671577506742295,0.47187767752916443
1.2671577506742295,1.1346110718167068
1.2008844112454682,0.7369710352441814
0.2730576592428946,0.2730576592428946
1.1346110718167068,0.20678431981413326
0.67069769581542,0.20678431981413326
0.47187767752916443,0.20678431981413326
0.9136999403875308,0.20678431981413326
0.47187767752916443,0.20678431981413326
1.1346110718167068,0.20678431981413326
0.5381510169579116,0.20678431981413326
-0.12458237732964506,0.20678431981413326
-0.45594907447342337,0.20678431981413326
-0.8535891110459488,0.20678431981413326
-0.1908557167583922,0.20678431981413326
-0.6768602059025994,0.20678431981413326
-0.12458237732964506,0.20678431981413326
-0.5884957533309318,0.20678431981413326
0.20678431981413326,0.20678431981413326
0.20678431981413326,0.20678431981413326
0.4056043381004031,0.20678431981413326
0.8695177141016899,0.33933099867164174
0.7369710352441814,0.8695177141016899
0.2730576592428946,1.2671577506742295
0.9357910535304512,1.2671577506742295
1.2671577506742295,1.2671577506742295
1.2671577506742295,1.2671577506742295
1.2671577506742295,1.2671577506742295
1.2671577506742295,1.399704429531738
1.3334310901029767,1.929891144961772
1.9740733712476128,2.3275311815343116
1.399704429531738,2.3275311815343116
2.194984502676803,2.3938045209630587
1.664797787246755,3.3216312729656394
1.3334310901029767,2.8577178969643597
1.2671577506742295,3.5204512912519093
1.3334310901029767,3.5204512912519093
1.9961644843905333,3.7855446489669333
1.399704429531738,4.315731364396974
2.46007786039182,4.05063800668195
2.46007786039182,3.6529979701094177
2.990264575821868,4.315731364396974
2.46007786039182,3.8518179883956876
3.5204512912519093,4.448278043254483
3.5204512912519093,3.918091327824442
3.5204512912519093,4.713371400969507
3.5204512912519093,4.713371400969507
3.5204512912519093,5.1110114375420395
3.189084594108131,5.972564850115859
2.725171218106837,5.508651474114572
2.3938045209630587,6.569024904974661
2.46007786039182,6.171384868402129
3.0565379152506154,5.773744831829596
2.46007786039182,6.436478226117146
3.5204512912519093,6.834118262689678
3.5204512912519093,6.834118262689678
3.5204512912519093,6.834118262689678
3.564633517537743,6.834118262689678
5.3761047952570635,7.231758299262211
4.845918079827015,7.761945014692259
4.315731364396974,7.099211620404702
3.7855446489669333,7.496851656977235
5.3761047952570635,8.358405069551054
4.845918079827015,7.894491693549767
4.514551382683237,8.888591784981102
5.177284776970794,9.15368514269612
4.713371400969507,9.617598518697413
5.6411981529720805,10.147785234127454
5.773744831829596,11.009338646701273
5.707471492400835,10.545425270699987
5.6411981529720805,11.47325202270256
5.1110114375420395,12.003438738132608
4.779644740398261,12.401078774705141
5.3761047952570635,13.196358847850206
5.972564850115859,12.666172132420158
6.569024904974661,13.06381216899269
6.834118262689678,12.666172132420158
6.966664941547194,12.268532095847625
7.629398335834743,11.804618719846339
7.894491693549767,11.340705343845052
8.071220598693117,11.340705343845052
8.954865124409856,11.738345380417584
8.424678408979808,12.931265490135182
9.087411803267365,12.268532095847625
9.418778500411143,14.168367826138613
8.954865124409856,13.593998884422739
10.015238555269946,13.859092242137756
10.147785234127454,13.461452205565223
10.412878591842478,14.455552296996558
10.015238555269946,13.991638920995271
10.987247533558353,15.052012351855353
11.274432004416298,14.521825636425312
12.268532095847625,16.289114687858792
11.738345380417584,15.71474574614291
13.461452205565223,16.244932461572958
12.798718811277674,15.847292425000418
14.168367826138613,17.30530589243304
14.698554541568662,16.775119177003
15.515925727856647,18.763319359865662
14.919465672997845,18.299405983864375
16.112385782715442,17.835492607863088
16.775119177003,18.03431262614935
17.371579231861794,17.968039286720597
17.835492607863088,17.570399250148064
18.630772681008153,17.084394761003857
18.100585965578105,17.570399250148064
17.702945929005573,18.03431262614935
19.95623946958326,18.763319359865662
19.42605275415322,18.23313264443562
19.691146111868235,19.028412717580686
19.160959396438194,19.160959396438194
19.42605275415322,19.82369279072575
19.028412717580686,20.088786148440768
21.54679961587339,21.082886239872103
20.950339561014594,20.4864261850133
20.4864261850133,22.07698633130343
19.95623946958326,21.54679961587339
22.209533010160946,23.00481308330601
21.41425293701588,22.474626367875963
21.149159579300857,22.872266404448496
21.149159579300857,22.342079689018455
21.149159579300857,21.878166313017168
21.149159579300857,21.281706258158366
21.082886239872103,21.811892973588414
21.01661290044335,22.2758063495897
20.4864261850133,22.60717304673348
19.82369279072575,23.733819817022322
19.558599433010727,23.13735976216352
19.160959396438194,25.832475565599573
19.73532833815407,25.258106623883698
19.160959396438194,24.72791990845365
21.01661290044335,24.19773319302361
20.4864261850133,26.64984675188756
19.82369279072575,26.716120091316313
19.293506075295703,26.716120091316313
18.630772681008153,26.31848005474378
18.100585965578105,25.854566678742493
20.221332827298284,26.384753394172535
19.62487277243948,25.920840018171248
19.160959396438194,27.511400164461378
21.01661290044335,26.84866677017383
20.353879506155792,28.770593613607737
19.691146111868235,28.174133558748935
19.205141622724028,28.83686695303649
19.95623946958326,28.43922691646396
19.492326093581973,27.90904020103391
19.42605275415322,27.445126825032624
19.028412717580686,26.782393430745074
19.028412717580686,27.511400164461378
19.42605275415322,26.84866677017383
19.028412717580686,28.704320274178976
19.95623946958326,28.174133558748935
19.95623946958326,27.710220182747648
19.42605275415322,27.113760127888845
19.028412717580686,26.716120091316313
20.221332827298284,28.770593613607737
22.07698633130343,28.174133558748935
21.54679961587339,27.643946843318894
21.01661290044335,29.89724038389658
19.558599433010727,29.234506989609024
20.68524620329957,29.764693705039065
21.281706258158366,29.300780329037778
20.221332827298284,28.704320274178976
20.221332827298284,28.174133558748935
20.79570176901416,28.704320274178976
21.01661290044335,28.306680237606443
20.4864261850133,28.174133558748935
20.088786148440768,27.776493522176402
21.01661290044335,27.776493522176402
20.4864261850133,28.24040689817769
21.21543291872961,28.704320274178976
21.41425293701588,29.632147026181556
22.12116855758927,29.101960310751508
22.342079689018455,29.764693705039065
22.872266404448496,29.300780329037778
23.269906441021035,29.83096704446782
22.60717304673348,29.367053668466532
23.13735976216352,30.02978706275409
22.209533010160946,30.096060402182843
24.19773319302361,30.55997377818413
23.733819817022322,31.156433833042932
22.60717304673348,30.692520457041645
24.860466587311166,30.22860708104035
25.523199981598715,31.929622793045077
24.993013266168674,31.355253851329195
24.462826550738633,30.825067135899154
23.932639835308585,33.07836067647684
23.402453119878544,32.54817396104679
24.772102134739484,31.752893887901728
25.523199981598715,31.355253851329195
24.860466587311166,31.929622793045077
24.59537322959614,31.62034720904422
24.0651865141661,31.222707172471686
23.468726459307298,30.957613814756662
22.872266404448496,30.294880420469113
22.209533010160946,29.764693705039065
21.944439652445922,29.234506989609024
21.54679961587339,31.664529435330053
21.01661290044335,31.090160493614178
20.4864261850133,30.55997377818413
19.95623946958326,30.02978706275409
19.293506075295703,29.632147026181556
19.028412717580686,32.415627282189284
18.630772681008153,32.945813997619325
18.100585965578105,32.15053392447426
17.63667258957682,31.62034720904422
17.040212534718023,31.090160493614178
16.377479140430466,30.55997377818413
15.847292425000418,30.162333741611597
15.71474574614291,30.825067135899154
15.250832370141623,30.294880420469113
14.919465672997845,29.764693705039065
14.389278957567804,29.234506989609024
13.859092242137756,28.704320274178976
13.461452205565223,28.174133558748935
14.389278957567804,27.643946843318894
13.925365581566517,27.113760127888845
14.12418559985278,26.716120091316313
13.461452205565223,26.583573412458804
12.798718811277674,26.119660036457518
12.33480543527638,25.390653302741207
12.268532095847625,24.72791990845365
11.804618719846339,24.264006532452363
11.340705343845052,23.667546477593568
11.738345380417584,23.269906441021035
12.268532095847625,22.872266404448496
11.738345380417584,22.342079689018455
13.06381216899269,21.679346294730898
12.53362545356265,21.01661290044335
12.003438738132608,20.353879506155792
11.47325202270256,20.088786148440768
13.328905526707715,19.691146111868235
12.666172132420158,19.160959396438194
12.401078774705141,18.697046020436908
12.577807679848483,18.16685930500686
13.328905526707715,18.630772681008153
12.931265490135182,18.100585965578105
13.726545563280247,17.835492607863088
14.389278957567804,17.30530589243304
14.521825636425312,16.907665855860508
14.65437231528282,17.570399250148064
15.250832370141623,17.901765947291842
15.71474574614291,17.17275921357553
15.71474574614291,16.510025819287975
16.64257249814549,16.046112443286688
15.979839103857934,15.582199067285401
15.582199067285401,15.582199067285401
17.30530589243304,15.515925727856647
17.835492607863088,15.184559030712869
16.863483629574674,14.720645654711582
16.775119177003,14.521825636425312
16.775119177003,14.919465672997845
17.879674834148922,15.515925727856647
17.30530589243304,16.112385782715442
18.630772681008153,15.582199067285401
18.188950418149787,17.371579231861794
17.879674834148922,16.775119177003
18.89586603872317,17.835492607863088
18.36567932329313,17.570399250148064
18.630772681008153,17.084394761003857
18.100585965578105,17.835492607863088
19.160959396438194,17.437852571290556
19.82369279072575,18.630772681008153
19.82369279072575,18.23313264443562
19.160959396438194,17.968039286720597
19.028412717580686,17.437852571290556
18.89586603872317,16.97393919528926
18.23313264443562,18.630772681008153
17.769219268434327,18.23313264443562
17.879674834148922,18.16685930500686
18.630772681008153,18.763319359865662
18.100585965578105,19.028412717580686
19.22723273586695,19.028412717580686
19.558599433010727,19.42605275415322
19.09468605700944,19.82369279072575
19.691146111868235,19.22723273586695
19.558599433010727,19.691146111868235
19.09468605700944,19.293506075295703
21.54679961587339,20.088786148440768
21.01661290044335,20.088786148440768
22.07698633130343,20.884066221585833
21.480526276444635,20.353879506155792
21.281706258158366,20.618972863870816
22.342079689018455,20.221332827298284
21.811892973588414,20.751519542728325
23.269906441021035,21.082886239872103
22.739719725590987,20.751519542728325
22.474626367875963,20.221332827298284
23.13735976216352,19.558599433010727
22.60717304673348,19.160959396438194
22.209533010160946,19.82369279072575
24.241915419309443,19.359779414724457
23.667546477593568,19.028412717580686
24.72791990845365,19.95623946958326
25.258106623883698,20.088786148440768
25.523199981598715,20.4864261850133
24.993013266168674,21.01661290044335
24.59537322959614,20.4864261850133
26.583573412458804,20.088786148440768
26.053386697028763,19.42605275415322
25.258106623883698,19.028412717580686
24.72791990845365,19.95623946958326
26.053386697028763,21.082886239872103
25.65574666045623,20.4864261850133
26.981213449031337,20.884066221585833
26.716120091316313,20.4864261850133
26.31848005474378,20.088786148440768
25.390653302741207,21.01661290044335
24.860466587311166,20.618972863870816
24.462826550738633,21.944439652445922
25.523199981598715,21.41425293701588
24.993013266168674,21.679346294730898
24.59537322959614,21.281706258158366
26.185933375886272,22.143259670732192
26.583573412458804,21.679346294730898
26.053386697028763,23.203633101592274
25.390653302741207,22.60717304673348
24.59537322959614,24.19773319302361
24.462826550738633,23.667546477593568
24.462826550738633,24.330279871881118
23.99891317473734,23.755910930165243
23.402453119878544,24.72791990845365
22.872266404448496,24.19773319302361
22.342079689018455,25.390653302741207
21.878166313017168,24.860466587311166
21.281706258158366,26.185933375886272
21.082886239872103,25.390653302741207
21.01661290044335,27.90904020103391
20.4864261850133,27.37885348560387
20.022512809012014,26.84866677017383
19.293506075295703,28.704320274178976
19.028412717580686,27.90904020103391
18.89586603872317,27.37885348560387
18.23313264443562,26.84866677017383
17.570399250148064,26.384753394172535
17.040212534718023,25.920840018171248
16.708845837574245,27.37885348560387
17.30530589243304,26.981213449031337
16.841392516431753,27.776493522176402
17.835492607863088,27.37885348560387
17.30530589243304,26.84866677017383
16.64257249814549,26.119660036457518
16.377479140430466,25.65574666045623
15.847292425000418,27.180033467317607
15.582199067285401,27.643946843318894
15.71474574614291,27.113760127888845
15.449652388427886,26.451026733601296
14.786918994140336,25.987113357600002
14.521825636425312,25.65574666045623
14.12418559985278,26.64984675188756
13.593998884422739,26.583573412458804
13.395178866136469,26.053386697028763
13.328905526707715,25.58947332102747
12.666172132420158,24.993013266168674
12.135985416990117,24.462826550738633
11.47325202270256,23.932639835308585
10.94306530727252,23.534999798736052
10.412878591842478,25.58947332102747
10.015238555269946,24.993013266168674
11.208158664987543,24.462826550738633
10.677971949557495,26.583573412458804
11.208158664987543,26.053386697028763
11.208158664987543,25.523199981598715
11.208158664987543,24.860466587311166
11.208158664987543,24.19773319302361
10.677971949557495,23.667546477593568
10.015238555269946,23.13735976216352
9.352505160982389,22.540899707304725
9.88269187641243,24.19773319302361
9.352505160982389,23.667546477593568
9.617598518697413,23.00481308330601
9.087411803267365,22.342079689018455
8.954865124409856,22.209533010160946
8.689771766694832,22.209533010160946
8.2921317301223,22.07698633130343
7.629398335834743,21.679346294730898
7.032938280975948,21.21543291872961
6.436478226117146,21.149159579300857
5.906291510687105,21.01661290044335
5.6411981529720805,20.4864261850133
5.1110114375420395,20.022512809012014
4.580824722111998,19.42605275415322
6.70157158383217,19.028412717580686
6.171384868402129,19.028412717580686
5.6411981529720805,18.89586603872317
5.1110114375420395,18.23313264443562
4.713371400969507,17.570399250148064
,16.907665855860508
,16.64257249814549
,16.046112443286688
,15.317105709570377
,15.052012351855353
,14.521825636425312
,16.046112443286688
,15.582199067285401
,16.64257249814549
,16.57629915871673
,16.112385782715442
,15.71474574614291
,15.250832370141623
,14.720645654711582
,14.256732278710288
,13.859092242137756
,13.395178866136469
,12.931265490135182
,12.467352114133895
,12.135985416990117
,11.605798701560076
,11.208158664987543
,10.74424528898625
,10.214058573556208
,10.214058573556208
,10.677971949557495
,11.208158664987543
