Y(hoy),Y(ayer)
7.894491693549767,8.954865124409856
7.894491693549767,8.954865124409856
7.894491693549767,8.557225087837324
7.563124996405989,7.894491693549767
7.231758299262211,7.894491693549767
6.834118262689678,7.496851656977235
6.834118262689678,6.966664941547194
6.70157158383217,6.569024904974661
6.171384868402129,6.171384868402129
4.514551382683237,5.773744831829596
4.514551382683237,5.773744831829596
3.918091327824442,5.243558116399548
3.3879046123944008,4.845918079827015
3.5867246306806635,5.420287021542897
3.255357933536885,5.1110114375420395
2.8577178969643597,4.647098061540753
2.5263511998205814,4.315731364396974
2.5926245392493286,3.7855446489669333
1.929891144961772,2.8577178969643597
1.399704429531738,2.3275311815343116
1.929891144961772,2.3275311815343116
1.5322511083892465,1.7973444661042635
0.47187767752916443,1.2671577506742295
-0.12458237732964506,1.929891144961772
-0.3234023956159007,2.3275311815343116
-0.7873157716172017,2.3275311815343116
-0.12458237732964506,2.0624378238192946
-0.12458237732964506,1.2671577506742295
-0.3234023956159007,1.2671577506742295
-0.7873157716172017,1.2671577506742295
-0.12458237732964506,1.2671577506742295
0.20678431981413326,0.5381510169579116
0.20678431981413326,1.0020643929591984
0.20678431981413326,0.20678431981413326
0.20678431981413326,0.20678431981413326
0.20678431981413326,0.20678431981413326
0.2730576592428946,0.20678431981413326
1.1346110718167068,0.20678431981413326
0.67069769581542,0.20678431981413326
0.20678431981413326,0.20678431981413326
1.1346110718167068,0.20678431981413326
0.6044243563866729,0.20678431981413326
0.20678431981413326,0.20678431981413326
1.1346110718167068,0.20678431981413326
0.7369710352441814,0.20678431981413326
1.2671577506742295,0.20678431981413326
1.2671577506742295,0.20678431981413326
1.3334310901029767,0.20678431981413326
1.9740733712476128,0.20678431981413326
1.399704429531738,0.20678431981413326
2.46007786039182,0.20678431981413326
2.46007786039182,0.20678431981413326
1.929891144961772,0.20678431981413326
1.399704429531738,0.20678431981413326
1.399704429531738,0.20678431981413326
1.9961644843905333,0.20678431981413326
2.46007786039182,0.20678431981413326
2.46007786039182,0.20678431981413326
2.990264575821868,0.20678431981413326
2.46007786039182,0.47187767752916443
3.5204512912519093,0.8695177141016899
3.5204512912519093,1.2671577506742295
3.918091327824442,1.2671577506742295
3.3879046123944008,1.2671577506742295
4.580824722111998,1.2671577506742295
4.580824722111998,1.2671577506742295
3.918091327824442,1.4659777689604852
3.255357933536885,2.0624378238192946
2.725171218106837,2.3275311815343116
2.3938045209630587,2.3275311815343116
2.46007786039182,2.3275311815343116
3.0565379152506154,2.46007786039182
2.46007786039182,3.3216312729656394
3.5204512912519093,2.8577178969643597
3.8518179883956876,3.5204512912519093
3.3879046123944008,3.5867246306806635
4.315731364396974,4.183184685539466
4.05063800668195,4.05063800668195
3.5204512912519093,3.6529979701094177
3.6529979701094177,3.5204512912519093
4.359913590682808,3.5867246306806635
4.580824722111998,4.05063800668195
4.647098061540753,4.580824722111998
5.177284776970794,4.713371400969507
5.6411981529720805,5.243558116399548
5.773744831829596,4.713371400969507
5.707471492400835,5.84001817125835
5.6411981529720805,6.569024904974661
5.1110114375420395,6.038838189544613
4.779644740398261,6.834118262689678
5.420287021542897,7.298031638690972
5.707471492400835,7.828218354121013
6.171384868402129,7.894491693549767
6.70157158383217,7.629398335834743
6.834118262689678,6.966664941547194
7.099211620404702,6.834118262689678
7.761945014692259,7.032938280975948
8.071220598693117,7.629398335834743
8.954865124409856,7.894491693549767
8.424678408979808,7.894491693549767
9.087411803267365,8.093311711836037
9.087411803267365,8.623498427266078
9.087411803267365,9.087411803267365
9.750145197554922,9.948965215841184
9.087411803267365,9.485051839839898
10.412878591842478,10.214058573556208
10.987247533558353,10.81051862841501
11.274432004416298,10.94306530727252
11.738345380417584,10.412878591842478
12.268532095847625,10.280331912984963
12.53362545356265,11.075611986130028
13.130085508421452,10.545425270699987
13.726545563280247,11.340705343845052
14.389278957567804,11.340705343845052
14.521825636425312,11.47325202270256
14.588098975854066,12.003438738132608
14.919465672997845,12.401078774705141
14.521825636425312,12.798718811277674
15.449652388427886,13.660272223851493
16.046112443286688,13.196358847850206
16.64257249814549,14.12418559985278
16.907665855860508,14.521825636425312
17.570399250148064,14.919465672997845
18.16685930500686,15.449652388427886
18.763319359865662,16.377479140430466
19.028412717580686,15.847292425000418
19.160959396438194,16.112385782715442
19.73532833815407,15.847292425000418
20.265515053584117,16.510025819287975
21.149159579300857,16.112385782715442
20.4864261850133,16.024021330143768
21.856075199874248,16.64257249814549
22.07698633130343,16.775119177003
21.54679961587339,17.040212534718023
21.21543291872961,17.702945929005573
21.54679961587339,17.968039286720597
21.149159579300857,18.16685930500686
22.12116855758927,18.630772681008153
22.342079689018455,19.160959396438194
22.938539743877257,19.691146111868235
23.402453119878544,20.088786148440768
23.733819817022322,20.088786148440768
23.269906441021035,20.088786148440768
24.330279871881118,20.552699524442062
24.462826550738633,21.082886239872103
24.462826550738633,21.54679961587339
24.860466587311166,22.143259670732192
24.330279871881118,22.342079689018455
25.523199981598715,23.203633101592274
25.78829333931374,22.739719725590987
26.31848005474378,23.402453119878544
26.31848005474378,23.402453119878544
25.854566678742493,23.932639835308585
25.65574666045623,23.534999798736052
25.65574666045623,25.05928660559743
25.78829333931374,24.462826550738633
26.451026733601296,25.58947332102747
26.716120091316313,26.119660036457518
26.583573412458804,25.65574666045623
26.119660036457518,26.451026733601296
25.65574666045623,25.722019999884985
25.65574666045623,25.78829333931374
25.65574666045623,26.362662281029614
25.58947332102747,26.053386697028763
25.523199981598715,25.65574666045623
24.860466587311166,26.64984675188756
24.39655321130987,26.716120091316313
24.330279871881118,27.180033467317607
24.0651865141661,26.716120091316313
23.534999798736052,27.710220182747648
23.402453119878544,27.776493522176402
22.739719725590987,27.37885348560387
22.2758063495897,26.914940109602583
22.209533010160946,27.511400164461378
21.944439652445922,27.113760127888845
21.41425293701588,26.716120091316313
21.149159579300857,26.782393430745074
20.618972863870816,27.37885348560387
20.022512809012014,26.981213449031337
19.42605275415322,27.776493522176402
18.962139378151925,27.776493522176402
18.763319359865662,27.776493522176402
18.498226002150638,27.776493522176402
17.968039286720597,27.776493522176402
17.371579231861794,28.174133558748935
16.841392516431753,29.035686971322754
17.702945929005573,28.571773595321467
17.30530589243304,29.632147026181556
17.17275921357553,29.49960034732404
16.841392516431753,29.035686971322754
16.775119177003,28.770593613607737
16.112385782715442,28.24040689817769
15.648472406714156,27.776493522176402
15.71474574614291,27.842766861605156
15.71474574614291,28.571773595321467
15.184559030712869,29.764693705039065
14.65437231528282,29.234506989609024
14.521825636425312,28.770593613607737
14.389278957567804,28.174133558748935
13.792818902709001,27.710220182747648
13.461452205565223,27.180033467317607
13.328905526707715,26.583573412458804
12.864992150706428,26.119660036457518
12.467352114133895,25.523199981598715
12.577807679848483,24.860466587311166
13.328905526707715,24.19773319302361
12.997538829563936,23.534999798736052
12.53362545356265,23.00481308330601
12.53362545356265,22.474626367875963
13.107994395278524,21.944439652445922
13.328905526707715,21.281706258158366
12.798718811277674,20.618972863870816
12.401078774705141,19.95623946958326
13.328905526707715,19.42605275415322
12.864992150706428,18.89586603872317
12.666172132420158,18.431952662721883
12.401078774705141,17.968039286720597
12.53362545356265,17.570399250148064
13.196358847850206,16.775119177003
13.461452205565223,16.510025819287975
13.328905526707715,15.979839103857934
12.798718811277674,15.449652388427886
12.467352114133895,14.985739012426599
13.196358847850206,14.521825636425312
13.638181110708572,14.521825636425312
14.389278957567804,14.389278957567804
13.991638920995271,13.859092242137756
13.726545563280247,13.461452205565223
13.461452205565223,13.461452205565223
13.395178866136469,13.461452205565223
13.196358847850206,13.461452205565223
12.931265490135182,13.461452205565223
12.577807679848483,13.461452205565223
13.593998884422739,14.12418559985278
13.06381216899269,14.985739012426599
14.256732278710288,14.521825636425312
14.698554541568662,15.515925727856647
15.493834614713727,15.582199067285401
16.775119177003,15.582199067285401
16.311205801001712,15.582199067285401
17.349488118718874,15.648472406714156
20.353879506155792,16.311205801001712
19.82369279072575,15.847292425000418
22.07698633130343,16.775119177003
21.54679961587339,17.437852571290556
21.01661290044335,17.17275921357553
23.932639835308585,16.907665855860508
23.468726459307298,17.901765947291842
22.872266404448496,17.437852571290556
24.462826550738633,18.431952662721883
25.05928660559743,18.763319359865662
24.59537322959614,18.100585965578105
25.523199981598715,18.03431262614935
25.65574666045623,18.630772681008153
25.58947332102747,19.028412717580686
25.523199981598715,19.82369279072575
25.05928660559743,19.293506075295703
24.661646569024896,19.691146111868235
25.258106623883698,19.160959396438194
25.258106623883698,19.028412717580686
24.72791990845365,19.492326093581973
24.0651865141661,19.82369279072575
23.800093156451076,19.22723273586695
23.402453119878544,19.82369279072575
23.932639835308585,19.293506075295703
23.402453119878544,19.42605275415322
24.462826550738633,18.962139378151925
24.462826550738633,18.630772681008153
24.330279871881118,18.16685930500686
23.932639835308585,18.03431262614935
23.33617978044979,18.630772681008153
23.402453119878544,18.100585965578105
23.13735976216352,18.89586603872317
22.60717304673348,18.498226002150638
22.2758063495897,19.691146111868235
22.342079689018455,20.022512809012014
21.811892973588414,19.42605275415322
21.281706258158366,19.028412717580686
21.856075199874248,19.82369279072575
22.07698633130343,19.558599433010727
21.54679961587339,19.160959396438194
21.21543291872961,18.697046020436908
20.884066221585833,18.100585965578105
20.618972863870816,17.968039286720597
20.088786148440768,19.028412717580686
19.492326093581973,18.36567932329313
18.962139378151925,19.691146111868235
18.89586603872317,20.088786148440768
18.23313264443562,20.15505948786953
17.835492607863088,20.884066221585833
17.835492607863088,22.07698633130343
17.835492607863088,21.613072955302144
17.835492607863088,21.54679961587339
17.835492607863088,22.40835302844721
17.17275921357553,21.944439652445922
16.907665855860508,22.872266404448496
16.510025819287975,23.269906441021035
15.979839103857934,24.264006532452363
15.582199067285401,23.667546477593568
16.775119177003,25.258106623883698
16.244932461572958,24.72791990845365
16.64257249814549,24.72791990845365
16.377479140430466,24.264006532452363
15.979839103857934,23.733819817022322
15.648472406714156,24.19773319302361
15.71474574614291,23.800093156451076
15.184559030712869,23.932639835308585
14.521825636425312,23.468726459307298
13.859092242137756,23.269906441021035
13.196358847850206,22.673446386162233
12.599898792991404,23.13735976216352
12.268532095847625,22.673446386162233
11.804618719846339,22.342079689018455
11.274432004416298,21.679346294730898
11.208158664987543,21.41425293701588
11.208158664987543,22.07698633130343
11.208158664987543,21.613072955302144
11.208158664987543,20.884066221585833
11.208158664987543,20.287606166727038
10.545425270699987,20.884066221585833
9.88269187641243,20.4864261850133
9.219958482124873,20.088786148440768
9.087411803267365,20.022512809012014
8.954865124409856,19.691146111868235
8.689771766694832,19.160959396438194
8.2921317301223,19.028412717580686
7.960765032978522,18.498226002150638
7.828218354121013,17.968039286720597
7.761945014692259,17.702945929005573
7.298031638690972,17.040212534718023
6.9003916021184395,16.64257249814549
7.629398335834743,16.024021330143768
7.894491693549767,16.510025819287975
,16.112385782715442
,15.648472406714156
,15.582199067285401
,15.449652388427886
,14.985739012426599
,14.521825636425312
,14.521825636425312
,14.985739012426599
,15.449652388427886
,14.985739012426599
,14.521825636425312
,14.12418559985278
,13.660272223851493
,13.130085508421452
,12.53362545356265
,12.401078774705141
,12.003438738132608
,11.406978683273806
,11.208158664987543
,10.677971949557495
,10.280331912984963
,10.015238555269946
,9.396687387268223
,10.015238555269946
