Y(hoy),Y(ayer)
-0.8535891110459488,-1.2512291476184885
-0.9861357899034573,-1.7151425236197753
-0.9861357899034573,-1.913962541906045
-1.5825958447622668,-2.5766959361935875
-2.444149257336079,-2.974335972766127
-1.913962541906045,-2.444149257336079
-1.9802358813347922,-2.179055899621062
-1.913962541906045,-2.70924261505111
-1.9802358813347922,-2.444149257336079
-1.648869184191014,-2.70924261505111
-1.2512291476184885,-2.3116025784785705
-1.383775826475997,-1.913962541906045
-1.648869184191014,-1.913962541906045
-0.9198624504747102,-1.5163225053335054
-1.383775826475997,-0.9861357899034573
-0.5222224139021705,-0.8535891110459488
0.14051098038538612,-0.8535891110459488
-0.3234023956159007,-0.45594907447342337
1.0020643929591984,0.07423764095662477
1.399704429531738,0.8695177141016899
1.9961644843905333,1.664797787246755
2.8577178969643597,2.2612578421055503
3.3879046123944008,2.3275311815343116
3.6529979701094177,2.7914445575355984
6.171384868402129,3.255357933536885
6.70157158383217,4.05063800668195
17.30530589243304,4.713371400969507
16.775119177003,5.243558116399548
16.244932461572958,5.773744831829596
15.582199067285401,6.303931547259637
16.510025819287975,7.364304978119726
15.979839103857934,8.027038372407276
18.23313264443562,9.352505160982389
29.632147026181556,8.954865124409856
28.969413631894,10.412878591842478
30.825067135899154,11.738345380417584
30.294880420469113,13.06381216899269
32.283080603331776,12.666172132420158
31.62034720904422,14.12418559985278
33.47600071304937,15.052012351855353
32.945813997619325,15.71474574614291
37.717494436489716,17.040212534718023
37.187307721059675,16.64257249814549
34.536374143909455,17.968039286720597
42.09153483878758,17.437852571290556
41.95898815993007,16.907665855860508
41.296254765642516,18.36567932329313
40.76606805021247,17.835492607863088
40.10333465592491,20.353879506155792
39.44060126163736,19.691146111868235
38.91041454620732,22.07698633130343
38.247681151919764,21.54679961587339
37.58494775763221,23.667546477593568
37.054761042202166,23.269906441021035
36.39202764791461,24.993013266168674
35.72929425362706,24.59537322959614
35.464200895912036,27.113760127888845
34.93401418048199,26.583573412458804
34.4701008044807,26.185933375886272
34.4701008044807,30.162333741611597
34.93401418048199,29.49960034732404
34.40382746505195,28.969413631894
35.596747574769545,28.571773595321467
36.126934290199586,31.355253851329195
36.524574326772125,30.825067135899154
35.86184093248457,32.68072063990431
35.464200895912036,32.15053392447426
35.464200895912036,31.752893887901728
37.717494436489716,33.74109407076439
36.19320762962835,33.21090735533435
35.72929425362706,34.80146750162448
35.0665608593395,35.86184093248457
34.40382746505195,37.98258779420474
33.873640749621906,37.4524010787747
33.40972737362062,36.92221436334465
34.07246076790817,40.36842801363994
34.536374143909455,39.838241298209894
35.39792755648328,39.44060126163736
34.867740841053234,42.22408151764509
35.33165421705452,41.69389480221505
34.66892082276697,43.28445494850518
33.873640749621906,42.75426823307514
33.34345403419186,43.94718834279273
32.283080603331776,43.81464166393522
32.01798724561675,43.35072828793393
31.752893887901728,42.75426823307514
31.39943607761503,42.22408151764509
32.15053392447426,41.69389480221505
31.48780053018671,41.16370808678501
30.692520457041645,40.63352137135496
29.89724038389658,40.10333465592491
29.632147026181556,39.57314794049488
29.101960310751508,39.04296122506483
28.505500255892713,38.38022783077727
27.90904020103391,38.115134473062255
28.903140292465245,37.717494436489716
28.43922691646396,37.187307721059675
31.090160493614178,36.524574326772125
30.096060402182843,36.2594809690571
30.55997377818413,35.86184093248457
31.156433833042932,35.464200895912036
31.885440566759243,35.86184093248457
32.98999622390516,36.39202764791461
32.415627282189284,37.31985439991719
32.283080603331776,36.78966768448714
32.68072063990431,37.4524010787747
33.2771806947631,37.054761042202166
33.74109407076439,36.657121005629634
34.27128078619444,35.99438761134208
33.74109407076439,37.187307721059675
32.01798724561675,38.31395449134852
31.48780053018671,38.6453211884923
31.090160493614178,37.98258779420474
32.945813997619325,36.78966768448714
34.006187428479414,36.39202764791461
33.47600071304937,35.99438761134208
32.15053392447426,35.596747574769545
31.62034720904422,35.0665608593395
31.222707172471686,34.4701008044807
34.27128078619444,35.19910753819701
33.60854739190688,34.66892082276697
33.21090735533435,34.93401418048199
33.74109407076439,34.4701008044807
34.27128078619444,34.006187428479414
34.13873410733692,33.47600071304937
33.74109407076439,32.68072063990431
33.47600071304937,32.283080603331776
34.07246076790817,33.2771806947631
34.66892082276697,33.21090735533435
35.37583644334036,32.68072063990431
36.126934290199586,32.283080603331776
36.524574326772125,33.07836067647684
35.79556759305581,32.81326731876182
35.33165421705452,32.415627282189284
34.80146750162448,31.885440566759243
34.006187428479414,31.355253851329195
33.47600071304937,30.825067135899154
32.945813997619325,30.361153759897867
32.34935394276053,30.825067135899154
35.464200895912036,30.361153759897867
34.27128078619444,29.89724038389658
33.80736741019315,29.49960034732404
34.80146750162448,29.101960310751508
34.006187428479414,30.294880420469113
33.47600071304937,32.15053392447426
32.945813997619325,31.62034720904422
32.415627282189284,31.090160493614178
34.13873410733692,30.42742709932662
33.47600071304937,30.692520457041645
32.945813997619325,31.355253851329195
34.80146750162448,31.951713906187997
35.19910753819701,31.222707172471686
35.464200895912036,31.62034720904422
35.0665608593395,32.15053392447426
36.657121005629634,32.81326731876182
36.126934290199586,34.33755412562319
35.72929425362706,33.74109407076439
36.524574326772125,33.34345403419186
35.86184093248457,35.33165421705452
35.53047423534079,34.80146750162448
35.6630209141983,34.40382746505195
34.93401418048199,33.74109407076439
34.27128078619444,32.81326731876182
33.74109407076439,32.415627282189284
34.536374143909455,32.81326731876182
34.006187428479414,33.34345403419186
33.60854739190688,32.945813997619325
35.0665608593395,32.61444730047555
36.96639658963049,33.2771806947631
36.39202764791461,33.34345403419186
37.58494775763221,33.74109407076439
37.054761042202166,34.27128078619444
38.247681151919764,35.13283419876826
37.717494436489716,34.66892082276697
37.31985439991719,35.596747574769545
36.524574326772125,36.2594809690571
39.838241298209894,36.126934290199586
39.308054582779846,34.93401418048199
38.77786786734981,34.40382746505195
40.43470135306869,34.93401418048199
40.898614729069976,35.464200895912036
40.36842801363994,35.33165421705452
39.9707879770674,34.867740841053234
39.9707879770674,34.80146750162448
40.037061316496164,35.464200895912036
40.76606805021247,35.33165421705452
40.10333465592491,34.27128078619444
42.48917487536011,33.80736741019315
41.95898815993007,35.0665608593395
41.428801444500024,34.66892082276697
44.87501509479531,35.464200895912036
44.34482837936527,35.0665608593395
46.46557524108544,34.60264748333822
48.188682066233085,34.40382746505195
48.89559768680647,34.93401418048199
49.6466955336657,35.464200895912036
49.0502354788069,35.0665608593395
49.6466955336657,34.66892082276697
48.58632210280561,36.39202764791461
48.05613538737557,35.92811427191332
47.52594867194553,35.464200895912036
47.06203529594424,35.0665608593395
45.80284184679789,34.66892082276697
45.47147514965411,36.458300987343364
45.40520181022535,35.86184093248457
44.74246841593779,36.78966768448714
44.477375058222776,37.4524010787747
43.94718834279273,38.38022783077727
43.28445494850518,37.85004111534723
42.62172155421762,38.84414120677856
41.69389480221505,38.51277450963478
40.898614729069976,37.98258779420474
40.43470135306869,37.85004111534723
39.57314794049488,37.78376777591848
39.08714345135067,39.57314794049488
41.428801444500024,38.976687885636075
41.03116140792749,38.51277450963478
39.838241298209894,37.98258779420474
42.22408151764509,41.95898815993007
41.69389480221505,41.428801444500024
37.717494436489716,40.898614729069976
37.31985439991719,40.36842801363994
35.0665608593395,44.87501509479531
35.33165421705452,44.34482837936527
34.867740841053234,43.81464166393522
33.21090735533435,43.28445494850518
32.68072063990431,42.75426823307514
32.283080603331776,46.73066859880046
33.2771806947631,46.200481883370415
32.81326731876182,45.80284184679789
32.15053392447426,47.12830863537299
31.752893887901728,46.598121919942955
30.825067135899154,46.598121919942955
31.090160493614178,45.9353885256554
31.355253851329195,45.53774848908286
32.15053392447426,45.14010845251033
31.62034720904422,44.676195076509046
31.156433833042932,44.21228170050775
29.89724038389658,43.81464166393522
30.825067135899154,43.28445494850518
30.42742709932662,42.62172155421762
30.692520457041645,41.69389480221505
30.294880420469113,41.16370808678501
31.156433833042932,40.63352137135496
30.55997377818413,40.10333465592491
30.162333741611597,39.9707879770674
32.15053392447426,40.50097469249745
31.62034720904422,41.16370808678501
33.21090735533435,43.019361590790155
32.68072063990431,42.55544821478887
32.68072063990431,42.09153483878758
32.216807263903014,41.56134812335753
32.01798724561675,42.22408151764509
31.752893887901728,41.69389480221505
31.222707172471686,40.76606805021247
30.626247117612884,40.23588133478243
30.626247117612884,39.04296122506483
31.62034720904422,37.98258779420474
31.090160493614178,37.4524010787747
32.945813997619325,35.596747574769545
32.415627282189284,35.0665608593395
33.34345403419186,34.536374143909455
33.21090735533435,34.006187428479414
32.68072063990431,33.40972737362062
32.15053392447426,33.74109407076439
31.686620548472973,34.07246076790817
30.957613814756662,33.47600071304937
31.355253851329195,32.81326731876182
32.15053392447426,31.885440566759243
32.283080603331776,30.825067135899154
32.283080603331776,30.42742709932662
32.74699397933306,29.83096704446782
33.21090735533435,29.300780329037778
34.536374143909455,30.692520457041645
34.006187428479414,30.02978706275409
35.596747574769545,29.49960034732404
35.0665608593395,30.957613814756662
36.126934290199586,30.162333741611597
36.98848770277341,29.963513723325335
36.524574326772125,29.632147026181556
37.4524010787747,29.16823365018027
36.2594809690571,30.361153759897867
35.596747574769545,29.764693705039065
35.0665608593395,31.885440566759243
34.60264748333822,31.42152719075795
35.33165421705452,30.825067135899154
34.80146750162448,31.28898051190044
36.126934290199586,31.090160493614178
36.657121005629634,30.55997377818413
37.054761042202166,30.096060402182843
36.2594809690571,30.162333741611597
35.596747574769545,30.55997377818413
35.596747574769545,31.42152719075795
35.13283419876826,30.957613814756662
34.536374143909455,31.929622793045077
33.873640749621906,31.62034720904422
33.2771806947631,31.222707172471686
32.68072063990431,31.355253851329195
34.006187428479414,32.01798724561675
33.47600071304937,31.48780053018671
32.945813997619325,31.885440566759243
32.415627282189284,31.28898051190044
35.33165421705452,31.48780053018671
34.867740841053234,32.415627282189284
36.59084766620087,32.945813997619325
36.126934290199586,34.006187428479414
35.19910753819701,33.47600071304937
32.945813997619325,34.80146750162448
32.415627282189284,35.86184093248457
33.40972737362062,35.33165421705452
32.945813997619325,38.247681151919764
34.33755412562319,37.717494436489716
33.60854739190688,37.187307721059675
33.34345403419186,36.2594809690571
33.21090735533435,38.77786786734981
32.68072063990431,38.247681151919764
30.825067135899154,37.58494775763221
30.162333741611597,36.78966768448714
29.89724038389658,36.2594809690571
30.02978706275409,35.72929425362706
29.367053668466532,36.126934290199586
28.969413631894,36.524574326772125
27.90904020103391,37.717494436489716
29.035686971322754,37.187307721059675
29.963513723325335,38.51277450963478
29.49960034732404,38.048861133633494
28.43922691646396,37.4524010787747
27.842766861605156,36.78966768448714
27.37885348560387,36.2594809690571
26.583573412458804,35.72929425362706
26.053386697028763,35.33165421705452
25.523199981598715,34.84564972791032
24.993013266168674,35.6630209141983
24.59537322959614,35.19910753819701
25.390653302741207,36.2594809690571
24.92673992673992,35.99438761134208
24.860466587311166,35.0665608593395
20.088786148440768,34.006187428479414
20.552699524442062,33.60854739190688
21.01661290044335,34.66892082276697
21.149159579300857,35.19910753819701
21.01661290044335,34.536374143909455
20.552699524442062,33.47600071304937
19.95623946958326,32.81326731876182
19.42605275415322,32.54817396104679
18.763319359865662,32.15053392447426
18.498226002150638,31.48780053018671
17.968039286720597,31.222707172471686
17.371579231861794,31.752893887901728
16.775119177003,30.825067135899154
16.112385782715442,30.294880420469113
15.648472406714156,29.764693705039065
15.582199067285401,29.101960310751508
15.317105709570377,28.83686695303649
14.85319233356909,28.43922691646396
13.726545563280247,27.842766861605156
13.328905526707715,28.174133558748935
12.798718811277674,27.776493522176402
12.401078774705141,28.571773595321467
13.328905526707715,28.174133558748935
12.798718811277674,27.776493522176402
14.389278957567804,28.704320274178976
13.859092242137756,29.764693705039065
15.449652388427886,29.300780329037778
14.919465672997845,28.704320274178976
14.919465672997845,28.24040689817769
14.389278957567804,27.37885348560387
13.726545563280247,26.84866677017383
13.130085508421452,26.451026733601296
12.53362545356265,26.053386697028763
12.401078774705141,25.523199981598715
12.33480543527638,24.993013266168674
12.268532095847625,24.529099890167387
11.605798701560076,24.0651865141661
11.340705343845052,23.711728703879402
10.94306530727252,24.529099890167387
10.412878591842478,24.330279871881118
9.88269187641243,23.800093156451076
9.219958482124873,23.13735976216352
8.954865124409856,22.474626367875963
8.424678408979808,21.944439652445922
7.761945014692259,21.41425293701588
7.231758299262211,20.618972863870816
6.569024904974661,20.088786148440768
6.303931547259637,20.088786148440768
5.906291510687105,19.691146111868235
5.442378134685818,19.160959396438194
4.845918079827015,18.697046020436908
,18.23313264443562
,17.835492607863088
,17.30530589243304
,16.841392516431753
,16.377479140430466
,15.979839103857934
,15.515925727856647
,14.985739012426599
,14.521825636425312
,14.521825636425312
,14.256732278710288
,13.726545563280247
,13.06381216899269
,12.53362545356265
,12.069712077561363
,11.406978683273806
,11.539525362131315
,12.135985416990117
,12.401078774705141
,12.003438738132608
,11.47325202270256
,11.009338646701273
,10.412878591842478
,10.147785234127454
,10.015238555269946
,9.418778500411143
,9.750145197554922
,9.219958482124873
,9.617598518697413
,9.15368514269612
,8.557225087837324
,7.894491693549767
,7.629398335834743
,7.231758299262211
,6.70157158383217
,6.038838189544613
,5.773744831829596
,5.3761047952570635
,4.845918079827015
,4.382004703825729
,3.8518179883956876
,3.5204512912519093
