Y(hoy),Y(ayer)
8.888591784981102,5.773744831829596
8.49095174840857,6.237658207830883
8.027038372407276,6.767844923260924
8.623498427266078,6.834118262689678
9.087411803267365,6.834118262689678
9.087411803267365,6.303931547259637
9.087411803267365,5.773744831829596
8.424678408979808,5.3761047952570635
7.960765032978522,4.91219141925577
7.761945014692259,5.420287021542897
7.099211620404702,4.978464758684531
6.436478226117146,5.1110114375420395
5.906291510687105,4.713371400969507
5.707471492400835,4.448278043254483
5.6411981529720805,3.8518179883956876
4.978464758684531,3.3879046123944008
4.713371400969507,2.990264575821868
4.183184685539466,2.5263511998205814
3.5867246306806635,2.3275311815343116
3.5204512912519093,2.3275311815343116
3.5204512912519093,2.3275311815343116
3.5204512912519093,2.194984502676803
3.5204512912519093,1.7089800135325959
2.990264575821868,2.0624378238192946
2.46007786039182,1.3334310901029767
2.5926245392493286,1.2671577506742295
2.46007786039182,1.2671577506742295
2.46007786039182,0.8695177141016899
1.929891144961772,0.20678431981413326
1.5322511083892465,0.20678431981413326
1.929891144961772,0.20678431981413326
1.5322511083892465,0.6044243563866729
4.315731364396974,1.1346110718167068
3.6529979701094177,0.7369710352441814
3.1228112546793767,0.20678431981413326
2.65889787867809,0.20678431981413326
4.315731364396974,0.20678431981413326
3.7855446489669333,0.20678431981413326
3.255357933536885,0.20678431981413326
2.725171218106837,0.20678431981413326
2.0624378238192946,0.20678431981413326
1.5322511083892465,-0.1908557167583922
1.3334310901029767,-0.7210424321884403
1.2671577506742295,-0.8535891110459488
1.2671577506742295,-0.8535891110459488
0.20678431981413326,-0.45594907447342337
0.67069769581542,0.07423764095662477
1.1346110718167068,-0.45594907447342337
1.2671577506742295,-0.8535891110459488
1.1346110718167068,-0.45594907447342337
0.5381510169579116,0.07423764095662477
0.20678431981413326,0.20678431981413326
0.20678431981413326,0.20678431981413326
0.20678431981413326,0.20678431981413326
-0.05830903790088371,-0.5884957533309318
0.20678431981413326,-0.3234023956159007
-0.389675735044662,0.07423764095662477
0.14051098038538612,-0.45594907447342337
0.14051098038538612,-0.8535891110459488
-0.7873157716172017,-0.05830903790088371
-0.8535891110459488,-0.5884957533309318
-0.8535891110459488,0.20678431981413326
-0.41176684818758247,0.20678431981413326
-0.05830903790088371,0.20678431981413326
0.20678431981413326,0.20678431981413326
0.20678431981413326,0.20678431981413326
0.47187767752916443,0.20678431981413326
1.0020643929591984,1.0020643929591984
2.46007786039182,0.47187767752916443
3.5204512912519093,0.8695177141016899
4.713371400969507,0.33933099867164174
5.6411981529720805,0.33933099867164174
4.845918079827015,1.1346110718167068
5.3761047952570635,1.7973444661042635
17.570399250148064,2.7914445575355984
18.89586603872317,3.255357933536885
18.36567932329313,2.5926245392493286
19.293506075295703,3.1228112546793767
19.95623946958326,4.05063800668195
19.09468605700944,4.845918079827015
21.01661290044335,5.508651474114572
19.691146111868235,4.845918079827015
22.872266404448496,5.707471492400835
22.342079689018455,5.773744831829596
20.353879506155792,6.303931547259637
24.72791990845365,7.099211620404702
24.19773319302361,7.629398335834743
26.716120091316313,8.2921317301223
26.053386697028763,8.954865124409856
25.523199981598715,10.147785234127454
28.43922691646396,9.750145197554922
27.90904020103391,11.208158664987543
27.37885348560387,12.53362545356265
29.764693705039065,13.859092242137756
29.234506989609024,15.184559030712869
34.80146750162448,14.786918994140336
36.657121005629634,16.244932461572958
36.126934290199586,17.702945929005573
37.717494436489716,17.17275921357553
37.187307721059675,18.16685930500686
40.898614729069976,18.697046020436908
40.50097469249745,19.160959396438194
38.77786786734981,19.82369279072575
44.34482837936527,20.353879506155792
45.53774848908286,20.884066221585833
45.40520181022535,22.60717304673348
44.87501509479531,22.07698633130343
44.411101718794015,21.54679961587339
43.5495483062202,24.462826550738633
42.886814911932646,23.932639835308585
42.3566281965026,23.402453119878544
42.75426823307514,25.78829333931374
44.12391724793608,25.258106623883698
43.5495483062202,27.643946843318894
44.34482837936527,27.113760127888845
44.609921737080285,26.583573412458804
45.47147514965411,26.185933375886272
45.40520181022535,30.02978706275409
44.74246841593779,29.49960034732404
44.079735021650244,28.969413631894
43.28445494850518,28.43922691646396
42.75426823307514,31.62034720904422
41.7601681416438,32.945813997619325
41.20789031307084,35.596747574769545
41.95898815993007,35.0665608593395
41.428801444500024,34.536374143909455
40.96488806849874,34.13873410733692
41.95898815993007,36.92221436334465
40.36842801363994,36.39202764791461
39.838241298209894,35.99438761134208
39.308054582779846,38.247681151919764
38.91041454620732,37.717494436489716
39.57314794049488,39.57314794049488
39.17550790392234,41.69389480221505
39.838241298209894,41.16370808678501
39.308054582779846,40.63352137135496
37.58494775763221,40.23588133478243
36.92221436334465,45.27265513136784
36.524574326772125,44.87501509479531
37.4524010787747,44.34482837936527
37.4524010787747,43.81464166393522
36.78966768448714,44.609921737080285
36.524574326772125,46.99576195651548
36.126934290199586,46.46557524108544
35.596747574769545,45.9353885256554
35.0665608593395,45.53774848908286
34.40382746505195,45.00756177365282
33.74109407076439,47.52594867194553
34.27128078619444,47.12830863537299
33.74109407076439,46.46557524108544
33.34345403419186,45.9353885256554
35.33165421705452,45.40520181022535
34.40382746505195,44.87501509479531
34.050369654765255,44.34482837936527
33.47600071304937,43.81464166393522
34.27128078619444,43.35072828793393
34.27128078619444,42.75426823307514
33.60854739190688,42.3566281965026
33.34345403419186,43.41700162736269
32.87954065819057,44.079735021650244
32.945813997619325,44.21228170050775
32.415627282189284,43.5495483062202
33.07836067647684,42.75426823307514
32.54817396104679,45.00756177365282
33.01208733704808,44.34482837936527
32.415627282189284,43.81464166393522
32.945813997619325,43.28445494850518
34.27128078619444,45.670295167940374
33.74109407076439,46.46557524108544
32.54817396104679,46.00166186508415
33.47600071304937,45.53774848908286
32.945813997619325,44.87501509479531
32.48190062161804,44.477375058222776
32.81326731876182,44.477375058222776
35.33165421705452,44.079735021650244
34.80146750162448,43.5495483062202
34.27128078619444,43.019361590790155
33.74109407076439,42.48917487536011
33.34345403419186,42.886814911932646
35.33165421705452,42.3566281965026
34.80146750162448,43.15190826964766
34.27128078619444,42.48917487536011
33.74109407076439,41.95898815993007
32.945813997619325,41.428801444500024
32.415627282189284,40.898614729069976
33.47600071304937,40.36842801363994
32.945813997619325,39.57314794049488
34.13873410733692,39.04296122506483
34.66892082276697,38.38022783077727
33.93991408905066,37.98258779420474
33.47600071304937,39.37432792220861
34.735194162195725,38.77786786734981
35.33165421705452,38.38022783077727
34.27128078619444,39.838241298209894
34.80146750162448,39.308054582779846
33.74109407076439,38.84414120677856
32.283080603331776,38.31395449134852
33.21090735533435,37.58494775763221
31.885440566759243,36.92221436334465
31.28898051190044,36.2594809690571
30.957613814756662,35.596747574769545
34.80146750162448,34.80146750162448
33.34345403419186,35.26538087762577
35.33165421705452,34.80146750162448
34.80146750162448,34.40382746505195
34.27128078619444,33.21090735533435
33.873640749621906,32.68072063990431
35.6630209141983,32.283080603331776
35.0665608593395,33.2771806947631
36.657121005629634,33.21090735533435
36.126934290199586,32.68072063990431
36.657121005629634,32.216807263903014
35.99438761134208,31.62034720904422
35.72929425362706,31.090160493614178
35.33165421705452,30.55997377818413
34.80146750162448,30.162333741611597
34.40382746505195,31.885440566759243
36.524574326772125,31.355253851329195
35.99438761134208,30.957613814756662
35.72929425362706,33.60854739190688
35.86184093248457,32.945813997619325
35.33165421705452,34.13873410733692
34.80146750162448,33.54227405247813
34.006187428479414,33.01208733704808
33.54227405247813,32.61444730047555
33.47600071304937,33.74109407076439
34.13873410733692,33.21090735533435
34.80146750162448,35.33165421705452
34.93401418048199,34.80146750162448
34.40382746505195,34.33755412562319
33.47600071304937,34.27128078619444
34.536374143909455,33.74109407076439
34.006187428479414,33.34345403419186
36.657121005629634,33.34345403419186
35.596747574769545,32.945813997619325
36.92221436334465,32.415627282189284
36.458300987343364,31.752893887901728
35.99438761134208,31.090160493614178
37.98258779420474,30.55997377818413
37.4524010787747,30.162333741611597
39.57314794049488,31.885440566759243
38.91041454620732,31.355253851329195
38.446501170206034,32.68072063990431
39.57314794049488,33.2771806947631
39.04296122506483,33.60854739190688
38.51277450963478,34.13873410733692
37.98258779420474,34.66892082276697
37.51867441820345,35.33165421705452
37.054761042202166,34.80146750162448
38.77786786734981,34.13873410733692
38.247681151919764,33.54227405247813
40.23588133478243,34.006187428479414
39.57314794049488,34.40382746505195
40.898614729069976,34.13873410733692
40.898614729069976,33.47600071304937
40.36842801363994,32.945813997619325
39.9707879770674,32.415627282189284
40.898614729069976,33.47600071304937
40.36842801363994,33.07836067647684
40.898614729069976,34.40382746505195
40.36842801363994,34.006187428479414
50.04433557023823,33.47600071304937
49.0502354788069,32.945813997619325
48.58632210280561,32.34935394276053
49.779242212523215,33.74109407076439
49.24905549709317,35.19910753819701
48.851415460520634,34.735194162195725
48.32122874509059,34.40382746505195
47.791042029660545,34.536374143909455
47.12830863537299,34.07246076790817
46.86321527765797,33.54227405247813
46.399301901656685,34.006187428479414
45.9353885256554,35.11074308562534
45.53774848908286,34.536374143909455
46.46557524108544,34.536374143909455
45.9353885256554,34.40382746505195
45.53774848908286,35.33165421705452
45.00756177365282,34.80146750162448
44.278555039936506,36.39202764791461
44.34482837936527,35.86184093248457
43.88091500336398,35.33165421705452
43.28445494850518,34.80146750162448
42.820541572503885,34.27128078619444
42.22408151764509,33.80736741019315
41.56134812335753,33.21090735533435
41.03116140792749,32.68072063990431
40.36842801363994,32.283080603331776
39.9707879770674,34.80146750162448
41.69389480221505,34.27128078619444
41.16370808678501,35.86184093248457
43.5495483062202,35.464200895912036
43.019361590790155,36.39202764791461
42.48917487536011,35.86184093248457
44.87501509479531,35.72929425362706
44.34482837936527,36.92221436334465
46.46557524108544,36.39202764791461
45.9353885256554,37.4524010787747
45.40520181022535,36.657121005629634
43.88091500336398,36.126934290199586
44.87501509479531,35.72929425362706
44.34482837936527,37.187307721059675
43.28445494850518,36.657121005629634
42.62172155421762,38.51277450963478
42.157808178216335,37.98258779420474
42.09153483878758,37.58494775763221
41.82644148107256,39.57314794049488
41.428801444500024,39.10923456449358
40.63352137135496,39.10923456449358
40.10333465592491,39.57314794049488
39.57314794049488,39.9707879770674
37.4524010787747,39.90451463763865
36.92221436334465,39.57314794049488
36.524574326772125,39.10923456449358
37.717494436489716,43.81464166393522
37.31985439991719,43.28445494850518
39.308054582779846,42.75426823307514
39.838241298209894,42.22408151764509
39.308054582779846,41.82644148107256
38.6453211884923,46.99576195651548
38.38022783077727,46.200481883370415
37.85004111534723,49.11650881823566
37.58494775763221,48.65259544223437
37.717494436489716,49.6466955336657
37.187307721059675,47.52594867194553
36.657121005629634,46.99576195651548
36.19320762962835,46.598121919942955
35.596747574769545,48.58632210280561
34.80146750162448,48.05613538737557
34.27128078619444,47.39340199308802
33.74109407076439,46.73066859880046
35.13283419876826,46.200481883370415
34.536374143909455,45.670295167940374
35.6630209141983,45.14010845251033
33.74109407076439,44.609921737080285
32.945813997619325,44.146008361079
32.415627282189284,43.41700162736269
34.580556370195296,45.27265513136784
34.006187428479414,44.609921737080285
33.60854739190688,44.079735021650244
35.39792755648328,43.5495483062202
34.40382746505195,47.52594867194553
33.873640749621906,46.99576195651548
33.40972737362062,46.46557524108544
34.006187428479414,45.9353885256554
37.85004111534723,45.670295167940374
35.33165421705452,45.14010845251033
36.92221436334465,44.609921737080285
36.39202764791461,45.18429067879617
35.86184093248457,44.87501509479531
36.126934290199586,44.477375058222776
36.524574326772125,44.079735021650244
35.86184093248457,43.59373053250604
36.524574326772125,45.670295167940374
35.464200895912036,45.14010845251033
37.187307721059675,44.609921737080285
38.51277450963478,44.21228170050775
38.247681151919764,48.58632210280561
37.187307721059675,48.05613538737557
36.657121005629634,47.59222201137428
36.524574326772125,46.99576195651548
38.6453211884923,46.46557524108544
37.717494436489716,47.791042029660545
38.51277450963478,47.260855314230504
36.92221436334465,46.598121919942955
37.4524010787747,45.9353885256554
36.524574326772125,45.27265513136784
37.98258779420474,44.609921737080285
37.054761042202166,44.146008361079
40.63352137135496,43.68209498507771
40.23588133478243,43.28445494850518
39.57314794049488,42.75426823307514
39.04296122506483,42.22408151764509
38.51277450963478,41.7601681416438
37.58494775763221,41.16370808678501
41.95898815993007,40.63352137135496
41.428801444500024,40.10333465592491
40.898614729069976,39.57314794049488
40.36842801363994,37.98258779420474
39.9707879770674,38.51277450963478
39.308054582779846,37.98258779420474
38.91041454620732,37.51867441820345
37.31985439991719,36.98848770277341
36.72339434505839,36.524574326772125
37.187307721059675,36.126934290199586
37.717494436489716,35.72929425362706
39.838241298209894,35.33165421705452
39.308054582779846,34.80146750162448
40.898614729069976,34.006187428479414
40.36842801363994,33.34345403419186
39.9707879770674,32.68072063990431
41.95898815993007,32.283080603331776
41.428801444500024,32.81326731876182
40.76606805021247,32.283080603331776
40.50097469249745,33.47600071304937
40.10333465592491,34.536374143909455
39.44060126163736,34.006187428479414
38.976687885636075,35.0665608593395
40.76606805021247,33.74109407076439
40.63352137135496,33.40972737362062
40.16960799535367,34.536374143909455
43.41700162736269,34.006187428479414
41.296254765642516,35.19910753819701
38.77786786734981,34.735194162195725
38.115134473062255,35.33165421705452
37.85004111534723,37.4524010787747
40.898614729069976,36.78966768448714
40.36842801363994,36.524574326772125
39.9707879770674,36.126934290199586
38.6453211884923,35.596747574769545
40.36842801363994,35.0665608593395
41.36252810507127,34.536374143909455
41.95898815993007,33.873640749621906
41.428801444500024,33.47600071304937
40.898614729069976,35.33165421705452
40.50097469249745,34.93401418048199
39.17550790392234,35.39792755648328
39.308054582779846,34.867740841053234
39.04296122506483,34.40382746505195
39.838241298209894,35.596747574769545
39.37432792220861,35.0665608593395
38.6453211884923,36.92221436334465
38.115134473062255,36.39202764791461
37.85004111534723,35.99438761134208
37.4524010787747,38.77786786734981
39.838241298209894,38.247681151919764
39.308054582779846,37.717494436489716
38.84414120677856,39.57314794049488
38.247681151919764,39.17550790392234
36.78966768448714,38.51277450963478
39.44060126163736,38.115134473062255
38.976687885636075,37.4524010787747
39.838241298209894,36.92221436334465
39.44060126163736,37.717494436489716
40.23588133478243,37.31985439991719
40.898614729069976,38.77786786734981
40.36842801363994,39.04296122506483
39.90451463763865,39.57314794049488
39.17550790392234,39.9707879770674
38.6453211884923,39.04296122506483
37.98258779420474,38.6453211884923
37.51867441820345,37.916314454775986
36.92221436334465,37.98258779420474
36.524574326772125,38.57904784906354
39.77196795878114,38.02677002049058
39.04296122506483,39.57314794049488
38.446501170206034,39.04296122506483
37.98258779420474,38.6453211884923
37.4524010787747,43.5495483062202
39.838241298209894,43.019361590790155
39.308054582779846,42.55544821478887
38.77786786734981,41.95898815993007
38.247681151919764,41.428801444500024
37.717494436489716,41.03116140792749
37.054761042202166,44.079735021650244
36.78966768448714,43.019361590790155
36.524574326772125,42.48917487536011
35.99438761134208,41.95898815993007
35.464200895912036,41.56134812335753
37.717494436489716,41.16370808678501
37.187307721059675,40.63352137135496
36.78966768448714,40.23588133478243
35.86184093248457,39.308054582779846
35.33165421705452,38.91041454620732
34.66892082276697,39.838241298209894
34.4701008044807,40.96488806849874
35.596747574769545,40.898614729069976
35.0665608593395,40.36842801363994
34.536374143909455,40.898614729069976
36.524574326772125,43.019361590790155
35.99438761134208,42.3566281965026
35.33165421705452,42.09153483878758
34.80146750162448,41.69389480221505
34.27128078619444,41.16370808678501
33.60854739190688,39.506874601066116
32.945813997619325,39.04296122506483
32.283080603331776,39.838241298209894
31.62034720904422,39.1313256776365
30.55997377818413,39.57314794049488
30.02978706275409,40.36842801363994
27.90904020103391,41.03116140792749
26.84866677017383,41.03116140792749
27.37885348560387,40.63352137135496
24.19773319302361,39.57314794049488
23.667546477593568,39.04296122506483
23.269906441021035,39.44060126163736
22.60717304673348,38.91041454620732
22.07698633130343,41.16370808678501
21.41425293701588,40.567248031926205
20.751519542728325,40.10333465592491
20.221332827298284,41.95898815993007
22.07698633130343,40.63352137135496
21.54679961587339,40.10333465592491
21.149159579300857,39.57314794049488
22.651355273019313,39.04296122506483
23.402453119878544,38.51277450963478
22.872266404448496,38.115134473062255
22.342079689018455,37.4524010787747
21.149159579300857,36.8559410239159
20.618972863870816,39.57314794049488
19.82369279072575,39.04296122506483
19.558599433010727,38.6453211884923
19.028412717580686,38.247681151919764
17.835492607863088,37.717494436489716
17.371579231861794,37.31985439991719
16.775119177003,36.657121005629634
16.775119177003,36.126934290199586
15.71474574614291,35.72929425362706
15.250832370141623,37.58494775763221
14.65437231528282,36.92221436334465
13.991638920995271,36.524574326772125
12.798718811277674,37.58494775763221
12.401078774705141,37.010578815916325
13.328905526707715,38.51277450963478
,37.916314454775986
,37.4524010787747
,37.717494436489716
,37.187307721059675
,36.72339434505839
,36.126934290199586
,35.596747574769545
,34.93401418048199
,34.66892082276697
,34.27128078619444
,33.674820731335636
,33.34345403419186
,35.64092980105538
,35.0665608593395
,36.2594809690571
,35.6630209141983
,35.596747574769545
,36.39202764791461
,35.33165421705452
,34.80146750162448
,34.27128078619444
,33.74109407076439
,33.21090735533435
,32.68072063990431
,32.283080603331776
,32.15053392447426
,31.48780053018671
,30.825067135899154
,30.22860708104035
,31.62034720904422
,33.07836067647684
,32.68072063990431
,32.15053392447426
,32.34935394276053
,32.15053392447426
,31.62034720904422
,30.825067135899154
,30.294880420469113
,29.764693705039065
,29.367053668466532
,28.174133558748935
,27.643946843318894
,27.113760127888845
,26.716120091316313
,27.710220182747648
,27.643946843318894
,27.24630680674636
,26.053386697028763
,25.523199981598715
,24.330279871881118
,23.932639835308585
,23.534999798736052
,22.872266404448496
,22.342079689018455
,21.944439652445922
,21.54679961587339
,21.01661290044335
,20.618972863870816
,20.221332827298284
,19.691146111868235
,19.160959396438194
,20.221332827298284
,19.691146111868235
,21.082886239872103
,21.54679961587339
,22.07698633130343
,21.679346294730898
,21.281706258158366
,20.81779288215708
,20.353879506155792
,19.95623946958326
,19.42605275415322
,18.100585965578105
,17.570399250148064
,17.040212534718023
,16.510025819287975
,16.046112443286688
,16.377479140430466
,15.847292425000418
,15.71474574614291
,15.184559030712869
,14.65437231528282
,14.256732278710288
,13.859092242137756
,13.461452205565223
,12.798718811277674
,12.268532095847625
,11.804618719846339
,11.47325202270256
,12.003438738132608
