Y(hoy),Y(ayer)
,11.930983720622649
,11.390158768494715
,12.351625350055492
,12.832358640835878
,12.351625350055492
,11.8708920592751
,11.390158768494715
,11.029608800409427
,10.90942547771433
,10.308508864238846
,9.707592250763362
,9.226858959982977
,8.86630899189769
,8.145209055727108
,7.724567426294271
,7.303925796861428
,8.085117394379559
,7.664475764946722
,7.784659087641813
,7.183742474166337
,6.8231925060810426
,6.342459215300657
,6.8231925060810426
,6.342459215300657
,5.98190924721537
,5.260809311044788
,5.020442665654592
,5.020442665654592
,5.020442665654592
,4.960351004307043
,4.419526052179108
,4.058976084093821
,4.780076020264403
,4.11906774544137
,4.058976084093821
,4.11906774544137
,4.900259342959494
,4.4796177135266575
,4.780076020264403
,4.179159406788919
,4.900259342959494
,4.419526052179108
,4.780076020264403
,4.29934272948401
,4.960351004307043
,5.020442665654592
,5.020442665654592
,5.020442665654592
,5.6213592791300755
,5.14062598834969
,5.421053741304917
,5.020442665654592
,6.102092569910461
,7.183742474166337
,6.582825860690853
,8.385575701117297
,7.784659087641813
,9.04658397594033
,8.86630899189769
,8.385575701117297
,10.969517139061878
,10.428692186933944
,9.947958896153558
,9.467225605373173
,8.98649231459278
,11.991075381970198
,11.390158768494715
,12.591991995445682
,14.995658449347616
,14.51492515856723
,14.034191867786845
,13.55345857700646
,13.072725286226067
,16.49794998303632
,15.957125030908387
,15.476391740128001
,19.3222580663711
,18.841524775590706
,18.36079148481032
,17.880058194029935
,17.39932490324955
,16.918591612469164
,20.043358002541673
,21.966291165663222
,21.545649536230385
,21.00482458410245
,20.524091293322066
,19.562624711761288
,19.202074743676
,22.98784940857154
,22.447024456443607
,24.369957619565156
,23.82913266743722
,23.408491038004385
,28.936923881978828
,28.396098929850893
,27.975457300418057
,27.49472400963767
,27.01399071885728
,26.533257428076894
,26.05252413729651
,25.571790846516123
,25.091057555735738
,32.06169027205134
,31.58095698127095
,31.100223690490566
,30.61949039971018
,30.138757108929795
,29.65802381814941
,35.907556598294434
,35.42682330751405
,34.94609001673366
,34.46535672595327
,33.98462343517289
,33.5038901443925
,33.023156853612115
,32.54242356283173
,38.79195634297675
,38.31122305219637
,37.830489761415976
,37.3497564706356
,36.869023179855205
,36.38828988907482
,39.33278129510469
,44.56075583234139
,44.08002254156101
,43.59928925078062
,43.118555960000236
,42.637822669219844
,42.157089378439466
,41.67635608765907
,41.19562279687869
,40.7148895060983
,40.23415621531791
,39.75342292453753
,47.024513947590876
,46.48368899546294
,46.00295570468255
,45.52222241390217
,45.04148912312178
,47.56533889971881
,48.64698880397468
,48.166255513194294
,48.40662215858448
,47.98598052915165
,47.44515557702371
,46.96442228624333
,46.48368899546294
,47.144697270285974
,47.204788931633516
,47.204788931633516
,47.204788931633516
,47.324972254328614
,47.324972254328614
,47.324972254328614
,47.324972254328614
,47.324972254328614
,47.324972254328614
,47.324972254328614
,47.324972254328614
,47.324972254328614
,47.324972254328614
,47.324972254328614
,47.324972254328614
,47.44515557702371
,47.44515557702371
,47.44515557702371
,47.50524723837126
,47.56533889971881
,47.56533889971881
,47.56533889971881
,47.56533889971881
,47.56533889971881
,47.56533889971881
,47.56533889971881
,47.56533889971881
,47.56533889971881
,47.56533889971881
,47.56533889971881
,47.68552222241391
,47.68552222241391
,47.68552222241391
,47.74561388376145
,47.80570554510901
,47.80570554510901
,47.80570554510901
,47.80570554510901
,47.80570554510901
,47.80570554510901
,47.80570554510901
,47.80570554510901
,47.80570554510901
,47.80570554510901
,47.80570554510901
,47.86579720645655
,47.9258888678041
,47.9258888678041
,47.9258888678041
,48.046072190499196
,48.046072190499196
,48.046072190499196
,48.046072190499196
,48.046072190499196
,48.046072190499196
,48.046072190499196
,48.046072190499196
,48.046072190499196
,48.046072190499196
,48.046072190499196
,48.106163851846745
,48.166255513194294
,48.166255513194294
,48.166255513194294
,48.28643883588939
,48.28643883588939
,48.28643883588939
,48.28643883588939
,48.28643883588939
,48.28643883588939
,48.28643883588939
,48.28643883588939
,48.28643883588939
,48.28643883588939
,48.28643883588939
,48.28643883588939
,48.40662215858448
,48.40662215858448
,48.40662215858448
,48.46671381993204
,48.52680548127958
,48.52680548127958
,48.52680548127958
,48.52680548127958
,48.52680548127958
,48.52680548127958
,48.52680548127958
,48.52680548127958
,48.52680548127958
,48.52680548127958
,48.52680548127958
,48.64698880397468
,48.64698880397468
,48.64698880397468
,48.70708046532223
,48.76717212666978
,48.76717212666978
,48.76717212666978
,48.76717212666978
,48.76717212666978
,48.76717212666978
,48.76717212666978
,48.76717212666978
,48.76717212666978
,48.76717212666978
,48.76717212666978
,48.827263788017326
,48.887355449364875
,48.887355449364875
,48.887355449364875
,49.007538772059974
,49.007538772059974
,49.007538772059974
,49.007538772059974
,49.007538772059974
,49.007538772059974
,49.007538772059974
,49.007538772059974
,49.007538772059974
,49.007538772059974
,49.007538772059974
,49.067630433407516
,49.127722094755065
,49.127722094755065
,49.127722094755065
,49.24790541745016
,49.127722094755065
,48.70708046532223
,48.166255513194294
,47.56533889971881
,46.96442228624333
,46.48368899546294
,46.063047366030105
,46.96442228624333
,46.48368899546294
,45.52222241390217
,45.04148912312178
,44.4405725096463
,44.200205864256105
,43.83965589617081
,43.358922605390426
,42.87818931461004
,42.397456023829655
,41.91672273304927
,41.43598944226888
,40.8350728287934
,40.23415621531791
,40.9552561514885
,39.513056279147335
,39.03232298836694
,38.551589697586564
,38.07085640680617
,37.59012311602579
,37.16948148659295
,36.628656534465016
,36.20801490503217
,35.907556598294434
,35.42682330751405
,34.94609001673366
,34.46535672595327
,33.98462343517289
,33.5038901443925
,33.14334017630721
,33.864440112477794
,33.263523499002304
,32.782790208221925
,32.30205691744153
,31.881415288008697
,31.340590335880762
,33.023156853612115
,32.42224024013663
,32.181873594746435
,31.821323626661147
,31.340590335880762
,32.12178193339889
,31.6410486426185
,31.220407013185664
,32.782790208221925
,32.181873594746435
,31.70114030396605
,31.280498674533213
,31.821323626661147
,31.340590335880762
,32.42224024013663
,33.14334017630721
,34.70572337134347
,34.22499008056308
,33.744256789782696
,35.907556598294434
,35.42682330751405
,35.006181678081205
,34.46535672595327
,34.94609001673366
,34.46535672595327
,35.18645666212386
,36.92911484120276
,36.38828988907482
,35.907556598294434
,35.42682330751405
,35.06627333942876
,36.869023179855205
,36.38828988907482
,35.907556598294434
,35.46688441507908
,39.03232298836694
,38.551589697586564
,38.07085640680617
,37.59012311602579
,37.16948148659295
,36.628656534465016
,36.14792324368463
,37.830489761415976
,37.2295731479405
,36.74883985716011
,36.26810656637973
,35.787373275599336
,35.3667316461665
,38.91213966567185
,38.431406374891466
,37.830489761415976
,37.38981757820063
,37.950673084111074
,37.38981757820063
,38.07085640680617
,39.99378956992772
,39.513056279147335
,39.0924146497145
,38.551589697586564
,37.59012311602579
,37.2295731479405
,41.19562279687869
,40.65479784475075
,40.23415621531791
,39.75342292453753
,41.91672273304927
,40.9552561514885
,40.474522860708106
,39.99378956992772
,39.513056279147335
,39.03232298836694
,38.551589697586564
,41.91672273304927
,41.49608110361643
,38.19103972950127
,42.87818931461004
,42.397456023829655
,42.87818931461004
,42.397456023829655
,43.238739282695335
,46.00295570468255
,45.52222241390217
,45.10158078446933
,44.56075583234139
,44.08002254156101
,43.59928925078062
,50.81028861248642
,50.20937199901094
,49.7887303695781
,49.36808874014526
,48.887355449364875
,48.40662215858448
,47.9258888678041
,47.44515557702371
,46.96442228624333
,46.48368899546294
,51.05065525787661
,50.56992196709623
,50.149280337663384
,49.60845538553545
,49.127722094755065
,48.64698880397468
,48.28643883588939
,51.05065525787661
,50.56992196709623
,49.969005353620744
,49.48827206284036
,49.007538772059974
,48.40662215858448
,47.9258888678041
,47.44515557702371
,46.96442228624333
,46.48368899546294
,46.00295570468255
,45.52222241390217
,45.04148912312178
,44.56075583234139
,44.08002254156101
,43.59928925078062
,43.118555960000236
,42.637822669219844
,42.157089378439466
,41.67635608765907
,41.07543947418359
,40.594706183403204
,40.11397289262282
,39.513056279147335
,39.03232298836694
,38.551589697586564
,38.19103972950127
,40.9552561514885
,40.474522860708106
,39.99378956992772
,39.513056279147335
,39.15250631106204
,39.75342292453753
,39.15250631106204
,38.551589697586564
,38.07085640680617
,37.59012311602579
,36.9892065025503
,36.50847321176992
,36.02773992098953
,35.42682330751405
,35.06627333942876
,35.907556598294434
,35.42682330751405
,34.94609001673366
,34.46535672595327
,33.98462343517289
,33.5038901443925
,32.902973530917016
,32.42224024013663
,31.821323626661147
,31.340590335880762
,30.859857045100377
,30.319032092972442
,29.778207140844508
,29.53784049545431
,29.177290527369024
,28.57637391389354
,28.155732284460697
,29.778207140844508
,29.177290527369024
,28.69655723658863
,30.859857045100377
,30.37912375431999
,31.821323626661147
,31.340590335880762
,30.859857045100377
,30.37912375431999
,29.8983904635396
,29.297473850064115
,28.81674055928373
,28.215823945808246
,33.023156853612115
,32.54242356283173
,32.12178193339889
,31.58095698127095
,31.100223690490566
,30.61949039971018
,30.138757108929795
,29.65802381814941
,29.177290527369024
,28.81674055928373
,34.94609001673366
,34.46535672595327
,33.98462343517289
,33.5038901443925
,34.044715096520434
,33.5038901443925
,33.14334017630721
,34.94609001673366
,34.52544838730083
,34.10480675786798
,36.869023179855205
,36.38828988907482
,35.907556598294434
,35.42682330751405
,34.94609001673366
,34.46535672595327
,34.10480675786798
,35.42682330751405
,35.907556598294434
,34.94609001673366
,34.46535672595327
,36.869023179855205
,36.38828988907482
,35.42682330751405
,34.10480675786798
,36.02773992098953
,35.4869149688616
,35.06627333942876
,36.869023179855205
,36.38828988907482
,35.907556598294434
,39.513056279147335
,39.0924146497145
,38.551589697586564
,38.07085640680617
,37.59012311602579
,37.1093898252454
,36.74883985716011
,39.99378956992772
,39.39287295645224
,39.99378956992772
,39.513056279147335
,39.15250631106204
,39.99378956992772
,40.9552561514885
,40.474522860708106
,39.99378956992772
,39.513056279147335
,38.91213966567185
,38.67177302028166
,38.19103972950127
,38.07085640680617
,37.469939793330695
,37.2295731479405
,40.7148895060983
,40.11397289262282
,39.63323960184243
,39.27268963375714
,38.79195634297675
,41.91672273304927
,41.43598944226888
,40.474522860708106
,39.87360624723262
,39.39287295645224
,38.91213966567185
,38.431406374891466
,38.07085640680617
,37.59012311602579
,37.2295731479405
,40.9552561514885
,40.474522860708106
,39.99378956992772
,39.513056279147335
,39.0924146497145
,39.99378956992772
,39.513056279147335
,38.551589697586564
,38.07085640680617
,37.59012311602579
,37.04929816389785
,36.628656534465016
,36.20801490503217
,35.847464936946885
,36.38828988907482
,35.42682330751405
,38.07085640680617
,37.59012311602579
,37.1093898252454
,36.628656534465016
,36.02773992098953
,35.54700663020914
,35.30663998481895
,37.830489761415976
,37.2295731479405
,36.628656534465016
,36.14792324368463
,35.54700663020914
,35.30663998481895
,34.94609001673366
,34.34517340325817
,33.864440112477794
,33.3837068216974
,33.14334017630721
,34.94609001673366
,34.46535672595327
,34.044715096520434
,33.5038901443925
,33.083248514959664
,33.98462343517289
,32.60251522417927
,32.902973530917016
,32.06169027205134
,31.46077365857586
,31.220407013185664
,33.023156853612115
,32.72269854687437
,32.30205691744153
,31.821323626661147
,31.340590335880762
,30.73967372240528
,30.138757108929795
,29.65802381814941
,29.177290527369024
,28.69655723658863
,28.215823945808246
,27.73509065502786
,27.254357364247475
,27.975457300418057
,26.533257428076894
,26.05252413729651
,25.571790846516123
,24.97087423304064
,24.369957619565156
,23.88922432878477
,23.408491038004385
,23.04794106991909
,23.88922432878477
,23.468582699351927
