Y(hoy),Y(ayer)
2.3938045209630587,3.5204512912519093
2.46007786039182,3.5204512912519093
2.46007786039182,3.5204512912519093
2.46007786039182,3.3879046123944008
2.3938045209630587,2.725171218106837
2.46007786039182,2.3275311815343116
0.9357910535304512,1.7973444661042635
0.38351322495748263,1.2671577506742295
1.2008844112454682,1.2671577506742295
0.67069769581542,1.2008844112454682
0.47187767752916443,0.6044243563866729
-0.05830903790088371,0.20678431981413326
-0.1908557167583922,0.20678431981413326
-0.654769092759679,0.20678431981413326
-0.8535891110459488,0.07423764095662477
-1.1849558081897271,-0.5884957533309318
-1.7151425236197753,0.07423764095662477
-2.1127825601923007,-0.05830903790088371
-1.7814158630485224,-0.7210424321884403
-2.179055899621062,-0.8535891110459488
-0.9861357899034573,-0.8535891110459488
-0.8535891110459488,-0.8535891110459488
-2.0465092207635536,-0.8535891110459488
-2.0465092207635536,-0.8535891110459488
-2.0465092207635536,-0.8535891110459488
-2.0465092207635536,-0.8535891110459488
-2.1127825601923007,-0.8535891110459488
-2.179055899621062,-0.9198624504747102
-1.7814158630485224,-1.7814158630485224
-1.2512291476184885,-1.3175024870472356
-1.648869184191014,-1.913962541906045
-2.1127825601923007,-1.7151425236197753
-2.0465092207635536,-1.2512291476184885
-2.0465092207635536,-0.8535891110459488
-1.2512291476184885,-0.8535891110459488
-1.7151425236197753,-0.8535891110459488
-2.1127825601923007,-0.8535891110459488
-2.0465092207635536,-1.383775826475997
-1.383775826475997,-1.913962541906045
-1.913962541906045,-1.5163225053335054
-1.11868246876098,-0.9198624504747102
-0.8535891110459488,-1.7151425236197753
-0.8535891110459488,-1.2512291476184885
-0.8535891110459488,-0.9198624504747102
-0.389675735044662,-1.2512291476184885
-0.8535891110459488,-1.7151425236197753
0.07423764095662477,-1.7814158630485224
0.20678431981413326,-0.9861357899034573
0.20678431981413326,-0.8535891110459488
0.2730576592428946,-0.8535891110459488
0.9136999403875308,-0.8535891110459488
0.33933099867164174,-0.8535891110459488
1.1346110718167068,-0.8535891110459488
0.6044243563866729,-0.8535891110459488
0.20678431981413326,-0.8535891110459488
1.1346110718167068,-0.8535891110459488
0.6044243563866729,-0.8535891110459488
1.2671577506742295,-0.389675735044662
1.4659777689604852,0.14051098038538612
1.9961644843905333,0.4056043381004031
2.46007786039182,1.0020643929591984
2.46007786039182,1.2671577506742295
2.990264575821868,1.399704429531738
2.46007786039182,1.9961644843905333
3.3879046123944008,2.5263511998205814
2.725171218106837,2.990264575821868
2.3938045209630587,3.454177951823155
2.46007786039182,3.5204512912519093
2.46007786039182,3.5867246306806635
3.0565379152506154,4.05063800668195
2.5926245392493286,3.6529979701094177
3.5204512912519093,4.91219141925577
3.918091327824442,4.448278043254483
3.3879046123944008,5.3761047952570635
4.580824722111998,5.906291510687105
5.1110114375420395,6.767844923260924
5.6411981529720805,6.303931547259637
5.1110114375420395,7.231758299262211
4.713371400969507,8.093311711836037
5.508651474114572,7.629398335834743
5.707471492400835,8.623498427266078
5.906291510687105,9.683871858126167
6.480660452402979,9.087411803267365
6.70157158383217,10.81051862841501
6.038838189544613,10.147785234127454
5.6411981529720805,12.135985416990117
5.177284776970794,11.47325202270256
4.647098061540753,13.461452205565223
4.580824722111998,12.798718811277674
4.978464758684531,14.720645654711582
4.448278043254483,14.12418559985278
5.6411981529720805,15.781019085571664
5.773744831829596,15.184559030712869
6.171384868402129,16.311205801001712
5.773744831829596,16.775119177003
7.496851656977235,17.702945929005573
6.966664941547194,17.17275921357553
8.071220598693117,17.968039286720597
9.087411803267365,18.498226002150638
8.557225087837324,19.22723273586695
9.617598518697413,21.325888484444206
10.015238555269946,20.751519542728325
9.352505160982389,20.221332827298284
9.02113846383861,19.691146111868235
9.418778500411143,23.181541988449354
8.954865124409856,22.60717304673348
9.88269187641243,22.07698633130343
9.219958482124873,25.037195492454508
8.954865124409856,24.462826550738633
9.352505160982389,23.932639835308585
8.954865124409856,26.451026733601296
10.015238555269946,25.78829333931374
10.147785234127454,27.776493522176402
10.677971949557495,27.113760127888845
11.208158664987543,29.49960034732404
11.47325202270256,28.969413631894
11.075611986130028,28.43922691646396
12.135985416990117,31.222707172471686
12.577807679848483,30.55997377818413
12.135985416990117,30.02978706275409
13.328905526707715,32.48190062161804
12.864992150706428,31.885440566759243
12.798718811277674,33.54227405247813
12.135985416990117,32.945813997619325
11.47325202270256,34.006187428479414
12.268532095847625,35.19910753819701
11.738345380417584,34.536374143909455
11.738345380417584,36.458300987343364
11.274432004416298,35.86184093248457
11.47325202270256,40.10333465592491
11.075611986130028,39.639421279923624
12.047620964418442,39.04296122506483
11.870892059275093,38.51277450963478
11.406978683273806,37.98258779420474
12.401078774705141,37.4524010787747
11.738345380417584,36.92221436334465
13.107994395278524,43.35072828793393
13.328905526707715,42.75426823307514
13.328905526707715,42.22408151764509
12.798718811277674,41.69389480221505
12.401078774705141,41.16370808678501
13.328905526707715,40.63352137135496
12.798718811277674,43.94718834279273
13.328905526707715,44.477375058222776
12.798718811277674,44.21228170050775
12.401078774705141,43.41700162736269
14.389278957567804,42.75426823307514
13.925365581566517,42.09153483878758
13.328905526707715,41.428801444500024
12.798718811277674,40.76606805021247
14.389278957567804,40.10333465592491
13.925365581566517,39.639421279923624
13.527725544993984,39.10923456449358
14.168367826138613,38.91041454620732
14.389278957567804,38.91041454620732
13.859092242137756,38.51277450963478
13.461452205565223,37.916314454775986
14.389278957567804,37.717494436489716
13.859092242137756,37.187307721059675
14.521825636425312,36.78966768448714
14.588098975854066,36.72339434505839
15.449652388427886,37.231489947345516
14.919465672997845,37.187307721059675
14.521825636425312,36.657121005629634
16.55420804557381,36.126934290199586
15.979839103857934,35.464200895912036
16.64257249814549,34.80146750162448
16.112385782715442,34.40382746505195
15.449652388427886,34.27128078619444
14.919465672997845,33.60854739190688
14.389278957567804,32.945813997619325
13.859092242137756,32.415627282189284
13.461452205565223,32.283080603331776
15.228741256998703,32.68072063990431
14.65437231528282,33.07836067647684
15.979839103857934,32.54817396104679
16.510025819287975,32.15053392447426
15.71474574614291,31.48780053018671
15.184559030712869,30.825067135899154
14.588098975854066,30.162333741611597
16.024021330143768,29.632147026181556
16.775119177003,29.234506989609024
16.64257249814549,28.83686695303649
16.377479140430466,28.770593613607737
15.847292425000418,28.306680237606443
15.71474574614291,28.041586879891426
15.847292425000418,28.704320274178976
16.510025819287975,28.24040689817769
16.377479140430466,27.511400164461378
15.847292425000418,26.84866677017383
16.64257249814549,26.185933375886272
16.112385782715442,25.390653302741207
15.847292425000418,24.860466587311166
15.449652388427886,26.31848005474378
14.919465672997845,25.65574666045623
14.521825636425312,25.258106623883698
15.979839103857934,24.993013266168674
15.449652388427886,24.462826550738633
16.510025819287975,23.932639835308585
16.244932461572958,23.534999798736052
15.71474574614291,25.523199981598715
15.847292425000418,26.451026733601296
16.510025819287975,25.987113357600002
16.377479140430466,25.78829333931374
15.847292425000418,25.390653302741207
16.510025819287975,24.993013266168674
16.112385782715442,24.59537322959614
15.847292425000418,25.523199981598715
15.582199067285401,26.583573412458804
15.71474574614291,26.119660036457518
15.71474574614291,25.722019999884985
15.184559030712869,25.854566678742493
14.65437231528282,26.31848005474378
14.389278957567804,26.716120091316313
13.859092242137756,26.64984675188756
15.184559030712869,26.31848005474378
14.65437231528282,25.78829333931374
14.12418559985278,25.258106623883698
13.726545563280247,24.72791990845365
15.71474574614291,27.423035711889703
15.71474574614291,26.84866677017383
15.052012351855353,26.31848005474378
14.588098975854066,25.78829333931374
14.521825636425312,25.390653302741207
14.389278957567804,27.113760127888845
13.925365581566517,26.716120091316313
13.527725544993984,27.511400164461378
12.931265490135182,26.981213449031337
12.356896548419307,27.37885348560387
12.268532095847625,26.914940109602583
11.605798701560076,27.37885348560387
11.340705343845052,27.842766861605156
10.94306530727252,28.571773595321467
10.280331912984963,28.041586879891426
10.147785234127454,28.43922691646396
10.147785234127454,27.975313540462672
10.479151931271232,27.776493522176402
10.015238555269946,28.770593613607737
10.94306530727252,28.174133558748935
10.677971949557495,29.764693705039065
10.147785234127454,29.234506989609024
9.485051839839898,28.704320274178976
8.888591784981102,28.041586879891426
8.2921317301223,27.776493522176402
7.960765032978522,27.37885348560387
8.358405069551054,26.914940109602583
7.894491693549767,28.571773595321467
8.822318445552341,27.90904020103391
8.358405069551054,29.764693705039065
7.761945014692259,29.234506989609024
7.231758299262211,28.770593613607737
6.569024904974661,28.21831578503477
5.950473736972938,29.101960310751508
6.767844923260924,29.89724038389658
6.171384868402129,29.632147026181556
7.298031638690972,29.16823365018027
7.761945014692259,29.89724038389658
7.231758299262211,29.632147026181556
6.834118262689678,28.969413631894
7.761945014692259,28.43922691646396
7.231758299262211,27.90904020103391
7.761945014692259,29.764693705039065
7.298031638690972,29.234506989609024
6.9003916021184395,28.704320274178976
7.099211620404702,30.294880420469113
7.761945014692259,30.825067135899154
7.298031638690972,30.361153759897867
7.761945014692259,30.162333741611597
6.834118262689678,31.355253851329195
7.298031638690972,30.825067135899154
7.761945014692259,34.006187428479414
7.231758299262211,33.40972737362062
6.834118262689678,32.945813997619325
7.761945014692259,32.415627282189284
7.298031638690972,31.885440566759243
7.761945014692259,33.47600071304937
7.099211620404702,32.945813997619325
6.834118262689678,32.415627282189284
6.834118262689678,32.415627282189284
6.834118262689678,33.07836067647684
7.231758299262211,32.945813997619325
6.834118262689678,32.48190062161804
7.761945014692259,33.2771806947631
7.4305783175484805,32.81326731876182
6.966664941547194,33.74109407076439
7.0108471678330275,34.33755412562319
7.761945014692259,34.40382746505195
7.298031638690972,34.40382746505195
7.761945014692259,34.867740841053234
6.834118262689678,35.33165421705452
7.298031638690972,34.80146750162448
7.761945014692259,34.27128078619444
7.298031638690972,33.74109407076439
6.9003916021184395,33.34345403419186
6.834118262689678,37.76167666277556
6.9003916021184395,37.187307721059675
7.298031638690972,36.657121005629634
6.834118262689678,36.126934290199586
7.828218354121013,35.596747574769545
7.894491693549767,35.0665608593395
7.629398335834743,34.536374143909455
7.364304978119726,40.14751688221075
6.966664941547194,39.57314794049488
6.966664941547194,39.04296122506483
7.629398335834743,38.51277450963478
7.761945014692259,41.95898815993007
7.298031638690972,41.49507478392878
7.761945014692259,40.898614729069976
6.834118262689678,41.428801444500024
7.298031638690972,42.48917487536011
7.761945014692259,41.95898815993007
7.761945014692259,42.886814911932646
7.231758299262211,42.29035485707385
6.834118262689678,41.69389480221505
7.761945014692259,41.229981426213755
7.231758299262211,40.63352137135496
7.894491693549767,40.10333465592491
7.761945014692259,42.02526149935882
7.231758299262211,41.428801444500024
6.834118262689678,41.03116140792749
8.866500671838182,42.09153483878758
8.2921317301223,41.69389480221505
7.761945014692259,41.229981426213755
7.364304978119726,40.96488806849874
9.087411803267365,40.36842801363994
9.087411803267365,39.90451463763865
8.954865124409856,39.308054582779846
8.689771766694832,38.91041454620732
8.2921317301223,39.705694619352386
7.894491693549767,39.44060126163736
8.954865124409856,39.04296122506483
8.424678408979808,38.38022783077727
9.087411803267365,37.85004111534723
9.087411803267365,37.31985439991719
9.418778500411143,36.78966768448714
8.954865124409856,36.39202764791461
9.88269187641243,35.92811427191332
9.352505160982389,35.39792755648328
8.888591784981102,34.80146750162448
8.2921317301223,34.27128078619444
8.866500671838182,33.74109407076439
8.2921317301223,33.21090735533435
9.087411803267365,32.68072063990431
8.424678408979808,32.01798724561675
7.960765032978522,31.752893887901728
7.894491693549767,31.355253851329195
7.629398335834743,30.825067135899154
7.364304978119726,30.162333741611597
6.966664941547194,29.89724038389658
6.70157158383217,29.49960034732404
6.171384868402129,29.101960310751508
5.84001817125835,30.162333741611597
6.569024904974661,30.825067135899154
6.834118262689678,30.294880420469113
6.70157158383217,29.764693705039065
6.171384868402129,29.234506989609024
5.773744831829596,28.770593613607737
5.773744831829596,28.306680237606443
5.773744831829596,27.776493522176402
5.773744831829596,28.903140292465245
5.773744831829596,28.704320274178976
5.773744831829596,28.24040689817769
5.6411981529720805,27.776493522176402
5.1110114375420395,27.776493522176402
4.779644740398261,27.710220182747648
5.420287021542897,27.113760127888845
5.707471492400835,26.583573412458804
5.773744831829596,26.053386697028763
5.6411981529720805,25.523199981598715
4.978464758684531,24.993013266168674
4.514551382683237,24.59537322959614
4.580824722111998,26.64984675188756
4.1169113461107045,26.053386697028763
3.5867246306806635,28.24040689817769
3.5204512912519093,27.643946843318894
3.3879046123944008,27.113760127888845
3.1228112546793767,29.764693705039065
2.5926245392493286,29.234506989609024
2.46007786039182,28.704320274178976
1.929891144961772,28.372953577035204
1.399704429531738,27.90904020103391
1.9961644843905333,27.37885348560387
2.46007786039182,26.84866677017383
,26.31848005474378
,25.78829333931374
,28.43922691646396
,30.825067135899154
,30.294880420469113
,29.764693705039065
,29.234506989609024
,29.49960034732404
,29.101960310751508
,29.963513723325335
,29.764693705039065
,29.234506989609024
,28.770593613607737
,28.24040689817769
,27.776493522176402
,27.37885348560387
,26.84866677017383
,29.764693705039065
,29.234506989609024
,28.704320274178976
,28.174133558748935
,27.776493522176402
,28.43922691646396
,27.90904020103391
,27.37885348560387
,26.716120091316313
,26.119660036457518
,25.65574666045623
,27.113760127888845
,26.583573412458804
,26.053386697028763
,27.643946843318894
,27.113760127888845
,26.451026733601296
,25.920840018171248
,27.37885348560387
,26.84866677017383
,26.451026733601296
,27.710220182747648
,27.37885348560387
,26.84866677017383
,26.185933375886272
,25.65574666045623
,25.78829333931374
,26.31848005474378
,26.716120091316313
,26.782393430745074
,27.511400164461378
,26.981213449031337
,27.113760127888845
,26.583573412458804
,26.053386697028763
,25.58947332102747
,24.993013266168674
,24.59537322959614
,25.523199981598715
,25.05928660559743
,24.462826550738633
,23.932639835308585
,23.667546477593568
,24.19773319302361
,23.534999798736052
,23.269906441021035
,22.872266404448496
,22.40835302844721
,22.474626367875963
,23.269906441021035
,24.529099890167387
,23.932639835308585
,25.05928660559743
,25.58947332102747
,25.854566678742493
,26.31848005474378
,25.523199981598715
,24.860466587311166
,24.59537322959614
,24.19773319302361
,23.667546477593568
,23.13735976216352
,22.60717304673348
,25.523199981598715
,24.993013266168674
,24.462826550738633
,26.31848005474378
,25.920840018171248
,26.053386697028763
,25.390653302741207
,24.860466587311166
,24.59537322959614
,26.583573412458804
,26.119660036457518
,25.523199981598715
,25.78829333931374
,25.324379963312452
,24.72791990845365
,24.0651865141661
,23.468726459307298
,23.733819817022322
,24.330279871881118
,24.330279871881118
,23.733819817022322
,24.330279871881118
,23.800093156451076
,24.330279871881118
,23.667546477593568
,23.13735976216352
,22.60717304673348
,22.07698633130343
,21.54679961587339
,21.01661290044335
,20.4864261850133
,20.088786148440768
,21.944439652445922
,21.54679961587339
,21.281706258158366
,20.884066221585833
,20.4864261850133
,20.088786148440768
,19.691146111868235
,19.160959396438194
,18.697046020436908
,18.100585965578105
,17.968039286720597
,17.702945929005573
,17.106485874146777
,16.64257249814549
,16.244932461572958
,15.781019085571664
,15.317105709570377
,14.919465672997845
,14.521825636425312
,14.12418559985278
,13.660272223851493
,13.196358847850206
,12.798718811277674
,12.268532095847625
,11.804618719846339
,11.340705343845052
,11.274432004416298
,11.340705343845052
,11.47325202270256
,12.003438738132608
,11.47325202270256
,11.009338646701273
,10.412878591842478
,10.015238555269946
,9.617598518697413
,9.219958482124873
,8.822318445552341
,8.2921317301223
,7.828218354121013
,7.231758299262211
,6.834118262689678
,6.834118262689678
,6.70157158383217
,6.171384868402129
,5.773744831829596
,5.84001817125835
,6.436478226117146
,6.038838189544613
