Y(hoy),Y(ayer)
7.894491693549767,8.954865124409856
7.894491693549767,9.352505160982389
7.761945014692259,10.015238555269946
7.099211620404702,10.147785234127454
6.70157158383217,10.147785234127454
6.237658207830883,9.88269187641243
5.773744831829596,9.396687387268223
5.707471492400835,10.015238555269946
5.508651474114572,9.750145197554922
5.243558116399548,9.15368514269612
4.845918079827015,8.888591784981102
4.514551382683237,8.424678408979808
4.580824722111998,7.960765032978522
3.918091327824442,7.894491693549767
3.454177951823155,7.761945014692259
3.5204512912519093,7.298031638690972
3.5204512912519093,6.834118262689678
2.990264575821868,6.767844923260924
2.46007786039182,6.171384868402129
2.3275311815343116,5.773744831829596
2.0624378238192946,5.3761047952570635
1.5322511083892465,4.845918079827015
1.3334310901029767,4.382004703825729
1.1346110718167068,3.7855446489669333
0.6044243563866729,3.5204512912519093
0.2730576592428946,3.3879046123944008
0.20678431981413326,2.7914445575355984
0.20678431981413326,2.3938045209630587
0.20678431981413326,2.3275311815343116
0.20678431981413326,2.7914445575355984
0.20678431981413326,3.255357933536885
0.20678431981413326,2.7914445575355984
0.20678431981413326,2.3275311815343116
0.07423764095662477,2.3275311815343116
-0.5884957533309318,2.2612578421055503
-0.8535891110459488,1.7310711266755163
-0.8535891110459488,1.2671577506742295
-0.8535891110459488,1.2671577506742295
-0.8535891110459488,1.2671577506742295
-0.8535891110459488,1.2671577506742295
-0.8535891110459488,0.8695177141016899
-0.9861357899034573,0.2730576592428946
-0.9861357899034573,0.20678431981413326
-1.648869184191014,0.07423764095662477
-2.0465092207635536,-0.389675735044662
-1.9802358813347922,-0.8535891110459488
-1.4721402790476645,-0.8535891110459488
-1.2512291476184885,-0.8535891110459488
-1.7151425236197753,-0.8535891110459488
-2.1127825601923007,-0.8535891110459488
-2.0465092207635536,-0.8535891110459488
-2.0465092207635536,-0.8535891110459488
-1.4721402790476645,-0.8535891110459488
-1.913962541906045,-0.8535891110459488
-1.2512291476184885,-0.9861357899034573
-1.7151425236197753,-1.450049165904744
-2.1127825601923007,-1.913962541906045
-2.0465092207635536,-1.5163225053335054
-2.0465092207635536,-0.9198624504747102
-2.0465092207635536,-0.9861357899034573
-2.0465092207635536,-1.450049165904744
-2.179055899621062,-1.648869184191014
-2.1127825601923007,-0.9861357899034573
-2.0465092207635536,-0.8535891110459488
-2.179055899621062,-0.8535891110459488
-1.383775826475997,-0.8535891110459488
-1.913962541906045,-1.648869184191014
-1.1849558081897271,-1.2512291476184885
-1.7814158630485224,-1.648869184191014
-0.8535891110459488,-0.8535891110459488
-0.5884957533309318,-0.8535891110459488
0.07423764095662477,-0.8535891110459488
-0.3234023956159007,-0.8535891110459488
0.20678431981413326,-0.8535891110459488
0.6044243563866729,-0.8535891110459488
0.20678431981413326,-0.8535891110459488
1.2008844112454682,-0.8535891110459488
1.7310711266755163,-0.8535891110459488
2.3275311815343116,-0.8535891110459488
2.46007786039182,-0.8535891110459488
2.46007786039182,-0.8535891110459488
2.8577178969643597,-0.7210424321884403
2.3275311815343116,-0.05830903790088371
3.5204512912519093,0.20678431981413326
3.6529979701094177,0.20678431981413326
4.315731364396974,0.20678431981413326
5.420287021542897,0.4056043381004031
4.845918079827015,1.0020643929591984
6.70157158383217,0.6044243563866729
6.237658207830883,0.20678431981413326
7.298031638690972,0.6044243563866729
7.894491693549767,1.2671577506742295
8.601407314123158,1.2671577506742295
9.396687387268223,1.664797787246755
10.722154175843329,2.194984502676803
10.147785234127454,2.5263511998205814
12.003438738132608,2.990264575821868
11.47325202270256,3.454177951823155
13.328905526707715,3.5204512912519093
12.864992150706428,3.454177951823155
14.919465672997845,2.990264575821868
14.389278957567804,2.46007786039182
13.859092242137756,2.3275311815343116
16.775119177003,2.3938045209630587
16.244932461572958,2.990264575821868
15.71474574614291,2.5926245392493286
18.100585965578105,3.3879046123944008
17.570399250148064,3.5204512912519093
18.89586603872317,3.5867246306806635
18.962139378151925,4.05063800668195
18.763319359865662,3.6529979701094177
18.498226002150638,4.514551382683237
17.968039286720597,4.713371400969507
17.30530589243304,4.713371400969507
16.64257249814549,4.713371400969507
19.160959396438194,4.779644740398261
18.697046020436908,5.3761047952570635
18.100585965578105,4.978464758684531
17.570399250148064,5.707471492400835
17.040212534718023,5.773744831829596
20.751519542728325,5.773744831829596
20.287606166727038,6.171384868402129
19.691146111868235,6.767844923260924
21.856075199874248,6.834118262689678
21.281706258158366,7.298031638690972
23.181541988449354,7.761945014692259
22.60717304673348,7.364304978119726
24.507008777024467,7.032938280975948
23.932639835308585,7.629398335834743
25.78829333931374,7.894491693549767
25.258106623883698,7.894491693549767
26.583573412458804,7.894491693549767
27.643946843318894,7.894491693549767
27.113760127888845,8.358405069551054
26.716120091316313,8.888591784981102
29.49960034732404,9.15368514269612
28.969413631894,9.617598518697413
28.43922691646396,10.0815118946987
30.42742709932662,10.147785234127454
31.134342719900012,10.81051862841501
32.945813997619325,10.280331912984963
32.48190062161804,10.94306530727252
31.885440566759243,10.479151931271232
34.536374143909455,10.94306530727252
34.006187428479414,10.545425270699987
33.47600071304937,10.677971949557495
35.13283419876826,10.280331912984963
35.596747574769545,10.94306530727252
35.596747574769545,11.406978683273806
35.26538087762577,12.135985416990117
34.80146750162448,11.605798701560076
34.27128078619444,12.401078774705141
33.74109407076439,12.401078774705141
33.21090735533435,12.798718811277674
32.68072063990431,13.660272223851493
32.15053392447426,13.196358847850206
31.62034720904422,14.12418559985278
31.156433833042932,14.521825636425312
30.957613814756662,14.521825636425312
30.692520457041645,14.521825636425312
30.294880420469113,14.521825636425312
31.090160493614178,14.455552296996558
30.55997377818413,13.925365581566517
31.090160493614178,13.593998884422739
31.42152719075795,14.786918994140336
30.957613814756662,14.12418559985278
32.01798724561675,15.317105709570377
32.72490286619014,14.720645654711582
33.47600071304937,14.521825636425312
34.536374143909455,14.985739012426599
34.006187428479414,15.515925727856647
35.33165421705452,15.582199067285401
34.80146750162448,15.052012351855353
34.13873410733692,14.65437231528282
33.873640749621906,15.449652388427886
33.47600071304937,15.052012351855353
33.03417845019101,14.919465672997845
32.945813997619325,14.455552296996558
32.283080603331776,14.12418559985278
31.62034720904422,13.660272223851493
31.156433833042932,13.461452205565223
31.090160493614178,13.925365581566517
30.626247117612884,14.389278957567804
30.096060402182843,13.925365581566517
30.02978706275409,13.461452205565223
30.096060402182843,13.660272223851493
30.626247117612884,14.256732278710288
31.090160493614178,13.859092242137756
31.090160493614178,13.461452205565223
31.090160493614178,13.461452205565223
31.090160493614178,13.461452205565223
30.42742709932662,13.461452205565223
29.632147026181556,12.931265490135182
29.367053668466532,12.401078774705141
28.969413631894,12.401078774705141
28.43922691646396,12.401078774705141
27.975313540462672,12.401078774705141
28.704320274178976,12.003438738132608
28.24040689817769,11.539525362131315
28.43922691646396,11.340705343845052
27.90904020103391,10.81051862841501
28.83686695303649,10.214058573556208
28.969413631894,10.147785234127454
28.969413631894,10.147785234127454
28.969413631894,9.750145197554922
29.8088759313249,9.15368514269612
29.234506989609024,8.888591784981102
30.02978706275409,8.358405069551054
30.02978706275409,7.894491693549767
29.367053668466532,8.159585051264791
28.903140292465245,8.822318445552341
29.54378257360988,8.2921317301223
28.969413631894,7.761945014692259
30.825067135899154,7.298031638690972
30.22860708104035,6.569024904974661
30.825067135899154,5.972564850115859
30.162333741611597,5.773744831829596
30.02978706275409,5.773744831829596
30.294880420469113,6.237658207830883
29.89724038389658,6.569024904974661
30.957613814756662,5.972564850115859
31.090160493614178,5.84001817125835
31.090160493614178,6.767844923260924
31.62034720904422,6.303931547259637
31.090160493614178,6.966664941547194
33.21090735533435,7.629398335834743
32.68072063990431,7.496851656977235
32.15053392447426,7.032938280975948
32.81326731876182,7.761945014692259
32.34935394276053,7.364304978119726
33.21090735533435,7.231758299262211
32.74699397933306,6.834118262689678
32.68072063990431,6.834118262689678
32.283080603331776,6.966664941547194
32.68072063990431,7.496851656977235
32.283080603331776,7.894491693549767
33.21090735533435,7.894491693549767
32.74699397933306,7.960765032978522
32.34935394276053,8.822318445552341
32.945813997619325,8.424678408979808
33.60854739190688,8.2921317301223
34.27128078619444,7.894491693549767
33.74109407076439,7.960765032978522
33.07836067647684,8.822318445552341
32.54817396104679,8.424678408979808
32.283080603331776,8.2921317301223
33.21090735533435,7.894491693549767
32.81326731876182,7.960765032978522
33.21090735533435,8.557225087837324
32.68072063990431,8.954865124409856
32.283080603331776,8.954865124409856
33.21090735533435,8.954865124409856
32.68072063990431,8.954865124409856
33.21090735533435,8.954865124409856
32.68072063990431,8.954865124409856
32.01798724561675,9.087411803267365
31.355253851329195,9.948965215841184
31.885440566759243,9.485051839839898
30.957613814756662,10.147785234127454
32.98999622390516,10.147785234127454
32.415627282189284,10.412878591842478
31.48780053018671,11.075611986130028
33.34345403419186,11.340705343845052
33.34345403419186,11.340705343845052
33.21090735533435,11.274432004416298
32.54817396104679,11.340705343845052
32.283080603331776,11.47325202270256
32.283080603331776,12.003438738132608
32.45980950847512,12.401078774705141
33.74109407076439,13.196358847850206
33.21090735533435,12.666172132420158
34.27128078619444,13.461452205565223
33.60854739190688,13.461452205565223
33.34345403419186,13.859092242137756
33.47600071304937,14.720645654711582
34.13873410733692,14.256732278710288
35.86184093248457,15.317105709570377
35.19910753819701,15.582199067285401
34.80146750162448,16.046112443286688
38.247681151919764,16.510025819287975
37.717494436489716,17.437852571290556
37.187307721059675,16.907665855860508
36.657121005629634,17.570399250148064
39.838241298209894,17.040212534718023
39.37432792220861,16.775119177003
38.77786786734981,16.841392516431753
40.898614729069976,17.371579231861794
40.36842801363994,17.901765947291842
40.23588133478243,18.431952662721883
39.9707879770674,18.763319359865662
39.838241298209894,18.16685930500686
39.17550790392234,18.630772681008153
38.91041454620732,18.14476819186394
38.51277450963478,18.962139378151925
37.98258779420474,19.028412717580686
37.4524010787747,18.962139378151925
36.92221436334465,18.630772681008153
36.39202764791461,18.16685930500686
35.86184093248457,18.763319359865662
35.464200895912036,18.23313264443562
36.701303231915475,19.028412717580686
36.126934290199586,19.028412717580686
37.4524010787747,19.028412717580686
37.4524010787747,19.028412717580686
36.92221436334465,19.028412717580686
36.2594809690571,18.630772681008153
35.6630209141983,18.03431262614935
35.0665608593395,17.835492607863088
34.580556370195296,17.30530589243304
35.86184093248457,16.841392516431753
35.33165421705452,16.112385782715442
37.187307721059675,15.317105709570377
36.72339434505839,14.588098975854066
38.291863378205605,14.389278957567804
37.717494436489716,13.859092242137756
39.17550790392234,13.461452205565223
39.838241298209894,14.256732278710288
39.37432792220861,13.660272223851493
38.77786786734981,13.461452205565223
38.247681151919764,13.461452205565223
37.717494436489716,13.06381216899269
37.25358106048843,12.467352114133895
36.524574326772125,12.401078774705141
35.99438761134208,12.268532095847625
35.33165421705452,11.804618719846339
34.66892082276697,11.340705343845052
34.13873410733692,11.274432004416298
33.873640749621906,11.208158664987543
33.47600071304937,10.677971949557495
32.945813997619325,
32.283080603331776,
31.752893887901728,
31.222707172471686,
30.55997377818413,
30.02978706275409,
29.49960034732404,
28.969413631894,
28.43922691646396,
27.975313540462672,
27.37885348560387,
26.84866677017383,
26.583573412458804,
26.119660036457518,
25.390653302741207,
25.125559945026183,
24.72791990845365,
24.19773319302361,
23.534999798736052,
22.739719725590987,
22.474626367875963,
22.07698633130343,
21.41425293701588,
21.149159579300857,
20.618972863870816,
20.15505948786953,
20.353879506155792,
21.01661290044335,
21.01661290044335,
20.552699524442062,
20.15505948786953,
20.79570176901416,
21.01661290044335,
20.552699524442062,
21.01661290044335,
20.15505948786953,
22.12116855758927,
21.54679961587339,
21.01661290044335,
22.209533010160946,
21.944439652445922,
21.41425293701588,
20.81779288215708,
20.221332827298284,
20.221332827298284,
20.79570176901416,
21.325888484444206,
22.143259670732192,
21.54679961587339,
22.651355273019313,
23.269906441021035,
22.60717304673348,
22.07698633130343,
21.54679961587339,
21.149159579300857,
22.07698633130343,
22.07698633130343,
21.54679961587339,
21.149159579300857,
23.269906441021035,
22.60717304673348,
22.07698633130343,
23.402453119878544,
22.739719725590987,
22.342079689018455,
22.342079689018455,
22.342079689018455,
22.651355273019313,
22.209533010160946,
23.932639835308585,
23.468726459307298,
24.462826550738633,
24.462826550738633,
24.462826550738633,
23.932639835308585,
23.468726459307298,
24.0651865141661,
24.72791990845365,
25.258106623883698,
24.661646569024896,
24.19773319302361,
23.534999798736052,
25.523199981598715,
24.993013266168674,
24.462826550738633,
24.59537322959614,
24.330279871881118,
24.462826550738633,
24.993013266168674,
24.59537322959614,
25.65574666045623,
26.362662281029614,
26.64984675188756,
26.583573412458804,
26.119660036457518,
25.722019999884985,
25.78829333931374,
26.451026733601296,
26.583573412458804,
26.119660036457518,
25.722019999884985,
25.523199981598715,
24.993013266168674,
24.529099890167387,
25.390653302741207,
24.72791990845365,
26.053386697028763,
26.583573412458804,
26.053386697028763,
25.722019999884985,
26.362662281029614,
26.583573412458804,
26.252206715315026,
25.78829333931374,
25.78829333931374,
26.362662281029614,
26.583573412458804,
25.920840018171248,
25.65574666045623,
25.125559945026183,
24.462826550738633,
23.932639835308585,
23.402453119878544,
22.872266404448496,
22.342079689018455,
22.342079689018455,
22.342079689018455,
22.872266404448496,
22.342079689018455,
23.402453119878544,
23.269906441021035,
23.00481308330601,
22.60717304673348,
21.944439652445922,
21.281706258158366,
20.618972863870816,
20.15505948786953,
20.022512809012014,
19.95623946958326,
19.42605275415322,
18.89586603872317,
18.23313264443562,
17.968039286720597,
17.437852571290556,
16.841392516431753,
16.775119177003,
16.244932461572958,
15.781019085571664,
16.64257249814549,
15.979839103857934,
17.30530589243304,
17.835492607863088,
17.30530589243304,
16.64257249814549,
16.377479140430466,
15.979839103857934,
15.317105709570377,
15.052012351855353,
14.65437231528282,
14.190458939281534,
13.726545563280247,
12.931265490135182,
12.33480543527638,
11.738345380417584,
11.274432004416298,
11.208158664987543,
10.74424528898625,
10.214058573556208,
9.683871858126167,
9.087411803267365,
8.954865124409856,
8.689771766694832,
8.2921317301223,
8.822318445552341,
8.2921317301223,
