Y(hoy),Y(ayer)
-1.5163225053335054,-1.913962541906045
-0.9861357899034573,-2.70924261505111
-1.5825958447622668,-2.5766959361935875
-1.9802358813347922,-1.913962541906045
-1.913962541906045,-1.913962541906045
-2.5104225967648404,-2.70924261505111
-2.974335972766127,-2.5766959361935875
-2.5104225967648404,-1.913962541906045
-2.5104225967648404,-1.913962541906045
-2.974335972766127,-1.8476892024772837
-2.5766959361935875,-0.9861357899034573
-1.9802358813347922,-0.8535891110459488
-1.913962541906045,-0.8535891110459488
-2.5104225967648404,-0.8535891110459488
-2.974335972766127,-0.8535891110459488
-2.5766959361935875,-0.45594907447342337
-1.648869184191014,0.8695177141016899
-1.2512291476184885,1.2671577506742295
-1.383775826475997,1.664797787246755
-1.648869184191014,2.3275311815343116
-0.9861357899034573,2.725171218106837
-1.5163225053335054,3.255357933536885
-1.7372336367626815,2.725171218106837
-1.1849558081897271,3.3879046123944008
-0.5884957533309318,4.05063800668195
-0.1466734904725655,4.713371400969507
0.20678431981413326,5.243558116399548
1.0020643929591984,6.038838189544613
1.2671577506742295,6.569024904974661
2.3938045209630587,7.099211620404702
2.3275311815343116,7.629398335834743
7.894491693549767,8.557225087837324
8.424678408979808,9.617598518697413
9.087411803267365,9.087411803267365
10.412878591842478,10.94306530727252
9.88269187641243,10.412878591842478
11.738345380417584,10.015238555269946
11.340705343845052,12.53362545356265
13.859092242137756,12.003438738132608
13.328905526707715,11.605798701560076
14.65437231528282,14.389278957567804
16.708845837574245,13.859092242137756
16.64257249814549,13.328905526707715
22.60717304673348,14.919465672997845
24.72791990845365,15.582199067285401
24.330279871881118,15.847292425000418
30.626247117612884,17.437852571290556
30.02978706275409,16.775119177003
32.15053392447426,17.17275921357553
31.686620548472973,17.702945929005573
31.090160493614178,18.89586603872317
34.27128078619444,18.498226002150638
33.74109407076439,20.353879506155792
33.21090735533435,19.82369279072575
32.68072063990431,23.13735976216352
34.80146750162448,22.60717304673348
39.57314794049488,22.07698633130343
39.04296122506483,24.993013266168674
38.51277450963478,24.462826550738633
42.22408151764509,26.053386697028763
41.69389480221505,25.65574666045623
41.16370808678501,28.174133558748935
40.63352137135496,27.643946843318894
44.609921737080285,27.24630680674636
44.079735021650244,31.48780053018671
43.5495483062202,30.825067135899154
43.15190826964766,30.294880420469113
45.670295167940374,29.764693705039065
45.14010845251033,33.34345403419186
46.266755222799176,32.68072063990431
46.73066859880046,32.15053392447426
47.59222201137428,34.536374143909455
47.12830863537299,34.006187428479414
45.9353885256554,35.0665608593395
45.40520181022535,36.657121005629634
43.5495483062202,36.126934290199586
43.019361590790155,35.72929425362706
41.95898815993007,40.898614729069976
41.428801444500024,40.36842801363994
40.63352137135496,39.838241298209894
40.10333465592491,39.308054582779846
38.77786786734981,38.77786786734981
38.38022783077727,38.38022783077727
37.98258779420474,43.28445494850518
37.58494775763221,42.75426823307514
37.58494775763221,42.22408151764509
37.054761042202166,41.69389480221505
36.657121005629634,41.296254765642516
36.657121005629634,45.40520181022535
37.187307721059675,44.87501509479531
37.717494436489716,44.34482837936527
37.717494436489716,43.94718834279273
37.054761042202166,46.86321527765797
36.78966768448714,46.200481883370415
34.536374143909455,45.80284184679789
35.33165421705452,47.59222201137428
34.80146750162448,47.52594867194553
35.33165421705452,46.99576195651548
34.80146750162448,46.200481883370415
34.40382746505195,45.670295167940374
33.74109407076439,45.14010845251033
33.07836067647684,43.5495483062202
32.283080603331776,43.019361590790155
31.62034720904422,42.48917487536011
31.090160493614178,42.09153483878758
30.162333741611597,41.428801444500024
29.234506989609024,40.898614729069976
28.43922691646396,40.36842801363994
28.041586879891426,39.9707879770674
27.37885348560387,39.44060126163736
26.914940109602583,38.91041454620732
27.37885348560387,38.115134473062255
26.981213449031337,38.57904784906354
28.24040689817769,37.85004111534723
28.704320274178976,37.85004111534723
28.174133558748935,38.57904784906354
27.643946843318894,37.98258779420474
26.981213449031337,39.57314794049488
26.185933375886272,39.04296122506483
25.65574666045623,39.90451463763865
24.993013266168674,39.506874601066116
25.523199981598715,39.04296122506483
24.993013266168674,38.51277450963478
25.58947332102747,38.115134473062255
25.390653302741207,37.4524010787747
25.125559945026183,36.92221436334465
24.772102134739484,36.39202764791461
25.523199981598715,35.99438761134208
24.993013266168674,34.536374143909455
23.99891317473734,34.006187428479414
23.402453119878544,33.60854739190688
24.529099890167387,34.27128078619444
24.0651865141661,34.27128078619444
25.523199981598715,33.873640749621906
24.993013266168674,33.47600071304937
26.583573412458804,32.945813997619325
26.053386697028763,32.48190062161804
26.053386697028763,31.752893887901728
25.65574666045623,31.222707172471686
25.920840018171248,30.825067135899154
26.583573412458804,30.162333741611597
26.716120091316313,29.234506989609024
26.84866677017383,28.704320274178976
27.423035711889703,27.842766861605156
27.643946843318894,27.776493522176402
27.113760127888845,27.24630680674636
27.643946843318894,26.716120091316313
27.113760127888845,26.583573412458804
27.643946843318894,26.119660036457518
27.113760127888845,25.523199981598715
27.643946843318894,24.860466587311166
27.113760127888845,24.19773319302361
28.24040689817769,23.534999798736052
28.83686695303649,22.872266404448496
28.83686695303649,22.474626367875963
28.571773595321467,23.667546477593568
28.174133558748935,24.19773319302361
27.842766861605156,24.529099890167387
27.776493522176402,23.800093156451076
27.842766861605156,23.534999798736052
29.278689215894858,24.19773319302361
28.704320274178976,24.0651865141661
29.89724038389658,23.800093156451076
29.234506989609024,24.59537322959614
28.704320274178976,24.59537322959614
28.24040689817769,24.794193247882404
27.732311295890568,25.390653302741207
28.748502500464816,25.65574666045623
28.174133558748935,25.258106623883698
28.969413631894,24.772102134739484
28.969413631894,25.854566678742493
29.367053668466532,25.390653302741207
28.83686695303649,26.31848005474378
29.89724038389658,25.854566678742493
29.300780329037778,25.258106623883698
28.903140292465245,24.661646569024896
29.49960034732404,26.64984675188756
28.969413631894,26.053386697028763
30.869249362184988,25.65574666045623
30.294880420469113,26.451026733601296
31.39943607761503,25.854566678742493
30.957613814756662,26.31848005474378
33.21090735533435,26.716120091316313
32.74699397933306,26.64984675188756
32.15053392447426,26.31848005474378
34.27128078619444,25.854566678742493
33.74109407076439,26.31848005474378
33.40972737362062,26.782393430745074
32.81326731876182,27.643946843318894
32.54817396104679,27.113760127888845
32.15053392447426,28.571773595321467
31.48780053018671,28.10786021932018
31.222707172471686,27.643946843318894
33.25508958162019,27.04748678846009
32.68072063990431,27.643946843318894
32.15053392447426,27.776493522176402
31.752893887901728,27.37885348560387
34.536374143909455,26.914940109602583
34.006187428479414,26.716120091316313
35.596747574769545,27.180033467317607
35.0665608593395,27.710220182747648
36.19320762962835,27.776493522176402
36.657121005629634,28.571773595321467
36.524574326772125,27.90904020103391
36.2594809690571,29.234506989609024
35.86184093248457,29.764693705039065
35.464200895912036,29.234506989609024
36.657121005629634,29.89724038389658
36.126934290199586,29.89724038389658
38.247681151919764,29.367053668466532
37.717494436489716,29.101960310751508
37.187307721059675,29.764693705039065
36.657121005629634,29.367053668466532
41.428801444500024,31.156433833042932
40.898614729069976,30.55997377818413
40.36842801363994,30.162333741611597
39.838241298209894,32.15053392447426
43.019361590790155,31.62034720904422
42.48917487536011,32.74699397933306
45.00756177365282,33.21090735533435
44.477375058222776,32.68072063990431
45.670295167940374,32.15053392447426
47.260855314230504,31.62034720904422
46.598121919942955,31.222707172471686
46.200481883370415,31.885440566759243
47.52594867194553,31.62034720904422
46.99576195651548,31.222707172471686
46.46557524108544,32.48190062161804
45.9353885256554,35.0665608593395
45.27265513136784,34.536374143909455
45.00756177365282,34.006187428479414
44.654103963366126,33.47600071304937
45.40520181022535,32.945813997619325
44.87501509479531,37.4524010787747
44.21228170050775,36.92221436334465
43.94718834279273,36.39202764791461
43.41700162736269,35.86184093248457
43.15190826964766,40.63352137135496
43.15190826964766,40.10333465592491
42.886814911932646,39.57314794049488
42.3566281965026,39.04296122506483
41.69389480221505,38.51277450963478
41.03116140792749,38.115134473062255
40.36842801363994,43.28445494850518
40.037061316496164,42.75426823307514
40.69979471078371,42.22408151764509
41.73807702850088,41.69389480221505
41.16370808678501,41.296254765642516
43.019361590790155,44.079735021650244
42.3566281965026,43.41700162736269
41.69389480221505,42.886814911932646
40.898614729069976,42.22408151764509
40.23588133478243,41.56134812335753
39.9707879770674,40.898614729069976
39.838241298209894,40.23588133478243
39.308054582779846,39.57314794049488
38.77786786734981,38.976687885636075
38.247681151919764,40.96488806849874
37.717494436489716,40.36842801363994
37.25358106048843,39.9707879770674
36.657121005629634,41.03116140792749
35.99438761134208,40.63352137135496
35.464200895912036,40.16960799535367
34.80146750162448,39.90451463763865
34.13873410733692,39.308054582779846
33.60854739190688,38.6453211884923
32.81326731876182,38.38022783077727
32.15053392447426,37.98258779420474
31.62034720904422,37.4524010787747
31.090160493614178,36.92221436334465
30.55997377818413,36.458300987343364
30.02978706275409,35.92811427191332
29.234506989609024,37.054761042202166
28.571773595321467,36.39202764791461
28.306680237606443,35.99438761134208
27.90904020103391,38.38022783077727
27.24630680674636,37.717494436489716
26.84866677017383,39.57314794049488
26.583573412458804,38.91041454620732
26.119660036457518,38.446501170206034
25.523199981598715,37.98258779420474
24.860466587311166,37.4524010787747
24.39655321130987,36.78966768448714
24.462826550738633,36.524574326772125
24.19773319302361,36.126934290199586
23.800093156451076,35.464200895912036
23.269906441021035,34.80146750162448
23.402453119878544,34.13873410733692
23.269906441021035,33.47600071304937
23.00481308330601,32.81326731876182
22.60717304673348,32.15053392447426
22.209533010160946,31.48780053018671
23.402453119878544,31.222707172471686
22.872266404448496,30.825067135899154
23.269906441021035,30.294880420469113
23.00481308330601,29.764693705039065
22.60717304673348,29.300780329037778
21.944439652445922,28.83686695303649
21.281706258158366,28.903140292465245
21.01661290044335,29.367053668466532
20.4864261850133,29.632147026181556
21.811892973588414,29.035686971322754
21.281706258158366,28.571773595321467
20.751519542728325,28.174133558748935
20.221332827298284,28.704320274178976
22.342079689018455,28.24040689817769
22.342079689018455,27.511400164461378
21.811892973588414,26.782393430745074
21.149159579300857,26.716120091316313
20.552699524442062,26.31848005474378
20.15505948786953,25.78829333931374
20.353879506155792,25.125559945026183
21.01661290044335,24.860466587311166
21.613072955302144,24.462826550738633
22.209533010160946,23.932639835308585
22.209533010160946,23.534999798736052
21.944439652445922,25.523199981598715
21.54679961587339,24.993013266168674
20.884066221585833,26.451026733601296
20.353879506155792,25.987113357600002
21.01661290044335,25.65574666045623
20.4864261850133,26.64984675188756
20.088786148440768,26.053386697028763
22.12116855758927,25.65574666045623
21.54679961587339,27.710220182747648
23.446635346164378,27.113760127888845
22.872266404448496,27.776493522176402
24.72791990845365,27.643946843318894
24.19773319302361,26.981213449031337
26.053386697028763,26.31848005474378
25.523199981598715,25.854566678742493
27.90904020103391,25.65574666045623
27.37885348560387,25.78829333931374
26.84866677017383,26.384753394172535
29.234506989609024,26.84866677017383
28.704320274178976,27.37885348560387
29.764693705039065,26.64984675188756
29.16823365018027,26.053386697028763
28.704320274178976,25.58947332102747
28.041586879891426,25.258106623883698
27.776493522176402,24.794193247882404
27.37885348560387,24.661646569024896
26.716120091316313,25.258106623883698
26.451026733601296,25.65574666045623
26.053386697028763,25.58947332102747
25.523199981598715,24.993013266168674
24.860466587311166,26.64984675188756
24.19773319302361,26.053386697028763
23.667546477593568,25.523199981598715
23.33617978044979,29.278689215894858
23.402453119878544,28.704320274178976
22.872266404448496,28.174133558748935
22.342079689018455,27.643946843318894
21.811892973588414,27.113760127888845
21.149159579300857,31.156433833042932
20.4864261850133,30.55997377818413
19.82369279072575,30.02978706275409
19.22723273586695,31.62034720904422
19.205141622724028,32.48190062161804
19.95623946958326,32.01798724561675
19.558599433010727,32.945813997619325
20.022512809012014,32.415627282189284
19.95623946958326,31.885440566759243
19.492326093581973,31.222707172471686
19.09468605700944,30.55997377818413
18.962139378151925,29.89724038389658
18.89586603872317,29.234506989609024
18.23313264443562,28.770593613607737
17.769219268434327,28.306680237606443
17.835492607863088,27.90904020103391
17.835492607863088,27.445126825032624
17.17275921357553,26.914940109602583
16.510025819287975,26.451026733601296
15.979839103857934,26.053386697028763
15.317105709570377,25.65574666045623
14.786918994140336,25.258106623883698
15.449652388427886,24.794193247882404
14.919465672997845,24.19773319302361
16.046112443286688,23.733819817022322
16.64257249814549,23.13735976216352
16.775119177003,22.60717304673348
16.775119177003,21.944439652445922
16.775119177003,21.679346294730898
16.112385782715442,21.281706258158366
15.847292425000418,22.143259670732192
15.449652388427886,21.679346294730898
14.786918994140336,22.60717304673348
14.521825636425312,23.13735976216352
14.12418559985278,24.0651865141661
13.461452205565223,23.534999798736052
13.196358847850206,24.59537322959614
12.798718811277674,24.330279871881118
12.401078774705141,23.534999798736052
13.328905526707715,22.872266404448496
12.864992150706428,22.209533010160946
12.467352114133895,21.613072955302144
12.401078774705141,21.149159579300857
12.268532095847625,20.884066221585833
11.605798701560076,20.221332827298284
11.009338646701273,20.088786148440768
10.412878591842478,19.691146111868235
10.987247533558353,19.160959396438194
10.015238555269946,18.697046020436908
12.864992150706428,18.16685930500686
13.328905526707715,18.03431262614935
12.798718811277674,18.697046020436908
12.33480543527638,19.691146111868235
12.135985416990117,19.160959396438194
11.870892059275093,20.088786148440768
11.340705343845052,20.022512809012014
10.876791967843765,19.691146111868235
10.412878591842478,19.293506075295703
10.015238555269946,18.89586603872317
11.517434248988394,18.23313264443562
10.94306530727252,17.968039286720597
12.268532095847625,17.570399250148064
12.135985416990117,16.907665855860508
11.870892059275093,16.377479140430466
11.340705343845052,15.979839103857934
10.74424528898625,15.582199067285401
10.147785234127454,15.184559030712869
9.485051839839898,14.720645654711582
8.822318445552341,14.256732278710288
8.2921317301223,13.859092242137756
7.629398335834743,13.461452205565223
7.099211620404702,13.06381216899269
6.303931547259637,12.599898792991404
5.6411981529720805,12.069712077561363
5.177284776970794,11.539525362131315
4.448278043254483,11.870892059275093
3.8518179883956876,12.401078774705141
3.255357933536885,12.003438738132608
2.5926245392493286,11.539525362131315
2.46007786039182,11.274432004416298
1.7973444661042635,10.677971949557495
1.5322511083892465,10.214058573556208
1.2008844112454682,9.750145197554922
0.6927888089583405,9.396687387268223
0.33933099867164174,10.015238555269946
0.33933099867164174,9.750145197554922
1.1346110718167068,9.15368514269612
0.6044243563866729,8.689771766694832
,8.2921317301223
,7.828218354121013
,7.364304978119726
,6.966664941547194
,6.436478226117146
,5.972564850115859
,6.436478226117146
,5.972564850115859
,5.3761047952570635
,4.845918079827015
,4.315731364396974
,3.7855446489669333
,3.3216312729656394
,2.8577178969643597
,2.46007786039182
,1.9961644843905333
,1.4659777689604852
,1.2671577506742295
,1.2008844112454682
,0.6044243563866729
,0.20678431981413326
,-0.3234023956159007
,-0.8535891110459488
,-0.45594907447342337
,0.07423764095662477
