Y(hoy),Y(ayer)
-2.5766959361935875,-1.913962541906045
-2.974335972766127,-2.3116025784785705
-2.5104225967648404,-2.8417892939086187
-1.9802358813347922,-2.0465092207635536
-2.0465092207635536,-2.70924261505111
-2.7976070676227778,-2.377875917907332
-2.444149257336079,-2.5766959361935875
-1.9802358813347922,-2.974335972766127
-2.444149257336079,-2.3116025784785705
-2.974335972766127,-2.8417892939086187
-2.70924261505111,-2.444149257336079
-2.2674203521927296,-2.3116025784785705
-2.974335972766127,-2.8417892939086187
-2.974335972766127,-2.974335972766127
-2.974335972766127,-2.5766959361935875
-2.974335972766127,-1.9802358813347922
-2.70924261505111,-2.3116025784785705
-2.179055899621062,-2.8417892939086187
-2.974335972766127,-2.974335972766127
-2.974335972766127,-2.179055899621062
-2.974335972766127,-2.179055899621062
-2.974335972766127,-2.8417892939086187
-2.974335972766127,-2.8417892939086187
-2.974335972766127,-2.3116025784785705
-2.974335972766127,-2.70924261505111
-2.974335972766127,-2.444149257336079
-2.974335972766127,-2.7755159544798573
-2.974335972766127,-2.179055899621062
-2.908062633337366,-1.913962541906045
-2.5766959361935875,-1.913962541906045
-2.1127825601923007,-1.913962541906045
-2.0465092207635536,-1.913962541906045
-2.0465092207635536,-1.913962541906045
-2.0465092207635536,-1.913962541906045
-2.0465092207635536,-1.648869184191014
-2.0465092207635536,-1.2512291476184885
-2.0465092207635536,-0.8535891110459488
-2.0465092207635536,-0.7873157716172017
-1.450049165904744,-0.1466734904725655
-1.913962541906045,-0.5884957533309318
-0.9861357899034573,-0.45594907447342337
-0.8535891110459488,-0.8535891110459488
-0.8535891110459488,-0.8535891110459488
-0.8535891110459488,-0.8535891110459488
-0.8535891110459488,-0.7210424321884403
-0.8535891110459488,-0.1908557167583922
-0.8535891110459488,0.20678431981413326
-0.8535891110459488,1.0020643929591984
-0.8535891110459488,0.47187767752916443
-0.45594907447342337,1.2671577506742295
-0.8535891110459488,1.2671577506742295
0.07423764095662477,1.2671577506742295
0.20678431981413326,1.2671577506742295
0.47187767752916443,1.1346110718167068
1.1346110718167068,0.6044243563866729
0.67069769581542,0.20678431981413326
1.1346110718167068,1.2008844112454682
0.2730576592428946,0.7369710352441814
0.20678431981413326,1.2671577506742295
0.14051098038538612,1.7310711266755163
0.07423764095662477,1.2671577506742295
-0.389675735044662,2.2612578421055503
-0.7873157716172017,2.3275311815343116
-0.7210424321884403,2.3275311815343116
-0.1466734904725655,2.3275311815343116
0.14051098038538612,2.3275311815343116
0.6486065826724996,2.3275311815343116
1.1346110718167068,2.3275311815343116
1.3334310901029767,2.3938045209630587
1.9961644843905333,2.2612578421055503
1.5322511083892465,1.7310711266755163
2.46007786039182,1.399704429531738
2.46007786039182,2.0624378238192946
2.46007786039182,1.7973444661042635
2.46007786039182,1.5322511083892465
2.46007786039182,2.2612578421055503
1.929891144961772,1.7973444661042635
1.399704429531738,2.5263511998205814
1.2671577506742295,2.990264575821868
1.2671577506742295,3.454177951823155
1.2671577506742295,3.7855446489669333
1.2671577506742295,4.315731364396974
1.2671577506742295,5.177284776970794
1.2671577506742295,4.713371400969507
1.1346110718167068,5.508651474114572
0.67069769581542,4.91219141925577
0.2730576592428946,5.420287021542897
0.9136999403875308,4.978464758684531
1.1346110718167068,4.978464758684531
0.47187767752916443,4.315731364396974
0.20678431981413326,3.6529979701094177
0.07423764095662477,3.5204512912519093
-0.45594907447342337,3.918091327824442
-0.7873157716172017,4.580824722111998
-0.05830903790088371,4.978464758684531
0.20678431981413326,5.6411981529720805
0.07423764095662477,5.243558116399548
-0.45594907447342337,4.779644740398261
-0.7873157716172017,4.647098061540753
-0.05830903790088371,4.183184685539466
0.20678431981413326,3.6529979701094177
0.20678431981413326,3.3879046123944008
0.20678431981413326,2.990264575821868
0.20678431981413326,2.5263511998205814
0.20678431981413326,2.5263511998205814
0.20678431981413326,3.1228112546793767
0.2730576592428946,2.8577178969643597
1.1346110718167068,3.255357933536885
0.67069769581542,2.8577178969643597
0.8695177141016899,2.769353444392678
0.33933099867164174,3.3879046123944008
0.20678431981413326,3.5204512912519093
0.20678431981413326,3.5204512912519093
0.20678431981413326,4.183184685539466
0.20678431981413326,3.6529979701094177
0.20678431981413326,4.315731364396974
0.20678431981413326,3.7855446489669333
0.20678431981413326,3.1228112546793767
0.33933099867164174,2.725171218106837
0.9136999403875308,3.3216312729656394
1.2671577506742295,3.8518179883956876
1.2671577506742295,4.315731364396974
1.2671577506742295,3.6529979701094177
1.2671577506742295,3.5204512912519093
1.2671577506742295,3.5204512912519093
1.2008844112454682,3.5204512912519093
1.1346110718167068,4.183184685539466
0.6044243563866729,3.6529979701094177
0.20678431981413326,4.05063800668195
1.1346110718167068,3.5867246306806635
0.67069769581542,3.7855446489669333
1.1346110718167068,4.315731364396974
0.6044243563866729,4.713371400969507
0.20678431981413326,4.713371400969507
1.1346110718167068,4.448278043254483
0.7369710352441814,3.829726875252767
1.2671577506742295,4.580824722111998
1.2671577506742295,4.183184685539466
1.2671577506742295,5.420287021542897
1.2671577506742295,4.978464758684531
1.2671577506742295,5.1110114375420395
1.2671577506742295,4.647098061540753
1.2671577506742295,4.183184685539466
1.2671577506742295,3.829726875252767
1.2671577506742295,4.315731364396974
1.2671577506742295,4.647098061540753
1.2671577506742295,3.918091327824442
1.2671577506742295,3.6529979701094177
1.2671577506742295,4.448278043254483
1.2671577506742295,4.448278043254483
1.2671577506742295,3.8518179883956876
1.2671577506742295,4.448278043254483
1.2008844112454682,3.918091327824442
1.1346110718167068,4.448278043254483
0.67069769581542,3.829726875252767
0.2730576592428946,4.647098061540753
0.9136999403875308,4.713371400969507
1.1346110718167068,4.713371400969507
0.6044243563866729,4.713371400969507
0.20678431981413326,4.713371400969507
1.1346110718167068,4.183184685539466
0.67069769581542,3.719271309538172
0.8695177141016899,4.315731364396974
0.33933099867164174,4.713371400969507
0.20678431981413326,4.779644740398261
0.20678431981413326,5.3761047952570635
0.20678431981413326,4.978464758684531
0.14051098038538612,5.1110114375420395
0.07423764095662477,4.713371400969507
-0.5884957533309318,4.713371400969507
-0.8535891110459488,4.713371400969507
-0.45594907447342337,4.713371400969507
0.07423764095662477,4.647098061540753
-0.389675735044662,4.315731364396974
-0.7873157716172017,3.7855446489669333
-0.5884957533309318,3.5204512912519093
0.07423764095662477,3.5204512912519093
-0.25712905618715354,3.5204512912519093
-0.7210424321884403,3.5204512912519093
-0.7210424321884403,3.5204512912519093
-0.1908557167583922,3.255357933536885
0.07423764095662477,2.7914445575355984
-0.25712905618715354,2.3275311815343116
-0.7210424321884403,2.2612578421055503
-0.8535891110459488,1.664797787246755
-0.8535891110459488,1.3334310901029767
-0.8535891110459488,2.0624378238192946
-0.8535891110459488,1.5322511083892465
-0.8535891110459488,1.929891144961772
-0.8535891110459488,1.4659777689604852
-0.8535891110459488,1.2671577506742295
-0.8535891110459488,1.2671577506742295
-0.8535891110459488,0.8695177141016899
-0.654769092759679,0.4056043381004031
-0.1908557167583922,0.8695177141016899
-0.1908557167583922,1.2671577506742295
-0.7210424321884403,1.2671577506742295
-0.7210424321884403,0.8695177141016899
-0.1466734904725655,0.47187767752916443
0.07423764095662477,1.0020643929591984
-0.5884957533309318,0.6044243563866729
-0.8535891110459488,0.20678431981413326
-0.6768602059025994,0.20678431981413326
0.07423764095662477,0.20678431981413326
-0.389675735044662,0.20678431981413326
-0.45594907447342337,0.20678431981413326
-0.8535891110459488,0.20678431981413326
0.14051098038538612,0.20678431981413326
0.20678431981413326,0.67069769581542
0.20678431981413326,0.20678431981413326
0.20678431981413326,1.1346110718167068
0.20678431981413326,0.6044243563866729
0.20678431981413326,0.20678431981413326
0.20678431981413326,0.20678431981413326
0.2730576592428946,0.7369710352441814
0.7369710352441814,1.2671577506742295
0.20678431981413326,1.2008844112454682
0.7369710352441814,0.8695177141016899
0.33933099867164174,0.33933099867164174
0.9357910535304512,0.20678431981413326
0.33933099867164174,0.6044243563866729
1.2671577506742295,1.2008844112454682
1.2671577506742295,1.2671577506742295
0.9357910535304512,1.2671577506742295
0.8695177141016899,1.2671577506742295
0.33933099867164174,1.2671577506742295
0.33933099867164174,1.2671577506742295
0.9357910535304512,1.2671577506742295
1.2671577506742295,1.2671577506742295
1.7310711266755163,1.2671577506742295
2.3275311815343116,1.2671577506742295
2.46007786039182,1.2671577506742295
2.725171218106837,1.2671577506742295
2.3275311815343116,1.399704429531738
3.3879046123944008,1.929891144961772
3.5204512912519093,2.3275311815343116
3.3879046123944008,2.194984502676803
3.454177951823155,1.7310711266755163
3.5204512912519093,1.2671577506742295
3.6529979701094177,1.2671577506742295
3.0565379152506154,1.2671577506742295
2.46007786039182,1.2671577506742295
2.990264575821868,1.5322511083892465
3.6529979701094177,1.929891144961772
3.078629028393536,2.7914445575355984
3.918091327824442,2.3275311815343116
3.255357933536885,3.3879046123944008
4.580824722111998,3.5867246306806635
4.05063800668195,4.05063800668195
3.5204512912519093,4.91219141925577
3.3879046123944008,4.448278043254483
2.8577178969643597,5.508651474114572
2.0624378238192946,5.773744831829596
1.664797787246755,5.3761047952570635
1.5322511083892465,4.845918079827015
1.1346110718167068,4.382004703825729
0.6044243563866729,3.918091327824442
1.1346110718167068,4.183184685539466
0.6044243563866729,3.1228112546793767
1.2671577506742295,2.5926245392493286
1.2671577506742295,3.1228112546793767
1.1346110718167068,3.1228112546793767
0.5381510169579116,2.46007786039182
0.14051098038538612,2.3938045209630587
-0.36758462190174157,2.2612578421055503
-0.5884957533309318,1.7310711266755163
-0.8535891110459488,1.2671577506742295
-0.8535891110459488,1.2671577506742295
,1.2671577506742295
,0.8695177141016899
,0.33933099867164174
,0.20678431981413326
,0.20678431981413326
,0.20678431981413326
,0.20678431981413326
,0.20678431981413326
,0.20678431981413326
,0.20678431981413326
,0.07423764095662477
,-0.45594907447342337
,-0.8535891110459488
,-0.8535891110459488
,-1.2512291476184885
,-1.7151425236197753
,-1.5163225053335054
