Y(hoy),Y(ayer)
6.102092569910461,5.020442665654592
6.102092569910461,5.020442665654592
6.102092569910461,4.960351004307043
6.102092569910461,4.419526052179108
5.6213592791300755,4.058976084093821
5.18068709591472,4.058976084093821
5.861725924520272,3.938792761398723
5.320900972392337,3.4580594706183376
5.861725924520272,3.0975095025330504
4.780076020264403,3.0975095025330504
4.419526052179108,3.0975095025330504
4.11906774544137,3.0975095025330504
3.938792761398723,2.616776211752658
3.4580594706183376,2.1360429209722724
3.3378761479232395,2.496592889057567
3.0975095025330504,2.9773261798379522
3.0374178411855013,2.857142857142854
2.556684550405109,2.496592889057567
2.3764095663624687,2.1360429209722724
2.1360429209722724,2.1360429209722724
2.0158595982771743,2.1360429209722724
1.4750346461492398,2.1360429209722724
1.535126307496789,1.655309630191887
2.0158595982771743,1.1745763394115016
1.1745763394115016,1.1745763394115016
1.4750346461492398,1.2346680007590507
2.0158595982771743,1.8956762755820833
1.535126307496789,1.3548513234541488
1.535126307496789,1.1745763394115016
2.0158595982771743,1.1745763394115016
2.1360429209722724,1.1745763394115016
2.3764095663624687,1.535126307496789
2.857142857142854,2.0158595982771743
4.4796177135266575,2.1360429209722724
5.020442665654592,2.1360429209722724
5.18068709591472,2.1360429209722724
5.6213592791300755,2.2562262436673706
6.582825860690853,2.9773261798379522
6.943375828776141,3.0975095025330504
6.462642537995755,3.698426116008534
8.565850685159944,4.058976084093821
8.98649231459278,4.419526052179108
9.707592250763362,4.900259342959494
10.90942547771433,5.380992633739886
12.111258704665296,5.98190924721537
11.63052541388491,6.042000908562912
12.71217531814078,6.222275892605559
17.759874871334837,7.303925796861428
18.841524775590706,8.145209055727108
18.36079148481032,8.746125669202591
19.562624711761288,8.385575701117297
20.16354132523677,9.707592250763362
20.524091293322066,9.226858959982977
21.485557874882836,11.390158768494715
21.125007906797542,10.90942547771433
23.408491038004385,12.111258704665296
22.927757747223993,12.71217531814078
25.091057555735738,13.192908608921165
24.610324264955345,13.793825222396649
26.77362407346709,14.75529180395742
26.292890782686705,14.394741835872132
27.49472400963767,15.716758385518197
34.40526506460573,16.55804164438387
34.94609001673366,17.038774935164263
35.907556598294434,17.639691548639746
35.42682330751405,18.36079148481032
37.1093898252454,18.000241516725033
36.74883985716011,19.562624711761288
41.31580611957378,19.081891420980902
41.67635608765907,18.721341452895615
42.03690605574437,20.16354132523677
41.476050549833914,21.485557874882836
40.11397289262282,21.00482458410245
39.57314794049488,20.524091293322066
39.99378956992772,23.16812439261419
38.91213966567185,22.687391101833803
38.431406374891466,22.206657811053418
37.830489761415976,24.85069091034554
37.3497564706356,24.369957619565156
36.9892065025503,23.88922432878477
36.38828988907482,26.292890782686705
35.847464936946885,25.812157491906312
37.1093898252454,25.451607523821025
37.3497564706356,27.49472400963767
36.9892065025503,27.01399071885728
37.87055086898101,28.936923881978828
38.07085640680617,28.57637391389354
37.770398100068434,30.859857045100377
37.40984813198314,30.37912375431999
38.431406374891466,32.54242356283173
37.830489761415976,32.06169027205134
39.03232298836694,34.044715096520434
38.431406374891466,33.6240734670876
37.710306438720885,34.46535672595327
37.469939793330695,34.10480675786798
37.1093898252454,35.42682330751405
36.50847321176992,34.94609001673366
36.14792324368463,37.830489761415976
36.14792324368463,37.3497564706356
35.66718995290424,36.869023179855205
35.18645666212386,36.38828988907482
34.70572337134347,36.02773992098953
34.34517340325817,40.474522860708106
33.744256789782696,39.99378956992772
33.20343183765476,39.513056279147335
35.42682330751405,41.01534781283604
34.885998355386114,40.7148895060983
34.46535672595327,40.23415621531791
36.14792324368463,39.75342292453753
35.727281614251794,39.27268963375714
36.14792324368463,42.87818931461004
35.18645666212386,42.397456023829655
34.765815032691016,41.91672273304927
34.22499008056308,41.43598944226888
33.6240734670876,40.9552561514885
33.14334017630721,40.474522860708106
32.54242356283173,39.87360624723262
32.06169027205134,40.474522860708106
31.58095698127095,39.99378956992772
30.73967372240528,39.513056279147335
31.220407013185664,39.15250631106204
30.138757108929795,38.79195634297675
29.71811547949696,38.31122305219637
29.177290527369024,37.89058142276353
29.237382188716573,37.469939793330695
28.456190591198443,36.869023179855205
27.73509065502786,35.907556598294434
27.254357364247475,35.06627333942876
25.091057555735738,35.06627333942876
25.451607523821025,35.06627333942876
24.97087423304064,35.1263650007763
24.00940765147987,36.74883985716011
24.97087423304064,36.14792324368463
25.03096589438819,35.66718995290424
26.373012997816765,35.30663998481895
25.21124087843083,37.830489761415976
27.01399071885728,37.3497564706356
26.413074105381796,36.869023179855205
26.172707459991607,36.38828988907482
26.172707459991607,35.907556598294434
26.172707459991607,35.42682330751405
25.812157491906312,34.94609001673366
25.331424201125927,34.46535672595327
24.97087423304064,34.10480675786798
27.01399071885728,34.10480675786798
26.533257428076894,34.10480675786798
26.172707459991607,33.744256789782696
26.77362407346709,33.263523499002304
26.292890782686705,32.84288186956947
25.93234081460141,32.42224024013663
27.73509065502786,32.06169027205134
27.254357364247475,31.6410486426185
26.893807396162188,31.220407013185664
27.975457300418057,30.73967372240528
27.49472400963767,30.198848770277344
27.134174041552377,29.8983904635396
26.413074105381796,29.53784049545431
26.172707459991607,28.75664889793618
26.653440750771992,28.095640623113148
27.254357364247475,27.614907332332763
27.85527397772296,27.254357364247475
27.975457300418057,28.936923881978828
27.554815670985214,28.456190591198443
27.975457300418057,28.035548961765606
27.194265702899926,27.254357364247475
25.93234081460141,26.893807396162188
25.69197416921122,26.292890782686705
25.331424201125927,25.93234081460141
25.87224915325386,25.571790846516123
27.374540686942574,25.21124087843083
28.936923881978828,27.975457300418057
28.456190591198443,27.49472400963767
28.215823945808246,27.01399071885728
27.79518231637541,26.533257428076894
29.65802381814941,26.292890782686705
29.177290527369024,25.812157491906312
28.75664889793618,25.331424201125927
30.980040367795475,24.85069091034554
30.499307077015082,24.430049280912705
30.018573786234697,25.93234081460141
29.417657172759213,25.511699185168574
28.936923881978828,25.331424201125927
28.51628225254599,25.451607523821025
27.85527397772296,25.812157491906312
27.254357364247475,25.271332539778378
28.215823945808246,25.391515862473476
27.73509065502786,25.812157491906312
28.97698498954386,25.571790846516123
29.057107204673926,25.21124087843083
28.81674055928373,25.812157491906312
28.336007268503344,25.451607523821025
27.79518231637541,25.091057555735738
27.374540686942574,24.490140942260254
27.975457300418057,24.00940765147987
28.936923881978828,23.408491038004385
28.456190591198443,25.091057555735738
27.975457300418057,24.610324264955345
27.49472400963767,24.12959097417496
27.01399071885728,26.112615798644057
26.533257428076894,25.69197416921122
28.456190591198443,25.93234081460141
28.095640623113148,25.331424201125927
32.06169027205134,26.05252413729651
31.58095698127095,25.69197416921122
31.100223690490566,26.77362407346709
30.61949039971018,26.413074105381796
30.258940431624893,26.05252413729651
31.58095698127095,25.571790846516123
31.100223690490566,25.21124087843083
30.61949039971018,25.812157491906312
30.198848770277344,26.172707459991607
30.37912375431999,26.112615798644057
30.018573786234697,25.812157491906312
31.821323626661147,25.451607523821025
31.220407013185664,25.091057555735738
30.799765383752828,24.490140942260254
31.821323626661147,24.249774296870058
31.340590335880762,23.88922432878477
30.859857045100377,23.348399376656836
30.37912375431999,25.131118663300768
29.8983904635396,24.610324264955345
29.417657172759213,26.77362407346709
29.057107204673926,26.292890782686705
31.340590335880762,25.812157491906312
30.980040367795475,26.232799121339156
32.30205691744153,26.413074105381796
31.821323626661147,27.614907332332763
32.782790208221925,27.134174041552377
33.744256789782696,26.653440750771992
33.263523499002304,27.85527397772296
34.94609001673366,27.434632348290123
34.46535672595327,27.254357364247475
33.98462343517289,26.893807396162188
34.46535672595327,26.533257428076894
33.3837068216974,26.172707459991607
33.14334017630721,26.893807396162188
32.782790208221925,26.653440750771992
32.34211802500656,26.352982444034247
33.56398180574005,26.893807396162188
33.023156853612115,27.254357364247475
35.42682330751405,27.79518231637541
34.94609001673366,27.254357364247475
34.46535672595327,26.893807396162188
33.98462343517289,26.533257428076894
37.650214777373336,26.172707459991607
37.1093898252454,26.533257428076894
39.99378956992772,26.172707459991607
39.513056279147335,28.936923881978828
39.0924146497145,28.456190591198443
38.551589697586564,27.975457300418057
38.07085640680617,29.8983904635396
41.91672273304927,29.477748834106762
41.31580611957378,29.117198866021475
40.8350728287934,28.997015543326377
40.35433953801301,28.51628225254599
40.7148895060983,27.975457300418057
40.11397289262282,27.374540686942574
39.63323960184243,29.417657172759213
39.2125979724096,28.936923881978828
39.99378956992772,28.456190591198443
39.513056279147335,30.37912375431999
39.15250631106204,30.859857045100377
38.431406374891466,31.220407013185664
38.19103972950127,31.220407013185664
38.611681358934106,30.980040367795475
38.19103972950127,30.419184861885014
39.03232298836694,32.54242356283173
39.03232298836694,32.12178193339889
38.431406374891466,31.58095698127095
38.19103972950127,31.100223690490566
37.710306438720885,34.94609001673366
37.469939793330695,34.46535672595327
37.1093898252454,33.98462343517289
36.50847321176992,33.5038901443925
35.30663998481895,33.023156853612115
37.1093898252454,37.1093898252454
36.688748195812565,36.628656534465016
34.34517340325817,36.14792324368463
34.10480675786798,35.66718995290424
31.58095698127095,37.830489761415976
30.018573786234697,37.469939793330695
32.06169027205134,37.59012311602579
31.220407013185664,37.2295731479405
32.12178193339889,38.351284159761406
32.06169027205134,39.03232298836694
31.46077365857586,38.07085640680617
31.100223690490566,37.59012311602579
31.100223690490566,36.9892065025503
30.61949039971018,36.74883985716011
30.138757108929795,36.38828988907482
29.65802381814941,35.787373275599336
29.177290527369024,35.3667316461665
29.417657172759213,35.96764825964198
29.057107204673926,36.9892065025503
30.55939873836263,36.38828988907482
31.100223690490566,37.2295731479405
30.61949039971018,36.9892065025503
30.198848770277344,36.50847321176992
29.778207140844508,36.02773992098953
29.177290527369024,35.42682330751405
30.258940431624893,34.70572337134347
29.177290527369024,34.22499008056308
30.859857045100377,36.38828988907482
30.37912375431999,35.907556598294434
29.8983904635396,35.42682330751405
29.53784049545431,34.94609001673366
32.06169027205134,34.58554004864837
31.58095698127095,37.59012311602579
32.12178193339889,37.1093898252454
31.941506949356246,36.74883985716011
31.70114030396605,38.79195634297675
31.220407013185664,38.19103972950127
30.61949039971018,36.628656534465016
30.138757108929795,36.14792324368463
29.65802381814941,35.787373275599336
29.117198866021475,34.825906694038565
30.258940431624893,34.22499008056308
29.778207140844508,33.98462343517289
30.859857045100377,33.6240734670876
31.821323626661147,32.30205691744153
31.340590335880762,31.821323626661147
30.018573786234697,31.46077365857586
31.380651443445792,30.37912375431999
30.859857045100377,30.980040367795475
32.06169027205134,30.980040367795475
31.941506949356246,30.439215415667533
31.46077365857586,30.018573786234697
30.859857045100377,29.297473850064115
31.58095698127095,28.69655723658863
30.138757108929795,28.275915607155795
33.023156853612115,28.095640623113148
32.54242356283173,28.57637391389354
32.06169027205134,28.095640623113148
33.023156853612115,29.177290527369024
32.54242356283173,30.018573786234697
32.181873594746435,29.65802381814941
33.023156853612115,29.177290527369024
32.54242356283173,28.69655723658863
33.30358460656734,28.215823945808246
34.22499008056308,27.73509065502786
33.744256789782696,27.314449025595025
34.765815032691016,28.69655723658863
35.18645666212386,29.778207140844508
35.42682330751405,29.417657172759213
35.06627333942876,29.057107204673926
35.907556598294434,28.81674055928373
35.18645666212386,28.336007268503344
34.58554004864837,28.69655723658863
34.34517340325817,29.8983904635396
33.98462343517289,29.417657172759213
33.5038901443925,29.057107204673926
33.023156853612115,30.73967372240528
32.66260688552683,30.258940431624893
34.94609001673366,30.859857045100377
34.40526506460573,30.499307077015082
36.02773992098953,30.138757108929795
35.54700663020914,29.71811547949696
34.825906694038565,29.237382188716573
34.34517340325817,28.81674055928373
34.22499008056308,28.456190591198443
35.2465483234714,28.155732284460697
34.70572337134347,28.69655723658863
36.02773992098953,28.336007268503344
35.54700663020914,30.37912375431999
34.94609001673366,29.958482124887148
34.46535672595327,29.417657172759213
33.864440112477794,29.057107204673926
33.263523499002304,31.821323626661147
32.782790208221925,31.340590335880762
32.42224024013663,30.859857045100377
33.023156853612115,32.782790208221925
32.54242356283173,32.30205691744153
33.6240734670876,31.100223690490566
34.22499008056308,30.61949039971018
34.765815032691016,30.198848770277344
35.30663998481895,30.61949039971018
35.94761770585947,29.778207140844508
36.26810656637973,29.057107204673926
35.66718995290424,28.57637391389354
35.06627333942876,28.095640623113148
34.46535672595327,27.614907332332763
34.46535672595327,27.254357364247475
33.98462343517289,30.859857045100377
33.5038901443925,30.439215415667533
33.14334017630721,29.8983904635396
31.941506949356246,29.417657172759213
31.46077365857586,28.936923881978828
31.220407013185664,30.37912375431999
32.181873594746435,29.8983904635396
32.54242356283173,29.417657172759213
32.181873594746435,28.81674055928373
33.023156853612115,28.275915607155795
32.54242356283173,28.69655723658863
31.941506949356246,29.117198866021475
31.70114030396605,30.899918152665407
31.220407013185664,30.37912375431999
30.980040367795475,29.8983904635396
31.100223690490566,29.417657172759213
30.67958206105773,31.941506949356246
30.258940431624893,31.52086531992341
28.87683222063128,31.70114030396605
29.457718280324244,31.220407013185664
30.018573786234697,32.782790208221925
29.297473850064115,32.30205691744153
28.75664889793618,33.263523499002304
28.215823945808246,33.864440112477794
28.69655723658863,33.6240734670876
28.936923881978828,33.263523499002304
28.456190591198443,32.782790208221925
27.254357364247475,32.30205691744153
26.172707459991607,31.941506949356246
25.571790846516123,31.58095698127095
25.151149217083287,30.980040367795475
24.610324264955345,30.499307077015082
25.091057555735738,30.258940431624893
24.00940765147987,33.083248514959664
25.21124087843083,32.54242356283173
18.000241516725033,32.06169027205134
19.562624711761288,33.14334017630721
19.081891420980902,33.744256789782696
20.043358002541673,33.3837068216974
19.50253305041374,34.94609001673366
17.038774935164263,34.46535672595327
16.43785832168878,34.044715096520434
15.957125030908387,33.5038901443925
15.476391740128001,33.083248514959664
15.957125030908387,32.54242356283173
15.476391740128001,32.181873594746435
16.49794998303632,31.941506949356246
16.918591612469164,31.58095698127095
16.49794998303632,31.220407013185664
15.5965750628231,32.181873594746435
14.995658449347616,32.782790208221925
14.635108481262328,33.20343183765476
14.034191867786845,33.80434845113024
13.67364189970155,33.3837068216974
11.510342091189813,34.765815032691016
11.209883784452074,34.22499008056308
11.029608800409427,35.66718995290424
10.068142218848656,35.06627333942876
10.128233880196198,34.46535672595327
10.66905883232414,34.044715096520434
10.248417202891297,33.3837068216974
11.63052541388491,32.902973530917016
11.149792123104525,32.42224024013663
,32.181873594746435
,33.744256789782696
,33.3837068216974
,35.4869149688616
,34.94609001673366
,35.907556598294434
,35.30663998481895
,34.70572337134347
,34.10480675786798
,33.5038901443925
,35.907556598294434
,35.42682330751405
,35.006181678081205
,33.744256789782696
,33.263523499002304
,32.782790208221925
,32.42224024013663
,31.821323626661147
,31.340590335880762
,30.859857045100377
,30.37912375431999
,29.958482124887148
,29.477748834106762
,29.958482124887148
,30.198848770277344
,30.73967372240528
,30.859857045100377
,30.439215415667533
,30.078665447582246
,30.138757108929795
,29.417657172759213
,28.936923881978828
,28.57637391389354
,27.254357364247475
,26.653440750771992
,26.292890782686705
,28.81674055928373
,28.396098929850893
,28.095640623113148
,28.215823945808246
,27.85527397772296
,27.49472400963767
,27.134174041552377
,27.975457300418057
,27.554815670985214
,27.134174041552377
,26.413074105381796
,25.69197416921122
,25.451607523821025
,25.091057555735738
,24.490140942260254
,24.369957619565156
,24.85069091034554
,24.249774296870058
,23.648857683394574
,23.04794106991909
,22.567207779138705
,21.725924520273026
,21.24519122949264
,20.884641261407353
,19.562624711761288
,19.081891420980902
,18.48097480750542
,18.240608162115223
,19.081891420980902
,18.841524775590706
,17.639691548639746
,17.158958257859354
,16.31767499899368
,16.738316628426517
,16.197491676298583
,15.836941708213295
,15.476391740128001
,15.115841772042714
,15.115841772042714
,15.236025094737812
,16.017216692255936
,15.5965750628231
,16.077308353603485
,15.716758385518197
,15.236025094737812
,14.875475126652518
,14.51492515856723
,14.034191867786845
,12.952541963530976
,12.471808672750583
,11.63052541388491
,11.149792123104525
,10.66905883232414
,10.248417202891297
,11.029608800409427
,10.548875509629042
,9.82777557345846
,9.467225605373173
,9.106675637287879
,9.166767298635428
,9.707592250763362
,9.347042282678075
