Y(hoy),Y(ayer)
-1.9802358813347922,-2.5766959361935875
-2.0465092207635536,-2.974335972766127
-2.0465092207635536,-2.444149257336079
-2.0465092207635536,-2.444149257336079
-1.913962541906045,-2.974335972766127
-1.9802358813347922,-2.444149257336079
-1.913962541906045,-2.444149257336079
-1.9802358813347922,-2.974335972766127
-2.0465092207635536,-2.444149257336079
-1.913962541906045,-2.70924261505111
-1.9802358813347922,-2.70924261505111
-1.913962541906045,-2.70924261505111
-1.648869184191014,-2.5766959361935875
-1.2512291476184885,-2.179055899621062
-1.2512291476184885,-1.913962541906045
-1.648869184191014,-1.913962541906045
-1.450049165904744,-1.383775826475997
-0.9198624504747102,-1.648869184191014
-0.8535891110459488,-1.2512291476184885
-0.8535891110459488,-1.648869184191014
-0.5884957533309318,-0.8535891110459488
-0.1466734904725655,-0.8535891110459488
0.20678431981413326,-0.45594907447342337
0.6044243563866729,0.20678431981413326
1.1346110718167068,0.7369710352441814
2.504260086677661,0.20678431981413326
2.990264575821868,1.664797787246755
3.5867246306806635,2.3275311815343116
8.822318445552341,2.725171218106837
10.015238555269946,3.3879046123944008
9.352505160982389,2.8577178969643597
10.81051862841501,3.5204512912519093
11.47325202270256,2.990264575821868
12.798718811277674,4.580824722111998
12.268532095847625,5.243558116399548
14.12418559985278,6.038838189544613
16.510025819287975,6.569024904974661
17.835492607863088,7.099211620404702
17.30530589243304,7.629398335834743
18.23313264443562,9.352505160982389
18.763319359865662,8.822318445552341
17.30530589243304,10.147785234127454
16.907665855860508,9.750145197554922
17.570399250148064,10.94306530727252
18.89586603872317,10.545425270699987
32.415627282189284,12.003438738132608
31.885440566759243,11.47325202270256
34.27128078619444,13.06381216899269
33.74109407076439,12.666172132420158
33.21090735533435,14.12418559985278
32.81326731876182,15.184559030712869
35.596747574769545,17.040212534718023
35.19910753819701,16.510025819287975
39.04296122506483,17.835492607863088
38.6453211884923,18.630772681008153
41.69389480221505,18.100585965578105
41.16370808678501,17.968039286720597
44.609921737080285,18.89586603872317
44.21228170050775,18.498226002150638
45.670295167940374,20.353879506155792
47.65849535080304,19.82369279072575
47.12830863537299,22.872266404448496
47.65849535080304,22.342079689018455
41.69389480221505,21.944439652445922
40.36842801363994,24.993013266168674
39.9707879770674,24.462826550738633
39.57314794049488,26.84866677017383
39.17550790392234,26.451026733601296
39.838241298209894,28.704320274178976
39.308054582779846,28.306680237606443
38.71159452792105,30.825067135899154
37.65122109706097,30.294880420469113
38.77786786734981,33.21090735533435
39.838241298209894,32.68072063990431
39.308054582779846,32.15053392447426
38.51277450963478,34.80146750162448
37.717494436489716,34.27128078619444
37.187307721059675,33.873640749621906
36.126934290199586,35.596747574769545
35.596747574769545,37.187307721059675
35.0665608593395,36.657121005629634
34.40382746505195,39.308054582779846
33.873640749621906,38.77786786734981
33.40972737362062,38.38022783077727
34.80146750162448,41.95898815993007
34.33755412562319,41.428801444500024
33.873640749621906,40.898614729069976
36.39202764791461,40.50097469249745
35.72929425362706,45.40520181022535
35.33165421705452,44.87501509479531
35.33165421705452,44.34482837936527
34.66892082276697,43.81464166393522
34.006187428479414,45.9353885256554
33.47600071304937,47.12830863537299
32.945813997619325,47.52594867194553
32.415627282189284,46.99576195651548
31.885440566759243,46.200481883370415
31.355253851329195,44.87501509479531
30.957613814756662,43.94718834279273
30.55997377818413,43.28445494850518
29.89724038389658,41.95898815993007
29.632147026181556,41.428801444500024
29.234506989609024,40.898614729069976
28.704320274178976,40.10333465592491
28.24040689817769,39.705694619352386
27.776493522176402,39.308054582779846
28.704320274178976,38.38022783077727
28.24040689817769,37.85004111534723
28.704320274178976,37.4524010787747
28.041586879891426,36.98848770277341
27.776493522176402,37.717494436489716
27.776493522176402,37.187307721059675
27.643946843318894,38.77786786734981
27.24630680674636,38.31395449134852
26.583573412458804,37.98258779420474
26.053386697028763,38.51277450963478
25.58947332102747,39.308054582779846
25.523199981598715,38.91041454620732
25.125559945026183,39.705694619352386
25.05928660559743,38.77786786734981
25.58947332102747,38.247681151919764
25.58947332102747,37.717494436489716
26.583573412458804,37.187307721059675
26.053386697028763,36.72339434505839
26.716120091316313,36.657121005629634
26.716120091316313,37.31985439991719
26.583573412458804,36.78966768448714
26.053386697028763,37.187307721059675
25.722019999884985,36.657121005629634
26.583573412458804,36.2594809690571
26.84866677017383,35.86184093248457
27.710220182747648,35.464200895912036
27.90904020103391,34.80146750162448
28.483409142749792,34.27128078619444
28.571773595321467,33.74109407076439
28.10786021932018,33.21090735533435
28.748502500464816,32.68072063990431
28.174133558748935,32.15053392447426
28.969413631894,31.62034720904422
29.49960034732404,30.825067135899154
29.89724038389658,30.162333741611597
29.16823365018027,30.02978706275409
28.174133558748935,29.764693705039065
27.643946843318894,29.101960310751508
27.113760127888845,28.571773595321467
28.174133558748935,27.90904020103391
28.704320274178976,27.511400164461378
28.372953577035204,27.180033467317607
27.776493522176402,26.716120091316313
29.101960310751508,27.643946843318894
28.903140292465245,27.113760127888845
28.306680237606443,26.583573412458804
27.37885348560387,26.119660036457518
26.84866677017383,25.523199981598715
27.643946843318894,24.993013266168674
27.24630680674636,24.59537322959614
29.035686971322754,24.993013266168674
28.969413631894,25.390653302741207
28.43922691646396,24.794193247882404
28.041586879891426,25.258106623883698
28.041586879891426,25.65574666045623
28.43922691646396,26.053386697028763
29.234506989609024,26.451026733601296
28.83686695303649,26.053386697028763
30.626247117612884,25.65574666045623
31.090160493614178,25.65574666045623
30.825067135899154,25.722019999884985
31.090160493614178,26.451026733601296
30.692520457041645,25.832475565599573
32.945813997619325,26.31848005474378
32.415627282189284,27.511400164461378
34.27128078619444,26.981213449031337
33.74109407076439,27.24630680674636
33.21090735533435,26.782393430745074
32.68072063990431,27.180033467317607
36.657121005629634,27.710220182747648
39.57314794049488,27.511400164461378
39.17550790392234,26.914940109602583
43.019361590790155,27.710220182747648
42.55544821478887,27.24630680674636
41.95898815993007,28.24040689817769
41.03116140792749,28.704320274178976
43.41700162736269,28.174133558748935
43.15190826964766,27.776493522176402
42.62172155421762,26.84866677017383
41.82644148107256,26.84866677017383
41.428801444500024,27.37885348560387
39.44060126163736,27.776493522176402
39.04296122506483,28.174133558748935
39.308054582779846,28.83686695303649
39.838241298209894,28.43922691646396
39.308054582779846,27.90904020103391
38.77786786734981,27.776493522176402
37.98258779420474,28.24040689817769
37.4524010787747,28.704320274178976
36.92221436334465,28.174133558748935
36.524574326772125,28.306680237606443
34.40382746505195,28.83686695303649
33.07836067647684,28.174133558748935
32.54817396104679,27.776493522176402
32.283080603331776,27.776493522176402
32.216807263903014,27.776493522176402
32.01798724561675,28.174133558748935
31.48780053018671,29.234506989609024
30.692520457041645,28.704320274178976
30.162333741611597,29.89724038389658
29.565873686752802,30.02978706275409
28.969413631894,31.48780053018671
28.43922691646396,30.825067135899154
27.90904020103391,30.42742709932662
27.445126825032624,32.15053392447426
26.84866677017383,31.62034720904422
27.445126825032624,31.090160493614178
28.571773595321467,30.692520457041645
28.306680237606443,30.096060402182843
27.90904020103391,31.090160493614178
27.113760127888845,30.55997377818413
26.451026733601296,30.162333741611597
25.78829333931374,33.2771806947631
26.31848005474378,32.68072063990431
26.451026733601296,33.34345403419186
26.84866677017383,33.80736741019315
27.90904020103391,34.27128078619444
27.37885348560387,33.47600071304937
28.770593613607737,32.945813997619325
28.306680237606443,32.415627282189284
27.90904020103391,32.283080603331776
27.511400164461378,32.68072063990431
26.64984675188756,33.74109407076439
26.141751149600438,36.92221436334465
27.113760127888845,36.39202764791461
26.64984675188756,35.86184093248457
26.053386697028763,35.464200895912036
27.710220182747648,39.57314794049488
28.10786021932018,39.17550790392234
26.716120091316313,38.6453211884923
29.764693705039065,42.22408151764509
29.101960310751508,41.69389480221505
28.63804693475022,41.296254765642516
27.511400164461378,43.15190826964766
28.969413631894,43.85882389022106
28.43922691646396,43.5495483062202
27.90904020103391,43.019361590790155
27.445126825032624,42.48917487536011
26.716120091316313,41.69389480221505
26.451026733601296,41.16370808678501
25.920840018171248,40.36842801363994
25.65574666045623,40.898614729069976
25.258106623883698,42.886814911932646
24.72791990845365,42.3566281965026
25.78829333931374,41.95898815993007
25.390653302741207,41.69389480221505
26.716120091316313,41.097434747356246
26.583573412458804,41.03116140792749
26.053386697028763,40.36842801363994
31.48780053018671,39.57314794049488
32.81326731876182,39.04296122506483
32.283080603331776,38.38022783077727
34.006187428479414,37.916314454775986
33.47600071304937,38.51277450963478
35.33165421705452,38.976687885636075
34.80146750162448,40.898614729069976
34.27128078619444,40.43470135306869
34.80146750162448,39.9707879770674
33.60854739190688,40.36842801363994
33.34345403419186,39.838241298209894
32.945813997619325,39.308054582779846
32.54817396104679,38.51277450963478
31.885440566759243,37.98258779420474
31.355253851329195,37.4524010787747
30.825067135899154,36.92221436334465
30.02978706275409,36.524574326772125
29.69842036561031,35.596747574769545
29.101960310751508,34.27128078619444
28.306680237606443,33.80736741019315
27.90904020103391,33.34345403419186
25.920840018171248,34.33755412562319
25.523199981598715,34.867740841053234
25.05928660559743,35.19910753819701
24.59537322959614,34.536374143909455
23.00481308330601,34.006187428479414
22.739719725590987,33.47600071304937
22.342079689018455,33.01208733704808
23.269906441021035,32.54817396104679
22.60717304673348,32.15053392447426
22.209533010160946,31.686620548472973
24.59537322959614,31.156433833042932
24.860466587311166,30.55997377818413
25.258106623883698,29.89724038389658
25.258106623883698,29.234506989609024
24.59537322959614,28.770593613607737
23.800093156451076,28.24040689817769
23.13735976216352,29.632147026181556
22.739719725590987,28.969413631894
22.342079689018455,29.49960034732404
22.342079689018455,29.101960310751508
22.010712991874676,28.704320274178976
21.41425293701588,28.174133558748935
21.149159579300857,27.643946843318894
21.01661290044335,27.113760127888845
20.552699524442062,26.716120091316313
19.95623946958326,26.583573412458804
19.293506075295703,26.053386697028763
19.028412717580686,25.65574666045623
19.42605275415322,27.37885348560387
20.79570176901416,26.84866677017383
20.353879506155792,28.174133558748935
21.01661290044335,28.571773595321467
20.4864261850133,27.90904020103391
19.82369279072575,26.451026733601296
19.160959396438194,26.053386697028763
18.498226002150638,25.65574666045623
17.835492607863088,25.722019999884985
17.30530589243304,26.583573412458804
16.775119177003,26.053386697028763
16.244932461572958,27.776493522176402
15.71474574614291,27.643946843318894
15.71474574614291,27.113760127888845
15.383379048999132,26.64984675188756
14.786918994140336,26.053386697028763
14.521825636425312,25.65574666045623
13.991638920995271,25.258106623883698
13.461452205565223,24.860466587311166
13.328905526707715,25.78829333931374
12.798718811277674,26.384753394172535
12.401078774705141,25.722019999884985
13.328905526707715,25.65574666045623
12.798718811277674,26.451026733601296
13.925365581566517,28.174133558748935
14.389278957567804,27.643946843318894
13.859092242137756,27.24630680674636
13.196358847850206,30.825067135899154
12.599898792991404,30.294880420469113
,29.89724038389658
,31.48780053018671
,32.15053392447426
,33.07836067647684
,32.54817396104679
,32.68072063990431
,31.62034720904422
,31.090160493614178
,30.55997377818413
,30.02978706275409
,29.565873686752802
,28.969413631894
,28.43922691646396
,27.90904020103391
,27.37885348560387
,26.914940109602583
,27.511400164461378
,27.113760127888845
,26.451026733601296
,25.920840018171248
,24.993013266168674
,24.59537322959614
,23.932639835308585
,23.468726459307298
,23.667546477593568
,24.330279871881118
,24.462826550738633
,23.932639835308585
,23.534999798736052
,23.13735976216352
,22.60717304673348
,21.811892973588414
,21.347979597587127
,21.149159579300857
,20.751519542728325
,20.287606166727038
,20.088786148440768
,20.088786148440768
,19.691146111868235
,19.160959396438194
,18.697046020436908
,18.03431262614935
,17.968039286720597
,18.36567932329313
,17.968039286720597
,19.42605275415322
,18.89586603872317
,20.088786148440768
,19.691146111868235
,19.22723273586695
,18.763319359865662
,18.36567932329313
,17.835492607863088
,17.437852571290556
,17.040212534718023
,16.244932461572958
,15.71474574614291
,15.184559030712869
,14.65437231528282
,14.256732278710288
,13.660272223851493
,13.461452205565223
,13.328905526707715
,12.798718811277674
,12.135985416990117
,11.406978683273806
,11.539525362131315
,12.003438738132608
,12.864992150706428
,12.401078774705141
,13.196358847850206
,12.53362545356265
,12.069712077561363
,11.47325202270256
,11.340705343845052
,10.94306530727252
,10.457060818128312
,10.94306530727252
,10.545425270699987
,10.147785234127454
,9.683871858126167
,9.15368514269612
,8.689771766694832
,8.2921317301223
,7.828218354121013
,7.364304978119726
,6.966664941547194
,6.436478226117146
,5.972564850115859
,5.773744831829596
,5.243558116399548
,4.713371400969507
,4.315731364396974
,3.7855446489669333
,3.3216312729656394
,2.8577178969643597
,2.46007786039182
,1.9961644843905333
,1.4659777689604852
,1.2671577506742295
,1.2671577506742295
,1.0020643929591984
,0.4056043381004031
,-0.05830903790088371
,-0.45594907447342337
,-0.8535891110459488
,0.14051098038538612
,-0.3234023956159007
,0.20678431981413326
