Y(hoy),Y(ayer)
6.767844923260924,5.773744831829596
6.237658207830883,5.3761047952570635
6.480660452402979,4.91219141925577
5.906291510687105,4.713371400969507
6.70157158383217,4.183184685539466
6.370204886688391,3.5867246306806635
5.906291510687105,3.5204512912519093
5.707471492400835,3.5204512912519093
5.6411981529720805,3.5204512912519093
4.978464758684531,2.8577178969643597
4.713371400969507,2.3275311815343116
4.183184685539466,1.7973444661042635
3.5867246306806635,1.399704429531738
3.5204512912519093,2.0624378238192946
3.189084594108131,1.664797787246755
2.65889787867809,1.2671577506742295
2.3275311815343116,1.2008844112454682
1.7531622398184368,0.8695177141016899
2.194984502676803,0.33933099867164174
1.664797787246755,0.20678431981413326
2.194984502676803,0.20678431981413326
1.5322511083892465,0.20678431981413326
1.2671577506742295,0.20678431981413326
1.2671577506742295,-0.1908557167583922
1.5322511083892465,-0.7873157716172017
2.194984502676803,-0.5884957533309318
1.5985244478179936,-0.05830903790088371
2.194984502676803,-0.7210424321884403
1.0020643929591984,-0.8535891110459488
0.5381510169579116,-0.8535891110459488
1.1346110718167068,-0.8535891110459488
0.67069769581542,-0.8535891110459488
0.47187767752916443,-0.8535891110459488
0.20678431981413326,-0.8535891110459488
0.20678431981413326,-0.8535891110459488
-0.389675735044662,-0.8535891110459488
0.07423764095662477,-1.648869184191014
0.14051098038538612,-1.2512291476184885
-0.05830903790088371,-1.648869184191014
-0.45594907447342337,-1.5163225053335054
-0.5884957533309318,-1.913962541906045
-0.8535891110459488,-1.913962541906045
-0.8535891110459488,-1.383775826475997
-0.9198624504747102,-0.9861357899034573
-0.9198624504747102,-1.5163225053335054
-1.7814158630485224,-1.913962541906045
-2.179055899621062,-1.913962541906045
-1.5163225053335054,-1.913962541906045
-0.9861357899034573,-1.913962541906045
-1.5163225053335054,-1.913962541906045
-1.5163225053335054,-1.913962541906045
-0.9861357899034573,-1.8476892024772837
-1.5163225053335054,-1.2512291476184885
-1.11868246876098,-1.7372336367626815
-1.648869184191014,-0.9861357899034573
-0.45594907447342337,-1.383775826475997
0.07423764095662477,-1.913962541906045
-0.45594907447342337,-1.383775826475997
-0.8535891110459488,-0.8535891110459488
-0.8535891110459488,-0.8535891110459488
-0.8535891110459488,-0.8535891110459488
-0.8535891110459488,-0.8535891110459488
-0.8535891110459488,-0.45594907447342337
-0.5222224139021705,0.07423764095662477
0.14051098038538612,0.33933099867164174
-0.3234023956159007,0.8695177141016899
0.47187767752916443,1.2671577506742295
1.0020643929591984,1.664797787246755
1.5985244478179936,2.5263511998205814
2.46007786039182,2.0624378238192946
1.929891144961772,2.990264575821868
3.0565379152506154,3.3879046123944008
3.5867246306806635,3.918091327824442
7.629398335834743,4.448278043254483
8.159585051264791,5.1110114375420395
10.412878591842478,5.773744831829596
10.015238555269946,6.303931547259637
8.822318445552341,7.099211620404702
11.47325202270256,7.629398335834743
18.630772681008153,8.2921317301223
18.100585965578105,8.954865124409856
18.630772681008153,9.485051839839898
18.100585965578105,10.147785234127454
16.510025819287975,11.47325202270256
14.65437231528282,10.94306530727252
14.190458939281534,13.06381216899269
13.593998884422739,12.666172132420158
14.190458939281534,14.919465672997845
20.221332827298284,14.389278957567804
19.82369279072575,16.244932461572958
21.325888484444206,17.437852571290556
20.751519542728325,17.040212534718023
22.07698633130343,17.50412591071931
22.60717304673348,16.775119177003
24.993013266168674,16.244932461572958
26.84866677017383,15.317105709570377
26.31848005474378,14.65437231528282
25.78829333931374,14.786918994140336
25.390653302741207,16.510025819287975
28.704320274178976,15.979839103857934
28.174133558748935,18.36567932329313
27.776493522176402,17.968039286720597
32.15053392447426,21.082886239872103
31.48780053018671,20.4864261850133
31.222707172471686,19.95623946958326
30.825067135899154,21.54679961587339
30.294880420469113,22.342079689018455
29.89724038389658,21.944439652445922
29.234506989609024,22.739719725590987
28.704320274178976,23.269906441021035
28.306680237606443,23.932639835308585
27.113760127888845,25.523199981598715
26.716120091316313,24.993013266168674
25.920840018171248,24.59537322959614
25.722019999884985,27.643946843318894
27.643946843318894,27.113760127888845
27.113760127888845,26.583573412458804
26.583573412458804,26.185933375886272
26.451026733601296,28.969413631894
25.920840018171248,28.43922691646396
26.716120091316313,28.041586879891426
27.180033467317607,30.55997377818413
26.716120091316313,30.162333741611597
27.643946843318894,31.48780053018671
27.776493522176402,32.01798724561675
27.113760127888845,33.07836067647684
27.776493522176402,32.54817396104679
26.583573412458804,32.68072063990431
26.053386697028763,32.15053392447426
25.65574666045623,31.62034720904422
25.65574666045623,31.090160493614178
25.58947332102747,30.692520457041645
25.390653302741207,30.294880420469113
25.125559945026183,29.764693705039065
24.59537322959614,29.234506989609024
24.72791990845365,28.704320274178976
24.330279871881118,28.306680237606443
25.302288850169532,27.37885348560387
25.523199981598715,26.981213449031337
24.72791990845365,26.31848005474378
24.19773319302361,25.78829333931374
23.667546477593568,25.78829333931374
23.269906441021035,26.384753394172535
25.05928660559743,25.722019999884985
25.390653302741207,25.258106623883698
24.72791990845365,24.794193247882404
24.264006532452363,25.324379963312452
23.667546477593568,24.860466587311166
24.19773319302361,25.78829333931374
23.667546477593568,26.716120091316313
22.209533010160946,26.185933375886272
23.13735976216352,27.37885348560387
23.932639835308585,28.704320274178976
23.534999798736052,28.306680237606443
22.209533010160946,28.041586879891426
22.739719725590987,27.24630680674636
23.932639835308585,26.84866677017383
23.468726459307298,27.643946843318894
23.00481308330601,27.180033467317607
22.474626367875963,26.64984675188756
22.872266404448496,26.053386697028763
22.474626367875963,26.64984675188756
24.529099890167387,26.583573412458804
24.0651865141661,26.053386697028763
23.269906441021035,25.65574666045623
25.523199981598715,26.64984675188756
24.993013266168674,26.185933375886272
24.993013266168674,26.451026733601296
24.330279871881118,25.920840018171248
23.667546477593568,25.390653302741207
24.19773319302361,24.860466587311166
23.269906441021035,25.258106623883698
25.523199981598715,26.31848005474378
24.993013266168674,25.920840018171248
24.59537322959614,25.722019999884985
24.462826550738633,25.523199981598715
23.932639835308585,24.993013266168674
23.468726459307298,24.19773319302361
23.932639835308585,23.800093156451076
23.468726459307298,22.916448630734337
25.523199981598715,22.474626367875963
25.05928660559743,23.667546477593568
24.462826550738633,24.19773319302361
26.583573412458804,24.462826550738633
26.053386697028763,23.00481308330601
25.523199981598715,22.474626367875963
24.993013266168674,24.19773319302361
24.529099890167387,23.800093156451076
24.72791990845365,24.59537322959614
24.330279871881118,24.0651865141661
25.78829333931374,23.534999798736052
25.258106623883698,23.534999798736052
26.583573412458804,24.19773319302361
25.920840018171248,23.667546477593568
25.65574666045623,23.00481308330601
26.053386697028763,22.209533010160946
26.583573412458804,21.944439652445922
26.583573412458804,21.54679961587339
26.185933375886272,21.149159579300857
26.053386697028763,23.402453119878544
25.258106623883698,22.872266404448496
24.72791990845365,22.342079689018455
26.981213449031337,21.944439652445922
27.643946843318894,24.59537322959614
27.643946843318894,25.258106623883698
27.113760127888845,25.65574666045623
26.583573412458804,26.053386697028763
26.64984675188756,27.90904020103391
26.716120091316313,27.37885348560387
26.981213449031337,26.84866677017383
26.914940109602583,26.451026733601296
26.451026733601296,28.704320274178976
26.053386697028763,27.90904020103391
25.65574666045623,27.37885348560387
27.643946843318894,26.84866677017383
27.113760127888845,26.185933375886272
27.37885348560387,25.65574666045623
26.981213449031337,27.180033467317607
27.113760127888845,26.716120091316313
28.748502500464816,27.710220182747648
28.174133558748935,27.511400164461378
28.969413631894,26.914940109602583
28.174133558748935,27.37885348560387
27.776493522176402,27.710220182747648
29.764693705039065,27.37885348560387
29.367053668466532,26.84866677017383
30.294880420469113,26.31848005474378
32.945813997619325,25.258106623883698
32.415627282189284,24.794193247882404
35.86184093248457,25.78829333931374
35.464200895912036,27.445126825032624
36.72339434505839,25.987113357600002
36.2594809690571,26.583573412458804
36.78966768448714,26.583573412458804
35.464200895912036,26.053386697028763
34.80146750162448,25.390653302741207
34.40382746505195,24.860466587311166
35.33165421705452,24.59537322959614
36.657121005629634,27.643946843318894
36.126934290199586,27.113760127888845
35.72929425362706,26.716120091316313
34.536374143909455,28.24040689817769
34.13873410733692,28.571773595321467
35.464200895912036,27.90904020103391
35.0665608593395,27.24630680674636
33.07836067647684,26.716120091316313
32.415627282189284,26.981213449031337
31.885440566759243,27.511400164461378
31.355253851329195,26.981213449031337
31.023887154185417,26.185933375886272
32.15053392447426,27.24630680674636
31.62034720904422,25.65574666045623
33.21090735533435,29.764693705039065
32.68072063990431,29.234506989609024
34.27128078619444,28.704320274178976
33.873640749621906,28.174133558748935
38.91041454620732,27.643946843318894
33.74109407076439,28.43922691646396
33.21090735533435,27.90904020103391
32.68072063990431,27.37885348560387
32.15053392447426,26.716120091316313
31.62034720904422,28.174133558748935
30.957613814756662,27.643946843318894
30.42742709932662,28.704320274178976
29.764693705039065,28.041586879891426
29.234506989609024,27.37885348560387
28.571773595321467,26.84866677017383
27.90904020103391,26.053386697028763
27.37885348560387,25.65574666045623
26.84866677017383,27.113760127888845
26.31848005474378,27.776493522176402
25.78829333931374,28.174133558748935
25.258106623883698,30.073969289039923
24.72791990845365,29.49960034732404
24.0651865141661,28.969413631894
23.534999798736052,30.825067135899154
23.00481308330601,30.294880420469113
22.474626367875963,29.764693705039065
23.932639835308585,29.234506989609024
23.402453119878544,28.83686695303649
22.739719725590987,28.306680237606443
21.54679961587339,27.776493522176402
21.01661290044335,30.626247117612884
20.353879506155792,30.02978706275409
19.42605275415322,29.49960034732404
18.630772681008153,32.01798724561675
18.100585965578105,31.48780053018671
17.437852571290556,31.090160493614178
16.775119177003,30.825067135899154
16.244932461572958,30.294880420469113
15.71474574614291,33.47600071304937
16.289114687858792,32.945813997619325
15.71474574614291,32.415627282189284
17.30530589243304,32.01798724561675
16.841392516431753,35.72929425362706
16.244932461572958,35.19910753819701
15.582199067285401,36.2594809690571
14.919465672997845,35.86184093248457
14.521825636425312,37.717494436489716
15.449652388427886,37.25358106048843
16.907665855860508,36.657121005629634
15.979839103857934,36.2594809690571
16.775119177003,38.77786786734981
16.377479140430466,38.115134473062255
15.71474574614291,37.4524010787747
16.244932461572958,36.92221436334465
16.775119177003,36.39202764791461
18.763319359865662,34.536374143909455
18.23313264443562,34.006187428479414
17.835492607863088,33.21090735533435
17.17275921357553,32.68072063990431
16.775119177003,36.524574326772125
17.769219268434327,35.86184093248457
17.30530589243304,35.33165421705452
16.64257249814549,36.39202764791461
17.17275921357553,35.92811427191332
18.89586603872317,35.33165421705452
18.36567932329313,34.80146750162448
18.23313264443562,33.40972737362062
17.30530589243304,33.07836067647684
16.775119177003,32.50399173476096
16.64257249814549,33.74109407076439
17.128576987289698,33.21090735533435
17.614581476433898,34.536374143909455
17.040212534718023,34.13873410733692
16.64257249814549,35.86184093248457
18.763319359865662,35.464200895912036
19.09468605700944,37.76167666277556
19.95623946958326,37.187307721059675
19.558599433010727,38.51277450963478
19.09468605700944,36.126934290199586
18.630772681008153,35.596747574769545
18.100585965578105,35.19910753819701
18.630772681008153,34.006187428479414
19.160959396438194,33.60854739190688
19.82369279072575,32.945813997619325
20.751519542728325,32.54817396104679
21.878166313017168,31.885440566759243
21.41425293701588,31.42152719075795
22.40835302844721,30.825067135899154
21.613072955302144,30.294880420469113
21.149159579300857,29.83096704446782
22.07698633130343,29.234506989609024
21.281706258158366,28.704320274178976
20.751519542728325,28.174133558748935
20.221332827298284,27.643946843318894
20.751519542728325,27.113760127888845
24.59537322959614,26.583573412458804
22.07698633130343,26.053386697028763
23.534999798736052,25.523199981598715
22.872266404448496,25.05928660559743
23.534999798736052,23.932639835308585
24.72791990845365,22.872266404448496
24.19773319302361,22.474626367875963
23.800093156451076,21.811892973588414
25.58947332102747,21.281706258158366
24.19773319302361,20.353879506155792
23.667546477593568,19.558599433010727
23.269906441021035,18.89586603872317
24.462826550738633,18.36567932329313
23.800093156451076,17.968039286720597
23.269906441021035,17.702945929005573
22.60717304673348,17.106485874146777
22.209533010160946,17.437852571290556
23.181541988449354,17.968039286720597
23.932639835308585,17.570399250148064
25.390653302741207,17.17275921357553
24.529099890167387,16.510025819287975
23.932639835308585,16.046112443286688
25.523199981598715,16.64257249814549
24.993013266168674,16.244932461572958
24.993013266168674,15.847292425000418
24.0651865141661,16.377479140430466
23.402453119878544,17.040212534718023
22.872266404448496,17.702945929005573
22.342079689018455,18.23313264443562
22.739719725590987,18.630772681008153
22.209533010160946,17.835492607863088
23.402453119878544,17.17275921357553
23.99891317473734,16.775119177003
24.529099890167387,16.907665855860508
25.037195492454508,17.30530589243304
26.362662281029614,17.702945929005573
25.78829333931374,17.570399250148064
26.583573412458804,17.106485874146777
26.119660036457518,17.835492607863088
25.523199981598715,18.100585965578105
24.993013266168674,18.763319359865662
24.330279871881118,19.42605275415322
23.800093156451076,19.95623946958326
23.269906441021035,19.558599433010727
22.739719725590987,19.160959396438194
21.811892973588414,19.558599433010727
21.21543291872961,19.95623946958326
23.711728703879402,19.359779414724457
23.269906441021035,19.028412717580686
24.330279871881118,19.95623946958326
23.667546477593568,20.088786148440768
22.60717304673348,20.618972863870816
22.209533010160946,21.281706258158366
23.402453119878544,21.811892973588414
24.462826550738633,20.4864261850133
23.932639835308585,21.01661290044335
23.534999798736052,21.679346294730898
22.60717304673348,21.944439652445922
22.07698633130343,21.480526276444635
23.468726459307298,22.07698633130343
23.00481308330601,24.19773319302361
22.739719725590987,23.667546477593568
22.2758063495897,23.534999798736052
22.60717304673348,22.872266404448496
22.209533010160946,21.944439652445922
23.33617978044979,21.480526276444635
22.872266404448496,22.209533010160946
22.07698633130343,22.872266404448496
21.54679961587339,23.269906441021035
21.082886239872103,23.667546477593568
20.4864261850133,24.462826550738633
20.088786148440768,25.58947332102747
22.07698633130343,25.125559945026183
21.54679961587339,25.125559945026183
21.41425293701588,24.59537322959614
17.835492607863088,24.59537322959614
17.30530589243304,25.125559945026183
17.30530589243304,23.932639835308585
16.64257249814549,23.402453119878544
15.979839103857934,22.872266404448496
16.64257249814549,22.474626367875963
15.979839103857934,23.932639835308585
17.30530589243304,23.402453119878544
17.835492607863088,24.462826550738633
17.30530589243304,24.0651865141661
16.907665855860508,23.468726459307298
15.979839103857934,23.667546477593568
15.582199067285401,24.19773319302361
15.184559030712869,24.59537322959614
14.720645654711582,23.800093156451076
14.12418559985278,23.269906441021035
13.461452205565223,22.872266404448496
12.798718811277674,22.342079689018455
12.202258756418871,22.739719725590987
11.738345380417584,23.269906441021035
12.135985416990117,22.739719725590987
8.954865124409856,22.474626367875963
9.087411803267365,24.19773319302361
,23.667546477593568
,23.534999798736052
,22.342079689018455
,21.811892973588414
,21.149159579300857
,20.751519542728325
,20.221332827298284
,21.281706258158366
,22.342079689018455
,21.811892973588414
,22.872266404448496
,23.402453119878544
,23.269906441021035
,22.739719725590987
,21.811892973588414
,21.281706258158366
,20.751519542728325
,19.95623946958326
,19.42605275415322
,19.028412717580686
,19.293506075295703
,20.4864261850133
,19.95623946958326
,21.01661290044335
,18.89586603872317
,18.36567932329313
,17.968039286720597
,16.775119177003
,16.510025819287975
,16.046112443286688
,15.317105709570377
,15.052012351855353
,14.521825636425312
,15.648472406714156
,15.979839103857934
,16.510025819287975
,15.979839103857934
,15.449652388427886
,14.919465672997845
,14.256732278710288
,13.726545563280247
,13.328905526707715
,12.798718811277674
,12.401078774705141
,11.738345380417584
,11.208158664987543
,10.677971949557495
,10.280331912984963
,11.208158664987543
,12.003438738132608
,11.208158664987543
,10.015238555269946
,9.485051839839898
,8.954865124409856
,8.557225087837324
,8.159585051264791
