Y(hoy),Y(ayer)
1.399704429531738,1.1346110718167068
1.9961644843905333,0.6044243563866729
2.46007786039182,0.20678431981413326
2.46007786039182,0.20678431981413326
1.9961644843905333,0.20678431981413326
1.399704429531738,0.20678431981413326
1.3334310901029767,0.20678431981413326
1.5322511083892465,0.20678431981413326
2.194984502676803,0.20678431981413326
1.7310711266755163,0.20678431981413326
2.194984502676803,-0.05830903790088371
1.3334310901029767,-0.654769092759679
1.2671577506742295,-0.1908557167583922
1.2671577506742295,-0.45594907447342337
1.1346110718167068,-0.8535891110459488
0.5381510169579116,-0.8535891110459488
0.20678431981413326,-0.8535891110459488
0.20678431981413326,-0.8535891110459488
0.20678431981413326,-0.8535891110459488
0.20678431981413326,-0.8535891110459488
0.14051098038538612,-0.8535891110459488
0.07423764095662477,-0.8535891110459488
-0.5222224139021705,-1.648869184191014
-0.8535891110459488,-1.5163225053335054
-0.8535891110459488,-0.8535891110459488
-0.8535891110459488,-0.8535891110459488
-2.0465092207635536,-0.8535891110459488
-2.0465092207635536,-0.8535891110459488
-2.0465092207635536,-0.8535891110459488
-2.0465092207635536,-1.383775826475997
-2.0465092207635536,-1.913962541906045
-1.5163225053335054,-1.7814158630485224
-1.913962541906045,-1.11868246876098
-0.9861357899034573,-0.8535891110459488
-1.5163225053335054,-0.8535891110459488
-1.8476892024772837,-0.8535891110459488
-1.2070469213326476,-0.8535891110459488
-0.9198624504747102,-0.3234023956159007
-0.8535891110459488,-0.8535891110459488
-0.8535891110459488,0.20678431981413326
-0.5884957533309318,0.20678431981413326
0.07423764095662477,0.20678431981413326
-0.25712905618715354,0.20678431981413326
-0.7210424321884403,0.33933099867164174
-0.7210424321884403,1.0020643929591984
-0.1466734904725655,1.2671577506742295
0.07423764095662477,1.2671577506742295
-0.45594907447342337,1.4659777689604852
-0.8535891110459488,2.0624378238192946
0.07423764095662477,2.2612578421055503
-0.389675735044662,1.664797787246755
-0.5884957533309318,1.2671577506742295
-0.8535891110459488,1.3334310901029767
-0.654769092759679,1.929891144961772
-0.05830903790088371,1.5322511083892465
0.6044243563866729,2.3275311815343116
1.1346110718167068,2.3275311815343116
1.2671577506742295,2.3938045209630587
1.2671577506742295,2.990264575821868
1.2671577506742295,2.5926245392493286
1.3334310901029767,3.454177951823155
1.9740733712476128,3.5204512912519093
1.399704429531738,3.5204512912519093
2.194984502676803,3.5204512912519093
1.5322511083892465,3.5204512912519093
0.9357910535304512,3.3879046123944008
0.33933099867164174,2.7914445575355984
0.33933099867164174,2.990264575821868
0.8695177141016899,2.5926245392493286
1.4659777689604852,3.454177951823155
1.9961644843905333,3.7855446489669333
2.46007786039182,4.448278043254483
2.46007786039182,4.713371400969507
1.9961644843905333,5.177284776970794
2.46007786039182,5.6411981529720805
1.5322511083892465,5.1110114375420395
1.2671577506742295,4.713371400969507
1.2671577506742295,5.243558116399548
1.3334310901029767,4.713371400969507
1.9740733712476128,5.773744831829596
1.399704429531738,5.773744831829596
2.46007786039182,5.773744831829596
2.46007786039182,5.773744831829596
2.46007786039182,5.972564850115859
2.46007786039182,6.569024904974661
2.3275311815343116,6.171384868402129
2.0624378238192946,5.773744831829596
1.664797787246755,6.171384868402129
2.194984502676803,7.032938280975948
1.7310711266755163,6.569024904974661
1.929891144961772,7.496851656977235
1.399704429531738,7.894491693549767
2.5926245392493286,7.894491693549767
2.0624378238192946,8.689771766694832
3.299540159822719,8.159585051264791
3.5204512912519093,8.822318445552341
3.5204512912519093,8.159585051264791
2.8577178969643597,7.828218354121013
2.3938045209630587,7.298031638690972
2.46007786039182,6.9003916021184395
2.46007786039182,7.629398335834743
3.0565379152506154,7.099211620404702
2.46007786039182,7.894491693549767
3.5204512912519093,7.894491693549767
3.8518179883956876,8.2921317301223
3.3879046123944008,8.689771766694832
4.448278043254483,8.424678408979808
4.580824722111998,7.894491693549767
3.918091327824442,9.02113846383861
3.454177951823155,9.750145197554922
3.8518179883956876,9.219958482124873
3.3879046123944008,9.88269187641243
4.448278043254483,9.485051839839898
4.580824722111998,9.02113846383861
4.845918079827015,8.954865124409856
4.448278043254483,8.954865124409856
5.3761047952570635,9.02113846383861
5.243558116399548,9.948965215841184
4.779644740398261,9.485051839839898
5.6411981529720805,10.479151931271232
5.1110114375420395,11.075611986130028
5.773744831829596,11.340705343845052
5.773744831829596,11.47325202270256
6.171384868402129,12.069712077561363
5.773744831829596,12.53362545356265
6.70157158383217,13.06381216899269
6.966664941547194,13.461452205565223
7.629398335834743,13.06381216899269
7.894491693549767,12.467352114133895
7.894491693549767,12.53362545356265
8.027038372407276,13.06381216899269
8.623498427266078,13.461452205565223
9.087411803267365,13.859092242137756
8.954865124409856,14.256732278710288
8.689771766694832,13.660272223851493
8.2921317301223,13.461452205565223
7.894491693549767,14.455552296996558
9.087411803267365,13.859092242137756
10.147785234127454,15.449652388427886
9.617598518697413,14.985739012426599
10.015238555269946,14.919465672997845
9.750145197554922,14.521825636425312
9.352505160982389,15.317105709570377
10.015238555269946,14.65437231528282
9.352505160982389,16.510025819287975
10.677971949557495,15.979839103857934
11.208158664987543,16.024021330143768
10.545425270699987,16.510025819287975
10.0815118946987,16.046112443286688
10.479151931271232,16.510025819287975
10.015238555269946,16.112385782715442
11.075611986130028,16.024021330143768
11.208158664987543,16.907665855860508
11.47325202270256,17.570399250148064
11.075611986130028,17.040212534718023
12.047620964418442,16.377479140430466
12.268532095847625,15.648472406714156
11.937165398703847,16.046112443286688
11.47325202270256,16.510025819287975
12.53362545356265,16.046112443286688
12.003438738132608,16.311205801001712
13.328905526707715,15.847292425000418
12.798718811277674,16.775119177003
12.135985416990117,17.570399250148064
11.605798701560076,17.17275921357553
11.141885325558782,17.30530589243304
11.738345380417584,16.907665855860508
11.340705343845052,16.510025819287975
12.268532095847625,15.979839103857934
11.738345380417584,15.515925727856647
11.274432004416298,14.963647899283679
11.47325202270256,14.521825636425312
11.075611986130028,15.317105709570377
12.003438738132608,14.720645654711582
11.870892059275093,14.521825636425312
11.406978683273806,15.515925727856647
12.268532095847625,14.919465672997845
11.870892059275093,16.510025819287975
12.268532095847625,16.046112443286688
11.605798701560076,15.979839103857934
11.208158664987543,15.582199067285401
11.208158664987543,15.184559030712869
11.208158664987543,14.720645654711582
10.74424528898625,14.256732278710288
10.015238555269946,13.859092242137756
9.750145197554922,13.328905526707715
9.352505160982389,12.864992150706428
8.954865124409856,12.401078774705141
9.88269187641243,12.003438738132608
9.88269187641243,11.539525362131315
9.219958482124873,11.208158664987543
8.954865124409856,10.677971949557495
8.557225087837324,10.214058573556208
8.027038372407276,9.750145197554922
8.601407314123158,9.219958482124873
8.822318445552341,8.954865124409856
8.159585051264791,8.689771766694832
7.364304978119726,8.093311711836037
7.099211620404702,7.894491693549767
6.70157158383217,7.364304978119726
6.038838189544613,6.834118262689678
5.773744831829596,6.436478226117146
5.6411981529720805,5.972564850115859
5.1110114375420395,5.508651474114572
4.647098061540753,5.1110114375420395
4.448278043254483,4.713371400969507
4.183184685539466,4.713371400969507
3.7855446489669333,4.713371400969507
4.580824722111998,4.713371400969507
4.05063800668195,4.713371400969507
3.7855446489669333,4.448278043254483
3.3216312729656394,3.8518179883956876
2.725171218106837,4.448278043254483
3.3879046123944008,3.918091327824442
2.725171218106837,4.713371400969507
3.5204512912519093,4.713371400969507
2.8577178969643597,4.713371400969507
2.3938045209630587,4.713371400969507
2.46007786039182,4.713371400969507
2.46007786039182,5.177284776970794
2.46007786039182,4.713371400969507
2.46007786039182,5.508651474114572
2.46007786039182,4.845918079827015
2.46007786039182,4.779644740398261
2.990264575821868,5.3761047952570635
3.5204512912519093,5.773744831829596
3.5204512912519093,5.84001817125835
3.5204512912519093,6.436478226117146
3.5204512912519093,6.038838189544613
4.1169113461107045,6.834118262689678
3.6529979701094177,6.436478226117146
4.580824722111998,5.972564850115859
4.183184685539466,6.502751565545907
3.5867246306806635,7.032938280975948
3.5867246306806635,7.629398335834743
4.1169113461107045,7.231758299262211
4.580824722111998,6.767844923260924
4.580824722111998,6.303931547259637
4.580824722111998,6.038838189544613
4.625006948397832,6.966664941547194
5.420287021542897,7.761945014692259
4.845918079827015,7.364304978119726
5.707471492400835,7.231758299262211
5.6411981529720805,6.834118262689678
5.1110114375420395,7.828218354121013
5.3761047952570635,7.894491693549767
4.845918079827015,7.894491693549767
6.171384868402129,8.2921317301223
6.70157158383217,7.894491693549767
6.370204886688391,8.888591784981102
5.950473736972938,8.954865124409856
6.70157158383217,8.424678408979808
6.303931547259637,8.159585051264791
6.834118262689678,8.888591784981102
6.834118262689678,8.424678408979808
6.834118262689678,8.888591784981102
6.9003916021184395,8.358405069551054
7.563124996405989,8.888591784981102
7.099211620404702,8.424678408979808
7.894491693549767,9.418778500411143
7.894491693549767,9.88269187641243
7.894491693549767,9.418778500411143
8.2921317301223,10.479151931271232
8.866500671838182,9.88269187641243
8.954865124409856,10.94306530727252
9.88269187641243,10.412878591842478
9.418778500411143,10.280331912984963
9.617598518697413,10.94306530727252
9.15368514269612,10.479151931271232
10.015238555269946,10.280331912984963
11.274432004416298,10.94306530727252
11.252340891273377,10.545425270699987
12.268532095847625,10.677971949557495
11.738345380417584,10.214058573556208
12.268532095847625,10.280331912984963
11.738345380417584,10.677971949557495
11.406978683273806,11.208158664987543
12.047620964418442,11.340705343845052
12.003438738132608,11.738345380417584
11.605798701560076,12.268532095847625
11.870892059275093,12.135985416990117
12.53362545356265,11.561616475274242
13.06381216899269,11.870892059275093
13.06381216899269,11.208158664987543
12.666172132420158,10.74424528898625
12.003438738132608,10.412878591842478
11.47325202270256,10.94306530727252
12.268532095847625,11.340705343845052
12.33480543527638,11.208158664987543
12.268532095847625,10.545425270699987
11.67207204098883,12.003438738132608
11.340705343845052,11.47325202270256
10.677971949557495,11.738345380417584
10.147785234127454,11.340705343845052
10.412878591842478,11.075611986130028
10.015238555269946,10.501243044414153
11.340705343845052,12.047620964418442
10.280331912984963,11.47325202270256
10.147785234127454,10.94306530727252
10.0815118946987,11.738345380417584
9.88269187641243,11.340705343845052
9.352505160982389,11.340705343845052
10.147785234127454,11.208158664987543
9.617598518697413,10.677971949557495
9.219958482124873,10.147785234127454
8.954865124409856,9.617598518697413
9.087411803267365,9.087411803267365
8.689771766694832,7.894491693549767
7.496851656977235,7.894491693549767
6.966664941547194,7.828218354121013
6.834118262689678,7.496851656977235
6.834118262689678,6.834118262689678
7.364304978119726,6.834118262689678
7.761945014692259,6.834118262689678
7.298031638690972,6.834118262689678
6.502751565545907,6.834118262689678
5.972564850115859,6.436478226117146
5.6411981529720805,5.906291510687105
5.177284776970794,5.3761047952570635
4.647098061540753,4.91219141925577
4.580824722111998,5.420287021542897
4.05063800668195,4.978464758684531
3.5867246306806635,5.1110114375420395
4.315731364396974,4.647098061540753
3.7855446489669333,4.183184685539466
4.315731364396974,3.918091327824442
3.6529979701094177,4.183184685539466
3.3216312729656394,
2.725171218106837,
3.255357933536885,
2.725171218106837,
