Y(hoy),Y(ayer)
2.3938045209630587,6.834118262689678
2.46007786039182,6.436478226117146
2.3275311815343116,5.972564850115859
2.0624378238192946,5.773744831829596
1.5322511083892465,5.773744831829596
1.2671577506742295,5.773744831829596
0.8695177141016899,5.508651474114572
0.47187767752916443,4.91219141925577
0.20678431981413326,4.713371400969507
0.20678431981413326,4.183184685539466
0.20678431981413326,3.5867246306806635
0.20678431981413326,3.5204512912519093
0.20678431981413326,3.5204512912519093
0.07423764095662477,3.5204512912519093
-0.25712905618715354,3.5204512912519093
-0.6768602059025994,3.454177951823155
0.07423764095662477,2.990264575821868
-0.389675735044662,2.3938045209630587
-0.45594907447342337,2.3275311815343116
-0.8535891110459488,2.194984502676803
-0.8535891110459488,1.7310711266755163
-0.8535891110459488,1.2671577506742295
-0.8535891110459488,1.2671577506742295
-0.8535891110459488,1.2671577506742295
-0.8535891110459488,1.2671577506742295
-0.8535891110459488,1.2671577506742295
-0.8535891110459488,1.2671577506742295
-0.8535891110459488,1.2671577506742295
-0.9198624504747102,1.2671577506742295
-0.9861357899034573,0.8695177141016899
-1.5163225053335054,0.4056043381004031
-1.9802358813347922,1.0020643929591984
-2.0465092207635536,0.6044243563866729
-2.0465092207635536,0.20678431981413326
-2.0465092207635536,0.20678431981413326
-2.0465092207635536,0.20678431981413326
-2.0465092207635536,0.20678431981413326
-2.0465092207635536,0.20678431981413326
-2.0465092207635536,0.20678431981413326
-2.0465092207635536,0.20678431981413326
-2.0465092207635536,0.07423764095662477
-2.0465092207635536,-0.389675735044662
-2.0465092207635536,-0.8535891110459488
-2.0465092207635536,-0.7210424321884403
-2.0465092207635536,-0.05830903790088371
-2.0465092207635536,-0.45594907447342337
-2.0465092207635536,-0.8535891110459488
-2.0465092207635536,-0.8535891110459488
-2.0465092207635536,-0.8535891110459488
-2.0465092207635536,-0.8535891110459488
-2.0465092207635536,-0.8535891110459488
-2.0465092207635536,-0.8535891110459488
-2.0465092207635536,-0.8535891110459488
-1.7814158630485224,-0.8535891110459488
-2.179055899621062,-0.8535891110459488
-1.2512291476184885,-0.8535891110459488
-1.2512291476184885,-0.8535891110459488
-1.7814158630485224,-0.8535891110459488
-2.1127825601923007,-0.8535891110459488
-1.383775826475997,-0.8535891110459488
-1.913962541906045,-0.8535891110459488
-1.11868246876098,-0.8535891110459488
-0.5884957533309318,-0.8535891110459488
-0.1466734904725655,-0.8535891110459488
0.14051098038538612,-0.8535891110459488
0.6044243563866729,-0.8535891110459488
1.1346110718167068,-0.7210424321884403
1.399704429531738,-0.1908557167583922
2.0624378238192946,0.20678431981413326
2.504260086677661,0.20678431981413326
3.3879046123944008,0.20678431981413326
2.725171218106837,0.20678431981413326
3.5204512912519093,0.20678431981413326
3.6529979701094177,0.20678431981413326
4.315731364396974,0.20678431981413326
4.978464758684531,0.67069769581542
5.6411981529720805,0.20678431981413326
6.171384868402129,1.2008844112454682
6.834118262689678,1.2671577506742295
7.541033883263069,1.2671577506742295
8.336313956408134,1.2671577506742295
9.617598518697413,1.664797787246755
9.087411803267365,2.194984502676803
10.457060818128312,1.7310711266755163
11.208158664987543,1.399704429531738
12.268532095847625,2.0624378238192946
11.738345380417584,1.664797787246755
13.593998884422739,2.2612578421055503
13.130085508421452,2.46007786039182
14.65437231528282,2.3275311815343116
14.12418559985278,2.5263511998205814
15.71474574614291,3.1228112546793767
15.184559030712869,3.5204512912519093
16.311205801001712,3.5204512912519093
17.349488118718874,3.5204512912519093
16.775119177003,3.5204512912519093
18.630772681008153,3.5204512912519093
18.100585965578105,3.5204512912519093
18.498226002150638,3.5204512912519093
18.03431262614935,3.5204512912519093
19.42605275415322,3.6529979701094177
18.89586603872317,4.315731364396974
18.498226002150638,3.8518179883956876
21.281706258158366,4.05063800668195
20.751519542728325,3.6529979701094177
20.221332827298284,4.647098061540753
23.13735976216352,4.713371400969507
22.673446386162233,4.713371400969507
22.07698633130343,4.779644740398261
25.258106623883698,5.420287021542897
24.661646569024896,4.978464758684531
24.19773319302361,5.1110114375420395
23.667546477593568,4.713371400969507
27.113760127888845,4.713371400969507
26.51730007303005,5.1110114375420395
26.053386697028763,5.707471492400835
28.969413631894,5.773744831829596
28.43922691646396,5.773744831829596
27.90904020103391,5.773744831829596
30.073969289039923,6.569024904974661
29.49960034732404,6.038838189544613
31.39943607761503,6.834118262689678
30.825067135899154,7.828218354121013
32.68072063990431,7.231758299262211
32.216807263903014,8.888591784981102
34.27128078619444,8.2921317301223
33.74109407076439,8.954865124409856
33.21090735533435,8.954865124409856
36.126934290199586,8.954865124409856
35.596747574769545,9.02113846383861
35.0665608593395,9.617598518697413
37.98258779420474,9.219958482124873
37.4524010787747,10.0815118946987
36.92221436334465,10.147785234127454
39.838241298209894,10.214058573556208
39.37432792220861,10.677971949557495
38.77786786734981,10.280331912984963
42.48917487536011,11.539525362131315
41.82644148107256,11.075611986130028
41.428801444500024,12.135985416990117
40.898614729069976,12.401078774705141
40.36842801363994,12.864992150706428
44.34482837936527,13.395178866136469
43.81464166393522,13.660272223851493
43.28445494850518,14.12418559985278
44.609921737080285,14.521825636425312
44.21228170050775,14.588098975854066
45.14010845251033,15.250832370141623
45.14010845251033,14.786918994140336
44.477375058222776,15.71474574614291
43.81464166393522,16.57629915871673
43.28445494850518,16.112385782715442
42.75426823307514,16.775119177003
42.22408151764509,16.841392516431753
41.7601681416438,17.30530589243304
41.03116140792749,17.835492607863088
40.76606805021247,18.763319359865662
40.36842801363994,18.23313264443562
39.838241298209894,19.028412717580686
39.17550790392234,19.492326093581973
38.51277450963478,19.82369279072575
37.98258779420474,19.160959396438194
37.65122109706097,18.697046020436908
37.717494436489716,18.23313264443562
37.187307721059675,19.492326093581973
36.78966768448714,18.89586603872317
37.49658330506054,19.95623946958326
37.78376777591848,19.42605275415322
38.247681151919764,19.028412717580686
38.91041454620732,20.353879506155792
39.57314794049488,19.691146111868235
38.84414120677856,19.293506075295703
39.838241298209894,21.082886239872103
39.308054582779846,20.884066221585833
38.247681151919764,20.309697279869958
37.717494436489716,21.082886239872103
37.25358106048843,20.618972863870816
36.657121005629634,21.347979597587127
36.657121005629634,21.811892973588414
35.99438761134208,22.342079689018455
35.464200895912036,23.269906441021035
34.66892082276697,22.739719725590987
34.40382746505195,23.402453119878544
34.580556370195296,23.402453119878544
35.33165421705452,23.402453119878544
34.80146750162448,23.13735976216352
35.33165421705452,22.651355273019313
34.27128078619444,23.468726459307298
33.74109407076439,24.462826550738633
33.21090735533435,23.932639835308585
32.54817396104679,25.05928660559743
32.283080603331776,25.523199981598715
31.885440566759243,24.860466587311166
31.355253851329195,25.258106623883698
30.692520457041645,25.65574666045623
30.42742709932662,25.722019999884985
29.89724038389658,26.451026733601296
29.300780329037778,25.920840018171248
28.903140292465245,26.053386697028763
29.300780329037778,25.65574666045623
28.83686695303649,26.451026733601296
29.89724038389658,26.185933375886272
30.02978706275409,25.78829333931374
29.367053668466532,25.258106623883698
28.571773595321467,24.661646569024896
28.306680237606443,24.794193247882404
27.90904020103391,25.258106623883698
27.37885348560387,24.59537322959614
26.914940109602583,23.932639835308585
27.643946843318894,23.534999798736052
27.180033467317607,24.860466587311166
27.113760127888845,25.523199981598715
26.716120091316313,24.993013266168674
27.776493522176402,24.462826550738633
27.24630680674636,23.800093156451076
28.174133558748935,23.13735976216352
27.776493522176402,22.673446386162233
28.748502500464816,22.07698633130343
28.969413631894,21.41425293701588
29.49960034732404,21.149159579300857
29.89724038389658,20.751519542728325
29.234506989609024,20.15505948786953
28.903140292465245,19.95623946958326
28.969413631894,19.42605275415322
28.969413631894,19.028412717580686
28.63804693475022,19.028412717580686
28.174133558748935,19.82369279072575
29.764693705039065,19.293506075295703
29.16823365018027,20.022512809012014
28.704320274178976,19.492326093581973
28.174133558748935,19.028412717580686
29.49960034732404,19.492326093581973
28.969413631894,19.82369279072575
29.278689215894858,19.22723273586695
28.83686695303649,18.763319359865662
30.55997377818413,18.36567932329313
30.096060402182843,17.901765947291842
31.090160493614178,17.570399250148064
30.957613814756662,16.907665855860508
30.692520457041645,16.64257249814549
30.294880420469113,16.244932461572958
31.090160493614178,15.781019085571664
30.55997377818413,15.847292425000418
31.090160493614178,16.510025819287975
31.090160493614178,16.046112443286688
31.090160493614178,16.244932461572958
31.090160493614178,16.708845837574245
30.55997377818413,16.510025819287975
30.096060402182843,16.024021330143768
30.891340475327908,16.64257249814549
30.294880420469113,16.377479140430466
31.48780053018671,15.91356576442918
32.15053392447426,16.64257249814549
31.62034720904422,16.775119177003
31.28898051190044,16.775119177003
31.885440566759243,16.775119177003
32.45980950847512,16.775119177003
33.21090735533435,16.841392516431753
32.68072063990431,17.437852571290556
32.15053392447426,18.674954907293987
31.48780053018671,18.100585965578105
31.222707172471686,18.36567932329313
33.21090735533435,17.968039286720597
32.68072063990431,17.570399250148064
32.15053392447426,17.106485874146777
31.686620548472973,17.30530589243304
32.01798724561675,16.907665855860508
31.28898051190044,17.901765947291842
32.15053392447426,17.968039286720597
32.283080603331776,17.901765947291842
32.216807263903014,17.570399250148064
32.15053392447426,17.106485874146777
31.62034720904422,17.702945929005573
31.156433833042932,17.17275921357553
32.01798724561675,17.968039286720597
31.355253851329195,18.962139378151925
32.45980950847512,18.36567932329313
33.21090735533435,19.95623946958326
32.81326731876182,19.42605275415322
33.21090735533435,20.884066221585833
32.68072063990431,20.353879506155792
32.283080603331776,21.21543291872961
33.21090735533435,22.916448630734337
32.68072063990431,22.342079689018455
33.34345403419186,21.811892973588414
34.006187428479414,25.390653302741207
33.47600071304937,24.72791990845365
35.33165421705452,24.19773319302361
34.80146750162448,23.667546477593568
35.33165421705452,25.65574666045623
34.66892082276697,26.053386697028763
34.40382746505195,27.24630680674636
34.4701008044807,26.583573412458804
36.126934290199586,28.43922691646396
35.596747574769545,27.90904020103391
35.13283419876826,27.776493522176402
34.536374143909455,27.24630680674636
39.308054582779846,26.84866677017383
38.77786786734981,28.704320274178976
38.31395449134852,28.24040689817769
37.717494436489716,27.776493522176402
37.187307721059675,27.842766861605156
36.657121005629634,27.90904020103391
41.428801444500024,28.704320274178976
40.898614729069976,28.24040689817769
40.36842801363994,27.710220182747648
39.838241298209894,27.113760127888845
43.019361590790155,26.64984675188756
42.42290153593136,26.31848005474378
41.95898815993007,25.854566678742493
42.75426823307514,25.65574666045623
42.157808178216335,25.258106623883698
43.15190826964766,24.59537322959614
42.62172155421762,23.932639835308585
42.3566281965026,23.468726459307298
41.82644148107256,23.534999798736052
41.296254765642516,24.0651865141661
40.63352137135496,23.800093156451076
40.10333465592491,23.534999798736052
41.16370808678501,24.19773319302361
40.63352137135496,23.667546477593568
42.003170386215906,23.203633101592274
42.09153483878758,22.60717304673348
41.82644148107256,22.209533010160946
41.296254765642516,21.679346294730898
40.69979471078371,20.884066221585833
40.10333465592491,20.221332827298284
39.44060126163736,20.088786148440768
38.976687885636075,20.4864261850133
39.61733016678071,20.884066221585833
40.10333465592491,20.287606166727038
39.705694619352386,20.022512809012014
40.6777035976408,19.293506075295703
41.95898815993007,18.630772681008153
41.428801444500024,17.968039286720597
40.898614729069976,17.437852571290556
40.10333465592491,17.084394761003857
39.44060126163736,17.437852571290556
39.17550790392234,16.775119177003
38.6453211884923,16.311205801001712
38.38022783077727,15.781019085571664
37.98258779420474,15.515925727856647
37.4524010787747,15.052012351855353
36.98848770277341,14.588098975854066
36.2594809690571,14.389278957567804
35.99438761134208,13.859092242137756
35.596747574769545,13.461452205565223
34.93401418048199,13.06381216899269
34.66892082276697,12.467352114133895
34.13873410733692,12.401078774705141
33.873640749621906,11.870892059275093
33.34345403419186,11.340705343845052
32.68072063990431,11.075611986130028
32.283080603331776,10.545425270699987
32.216807263903014,10.147785234127454
32.15053392447426,9.683871858126167
31.48780053018671,9.15368514269612
31.222707172471686,8.954865124409856
30.825067135899154,8.954865124409856
30.162333741611597,8.424678408979808
30.02978706275409,7.894491693549767
29.49960034732404,8.557225087837324
29.035686971322754,8.954865124409856
29.8088759313249,8.954865124409856
29.234506989609024,8.557225087837324
30.02978706275409,7.960765032978522
29.49960034732404,7.629398335834743
28.969413631894,7.099211620404702
28.969413631894,6.569024904974661
28.969413631894,5.906291510687105
30.02978706275409,5.508651474114572
29.49960034732404,4.845918079827015
28.969413631894,4.713371400969507
31.090160493614178,
30.55997377818413,
30.096060402182843,
30.55997377818413,
31.090160493614178,
30.42742709932662,
29.89724038389658,
29.632147026181556,
29.234506989609024,
28.571773595321467,
28.041586879891426,
27.776493522176402,
27.24630680674636,
26.782393430745074,
27.37885348560387,
28.43922691646396,
27.975313540462672,
30.55997377818413,
29.963513723325335,
29.49960034732404,
28.969413631894,
31.48780053018671,
32.15053392447426,
31.48780053018671,
30.957613814756662,
30.162333741611597,
29.89724038389658,
30.02978706275409,
29.367053668466532,
28.969413631894,
29.013595858179833,
30.02978706275409,
29.49960034732404,
30.55997377818413,
30.957613814756662,
30.22860708104035,
29.632147026181556,
29.367053668466532,
28.969413631894,
28.969413631894,
29.49960034732404,
28.969413631894,
30.55997377818413,
30.02978706275409,
32.415627282189284,
31.885440566759243,
31.355253851329195,
33.25508958162019,
33.74109407076439,
33.34345403419186,
34.27128078619444,
33.74109407076439,
33.07836067647684,
32.54817396104679,
32.283080603331776,
31.885440566759243,
31.355253851329195,
32.15053392447426,
31.752893887901728,
32.01798724561675,
31.752893887901728,
31.39943607761503,
32.15053392447426,
33.21090735533435,
32.68072063990431,
32.01798724561675,
31.752893887901728,
31.355253851329195,
30.891340475327908,
30.294880420469113,
29.963513723325335,
30.604156004469964,
30.02978706275409,
31.355253851329195,
32.45980950847512,
31.885440566759243,
33.21090735533435,
33.2771806947631,
33.21090735533435,
32.54817396104679,
32.283080603331776,
31.885440566759243,
31.222707172471686,
30.957613814756662,
30.55997377818413,
30.02978706275409,
29.565873686752802,
29.101960310751508,
30.825067135899154,
30.162333741611597,
29.764693705039065,
30.825067135899154,
30.294880420469113,
29.764693705039065,
29.234506989609024,
28.969413631894,
29.89724038389658,
29.367053668466532,
28.704320274178976,
28.174133558748935,
27.643946843318894,
27.180033467317607,
26.451026733601296,
25.920840018171248,
26.583573412458804,
26.053386697028763,
25.65574666045623,
27.643946843318894,
27.113760127888845,
28.748502500464816,
28.174133558748935,
28.83686695303649,
28.571773595321467,
28.174133558748935,
27.732311295890568,
27.643946843318894,
27.113760127888845,
26.64984675188756,
25.920840018171248,
25.390653302741207,
24.59537322959614,
24.330279871881118,
23.932639835308585,
23.468726459307298,
24.993013266168674,
24.529099890167387,
25.390653302741207,
24.72791990845365,
24.0651865141661,
23.402453119878544,
22.872266404448496,
22.209533010160946,
21.944439652445922,
21.54679961587339,
21.01661290044335,
20.552699524442062,
20.15505948786953,
20.088786148440768,
20.022512809012014,
19.95623946958326,
19.42605275415322,
18.962139378151925,
18.763319359865662,
18.498226002150638,
17.968039286720597,
17.30530589243304,
16.775119177003,
16.244932461572958,
15.71474574614291,
15.582199067285401,
15.317105709570377,
14.786918994140336,
13.991638920995271,
13.726545563280247,
13.328905526707715,
12.666172132420158,
12.401078774705141,
12.268532095847625,
11.738345380417584,
11.075611986130028,
10.412878591842478,
11.075611986130028,
10.412878591842478,
11.738345380417584,
12.268532095847625,
11.738345380417584,
11.075611986130028,
10.479151931271232,
9.88269187641243,
9.219958482124873,
8.954865124409856,
8.424678408979808,
8.027038372407276,
6.480660452402979,
6.038838189544613,
6.70157158383217,
6.370204886688391,
5.773744831829596,
5.1110114375420395,
