Y(hoy),Y(ayer)
11.340705343845052,10.81051862841501
11.804618719846339,10.280331912984963
12.268532095847625,11.274432004416298
12.33480543527638,10.677971949557495
12.135985416990117,10.280331912984963
11.870892059275093,10.147785234127454
11.340705343845052,10.015238555269946
11.208158664987543,9.418778500411143
11.208158664987543,8.954865124409856
11.208158664987543,8.888591784981102
11.208158664987543,8.358405069551054
10.677971949557495,7.894491693549767
10.280331912984963,7.894491693549767
10.94306530727252,7.894491693549767
10.94306530727252,7.894491693549767
10.412878591842478,7.894491693549767
9.750145197554922,7.894491693549767
9.15368514269612,7.894491693549767
9.087411803267365,7.364304978119726
9.087411803267365,6.834118262689678
8.954865124409856,6.767844923260924
8.689771766694832,6.436478226117146
8.225858390693546,5.906291510687105
7.894491693549767,5.773744831829596
7.894491693549767,5.773744831829596
7.894491693549767,5.773744831829596
7.894491693549767,5.6411981529720805
7.828218354121013,5.177284776970794
7.761945014692259,4.713371400969507
7.099211620404702,4.713371400969507
6.834118262689678,4.91219141925577
6.834118262689678,5.508651474114572
6.834118262689678,5.773744831829596
6.767844923260924,5.3761047952570635
6.569024904974661,4.779644740398261
6.171384868402129,4.713371400969507
5.84001817125835,4.647098061540753
5.773744831829596,4.315731364396974
5.773744831829596,3.6529979701094177
5.773744831829596,3.5204512912519093
5.707471492400835,3.8518179883956876
5.6411981529720805,4.315731364396974
5.1110114375420395,3.6529979701094177
4.647098061540753,3.5204512912519093
5.6411981529720805,3.5204512912519093
5.1110114375420395,3.5204512912519093
5.6411981529720805,3.5204512912519093
5.1110114375420395,3.5204512912519093
4.779644740398261,3.5204512912519093
5.3761047952570635,3.5204512912519093
5.3761047952570635,3.3879046123944008
4.845918079827015,2.7914445575355984
4.514551382683237,3.255357933536885
5.3761047952570635,2.8577178969643597
4.845918079827015,2.725171218106837
5.6411981529720805,3.255357933536885
4.978464758684531,3.5204512912519093
4.514551382683237,3.1228112546793767
4.580824722111998,2.65889787867809
4.580824722111998,3.255357933536885
4.580824722111998,3.3879046123944008
4.05063800668195,2.990264575821868
3.5867246306806635,2.5263511998205814
4.315731364396974,2.3275311815343116
3.7855446489669333,2.3938045209630587
4.05063800668195,2.3275311815343116
3.5867246306806635,2.8577178969643597
3.7855446489669333,3.6529979701094177
4.315731364396974,4.183184685539466
4.315731364396974,4.713371400969507
3.7855446489669333,4.91219141925577
3.5204512912519093,5.508651474114572
3.6529979701094177,5.773744831829596
3.5867246306806635,5.906291510687105
3.5204512912519093,6.569024904974661
3.5204512912519093,6.834118262689678
3.5204512912519093,7.298031638690972
3.5867246306806635,7.761945014692259
3.3879046123944008,8.2921317301223
4.05063800668195,9.15368514269612
3.5867246306806635,8.689771766694832
4.1169113461107045,9.617598518697413
4.580824722111998,10.147785234127454
4.580824722111998,11.009338646701273
4.580824722111998,10.545425270699987
4.448278043254483,11.47325202270256
4.183184685539466,12.003438738132608
3.7855446489669333,12.864992150706428
4.580824722111998,12.401078774705141
4.05063800668195,13.328905526707715
4.580824722111998,14.256732278710288
4.580824722111998,13.726545563280247
5.1110114375420395,14.521825636425312
4.713371400969507,14.521825636425312
5.6411981529720805,14.786918994140336
5.773744831829596,16.112385782715442
5.707471492400835,15.449652388427886
5.508651474114572,16.775119177003
5.243558116399548,17.63667258957682
4.713371400969507,17.17275921357553
4.845918079827015,18.697046020436908
4.448278043254483,18.100585965578105
5.420287021542897,19.691146111868235
5.707471492400835,19.160959396438194
5.950473736972938,21.811892973588414
6.70157158383217,21.281706258158366
6.303931547259637,20.751519542728325
6.834118262689678,20.221332827298284
6.834118262689678,23.468726459307298
6.834118262689678,22.872266404448496
6.834118262689678,22.342079689018455
6.70157158383217,23.99891317473734
6.237658207830883,24.462826550738633
6.70157158383217,25.324379963312452
5.84001817125835,24.860466587311166
5.906291510687105,26.384753394172535
6.480660452402979,25.78829333931374
6.767844923260924,27.37885348560387
6.834118262689678,26.84866677017383
6.966664941547194,27.776493522176402
7.496851656977235,28.571773595321467
8.093311711836037,28.041586879891426
8.623498427266078,28.43922691646396
9.087411803267365,27.975313540462672
9.087411803267365,27.37885348560387
9.087411803267365,26.914940109602583
9.087411803267365,26.31848005474378
9.087411803267365,25.854566678742493
9.087411803267365,25.125559945026183
9.087411803267365,24.59537322959614
9.661780744983247,24.19773319302361
9.087411803267365,23.733819817022322
10.94306530727252,23.534999798736052
10.412878591842478,24.264006532452363
11.208158664987543,23.800093156451076
11.208158664987543,25.390653302741207
11.47325202270256,24.72791990845365
11.075611986130028,26.583573412458804
12.135985416990117,26.119660036457518
12.577807679848483,25.854566678742493
12.135985416990117,26.451026733601296
13.328905526707715,27.24630680674636
12.931265490135182,28.483409142749792
13.461452205565223,27.90904020103391
13.461452205565223,28.174133558748935
13.461452205565223,28.571773595321467
13.527725544993984,28.306680237606443
14.256732278710288,27.90904020103391
13.726545563280247,27.24630680674636
14.698554541568662,26.451026733601296
15.582199067285401,25.78829333931374
15.052012351855353,25.65574666045623
15.582199067285401,25.258106623883698
15.317105709570377,24.661646569024896
14.919465672997845,24.462826550738633
15.515925727856647,23.932639835308585
14.919465672997845,23.534999798736052
16.112385782715442,23.402453119878544
16.775119177003,23.269906441021035
17.371579231861794,22.673446386162233
17.835492607863088,22.872266404448496
17.835492607863088,23.33617978044979
18.36567932329313,23.402453119878544
17.968039286720597,24.0651865141661
18.89586603872317,23.534999798736052
19.160959396438194,23.932639835308585
19.73532833815407,23.402453119878544
19.95623946958326,22.739719725590987
19.42605275415322,22.209533010160946
19.028412717580686,22.07698633130343
20.022512809012014,21.590981842159223
19.42605275415322,22.40835302844721
20.552699524442062,21.944439652445922
21.149159579300857,23.00481308330601
21.41425293701588,22.739719725590987
22.12116855758927,22.474626367875963
22.342079689018455,23.13735976216352
22.342079689018455,22.739719725590987
22.209533010160946,22.651355273019313
21.944439652445922,23.733819817022322
21.54679961587339,23.269906441021035
22.07698633130343,24.19773319302361
21.149159579300857,23.932639835308585
23.13735976216352,23.468726459307298
22.540899707304725,23.402453119878544
21.679346294730898,23.733819817022322
22.872266404448496,24.264006532452363
22.342079689018455,24.72791990845365
23.667546477593568,25.258106623883698
23.13735976216352,24.772102134739484
24.19773319302361,25.390653302741207
24.19773319302361,24.993013266168674
23.534999798736052,24.72791990845365
23.402453119878544,25.258106623883698
23.534999798736052,26.119660036457518
24.241915419309443,25.65574666045623
24.462826550738633,26.451026733601296
24.529099890167387,25.854566678742493
24.993013266168674,26.451026733601296
25.523199981598715,25.920840018171248
24.993013266168674,26.716120091316313
24.529099890167387,27.180033467317607
25.390653302741207,27.643946843318894
24.72791990845365,27.24630680674636
25.523199981598715,26.84866677017383
24.993013266168674,26.384753394172535
24.661646569024896,25.854566678742493
25.302288850169532,26.31848005474378
25.58947332102747,26.716120091316313
25.523199981598715,27.113760127888845
24.993013266168674,27.975313540462672
24.661646569024896,27.511400164461378
25.302288850169532,28.43922691646396
25.58947332102747,28.83686695303649
25.523199981598715,28.704320274178976
24.993013266168674,28.174133558748935
24.529099890167387,28.770593613607737
24.462826550738633,28.83686695303649
24.860466587311166,28.903140292465245
24.330279871881118,29.632147026181556
25.523199981598715,29.101960310751508
24.993013266168674,29.632147026181556
24.462826550738633,29.234506989609024
23.932639835308585,30.957613814756662
23.402453119878544,30.294880420469113
23.269906441021035,29.764693705039065
23.00481308330601,31.222707172471686
22.474626367875963,31.222707172471686
21.878166313017168,31.686620548472973
21.281706258158366,32.15053392447426
20.618972863870816,31.62034720904422
20.022512809012014,30.957613814756662
19.42605275415322,30.42742709932662
18.962139378151925,30.162333741611597
18.763319359865662,32.01798724561675
18.498226002150638,31.355253851329195
18.100585965578105,30.957613814756662
17.769219268434327,32.283080603331776
17.835492607863088,32.48190062161804
17.17275921357553,33.07836067647684
16.57629915871673,32.68072063990431
15.979839103857934,32.283080603331776
16.64257249814549,33.2771806947631
15.979839103857934,32.81326731876182
16.775119177003,33.873640749621906
16.112385782715442,33.34345403419186
15.515925727856647,35.13283419876826
14.919465672997845,34.536374143909455
14.588098975854066,36.2594809690571
14.455552296996558,35.596747574769545
14.389278957567804,37.58494775763221
13.925365581566517,36.92221436334465
13.527725544993984,38.38022783077727
13.328905526707715,38.51277450963478
12.666172132420158,38.048861133633494
12.401078774705141,37.51867441820345
12.577807679848483,37.054761042202166
13.328905526707715,36.657121005629634
12.931265490135182,35.99438761134208
13.461452205565223,35.33165421705452
13.461452205565223,34.66892082276697
13.461452205565223,34.40382746505195
13.527725544993984,34.40382746505195
14.389278957567804,34.13873410733692
13.859092242137756,33.60854739190688
14.698554541568662,33.21090735533435
15.582199067285401,32.74699397933306
15.052012351855353,32.283080603331776
15.582199067285401,31.885440566759243
15.317105709570377,31.42152719075795
14.786918994140336,32.01798724561675
14.698554541568662,32.283080603331776
15.582199067285401,32.01798724561675
15.052012351855353,31.355253851329195
15.847292425000418,30.891340475327908
16.510025819287975,30.294880420469113
16.510025819287975,29.632147026181556
15.847292425000418,28.969413631894
17.835492607863088,28.43922691646396
17.30530589243304,27.90904020103391
16.775119177003,27.445126825032624
16.377479140430466,26.84866677017383
17.835492607863088,26.716120091316313
17.30530589243304,26.31848005474378
16.841392516431753,25.78829333931374
17.570399250148064,25.258106623883698
17.040212534718023,24.794193247882404
17.30530589243304,24.330279871881118
16.841392516431753,23.932639835308585
17.835492607863088,23.468726459307298
17.437852571290556,22.739719725590987
17.835492607863088,22.474626367875963
17.835492607863088,22.07698633130343
17.835492607863088,21.41425293701588
17.879674834148922,21.347979597587127
18.630772681008153,21.944439652445922
19.95623946958326,22.209533010160946
19.42605275415322,22.143259670732192
19.691146111868235,21.613072955302144
19.028412717580686,21.149159579300857
18.36567932329313,21.149159579300857
18.03431262614935,21.149159579300857
18.630772681008153,21.149159579300857
19.293506075295703,21.347979597587127
19.95623946958326,21.811892973588414
19.62487277243948,22.209533010160946
19.205141622724028,22.2758063495897
20.221332827298284,23.00481308330601
19.691146111868235,22.474626367875963
20.79570176901416,23.402453119878544
21.01661290044335,23.402453119878544
20.4864261850133,23.402453119878544
20.088786148440768,23.402453119878544
21.01661290044335,23.269906441021035
20.4864261850133,22.739719725590987
21.281706258158366,22.474626367875963
21.944439652445922,23.269906441021035
22.38626191530429,22.739719725590987
23.269906441021035,23.402453119878544
22.60717304673348,23.402453119878544
23.402453119878544,23.402453119878544
23.534999798736052,23.13735976216352
24.241915419309443,22.673446386162233
24.529099890167387,23.00481308330601
25.037195492454508,22.474626367875963
26.31848005474378,22.872266404448496
25.920840018171248,22.474626367875963
26.583573412458804,24.19773319302361
26.053386697028763,23.667546477593568
25.65574666045623,23.269906441021035
25.258106623883698,23.711728703879402
24.462826550738633,24.462826550738633
25.832475565599573,24.0651865141661
26.583573412458804,23.601273138164807
27.643946843318894,24.330279871881118
27.113760127888845,24.72791990845365
26.185933375886272,25.302288850169532
26.583573412458804,24.993013266168674
25.920840018171248,24.59537322959614
25.65574666045623,24.59537322959614
25.390653302741207,25.05928660559743
24.39655321130987,25.58947332102747
23.800093156451076,25.65574666045623
23.269906441021035,26.185933375886272
23.402453119878544,25.65574666045623
23.402453119878544,26.716120091316313
23.402453119878544,26.31848005474378
23.071086422734766,25.854566678742493
22.60717304673348,25.65574666045623
23.13735976216352,25.65574666045623
22.60717304673348,25.523199981598715
22.872266404448496,25.125559945026183
22.342079689018455,24.59537322959614
22.342079689018455,25.125559945026183
22.2758063495897,25.65574666045623
21.679346294730898,25.523199981598715
21.41425293701588,24.993013266168674
20.884066221585833,24.529099890167387
20.353879506155792,24.19773319302361
20.088786148440768,23.667546477593568
21.01661290044335,24.794193247882404
20.618972863870816,24.19773319302361
20.353879506155792,25.258106623883698
20.088786148440768,25.523199981598715
20.088786148440768,24.816284361025325
19.95623946958326,25.390653302741207
19.558599433010727,25.125559945026183
19.160959396438194,24.72791990845365
18.89586603872317,24.264006532452363
19.028412717580686,23.733819817022322
17.835492607863088,24.529099890167387
17.30530589243304,24.59537322959614
16.775119177003,24.529099890167387
16.377479140430466,24.19773319302361
15.582199067285401,23.733819817022322
15.71474574614291,24.19773319302361
15.250832370141623,23.800093156451076
14.786918994140336,23.534999798736052
14.65437231528282,23.402453119878544
15.250832370141623,23.00481308330601
16.289114687858792,22.40835302844721
15.71474574614291,22.143259670732192
17.570399250148064,21.613072955302144
17.040212534718023,21.149159579300857
,21.281706258158366
,22.07698633130343
,21.613072955302144
,21.281706258158366
,20.751519542728325
,20.221332827298284
,20.088786148440768
,19.691146111868235
,19.160959396438194
,18.36567932329313
,17.570399250148064
,17.040212534718023
,16.510025819287975
,15.847292425000418
,15.317105709570377
,14.720645654711582
,14.521825636425312
,13.991638920995271
,13.461452205565223
,13.461452205565223
