Y(hoy),Y(ayer)
3.5867246306806635,6.834118262689678
4.1169113461107045,6.436478226117146
4.580824722111998,5.972564850115859
4.448278043254483,5.773744831829596
4.183184685539466,5.773744831829596
3.6529979701094177,5.773744831829596
3.5204512912519093,5.3761047952570635
3.5204512912519093,4.779644740398261
3.3879046123944008,4.713371400969507
3.1228112546793767,4.183184685539466
2.5926245392493286,3.719271309538172
2.46007786039182,4.315731364396974
2.46007786039182,3.8518179883956876
2.3275311815343116,3.3879046123944008
2.0624378238192946,2.8577178969643597
1.5322511083892465,3.255357933536885
1.3334310901029767,2.8577178969643597
1.2671577506742295,2.725171218106837
0.9357910535304512,2.2612578421055503
0.8695177141016899,1.7310711266755163
0.33933099867164174,1.2671577506742295
0.20678431981413326,1.2671577506742295
-0.05830903790088371,1.2671577506742295
-0.7210424321884403,1.2671577506742295
-0.8535891110459488,1.0020643929591984
-0.8535891110459488,0.33933099867164174
-0.8535891110459488,0.20678431981413326
-0.8535891110459488,0.20678431981413326
-0.8535891110459488,0.20678431981413326
-0.8535891110459488,0.20678431981413326
-0.8535891110459488,0.20678431981413326
-0.9198624504747102,0.20678431981413326
-1.11868246876098,0.14051098038538612
-1.383775826475997,-0.45594907447342337
-1.7814158630485224,-0.8535891110459488
-2.179055899621062,-0.45594907447342337
-1.7814158630485224,0.14051098038538612
-1.2512291476184885,0.20678431981413326
-1.7151425236197753,0.20678431981413326
-1.383775826475997,-0.1908557167583922
-2.0465092207635536,-0.654769092759679
-0.9861357899034573,-0.05830903790088371
-1.5163225053335054,0.20678431981413326
-0.8535891110459488,0.20678431981413326
-0.8535891110459488,-0.1908557167583922
-0.8535891110459488,-0.7210424321884403
-0.8535891110459488,-0.8535891110459488
-0.8535891110459488,-0.3234023956159007
-0.8535891110459488,0.20678431981413326
-0.8535891110459488,0.20678431981413326
-0.8535891110459488,0.20678431981413326
-0.8535891110459488,0.20678431981413326
-0.8535891110459488,0.20678431981413326
-0.05830903790088371,-0.1908557167583922
0.20678431981413326,-0.654769092759679
0.7369710352441814,-0.7210424321884403
1.0020643929591984,-0.1908557167583922
2.3275311815343116,0.20678431981413326
4.1169113461107045,0.14051098038538612
3.5867246306806635,-0.1908557167583922
4.05063800668195,-0.654769092759679
5.508651474114572,0.07423764095662477
7.364304978119726,0.20678431981413326
8.557225087837324,0.20678431981413326
8.027038372407276,0.20678431981413326
9.352505160982389,0.20678431981413326
8.954865124409856,0.20678431981413326
20.265515053584117,0.33933099867164174
20.751519542728325,0.8695177141016899
25.258106623883698,1.2671577506742295
24.72791990845365,1.2671577506742295
24.19773319302361,1.7973444661042635
26.892848996459662,2.3275311815343116
26.31848005474378,2.5926245392493286
25.78829333931374,3.255357933536885
27.643946843318894,3.918091327824442
29.234506989609024,4.448278043254483
28.704320274178976,4.713371400969507
32.283080603331776,4.845918079827015
31.752893887901728,5.6411981529720805
34.13873410733692,5.773744831829596
33.47600071304937,6.303931547259637
32.945813997619325,7.761945014692259
36.126934290199586,7.231758299262211
34.80146750162448,8.822318445552341
37.4524010787747,8.2921317301223
36.92221436334465,9.352505160982389
39.04296122506483,10.015238555269946
38.6453211884923,10.545425270699987
41.69389480221505,11.340705343845052
41.16370808678501,11.870892059275093
40.63352137135496,13.06381216899269
40.23588133478243,12.666172132420158
43.5495483062202,14.919465672997845
43.019361590790155,14.389278957567804
42.48917487536011,16.244932461572958
42.09153483878758,17.570399250148064
43.41700162736269,17.968039286720597
43.15190826964766,19.160959396438194
43.28445494850518,18.763319359865662
42.62172155421762,20.353879506155792
42.09153483878758,20.751519542728325
42.3566281965026,21.149159579300857
41.95898815993007,22.60717304673348
41.296254765642516,22.209533010160946
41.49507478392878,24.19773319302361
41.03116140792749,23.667546477593568
41.95898815993007,25.390653302741207
41.56134812335753,24.860466587311166
41.296254765642516,27.113760127888845
41.03116140792749,26.583573412458804
41.16370808678501,26.053386697028763
39.639421279923624,29.764693705039065
38.91041454620732,29.234506989609024
38.38022783077727,28.704320274178976
37.58494775763221,28.174133558748935
37.187307721059675,27.643946843318894
36.657121005629634,32.68072063990431
36.19320762962835,32.15053392447426
35.596747574769545,31.62034720904422
35.596747574769545,34.27128078619444
35.86184093248457,33.74109407076439
35.464200895912036,33.21090735533435
36.59084766620087,34.80146750162448
36.126934290199586,35.464200895912036
35.464200895912036,36.126934290199586
34.80146750162448,37.187307721059675
34.4701008044807,36.657121005629634
34.27128078619444,39.57314794049488
33.34345403419186,39.04296122506483
33.21090735533435,38.51277450963478
32.68072063990431,42.886814911932646
32.01798724561675,42.22408151764509
31.752893887901728,41.69389480221505
31.355253851329195,41.16370808678501
30.891340475327908,40.63352137135496
30.42742709932662,45.14010845251033
30.096060402182843,44.609921737080285
30.073969289039923,44.146008361079
30.825067135899154,43.5495483062202
30.22860708104035,43.81464166393522
30.294880420469113,43.41700162736269
29.89724038389658,45.71447739422621
27.776493522176402,45.14010845251033
28.704320274178976,44.609921737080285
29.565873686752802,46.46557524108544
28.969413631894,45.9353885256554
30.02978706275409,45.40520181022535
30.02978706275409,44.74246841593779
31.090160493614178,44.079735021650244
30.55997377818413,43.5495483062202
30.02978706275409,43.019361590790155
32.15053392447426,42.48917487536011
31.62034720904422,41.82644148107256
31.090160493614178,41.428801444500024
30.626247117612884,41.03116140792749
29.89724038389658,40.63352137135496
29.632147026181556,40.16960799535367
29.101960310751508,41.69389480221505
28.571773595321467,41.16370808678501
28.041586879891426,40.76606805021247
29.8088759313249,42.55544821478887
29.234506989609024,42.09153483878758
28.704320274178976,43.019361590790155
28.174133558748935,42.48917487536011
30.02978706275409,41.95898815993007
29.54378257360988,41.428801444500024
30.825067135899154,40.96488806849874
30.22860708104035,40.63352137135496
29.89724038389658,40.23588133478243
30.692520457041645,39.838241298209894
30.162333741611597,39.37432792220861
31.090160493614178,38.976687885636075
30.55997377818413,40.63352137135496
31.686620548472973,40.10333465592491
32.15053392447426,39.57314794049488
32.216807263903014,43.019361590790155
31.28898051190044,42.48917487536011
33.21090735533435,42.02526149935882
32.68072063990431,41.56134812335753
32.15053392447426,40.36842801363994
33.21090735533435,39.9707879770674
32.74699397933306,40.898614729069976
32.15053392447426,40.36842801363994
31.48780053018671,39.705694619352386
30.957613814756662,39.04296122506483
30.294880420469113,38.51277450963478
29.89724038389658,37.85004111534723
31.885440566759243,37.78376777591848
31.355253851329195,37.187307721059675
30.825067135899154,36.72339434505839
30.55997377818413,35.86184093248457
29.89724038389658,35.33165421705452
31.48780053018671,34.80146750162448
31.885440566759243,34.33755412562319
32.15053392447426,33.74109407076439
31.48780053018671,33.34345403419186
31.222707172471686,33.54227405247813
32.945813997619325,34.006187428479414
34.27128078619444,33.21090735533435
33.74109407076439,32.68072063990431
32.283080603331776,32.15053392447426
34.27128078619444,31.686620548472973
33.80736741019315,31.222707172471686
33.07836067647684,30.825067135899154
32.61444730047555,30.361153759897867
32.54817396104679,29.89724038389658
32.54817396104679,29.764693705039065
31.48780053018671,29.101960310751508
33.07836067647684,28.83686695303649
32.54817396104679,28.43922691646396
32.945813997619325,28.041586879891426
32.415627282189284,29.035686971322754
34.580556370195296,28.571773595321467
34.006187428479414,29.632147026181556
35.33165421705452,28.704320274178976
34.80146750162448,27.776493522176402
35.33165421705452,28.174133558748935
34.40382746505195,28.770593613607737
33.74109407076439,28.571773595321467
34.80146750162448,27.997404653605592
34.40382746505195,28.770593613607737
36.126934290199586,29.764693705039065
35.596747574769545,29.234506989609024
36.126934290199586,28.770593613607737
35.596747574769545,28.174133558748935
36.126934290199586,27.776493522176402
34.07246076790817,27.37885348560387
34.536374143909455,26.914940109602583
33.47600071304937,27.37885348560387
34.13873410733692,26.981213449031337
36.39202764791461,28.24040689817769
35.72929425362706,27.776493522176402
35.26538087762577,28.770593613607737
34.80146750162448,29.367053668466532
37.717494436489716,29.632147026181556
37.187307721059675,29.16823365018027
40.36842801363994,29.89724038389658
39.838241298209894,29.367053668466532
39.308054582779846,30.096060402182843
38.91041454620732,30.55997377818413
42.48917487536011,31.090160493614178
42.09153483878758,31.885440566759243
43.019361590790155,31.48780053018671
42.09153483878758,31.090160493614178
43.28445494850518,30.692520457041645
42.75426823307514,30.294880420469113
41.16370808678501,29.83096704446782
40.63352137135496,29.300780329037778
39.838241298209894,29.49960034732404
39.308054582779846,29.101960310751508
38.91041454620732,30.626247117612884
38.51277450963478,30.02978706275409
37.98258779420474,31.664529435330053
39.57314794049488,31.090160493614178
39.17550790392234,31.090160493614178
40.898614729069976,30.493700438755376
40.69979471078371,30.162333741611597
40.10333465592491,31.090160493614178
38.77786786734981,31.090160493614178
38.38022783077727,30.42742709932662
37.85004111534723,29.764693705039065
39.308054582779846,29.234506989609024
41.229981426213755,30.957613814756662
40.76606805021247,30.294880420469113
43.41700162736269,29.89724038389658
41.69389480221505,31.355253851329195
40.36842801363994,31.951713906187997
39.838241298209894,32.415627282189284
39.308054582779846,33.07836067647684
38.6453211884923,32.68072063990431
37.85004111534723,31.355253851329195
37.717494436489716,32.54817396104679
37.187307721059675,31.62034720904422
36.657121005629634,31.222707172471686
36.126934290199586,35.0665608593395
35.72929425362706,34.4701008044807
35.33165421705452,34.006187428479414
34.80146750162448,33.47600071304937
34.13873410733692,33.07836067647684
33.60854739190688,34.536374143909455
33.07836067647684,34.006187428479414
32.54817396104679,33.47600071304937
32.283080603331776,33.34345403419186
34.27128078619444,33.74109407076439
33.74109407076439,34.27128078619444
33.21090735533435,33.80736741019315
32.81326731876182,35.33165421705452
34.006187428479414,34.80146750162448
33.21090735533435,36.657121005629634
32.54817396104679,36.126934290199586
32.01798724561675,37.58494775763221
31.752893887901728,37.054761042202166
31.222707172471686,37.98258779420474
30.957613814756662,38.51277450963478
31.090160493614178,37.717494436489716
30.626247117612884,37.187307721059675
30.162333741611597,36.657121005629634
30.02978706275409,36.126934290199586
30.55997377818413,35.596747574769545
31.929622793045077,35.0665608593395
31.355253851329195,34.66892082276697
32.15053392447426,36.72339434505839
31.62034720904422,36.126934290199586
31.222707172471686,35.596747574769545
30.825067135899154,37.187307721059675
30.42742709932662,38.77786786734981
28.83686695303649,38.247681151919764
30.02978706275409,37.717494436489716
29.89724038389658,40.63352137135496
29.49960034732404,40.10333465592491
28.969413631894,39.57314794049488
30.02978706275409,43.28445494850518
31.885440566759243,42.75426823307514
31.355253851329195,42.3566281965026
30.825067135899154,45.14010845251033
30.42742709932662,44.609921737080285
33.21090735533435,44.079735021650244
32.68072063990431,43.019361590790155
33.21090735533435,42.48917487536011
32.54817396104679,44.477375058222776
31.885440566759243,43.5495483062202
31.355253851329195,45.40520181022535
30.957613814756662,44.808741755366555
31.355253851329195,43.81464166393522
32.415627282189284,43.28445494850518
31.885440566759243,42.886814911932646
33.52018293933521,41.428801444500024
32.945813997619325,40.898614729069976
34.31546301248027,40.10333465592491
35.0665608593395,39.44060126163736
36.39202764791461,41.95898815993007
35.79556759305581,41.49507478392878
35.596747574769545,41.03116140792749
35.0665608593395,41.428801444500024
34.60264748333822,41.03116140792749
34.40382746505195,40.96488806849874
34.33755412562319,40.36842801363994
33.74109407076439,38.77786786734981
33.21090735533435,38.247681151919764
32.68072063990431,37.85004111534723
32.283080603331776,37.85004111534723
35.72929425362706,40.10333465592491
36.126934290199586,39.57314794049488
36.524574326772125,39.04296122506483
35.79556759305581,41.428801444500024
35.19910753819701,40.898614729069976
34.93401418048199,42.55544821478887
34.536374143909455,42.09153483878758
34.27128078619444,43.019361590790155
33.80736741019315,41.69389480221505
35.33165421705452,40.63352137135496
34.80146750162448,40.23588133478243
34.27128078619444,39.57314794049488
36.657121005629634,39.10923456449358
36.126934290199586,39.838241298209894
37.187307721059675,39.308054582779846
36.657121005629634,38.77786786734981
38.51277450963478,38.247681151919764
37.98258779420474,37.717494436489716
38.51277450963478,37.187307721059675
37.85004111534723,36.78966768448714
37.58494775763221,36.126934290199586
37.187307721059675,35.53047423534079
36.657121005629634,35.33165421705452
36.126934290199586,34.867740841053234
35.0665608593395,34.006187428479414
34.536374143909455,33.47600071304937
35.596747574769545,33.01208733704808
37.85004111534723,32.54817396104679
36.126934290199586,32.15053392447426
33.34345403419186,31.686620548472973
34.867740841053234,31.156433833042932
34.40382746505195,30.55997377818413
35.33165421705452,29.49960034732404
34.867740841053234,29.035686971322754
34.66892082276697,29.300780329037778
34.80146750162448,28.83686695303649
34.33755412562319,30.294880420469113
35.33165421705452,29.764693705039065
33.74109407076439,30.957613814756662
33.21090735533435,30.825067135899154
32.68072063990431,30.42742709932662
32.15053392447426,29.433327007895286
31.48780053018671,29.101960310751508
31.090160493614178,29.764693705039065
31.355253851329195,28.969413631894
30.957613814756662,28.306680237606443
31.885440566759243,27.776493522176402
31.885440566759243,28.83686695303649
31.222707172471686,28.306680237606443
30.692520457041645,29.49960034732404
30.162333741611597,30.825067135899154
32.15053392447426,30.361153759897867
31.62034720904422,29.89724038389658
31.090160493614178,30.42742709932662
30.626247117612884,30.692520457041645
30.957613814756662,30.096060402182843
30.162333741611597,29.632147026181556
31.48780053018671,29.101960310751508
30.825067135899154,29.035686971322754
32.15053392447426,29.49960034732404
32.68072063990431,31.885440566759243
33.74109407076439,31.355253851329195
33.21090735533435,30.825067135899154
34.27128078619444,30.294880420469113
33.74109407076439,29.89724038389658
33.21090735533435,34.27128078619444
32.68072063990431,33.80736741019315
32.283080603331776,33.21090735533435
33.07836067647684,32.68072063990431
32.54817396104679,35.33165421705452
31.752893887901728,34.80146750162448
31.090160493614178,34.006187428479414
30.42742709932662,33.47600071304937
29.89724038389658,32.945813997619325
29.300780329037778,32.415627282189284
29.764693705039065,32.01798724561675
28.83686695303649,31.42152719075795
29.234506989609024,31.222707172471686
31.355253851329195,32.15053392447426
30.825067135899154,31.62034720904422
30.294880420469113,34.93401418048199
31.951713906187997,34.27128078619444
31.951713906187997,33.873640749621906
31.355253851329195,34.80146750162448
30.891340475327908,34.40382746505195
30.294880420469113,34.006187428479414
29.764693705039065,33.54227405247813
28.571773595321467,33.01208733704808
27.90904020103391,32.415627282189284
28.174133558748935,32.945813997619325
27.776493522176402,33.60854739190688
29.89724038389658,34.33755412562319
29.367053668466532,35.37583644334036
28.704320274178976,34.80146750162448
26.84866677017383,34.40382746505195
26.185933375886272,36.657121005629634
25.920840018171248,36.126934290199586
25.523199981598715,37.4524010787747
24.860466587311166,36.98848770277341
23.534999798736052,36.126934290199586
22.342079689018455,35.596747574769545
21.811892973588414,35.19910753819701
21.41425293701588,34.536374143909455
22.07698633130343,36.2594809690571
21.347979597587127,35.72929425362706
20.884066221585833,35.19910753819701
17.968039286720597,34.93401418048199
17.30530589243304,34.40382746505195
16.64257249814549,36.126934290199586
15.979839103857934,35.72929425362706
15.582199067285401,37.4524010787747
15.582199067285401,37.054761042202166
16.775119177003,36.657121005629634
16.377479140430466,36.126934290199586
17.901765947291842,35.72929425362706
17.30530589243304,34.07246076790817
17.835492607863088,33.60854739190688
16.775119177003,35.0665608593395
16.244932461572958,34.536374143909455
15.781019085571664,34.006187428479414
15.317105709570377,33.34345403419186
13.593998884422739,32.81326731876182
13.130085508421452,32.34935394276053
12.401078774705141,34.33755412562319
11.738345380417584,33.74109407076439
11.340705343845052,33.34345403419186
10.147785234127454,34.536374143909455
9.617598518697413,35.72929425362706
9.087411803267365,35.0665608593395
9.087411803267365,37.4524010787747
,36.92221436334465
,36.39202764791461
,36.126934290199586
,35.596747574769545
,35.0665608593395
,34.66892082276697
,35.39792755648328
,35.33165421705452
,34.66892082276697
,34.40382746505195
,33.873640749621906
,33.34345403419186
,32.81326731876182
,32.415627282189284
,35.33165421705452
,34.80146750162448
,34.27128078619444
,33.74109407076439
,34.27128078619444
,33.74109407076439
,33.34345403419186
,32.945813997619325
,32.48190062161804
,32.945813997619325
,34.27128078619444
,33.74109407076439
,35.33165421705452
,34.867740841053234
,34.80146750162448
,34.40382746505195
,34.006187428479414
,33.54227405247813
,34.006187428479414
,33.47600071304937
,32.945813997619325
,32.54817396104679
,32.15053392447426
,31.62034720904422
,31.156433833042932
,30.626247117612884
,30.162333741611597
,32.15053392447426
,31.62034720904422
,31.090160493614178
,33.07836067647684
,32.61444730047555
,32.283080603331776
,32.216807263903014
,31.885440566759243
,31.355253851329195
,30.825067135899154
,30.294880420469113
,29.49960034732404
,28.704320274178976
,28.174133558748935
,27.445126825032624
,26.914940109602583
,27.445126825032624
,28.770593613607737
,28.174133558748935
,28.704320274178976
,28.041586879891426
,27.113760127888845
,26.583573412458804
,26.053386697028763
,25.523199981598715
,25.05928660559743
,24.59537322959614
,24.19773319302361
,23.667546477593568
,22.342079689018455
,21.811892973588414
,21.149159579300857
,20.618972863870816
,20.287606166727038
,20.79570176901416
,19.42605275415322
,18.89586603872317
,17.968039286720597
,17.040212534718023
,16.510025819287975
,15.979839103857934
,15.449652388427886
,14.919465672997845
,14.256732278710288
,13.682363336994413
,14.433461183853638
,16.244932461572958
,15.71474574614291
,15.184559030712869
,17.040212534718023
,17.437852571290556
,16.775119177003
,16.244932461572958
,15.71474574614291
,15.184559030712869
,14.389278957567804
,13.328905526707715
,12.666172132420158
,11.870892059275093
,11.340705343845052
,10.94306530727252
,10.457060818128312
,11.075611986130028
,10.677971949557495
,9.88269187641243
,9.219958482124873
,8.557225087837324
,8.093311711836037
,7.894491693549767
,7.894491693549767
