Y(hoy),Y(ayer)
8.145209055727108,13.192908608921165
8.02502573303201,13.192908608921165
7.424109119556526,13.253000270268714
7.00346749012369,13.853916883744198
7.063559151471239,14.75529180395742
7.063559151471239,14.274558513177034
6.582825860690853,16.077308353603485
6.102092569910461,15.476391740128001
6.102092569910461,15.115841772042714
5.98190924721537,17.27914158055445
5.741542601825174,16.678224967078968
5.260809311044788,18.42088314615787
5.020442665654592,17.880058194029935
5.020442665654592,18.841524775590706
4.780076020264403,19.202074743676
4.419526052179108,19.202074743676
4.11906774544137,19.682808034456386
4.058976084093821,19.802991357151484
4.058976084093821,19.38234972771864
4.058976084093821,18.901616436938255
3.998884422746272,18.48097480750542
3.938792761398723,18.12042483942013
3.3378761479232395,17.699783209987288
3.0975095025330504,17.219049919206903
3.0975095025330504,16.978683273816713
3.0975095025330504,16.43785832168878
3.0975095025330504,15.836941708213295
3.0975095025330504,15.236025094737812
3.0374178411855013,14.815383465304969
2.9773261798379522,14.334650174524583
2.3764095663624687,13.793825222396649
2.1360429209722724,13.373183592963812
2.496592889057567,12.832358640835878
2.9773261798379522,12.231442027360394
2.496592889057567,11.750708736580009
2.1360429209722724,11.430219876059745
2.1360429209722724,11.8708920592751
2.1360429209722724,11.510342091189813
2.1360429209722724,11.089700461756976
2.1360429209722724,10.90942547771433
2.1360429209722724,10.428692186933944
2.1360429209722724,10.068142218848656
2.0158595982771743,9.947958896153558
1.4149429848016908,9.347042282678075
0.9943013553688544,9.106675637287879
1.4149429848016908,9.106675637287879
0.9342096940213054,9.106675637287879
2.0158595982771743,8.746125669202591
1.535126307496789,8.325484039769755
1.1144846780639526,8.145209055727108
1.2947596621065998,8.145209055727108
0.9342096940213054,7.9048424103369115
1.8956762755820833,7.364017458208977
2.0158595982771743,7.183742474166337
1.595217968844338,6.703009183385944
1.2346680007590507,6.282367553953108
1.7754929528869852,6.8231925060810426
2.0158595982771743,6.402550876648206
1.4149429848016908,6.102092569910461
0.9943013553688544,6.102092569910461
1.535126307496789,5.98190924721537
1.1745763394115016,5.441084295087435
2.0158595982771743,5.741542601825174
1.535126307496789,5.260809311044788
1.1144846780639526,5.6213592791300755
1.0543930167164035,5.200717649697239
1.535126307496789,5.020442665654592
1.1745763394115016,5.020442665654592
2.0158595982771743,5.020442665654592
1.535126307496789,4.900259342959494
1.2346680007590507,4.419526052179108
1.8155540604520226,4.780076020264403
2.0759512596247234,4.11906774544137
2.1360429209722724,4.058976084093821
2.1360429209722724,4.058976084093821
2.3764095663624687,4.058976084093821
2.9773261798379522,4.058976084093821
2.676867873100207,4.058976084093821
2.2562262436673706,4.058976084093821
2.1360429209722724,4.058976084093821
2.3163179050149196,4.058976084093821
2.857142857142854,4.058976084093821
3.0975095025330504,4.058976084093821
3.0975095025330504,4.058976084093821
3.2777844865756904,4.058976084093821
3.758517777356076,4.058976084093821
4.4796177135266575,4.058976084093821
4.940320450524524,4.058976084093821
5.14062598834969,4.058976084093821
5.681450940477625,4.058976084093821
6.102092569910461,4.058976084093821
6.102092569910461,4.058976084093821
6.102092569910461,4.058976084093821
6.703009183385944,4.058976084093821
6.222275892605559,4.058976084093821
7.303925796861428,4.058976084093821
7.784659087641813,4.419526052179108
8.385575701117297,4.960351004307043
8.98649231459278,5.020442665654592
9.527317266720715,5.020442665654592
9.947958896153558,5.080534327002141
10.468753294498974,5.741542601825174
10.068142218848656,5.260809311044788
11.63052541388491,5.6213592791300755
11.209883784452074,5.200717649697239
12.632053103010712,5.080534327002141
12.111258704665296,5.020442665654592
13.833886329961679,5.200717649697239
13.313091931616263,5.6213592791300755
14.995658449347616,5.98190924721537
14.51492515856723,6.102092569910461
15.997186138473417,6.342459215300657
15.476391740128001,6.943375828776141
16.678224967078968,7.183742474166337
17.219049919206903,7.183742474166337
17.759874871334837,7.183742474166337
18.36079148481032,6.943375828776141
18.961708098285804,6.582825860690853
19.3222580663711,6.16218423125801
18.961708098285804,6.16218423125801
20.28372464793187,6.703009183385944
19.863083018499033,7.183742474166337
21.28525233705767,7.183742474166337
20.764457938712255,7.183742474166337
22.487085564008638,7.183742474166337
21.966291165663222,7.364017458208977
23.688918790959605,7.9048424103369115
23.16812439261419,8.145209055727108
24.85069091034554,8.565850685159944
24.430049280912705,8.86630899189769
25.852218599471342,8.325484039769755
25.331424201125927,8.205300717074657
27.01399071885728,8.98649231459278
26.533257428076894,8.625942346507493
28.936923881978828,8.505759023812395
28.396098929850893,8.145209055727108
27.975457300418057,8.325484039769755
27.49472400963767,8.86630899189769
30.138757108929795,9.106675637287879
29.65802381814941,9.106675637287879
30.67958206105773,9.347042282678075
32.06169027205134,10.068142218848656
31.52086531992341,10.068142218848656
31.100223690490566,10.068142218848656
33.744256789782696,10.128233880196198
33.20343183765476,10.969517139061878
32.782790208221925,10.548875509629042
35.42682330751405,11.029608800409427
34.885998355386114,11.209883784452074
34.46535672595327,11.63052541388491
37.1093898252454,12.051167043317747
36.688748195812565,12.111258704665296
36.14792324368463,12.111258704665296
37.59012311602579,12.231442027360394
38.07085640680617,12.952541963530976
37.469939793330695,12.471808672750583
37.04929816389785,13.192908608921165
37.1093898252454,13.613550238354001
37.1093898252454,14.094283529134394
36.628656534465016,14.154375190481943
36.14792324368463,14.154375190481943
35.66718995290424,14.57501681991478
35.18645666212386,14.154375190481943
35.06627333942876,15.055750110695165
34.825906694038565,15.296116756085361
34.46535672595327,15.716758385518197
34.10480675786798,16.49794998303632
35.06627333942876,16.077308353603485
34.46535672595327,16.978683273816713
36.14792324368463,17.038774935164263
35.727281614251794,17.158958257859354
37.1093898252454,17.639691548639746
36.628656534465016,18.060333178072582
36.22804545881469,18.12042483942013
36.14792324368463,18.12042483942013
36.14792324368463,18.12042483942013
37.1093898252454,18.12042483942013
36.688748195812565,18.18051650076768
38.07085640680617,18.721341452895615
37.59012311602579,19.081891420980902
38.07085640680617,18.48097480750542
37.650214777373336,18.240608162115223
36.9892065025503,18.961708098285804
36.50847321176992,19.202074743676
36.087831582337074,19.202074743676
36.14792324368463,19.202074743676
35.727281614251794,19.202074743676
35.18645666212386,19.26216640502355
35.30663998481895,19.843052464716514
35.907556598294434,19.44244138906619
35.3667316461665,19.562624711761288
35.907556598294434,19.202074743676
34.94609001673366,19.802991357151484
34.46535672595327,20.16354132523677
33.864440112477794,20.16354132523677
33.6240734670876,20.16354132523677
33.14334017630721,20.16354132523677
32.54242356283173,20.34381630927942
32.06169027205134,20.764457938712255
31.58095698127095,20.28372464793187
31.160315351838115,19.802991357151484
30.980040367795475,19.26216640502355
30.499307077015082,19.202074743676
29.8983904635396,19.081891420980902
29.417657172759213,18.48097480750542
29.057107204673926,18.841524775590706
30.018573786234697,18.48097480750542
29.417657172759213,18.40085259237535
30.138757108929795,18.841524775590706
30.018573786234697,18.48097480750542
29.778207140844508,18.12042483942013
29.297473850064115,17.699783209987288
28.75664889793618,17.219049919206903
28.215823945808246,16.978683273816713
27.614907332332763,16.49794998303632
27.194265702899926,16.077308353603485
27.374540686942574,15.957125030908387
27.975457300418057,15.356208417432903
27.554815670985214,14.75529180395742
27.975457300418057,14.334650174524583
27.194265702899926,14.154375190481943
27.254357364247475,14.154375190481943
27.77515176259289,14.034191867786845
27.975457300418057,13.55345857700646
27.49472400963767,13.132816947573616
27.134174041552377,12.832358640835878
27.975457300418057,12.411717011403042
27.49472400963767,12.111258704665296
28.095640623113148,12.231442027360394
28.275915607155795,12.952541963530976
28.75664889793618,12.471808672750583
29.177290527369024,13.192908608921165
29.177290527369024,13.072725286226067
29.177290527369024,12.591991995445682
28.57637391389354,12.231442027360394
28.155732284460697,12.171350366012845
28.336007268503344,12.65208365679323
28.936923881978828,13.132816947573616
29.477748834106762,13.55345857700646
30.018573786234697,14.094283529134394
30.138757108929795,14.154375190481943
29.53784049545431,13.793825222396649
29.177290527369024,13.353153039181294
29.217351634934055,13.914008545091747
30.018573786234697,13.55345857700646
29.53784049545431,13.192908608921165
30.138757108929795,13.613550238354001
29.71811547949696,13.192908608921165
29.057107204673926,14.094283529134394
28.57637391389354,14.51492515856723
28.155732284460697,14.875475126652518
28.456190591198443,14.334650174524583
28.095640623113148,14.75529180395742
28.97698498954386,14.394741835872132
29.177290527369024,15.115841772042714
29.71811547949696,15.175933433390263
30.138757108929795,15.836941708213295
30.138757108929795,15.356208417432903
29.53784049545431,16.077308353603485
29.297473850064115,16.077308353603485
28.936923881978828,16.077308353603485
28.456190591198443,16.077308353603485
28.095640623113148,16.49794998303632
28.215823945808246,16.978683273816713
28.736618344153662,17.038774935164263
29.217351634934055,16.798408289774066
29.8983904635396,16.27761389142865
29.417657172759213,16.978683273816713
29.65802381814941,16.55804164438387
29.057107204673926,17.038774935164263
28.51628225254599,17.158958257859354
28.155732284460697,17.940149855377484
28.736618344153662,17.519508225944648
28.215823945808246,18.000241516725033
29.93845157110463,17.43938601081458
29.417657172759213,18.000241516725033
30.61949039971018,18.42088314615787
31.100223690490566,18.961708098285804
31.100223690490566,19.202074743676
30.980040367795475,19.622716373108837
30.73967372240528,19.923174679846582
30.37912375431999,19.3222580663711
31.100223690490566,19.26216640502355
30.61949039971018,19.802991357151484
31.70114030396605,20.16354132523677
32.30205691744153,20.22363298658432
32.82285131578695,20.764457938712255
33.023156853612115,20.403907970626967
32.42224024013663,21.125007906797542
32.181873594746435,20.764457938712255
32.181873594746435,20.22363298658432
32.30205691744153,20.34381630927942
32.82285131578695,20.764457938712255
33.98462343517289,21.125007906797542
33.5038901443925,21.125007906797542
35.66718995290424,21.125007906797542
35.18645666212386,21.125007906797542
34.70572337134347,21.125007906797542
37.830489761415976,21.125007906797542
37.28966480928804,21.125007906797542
36.869023179855205,21.24519122949264
36.38828988907482,21.966291165663222
39.99378956992772,21.545649536230385
39.513056279147335,21.06491624545
39.03232298836694,20.524091293322066
38.611681358934106,20.16354132523677
39.27268963375714,20.34381630927942
38.79195634297675,20.884641261407353
38.31122305219637,20.524091293322066
38.01076474545863,20.103449663889222
38.07085640680617,19.802991357151484
37.469939793330695,19.38234972771864
37.1093898252454,19.26216640502355
37.38981757820063,19.802991357151484
36.9892065025503,19.44244138906619
38.07085640680617,19.562624711761288
39.03232298836694,19.202074743676
38.551589697586564,19.202074743676
38.07085640680617,19.202074743676
37.650214777373336,19.202074743676
37.16948148659295,19.44244138906619
37.1093898252454,20.103449663889222
36.628656534465016,20.16354132523677
36.20801490503217,20.28372464793187
35.54700663020914,21.00482458410245
35.30663998481895,20.584182954669608
34.825906694038565,19.923174679846582
34.58554004864837,19.3222580663711
34.22499008056308,18.901616436938255
34.745784478908504,18.42088314615787
35.18645666212386,18.841524775590706
35.707251060469275,18.42088314615787
36.90908428742024,18.12042483942013
36.38828988907482,17.639691548639746
37.1093898252454,17.219049919206903
36.688748195812565,17.038774935164263
36.14792324368463,17.038774935164263
35.66718995290424,16.918591612469164
35.18645666212386,16.43785832168878
34.70572337134347,15.957125030908387
34.10480675786798,15.53648340147555
33.864440112477794,15.115841772042714
33.3837068216974,14.75529180395742
32.66260688552683,14.334650174524583
32.42224024013663,13.67364189970155
32.06169027205134,13.072725286226067
31.58095698127095,12.471808672750583
31.160315351838115,11.991075381970198
30.67958206105773,11.390158768494715
30.198848770277344,11.029608800409427
30.61949039971018,11.029608800409427
31.100223690490566,
30.499307077015082,
29.8983904635396,
29.297473850064115,
29.057107204673926,
28.69655723658863,
28.215823945808246,
27.73509065502786,
27.254357364247475,
26.77362407346709,
26.292890782686705,
25.69197416921122,
25.331424201125927,
25.812157491906312,
25.331424201125927,
26.352982444034247,
26.893807396162188,
27.01399071885728,
26.593349089424443,
26.232799121339156,
26.81368518103212,
27.07408238020483,
27.254357364247475,
28.215823945808246,
27.79518231637541,
29.177290527369024,
28.69655723658863,
29.65802381814941,
30.018573786234697,
29.417657172759213,
28.81674055928373,
28.215823945808246,
27.614907332332763,
27.194265702899926,
27.77515176259289,
28.215823945808246,
29.177290527369024,
28.69655723658863,
30.859857045100377,
30.319032092972442,
29.8983904635396,
30.61949039971018,
30.138757108929795,
29.65802381814941,
29.057107204673926,
28.81674055928373,
28.336007268503344,
28.095640623113148,
28.456190591198443,
28.095640623113148,
28.97698498954386,
29.177290527369024,
29.177290527369024,
29.057107204673926,
28.81674055928373,
28.336007268503344,
28.255885053373277,
29.8983904635396,
29.477748834106762,
28.936923881978828,
31.380651443445792,
30.859857045100377,
30.37912375431999,
32.54242356283173,
32.06169027205134,
33.023156853612115,
32.902973530917016,
32.66260688552683,
32.181873594746435,
31.58095698127095,
31.160315351838115,
31.340590335880762,
30.980040367795475,
31.861384734226178,
31.70114030396605,
31.280498674533213,
32.06169027205134,
31.58095698127095,
31.220407013185664,
30.980040367795475,
30.980040367795475,
30.73967372240528,
30.37912375431999,
31.100223690490566,
32.06169027205134,
31.58095698127095,
31.58095698127095,
31.220407013185664,
32.06169027205134,
32.12178193339889,
32.06169027205134,
31.58095698127095,
30.980040367795475,
30.37912375431999,
30.078665447582246,
30.138757108929795,
30.138757108929795,
29.53784049545431,
28.997015543326377,
28.456190591198443,
28.155732284460697,
28.155732284460697,
28.736618344153662,
28.215823945808246,
29.177290527369024,
28.87683222063128,
28.336007268503344,
28.095640623113148,
27.614907332332763,
27.134174041552377,
26.413074105381796,
26.172707459991607,
25.69197416921122,
25.331424201125927,
25.131118663300768,
25.93234081460141,
25.331424201125927,
26.05252413729651,
25.571790846516123,
25.091057555735738,
24.490140942260254,
23.88922432878477,
23.408491038004385,
24.00940765147987,
23.408491038004385,
24.610324264955345,
25.091057555735738,
24.490140942260254,
23.88922432878477,
23.408491038004385,
22.927757747223993,
22.447024456443607,
21.966291165663222,
21.36537455218774,
21.125007906797542,
20.644274616017157,
20.043358002541673,
19.202074743676,
18.961708098285804,
18.48097480750542,
18.240608162115223,
17.880058194029935,
17.39932490324955,
16.998713827599232,
17.158958257859354,
16.55804164438387,
15.957125030908387,
15.53648340147555,
14.995658449347616,
14.394741835872132,
14.154375190481943,
15.957125030908387,
15.53648340147555,
14.995658449347616,
14.51492515856723,
16.077308353603485,
15.957125030908387,
15.356208417432903,
14.635108481262328,
14.394741835872132,
14.034191867786845,
13.55345857700646,
13.132816947573616,
12.65208365679323,
12.111258704665296,
11.510342091189813,
11.089700461756976,
11.149792123104525,
11.149792123104525,
10.66905883232414,
10.188325541543747,
9.587408928068264,
9.166767298635428,
9.106675637287879,
