Y(hoy),Y(ayer)
-1.9802358813347922,-2.70924261505111
-1.913962541906045,-2.5766959361935875
-2.5104225967648404,-2.0465092207635536
-2.974335972766127,-2.70924261505111
-2.0465092207635536,-2.3116025784785705
-1.9802358813347922,-2.179055899621062
-1.913962541906045,-2.7755159544798573
-2.5104225967648404,-2.3116025784785705
-2.908062633337366,-2.0465092207635536
-2.0465092207635536,-2.8417892939086187
-2.5766959361935875,-2.974335972766127
-2.2674203521927296,-2.5766959361935875
-2.70924261505111,-1.913962541906045
-1.913962541906045,-2.444149257336079
-2.5104225967648404,-2.974335972766127
-2.974335972766127,-2.444149257336079
-2.5766959361935875,-2.444149257336079
-2.974335972766127,-2.8417892939086187
-2.444149257336079,-2.179055899621062
-2.974335972766127,-2.179055899621062
-1.913962541906045,-2.70924261505111
-2.974335972766127,-2.0465092207635536
-2.974335972766127,-1.913962541906045
-2.974335972766127,-1.913962541906045
-2.974335972766127,-2.5766959361935875
-2.5766959361935875,-2.974335972766127
-2.974335972766127,-2.8417892939086187
-1.913962541906045,-2.3116025784785705
-2.974335972766127,-2.7755159544798573
-2.974335972766127,-2.7755159544798573
-2.5766959361935875,-2.179055899621062
-2.5766959361935875,-1.913962541906045
-2.974335972766127,-1.913962541906045
-2.5104225967648404,-1.913962541906045
-2.5104225967648404,-1.913962541906045
-2.974335972766127,-1.913962541906045
-2.974335972766127,-1.913962541906045
-2.5766959361935875,-1.913962541906045
-2.5766959361935875,-1.383775826475997
-2.974335972766127,-0.8535891110459488
-2.5766959361935875,-0.8535891110459488
-2.5766959361935875,-0.8535891110459488
-2.974335972766127,-0.389675735044662
-2.5766959361935875,0.07423764095662477
-2.974335972766127,0.6044243563866729
-2.5766959361935875,1.0020643929591984
-2.974335972766127,0.4056043381004031
-2.444149257336079,0.8695177141016899
-2.1127825601923007,1.2671577506742295
-2.0465092207635536,1.2671577506742295
-2.0465092207635536,1.3334310901029767
-2.0465092207635536,2.2612578421055503
-1.9802358813347922,1.7973444661042635
-1.450049165904744,2.7914445575355984
-0.9861357899034573,3.3879046123944008
-0.8535891110459488,3.8518179883956876
-0.8535891110459488,4.91219141925577
-0.8535891110459488,4.315731364396974
-0.7873157716172017,5.972564850115859
0.07423764095662477,5.3761047952570635
-0.45594907447342337,6.436478226117146
0.07423764095662477,6.834118262689678
-0.45594907447342337,8.159585051264791
-0.7873157716172017,7.496851656977235
-0.05830903790088371,7.099211620404702
0.20678431981413326,8.888591784981102
0.33933099867164174,8.954865124409856
0.9136999403875308,8.822318445552341
1.1346110718167068,8.2921317301223
1.1346110718167068,7.894491693549767
0.47187767752916443,7.894491693549767
0.20678431981413326,7.960765032978522
0.20678431981413326,8.689771766694832
0.47187767752916443,9.948965215841184
1.1346110718167068,9.352505160982389
1.399704429531738,10.412878591842478
1.9740733712476128,11.274432004416298
2.0624378238192946,10.81051862841501
1.5322511083892465,11.738345380417584
2.194984502676803,12.599898792991404
1.664797787246755,12.135985416990117
2.194984502676803,13.196358847850206
1.5322511083892465,13.461452205565223
1.2671577506742295,14.455552296996558
1.2671577506742295,13.859092242137756
1.2671577506742295,15.449652388427886
1.2008844112454682,14.985739012426599
1.1346110718167068,14.65437231528282
0.67069769581542,14.12418559985278
0.2730576592428946,13.660272223851493
0.47187767752916443,13.130085508421452
1.1346110718167068,12.666172132420158
0.67069769581542,12.268532095847625
1.1346110718167068,11.738345380417584
0.2730576592428946,11.274432004416298
0.20678431981413326,10.677971949557495
0.20678431981413326,10.214058573556208
0.47187767752916443,9.948965215841184
1.1346110718167068,9.485051839839898
1.2671577506742295,9.02113846383861
1.2671577506742295,9.418778500411143
1.2671577506742295,9.88269187641243
1.2671577506742295,9.418778500411143
1.3334310901029767,9.02113846383861
2.194984502676803,9.948965215841184
1.664797787246755,9.485051839839898
1.2671577506742295,10.214058573556208
2.194984502676803,10.81051862841501
1.5322511083892465,10.94306530727252
1.2671577506742295,10.412878591842478
1.2671577506742295,9.750145197554922
1.2671577506742295,9.02113846383861
1.2671577506742295,8.954865124409856
1.2671577506742295,8.822318445552341
1.2008844112454682,8.2921317301223
1.1346110718167068,7.828218354121013
0.6044243563866729,7.2759405255480445
0.20678431981413326,6.834118262689678
1.1346110718167068,7.828218354121013
0.6044243563866729,7.894491693549767
1.2671577506742295,7.761945014692259
1.2671577506742295,7.298031638690972
1.1346110718167068,6.966664941547194
0.47187767752916443,7.629398335834743
0.20678431981413326,7.496851656977235
0.20678431981413326,7.032938280975948
0.33933099867164174,6.834118262689678
1.0020643929591984,7.298031638690972
1.4438866558175647,7.761945014692259
2.194984502676803,7.364304978119726
1.7973444661042635,6.966664941547194
1.5322511083892465,6.502751565545907
1.2671577506742295,5.972564850115859
1.664797787246755,6.480660452402979
1.2671577506742295,6.171384868402129
2.194984502676803,5.773744831829596
1.8636178055330248,5.906291510687105
1.399704429531738,6.569024904974661
1.9740733712476128,6.171384868402129
2.194984502676803,5.773744831829596
1.664797787246755,5.773744831829596
1.2671577506742295,5.84001817125835
2.23916672896263,6.436478226117146
1.664797787246755,6.038838189544613
2.46007786039182,6.834118262689678
1.7973444661042635,6.834118262689678
1.3334310901029767,6.303931547259637
1.3334310901029767,5.906291510687105
1.7310711266755163,7.761945014692259
1.2671577506742295,7.231758299262211
2.3275311815343116,6.70157158383217
2.3275311815343116,6.303931547259637
2.0624378238192946,6.966664941547194
1.664797787246755,6.303931547259637
1.3334310901029767,5.84001817125835
1.2671577506742295,6.569024904974661
1.3334310901029767,6.171384868402129
1.9740733712476128,5.84001817125835
1.399704429531738,5.906291510687105
2.0624378238192946,6.436478226117146
1.5322511083892465,6.834118262689678
2.23916672896263,7.629398335834743
1.664797787246755,7.099211620404702
2.3275311815343116,7.828218354121013
2.0624378238192946,7.231758299262211
1.664797787246755,6.834118262689678
2.194984502676803,7.761945014692259
1.664797787246755,7.364304978119726
2.194984502676803,7.032938280975948
1.5322511083892465,7.496851656977235
1.2671577506742295,7.894491693549767
1.399704429531738,7.761945014692259
1.929891144961772,7.298031638690972
2.3275311815343116,6.834118262689678
1.664797787246755,7.231758299262211
2.23916672896263,8.093311711836037
1.664797787246755,7.629398335834743
2.46007786039182,8.689771766694832
2.46007786039182,8.557225087837324
2.46007786039182,8.159585051264791
2.46007786039182,7.761945014692259
2.46007786039182,7.298031638690972
2.1287111632480418,6.834118262689678
1.664797787246755,6.9003916021184395
1.3334310901029767,7.629398335834743
1.7310711266755163,7.231758299262211
1.2671577506742295,6.834118262689678
2.3275311815343116,7.828218354121013
2.46007786039182,8.027038372407276
2.5926245392493286,8.557225087837324
3.255357933536885,8.954865124409856
3.255357933536885,8.954865124409856
2.5926245392493286,8.954865124409856
2.3275311815343116,8.954865124409856
2.46007786039182,9.418778500411143
3.0565379152506154,9.88269187641243
3.5204512912519093,10.81051862841501
3.5204512912519093,10.280331912984963
3.5204512912519093,11.274432004416298
2.990264575821868,10.677971949557495
2.46007786039182,10.280331912984963
2.46007786039182,10.147785234127454
2.46007786039182,10.147785234127454
2.46007786039182,10.987247533558353
1.929891144961772,10.412878591842478
1.399704429531738,12.842901037563507
1.2671577506742295,12.268532095847625
1.2671577506742295,11.738345380417584
1.2671577506742295,13.593998884422739
1.2671577506742295,14.455552296996558
1.2008844112454682,13.991638920995271
1.1346110718167068,14.919465672997845
0.47187767752916443,15.515925727856647
0.20678431981413326,15.582199067285401
0.20678431981413326,15.184559030712869
0.20678431981413326,14.720645654711582
0.20678431981413326,14.12418559985278
0.20678431981413326,13.660272223851493
0.20678431981413326,12.931265490135182
0.20678431981413326,12.53362545356265
0.20678431981413326,13.06381216899269
0.07423764095662477,13.461452205565223
-0.389675735044662,13.395178866136469
-0.7873157716172017,12.798718811277674
-0.8535891110459488,12.401078774705141
-0.8535891110459488,12.798718811277674
-0.8535891110459488,13.328905526707715
-0.7873157716172017,14.190458939281534
-0.1466734904725655,13.726545563280247
-0.7210424321884403,15.317105709570377
-0.1908557167583922,14.65437231528282
-0.7210424321884403,16.510025819287975
-0.8535891110459488,15.979839103857934
-0.8535891110459488,15.71474574614291
-0.8535891110459488,15.184559030712869
-0.45594907447342337,14.521825636425312
-0.8535891110459488,13.859092242137756
0.07423764095662477,13.196358847850206
-0.45594907447342337,12.53362545356265
-0.7873157716172017,12.069712077561363
-0.1466734904725655,11.539525362131315
0.07423764095662477,11.075611986130028
-0.5884957533309318,10.677971949557495
-0.8535891110459488,10.214058573556208
-0.8535891110459488,9.617598518697413
-0.7210424321884403,9.15368514269612
-0.1466734904725655,8.557225087837324
0.07423764095662477,8.093311711836037
-0.45594907447342337,7.828218354121013
-0.8535891110459488,7.099211620404702
0.07423764095662477,6.502751565545907
-0.45594907447342337,5.906291510687105
-0.5884957533309318,5.773744831829596
-0.8535891110459488,5.3761047952570635
-0.5884957533309318,4.779644740398261
0.07423764095662477,4.713371400969507
-0.25712905618715354,4.647098061540753
-0.6768602059025994,4.315731364396974
0.07423764095662477,3.6529979701094177
-0.3234023956159007,3.5204512912519093
0.14051098038538612,3.1228112546793767
-0.05830903790088371,2.65889787867809
-0.3234023956159007,3.3879046123944008
-0.7210424321884403,3.5204512912519093
-0.7210424321884403,3.5204512912519093
-0.1466734904725655,3.255357933536885
0.07423764095662477,2.5926245392493286
-0.45594907447342337,2.3275311815343116
-0.8535891110459488,2.725171218106837
0.07423764095662477,3.255357933536885
-0.45594907447342337,2.769353444392678
0.20678431981413326,3.255357933536885
0.20678431981413326,2.8577178969643597
0.20678431981413326,2.3938045209630587
0.20678431981413326,2.3275311815343116
0.20678431981413326,2.3275311815343116
0.20678431981413326,1.929891144961772
0.20678431981413326,1.3334310901029767
0.20678431981413326,1.7310711266755163
0.20678431981413326,1.2671577506742295
0.20678431981413326,2.2612578421055503
0.20678431981413326,2.3275311815343116
0.20678431981413326,2.3275311815343116
0.20678431981413326,2.3275311815343116
0.20678431981413326,2.194984502676803
0.20678431981413326,1.7310711266755163
0.20678431981413326,1.399704429531738
0.20678431981413326,2.0624378238192946
0.14051098038538612,2.3275311815343116
0.07423764095662477,2.3275311815343116
-0.389675735044662,2.3275311815343116
-0.7873157716172017,2.3275311815343116
-0.6768602059025994,1.7973444661042635
0.07423764095662477,1.399704429531738
-0.25712905618715354,2.2612578421055503
-0.6768602059025994,1.7973444661042635
0.07423764095662477,2.5263511998205814
-0.3234023956159007,3.1228112546793767
0.14051098038538612,2.990264575821868
0.07423764095662477,2.3938045209630587
-0.389675735044662,2.3275311815343116
-0.7873157716172017,2.3275311815343116
-0.8535891110459488,2.3275311815343116
-0.8535891110459488,2.3275311815343116
-0.8535891110459488,2.3275311815343116
-0.8535891110459488,2.3275311815343116
-0.7873157716172017,1.929891144961772
-0.1466734904725655,1.3334310901029767
-0.7210424321884403,1.7310711266755163
0.07423764095662477,1.2671577506742295
-0.45594907447342337,2.194984502676803
-0.8535891110459488,2.725171218106837
0.07423764095662477,3.3879046123944008
-0.45594907447342337,3.3879046123944008
0.07423764095662477,2.990264575821868
-0.45594907447342337,2.5263511998205814
-0.8535891110459488,2.2612578421055503
-0.05830903790088371,1.7310711266755163
-0.45594907447342337,1.2671577506742295
-0.1908557167583922,1.2671577506742295
-0.7210424321884403,1.2671577506742295
-0.8535891110459488,1.2671577506742295
-0.9198624504747102,1.4659777689604852
-1.11868246876098,1.929891144961772
-1.383775826475997,2.3275311815343116
-1.913962541906045,2.3275311815343116
-2.0465092207635536,2.3275311815343116
-2.0465092207635536,1.929891144961772
,1.4659777689604852
,1.2671577506742295
,1.2671577506742295
,0.8695177141016899
,0.2730576592428946
,0.20678431981413326
,0.20678431981413326
,0.2730576592428946
,1.0020643929591984
,0.47187767752916443
,1.2671577506742295
,1.7310711266755163
,2.194984502676803
,1.7310711266755163
,1.2008844112454682
,0.8695177141016899
,0.33933099867164174
,0.20678431981413326
,0.20678431981413326
,0.20678431981413326
,0.20678431981413326
,0.20678431981413326
,-0.1908557167583922
,-0.654769092759679
,-0.1908557167583922
,-0.5884957533309318
