Y(hoy),Y(ayer)
,4.713371400969507
,4.713371400969507
,4.713371400969507
,4.448278043254483
,3.6529979701094177
,3.3879046123944008
,2.990264575821868
,2.5263511998205814
,1.9961644843905333
,1.5985244478179936
,2.2612578421055503
,2.3275311815343116
,1.929891144961772
,1.4659777689604852
,1.2671577506742295
,1.2671577506742295
,0.8695177141016899
,0.4056043381004031
,1.0020643929591984
,0.8695177141016899
,0.33933099867164174
,0.20678431981413326
,0.20678431981413326
,0.20678431981413326
,0.20678431981413326
,0.20678431981413326
,-0.1908557167583922
,-0.654769092759679
,-0.8535891110459488
,-0.8535891110459488
,-0.8535891110459488
,-0.8535891110459488
,-0.8535891110459488
,-0.8535891110459488
,-0.8535891110459488
,-0.8535891110459488
,-0.8535891110459488
,-0.8535891110459488
,-0.8535891110459488
,-0.8535891110459488
,-0.8535891110459488
,-0.8535891110459488
,-0.8535891110459488
,-0.8535891110459488
,-0.8535891110459488
,-0.8535891110459488
,-0.8535891110459488
,-0.8535891110459488
,-0.8535891110459488
,-0.8535891110459488
,-0.8535891110459488
,-0.8535891110459488
,-0.8535891110459488
,-0.8535891110459488
,-0.8535891110459488
,-0.8535891110459488
,-0.45594907447342337
,0.14051098038538612
,0.20678431981413326
,0.20678431981413326
,0.20678431981413326
,0.14051098038538612
,-0.45594907447342337
,-0.8535891110459488
,0.14051098038538612
,-0.3234023956159007
,0.4056043381004031
,0.9357910535304512
,1.399704429531738
,2.2612578421055503
,1.7973444661042635
,2.5263511998205814
,3.1228112546793767
,3.5204512912519093
,3.6529979701094177
,4.448278043254483
,4.845918079827015
,5.442378134685818
,5.972564850115859
,6.436478226117146
,7.298031638690972
,6.834118262689678
,7.828218354121013
,8.159585051264791
,9.485051839839898
,8.822318445552341
,10.147785234127454
,11.009338646701273
,10.545425270699987
,11.47325202270256
,12.401078774705141
,11.870892059275093
,14.190458939281534
,13.593998884422739
,13.06381216899269
,15.781019085571664
,15.184559030712869
,14.65437231528282
,16.311205801001712
,16.775119177003
,17.702945929005573
,17.17275921357553
,17.968039286720597
,18.940048265009004
,18.36567932329313
,20.353879506155792
,19.691146111868235
,21.679346294730898
,21.01661290044335
,23.446635346164378
,22.872266404448496
,22.342079689018455
,25.78829333931374
,25.258106623883698
,24.72791990845365
,24.19773319302361
,27.511400164461378
,26.84866677017383
,26.31848005474378
,28.770593613607737
,28.174133558748935
,29.234506989609024
,30.294880420469113
,29.764693705039065
,32.98999622390516
,32.415627282189284
,31.885440566759243
,31.355253851329195
,30.825067135899154
,34.93401418048199
,34.27128078619444
,33.74109407076439
,36.19320762962835
,35.596747574769545
,37.85004111534723
,37.187307721059675
,36.657121005629634
,39.705694619352386
,39.04296122506483
,38.51277450963478
,41.49507478392878
,40.898614729069976
,40.36842801363994
,43.15190826964766
,42.48917487536011
,41.95898815993007
,43.28445494850518
,43.61582164564895
,44.079735021650244
,43.41700162736269
,42.75426823307514
,42.29035485707385
,41.95898815993007
,41.49507478392878
,40.898614729069976
,40.36842801363994
,39.705694619352386
,38.976687885636075
,39.04296122506483
,39.57314794049488
,39.9707879770674
,39.90451463763865
,39.37432792220861
,38.77786786734981
,38.115134473062255
,37.85004111534723
,40.898614729069976
,40.43470135306869
,39.838241298209894
,39.308054582779846
,40.36842801363994
,39.9707879770674
,39.57314794049488
,39.10923456449358
,38.77786786734981
,38.247681151919764
,37.58494775763221
,37.31985439991719
,36.92221436334465
,36.2594809690571
,35.79556759305581
,36.39202764791461
,35.86184093248457
,35.19910753819701
,34.4701008044807
,34.27128078619444
,33.60854739190688
,32.945813997619325
,32.415627282189284
,32.283080603331776
,32.01798724561675
,31.48780053018671
,31.090160493614178
,30.626247117612884
,30.22860708104035
,30.825067135899154
,30.361153759897867
,30.02978706275409
,29.89724038389658
,29.101960310751508
,28.83686695303649
,28.43922691646396
,28.041586879891426
,28.770593613607737
,28.571773595321467
,27.997404653605592
,28.704320274178976
,28.306680237606443
,29.632147026181556
,29.101960310751508
,29.89724038389658
,29.49960034732404
,29.035686971322754
,29.035686971322754
,30.162333741611597
,29.49960034732404
,30.825067135899154
,30.294880420469113
,29.764693705039065
,29.101960310751508
,28.571773595321467
,27.90904020103391
,29.764693705039065
,29.234506989609024
,28.704320274178976
,28.306680237606443
,28.969413631894
,28.43922691646396
,27.975313540462672
,28.041586879891426
,29.300780329037778
,28.704320274178976
,29.632147026181556
,29.16823365018027
,29.764693705039065
,29.367053668466532
,31.156433833042932
,30.55997377818413
,30.162333741611597
,32.01798724561675
,31.48780053018671
,30.692520457041645
,30.294880420469113
,30.825067135899154
,30.55997377818413
,30.162333741611597
,31.686620548472973
,31.090160493614178
,33.07836067647684
,32.54817396104679
,32.084260585045506
,31.885440566759243
,31.28898051190044
,31.42152719075795
,31.885440566759243
,31.090160493614178
,30.55997377818413
,30.02978706275409
,29.49960034732404
,28.83686695303649
,28.306680237606443
,28.041586879891426
,31.355253851329195
,30.825067135899154
,30.294880420469113
,33.07836067647684
,32.54817396104679
,32.01798724561675
,31.62034720904422
,31.090160493614178
,30.55997377818413
,30.096060402182843
,30.096060402182843
,30.692520457041645
,31.48780053018671
,32.68072063990431
,32.15053392447426
,33.21090735533435
,32.415627282189284
,31.752893887901728
,31.28898051190044
,31.885440566759243
,31.355253851329195
,30.891340475327908
,30.361153759897867
,30.891340475327908
,32.98999622390516
,32.415627282189284
,31.885440566759243
,31.355253851329195
,32.68072063990431
,32.34935394276053
,33.74109407076439
,33.21090735533435
,32.68072063990431
,34.27128078619444
,33.21090735533435
,32.68072063990431
,32.15053392447426
,31.48780053018671
,30.957613814756662
,30.692520457041645
,30.294880420469113
,33.25508958162019
,32.68072063990431
,32.15053392447426
,31.62034720904422
,31.222707172471686
,35.19910753819701
,34.536374143909455
,34.006187428479414
,36.39202764791461
,35.92811427191332
,35.596747574769545
,35.33165421705452
,34.80146750162448
,34.40382746505195
,34.4701008044807
,35.596747574769545
,35.0665608593395
,37.98258779420474
,37.4524010787747
,36.92221436334465
,36.39202764791461
,39.705694619352386
,39.04296122506483
,38.51277450963478
,40.898614729069976
,40.43470135306869
,40.412610239925776
,39.9707879770674
,41.20789031307084
,41.95898815993007
,41.428801444500024
,40.898614729069976
,40.36842801363994
,39.705694619352386
,39.44060126163736
,38.976687885636075
,39.90451463763865
,39.308054582779846
,38.91041454620732
,40.96488806849874
,40.36842801363994
,40.898614729069976
,40.43470135306869
,39.838241298209894
,39.308054582779846
,38.6453211884923
,38.38022783077727
,37.98258779420474
,37.58494775763221
,37.187307721059675
,36.72339434505839
,36.657121005629634
,36.657121005629634
,37.76167666277556
,37.187307721059675
,36.78966768448714
,39.57314794049488
,38.91041454620732
,38.38022783077727
,37.916314454775986
,37.4524010787747
,36.92221436334465
,36.39202764791461
,35.72929425362706
,35.464200895912036
,35.33165421705452
,34.80146750162448
,34.27128078619444
,33.74109407076439
,33.21090735533435
,32.68072063990431
,32.01798724561675
,31.752893887901728
,31.355253851329195
,31.885440566759243
,32.283080603331776
,32.216807263903014
,31.885440566759243
,31.355253851329195
,30.957613814756662
,30.294880420469113
,29.83096704446782
,29.300780329037778
,29.8088759313249
,31.62034720904422
,31.090160493614178
,30.55997377818413
,32.216807263903014
,31.885440566759243
,31.222707172471686
,30.55997377818413
,30.162333741611597
,31.48780053018671
,32.15053392447426
,31.62034720904422
,31.090160493614178
,30.42742709932662
,30.096060402182843
,32.15053392447426
,31.62034720904422
,31.090160493614178
,30.55997377818413
,34.33755412562319
,33.74109407076439
,33.21090735533435
,32.68072063990431
,34.13873410733692
,33.873640749621906
,33.47600071304937
,32.81326731876182
,32.283080603331776
,32.283080603331776
,31.885440566759243
,31.355253851329195
,34.580556370195296
,34.006187428479414
,33.47600071304937
,32.945813997619325
,32.415627282189284
,31.885440566759243
,35.39792755648328
,35.33165421705452
,34.66892082276697
,34.006187428479414
,33.47600071304937
,34.66892082276697
,35.33165421705452
,34.93401418048199
,34.4701008044807
,34.867740841053234
,35.39792755648328
,35.464200895912036
,35.0665608593395
,34.4701008044807
,34.40382746505195
,34.4701008044807
,35.19910753819701
,34.66892082276697
,35.99438761134208
,37.25358106048843
,36.657121005629634
,37.717494436489716
,37.4524010787747
,36.78966768448714
,36.524574326772125
,35.99438761134208
,35.72929425362706
,36.524574326772125
,35.99438761134208
,36.657121005629634
,36.657121005629634
,36.2594809690571
,35.79556759305581
,36.458300987343364
,37.58494775763221
,36.92221436334465
,37.85004111534723
,37.78376777591848
,37.4524010787747
,36.92221436334465
,36.2594809690571
,35.596747574769545
,35.0665608593395
,34.66892082276697
,36.72339434505839
,36.126934290199586
,35.72929425362706
,37.187307721059675
,36.39202764791461
,35.86184093248457
,35.33165421705452
,34.80146750162448
,34.27128078619444
,33.74109407076439
,33.34345403419186
,35.33165421705452
,34.80146750162448
,34.33755412562319
,34.27128078619444
,33.74109407076439
,33.07836067647684
,32.415627282189284
,31.752893887901728
,31.222707172471686
,31.951713906187997
,31.355253851329195
,32.945813997619325
,32.415627282189284
,33.34345403419186
,32.945813997619325
,32.48190062161804
,32.945813997619325
,32.54817396104679
,32.415627282189284
,31.885440566759243
,31.28898051190044
,31.222707172471686
,31.090160493614178
,30.626247117612884
,30.02978706275409
,29.367053668466532
,28.571773595321467
,28.041586879891426
,29.013595858179833
,28.43922691646396
,29.764693705039065
,29.234506989609024
,28.571773595321467
,27.90904020103391
,27.445126825032624
,26.914940109602583
,26.716120091316313
,26.716120091316313
,26.31848005474378
,25.78829333931374
,25.125559945026183
,24.462826550738633
,23.800093156451076
,23.269906441021035
,22.474626367875963
,21.811892973588414
,21.149159579300857
,20.618972863870816
,20.15505948786953
,19.95623946958326
,19.293506075295703
,18.498226002150638
,18.03431262614935
,18.630772681008153
,18.100585965578105
,17.63667258957682
,17.040212534718023
,16.377479140430466
,15.71474574614291
,15.052012351855353
,14.521825636425312
,15.184559030712869
,16.046112443286688
,15.582199067285401
,16.64257249814549
,16.377479140430466
,15.71474574614291
,15.250832370141623
,14.588098975854066
,14.389278957567804
,13.726545563280247
,13.06381216899269
,12.401078774705141
,11.870892059275093
,11.406978683273806
,11.208158664987543
,10.677971949557495
,10.214058573556208
,9.683871858126167
,9.15368514269612
,8.888591784981102
,8.358405069551054
,8.027038372407276
,8.557225087837324
