Y(hoy),Y(ayer)
10.008050557501107,8.145209055727108
9.527317266720715,8.085117394379559
9.166767298635428,7.784659087641813
9.747653358328392,7.303925796861428
9.947958896153558,6.943375828776141
9.347042282678075,6.222275892605559
8.746125669202591,6.102092569910461
8.265392378422206,5.741542601825174
8.145209055727108,5.200717649697239
8.085117394379559,4.960351004307043
8.02502573303201,4.539709374874207
7.424109119556526,4.11906774544137
7.183742474166337,4.058976084093821
6.8231925060810426,4.058976084093821
6.342459215300657,4.058976084093821
6.042000908562912,4.058976084093821
6.102092569910461,3.998884422746272
5.801634263172723,3.4580594706183376
5.380992633739886,3.0975095025330504
5.080534327002141,3.0975095025330504
5.14062598834969,3.0975095025330504
4.7400149126993725,3.0975095025330504
4.359434390831559,2.736959534447756
3.758517777356076,2.1961345823198215
3.2176928252281414,2.2562262436673706
2.9773261798379522,2.9773261798379522
2.4365012277100178,2.616776211752658
2.1360429209722724,2.2562262436673706
2.1360429209722724,2.1360429209722724
0.9943013553688544,2.1360429209722724
1.0543930167164035,2.1360429209722724
0.9342096940213054,2.1360429209722724
1.535126307496789,2.1360429209722724
2.0158595982771743,2.1360429209722724
2.0158595982771743,2.1360429209722724
1.595217968844338,2.1360429209722724
1.1745763394115016,2.1360429209722724
2.1360429209722724,1.7754929528869852
2.1360429209722724,1.1745763394115016
2.857142857142854,1.1745763394115016
4.4796177135266575,1.595217968844338
5.020442665654592,2.0759512596247234
5.020442665654592,2.0158595982771743
6.222275892605559,1.535126307496789
10.188325541543747,1.1745763394115016
11.269975445799616,1.1745763394115016
10.66905883232414,1.1745763394115016
11.8708920592751,1.655309630191887
13.072725286226067,2.1360429209722724
14.51492515856723,2.1360429209722724
14.154375190481943,1.7754929528869852
17.158958257859354,1.3548513234541488
18.12042483942013,1.535126307496789
17.759874871334837,2.1360429209722724
20.043358002541673,2.1360429209722724
19.682808034456386,2.1360429209722724
23.648857683394574,2.1360429209722724
23.16812439261419,2.1360429209722724
21.00482458410245,2.1360429209722724
20.644274616017157,2.736959534447756
24.97087423304064,3.0975095025330504
26.653440750771992,3.0975095025330504
27.73509065502786,3.0975095025330504
27.254357364247475,3.698426116008534
28.456190591198443,4.058976084093821
35.06627333942876,4.419526052179108
36.14792324368463,4.900259342959494
37.3497564706356,5.260809311044788
36.869023179855205,5.861725924520272
37.830489761415976,6.582825860690853
37.3497564706356,7.183742474166337
36.9892065025503,7.664475764946722
35.66718995290424,8.385575701117297
35.18645666212386,8.86630899189769
34.10480675786798,9.347042282678075
33.14334017630721,9.82777557345846
33.083248514959664,10.789242155019231
32.42224024013663,10.308508864238846
32.181873594746435,11.390158768494715
33.14334017630721,13.55345857700646
32.30205691744153,13.072725286226067
34.044715096520434,12.591991995445682
33.5038901443925,11.8708920592751
33.14334017630721,14.51492515856723
34.46535672595327,15.476391740128001
34.825906694038565,16.31767499899368
32.782790208221925,16.918591612469164
32.06169027205134,18.12042483942013
31.6410486426185,17.639691548639746
31.220407013185664,17.27914158055445
30.67958206105773,18.961708098285804
30.198848770277344,19.202074743676
30.258940431624893,20.28372464793187
29.53784049545431,19.802991357151484
29.8983904635396,21.36537455218774
29.65802381814941,20.884641261407353
28.57637391389354,22.206657811053418
29.057107204673926,23.648857683394574
27.85527397772296,23.288307715309287
27.374540686942574,25.331424201125927
26.77362407346709,24.85069091034554
26.292890782686705,24.490140942260254
26.172707459991607,27.01399071885728
26.172707459991607,26.533257428076894
26.292890782686705,27.975457300418057
27.01399071885728,27.614907332332763
27.134174041552377,28.57637391389354
27.194265702899926,29.177290527369024
27.554815670985214,30.859857045100377
27.134174041552377,30.37912375431999
27.975457300418057,32.42224024013663
27.975457300418057,31.941506949356246
27.374540686942574,33.5038901443925
26.83371573481464,33.14334017630721
26.332951890251735,34.94609001673366
27.01399071885728,34.46535672595327
27.975457300418057,36.869023179855205
27.49472400963767,36.38828988907482
30.499307077015082,36.50847321176992
30.018573786234697,36.9892065025503
30.980040367795475,36.50847321176992
30.499307077015082,35.907556598294434
29.71811547949696,35.42682330751405
29.177290527369024,34.22499008056308
30.138757108929795,33.744256789782696
29.778207140844508,32.782790208221925
30.258940431624893,32.24196525609399
30.198848770277344,32.181873594746435
31.100223690490566,32.54242356283173
30.67958206105773,32.181873594746435
30.138757108929795,33.98462343517289
32.06169027205134,33.5038901443925
31.58095698127095,33.14334017630721
31.100223690490566,32.60251522417927
30.55939873836263,32.181873594746435
29.417657172759213,33.023156853612115
29.057107204673926,32.54242356283173
29.53784049545431,33.023156853612115
30.078665447582246,32.181873594746435
30.078665447582246,34.46535672595327
30.018573786234697,33.98462343517289
29.53784049545431,33.5038901443925
29.057107204673926,35.06627333942876
30.37912375431999,34.70572337134347
30.018573786234697,33.6240734670876
32.06169027205134,32.782790208221925
31.58095698127095,32.30205691744153
30.73967372240528,31.821323626661147
32.12178193339889,31.340590335880762
32.06169027205134,30.859857045100377
31.6410486426185,30.419184861885014
31.46077365857586,30.980040367795475
32.60251522417927,31.220407013185664
33.023156853612115,30.859857045100377
32.181873594746435,30.37912375431999
32.54242356283173,29.778207140844508
33.023156853612115,29.297473850064115
33.023156853612115,29.057107204673926
32.54242356283173,29.057107204673926
33.744256789782696,28.57637391389354
33.263523499002304,28.155732284460697
34.22499008056308,27.975457300418057
32.782790208221925,27.554815670985214
32.30205691744153,27.194265702899926
38.91213966567185,27.73509065502786
35.907556598294434,27.374540686942574
35.54700663020914,27.254357364247475
40.9552561514885,26.653440750771992
40.474522860708106,26.172707459991607
40.414431199360564,26.77362407346709
40.11397289262282,27.49472400963767
39.27268963375714,28.035548961765606
38.8520480043243,28.095640623113148
38.351284159761406,28.51628225254599
39.03232298836694,28.997015543326377
38.67177302028166,29.057107204673926
39.03232298836694,28.57637391389354
38.611681358934106,28.095640623113148
38.07085640680617,28.69655723658863
37.59012311602579,29.057107204673926
36.14792324368463,28.936923881978828
36.02773992098953,28.456190591198443
35.54700663020914,28.936923881978828
35.18645666212386,29.8983904635396
36.688748195812565,30.018573786234697
36.14792324368463,29.297473850064115
35.66718995290424,29.778207140844508
35.30663998481895,29.778207140844508
37.1093898252454,29.357565511411664
37.1093898252454,29.8983904635396
37.1093898252454,30.018573786234697
36.628656534465016,29.65802381814941
36.14792324368463,30.859857045100377
35.66718995290424,30.37912375431999
35.2465483234714,30.499307077015082
34.70572337134347,30.859857045100377
34.22499008056308,30.37912375431999
33.6240734670876,30.018573786234697
33.023156853612115,29.477748834106762
32.54242356283173,30.859857045100377
32.181873594746435,30.37912375431999
31.58095698127095,30.018573786234697
31.160315351838115,31.220407013185664
30.980040367795475,31.220407013185664
30.499307077015082,31.340590335880762
29.8983904635396,31.941506949356246
29.417657172759213,32.54242356283173
28.81674055928373,33.3837068216974
28.57637391389354,33.744256789782696
28.215823945808246,34.10480675786798
27.614907332332763,34.10480675786798
27.194265702899926,34.16489841921553
27.134174041552377,34.70572337134347
27.134174041552377,35.907556598294434
27.07408238020483,35.42682330751405
27.01399071885728,37.59012311602579
26.533257428076894,37.1093898252454
26.172707459991607,39.27268963375714
26.232799121339156,38.79195634297675
26.593349089424443,40.11397289262282
26.172707459991607,40.11397289262282
27.01399071885728,39.27268963375714
27.01399071885728,38.79195634297675
26.473165766729345,38.31122305219637
26.112615798644057,37.950673084111074
25.631882507863672,37.59012311602579
25.151149217083287,37.2295731479405
25.571790846516123,37.2295731479405
26.81368518103212,37.2295731479405
26.292890782686705,36.869023179855205
27.49472400963767,35.907556598294434
28.095640623113148,35.30663998481895
27.975457300418057,34.825906694038565
27.374540686942574,34.46535672595327
27.374540686942574,34.10480675786798
27.975457300418057,34.28508174191063
29.057107204673926,34.825906694038565
28.456190591198443,35.96764825964198
29.297473850064115,35.42682330751405
29.057107204673926,37.830489761415976
28.81674055928373,37.3497564706356
28.496251698763473,36.869023179855205
29.237382188716573,36.38828988907482
29.778207140844508,37.59012311602579
30.37912375431999,36.628656534465016
30.980040367795475,36.14792324368463
31.58095698127095,35.66718995290424
32.06169027205134,35.18645666212386
31.58095698127095,34.70572337134347
30.980040367795475,34.22499008056308
30.439215415667533,33.744256789782696
30.078665447582246,33.263523499002304
30.138757108929795,32.84288186956947
30.138757108929795,32.30205691744153
30.138757108929795,31.941506949356246
29.83829880219205,31.46077365857586
29.297473850064115,31.70114030396605
29.177290527369024,31.100223690490566
29.65802381814941,30.499307077015082
30.138757108929795,29.8983904635396
30.67958206105773,29.297473850064115
31.100223690490566,28.936923881978828
31.46077365857586,28.51628225254599
30.980040367795475,27.975457300418057
32.06169027205134,27.374540686942574
31.58095698127095,26.77362407346709
31.280498674533213,26.352982444034247
31.821323626661147,25.812157491906312
32.06169027205134,25.21124087843083
31.46077365857586,24.610324264955345
31.040132029143017,24.00940765147987
31.100223690490566,23.288307715309287
31.100223690490566,23.16812439261419
31.100223690490566,23.648857683394574
30.499307077015082,24.06949931282741
30.138757108929795,23.88922432878477
30.178818216494825,23.288307715309287
30.61949039971018,23.04794106991909
30.980040367795475,23.468582699351927
31.941506949356246,24.00940765147987
32.06169027205134,25.21124087843083
31.220407013185664,24.610324264955345
30.980040367795475,25.812157491906312
31.100223690490566,26.172707459991607
30.61949039971018,26.05252413729651
30.138757108929795,25.571790846516123
30.37912375431999,25.21124087843083
30.018573786234697,24.85069091034554
30.859857045100377,24.430049280912705
30.859857045100377,24.610324264955345
30.258940431624893,24.249774296870058
30.138757108929795,25.87224915325386
29.53784049545431,25.331424201125927
28.936923881978828,24.97087423304064
28.456190591198443,27.254357364247475
28.97698498954386,26.77362407346709
28.456190591198443,26.292890782686705
29.177290527369024,27.975457300418057
29.057107204673926,27.554815670985214
28.57637391389354,27.134174041552377
27.85527397772296,26.77362407346709
27.374540686942574,26.352982444034247
27.01399071885728,26.77362407346709
26.533257428076894,26.413074105381796
25.93234081460141,27.374540686942574
25.451607523821025,27.975457300418057
24.85069091034554,28.456190591198443
24.249774296870058,28.81674055928373
24.00940765147987,28.215823945808246
23.528674360699476,27.79518231637541
22.927757747223993,27.314449025595025
22.32684113374851,27.79518231637541
21.786016181620575,28.69655723658863
21.24519122949264,28.215823945808246
20.644274616017157,29.417657172759213
20.103449663889222,30.258940431624893
19.562624711761288,29.778207140844508
18.961708098285804,31.46077365857586
18.36079148481032,30.859857045100377
18.060333178072582,32.12178193339889
18.12042483942013,32.30205691744153
18.12042483942013,32.82285131578695
18.12042483942013,32.54242356283173
17.519508225944648,32.181873594746435
17.27914158055445,31.821323626661147
16.798408289774066,31.40068199722831
16.31767499899368,31.941506949356246
15.5965750628231,31.46077365857586
15.236025094737812,32.181873594746435
14.995658449347616,32.181873594746435
14.51492515856723,31.821323626661147
14.034191867786845,31.40068199722831
13.55345857700646,31.280498674533213
13.192908608921165,31.821323626661147
13.914008545091747,31.46077365857586
13.55345857700646,32.181873594746435
13.072725286226067,33.3837068216974
12.591991995445682,32.782790208221925
12.111258704665296,32.42224024013663
12.351625350055492,33.864440112477794
11.991075381970198,33.263523499002304
12.832358640835878,32.66260688552683
,32.30205691744153
,32.82285131578695
,32.54242356283173
,32.181873594746435
,33.083248514959664
,33.14334017630721
,33.14334017630721
,32.782790208221925
,32.30205691744153
,31.881415288008697
,31.40068199722831
,31.220407013185664
,31.340590335880762
,32.06169027205134
,31.941506949356246
,31.100223690490566
,30.499307077015082
,30.018573786234697
,29.417657172759213
,29.117198866021475
,29.65802381814941
,29.177290527369024
,28.69655723658863
,28.275915607155795
,27.614907332332763
,27.134174041552377
,26.77362407346709
,26.292890782686705
,25.87224915325386
,25.451607523821025
,25.091057555735738
,24.670415926302894
,24.309865958217607
,24.97087423304064
,25.091057555735738
,24.490140942260254
,23.88922432878477
,23.408491038004385
,22.8075744245289
,22.14656614970587
,21.966291165663222
,21.485557874882836
,21.06491624545
,20.524091293322066
,20.16354132523677
,19.802991357151484
,19.3222580663711
,18.901616436938255
,18.48097480750542
,18.12042483942013
,17.699783209987288
,17.219049919206903
,16.978683273816713
,16.49794998303632
,16.077308353603485
,15.836941708213295
,15.316147309867873
,15.716758385518197
,16.077308353603485
,15.716758385518197
,15.296116756085361
,14.815383465304969
,14.394741835872132
,14.034191867786845
,13.613550238354001
,13.192908608921165
,12.832358640835878
,12.391686457620523
,13.072725286226067
,13.313091931616263
,13.793825222396649
,14.57501681991478
,14.154375190481943
,14.995658449347616
,15.836941708213295
,15.356208417432903
,16.55804164438387
,17.639691548639746
,17.158958257859354
