Y(hoy),Y(ayer)
-1.9802358813347922,-0.8535891110459488
-2.179055899621062,-1.2512291476184885
-2.5104225967648404,-1.7151425236197753
-2.974335972766127,-1.913962541906045
-2.5104225967648404,-1.913962541906045
-2.70924261505111,-1.913962541906045
-2.974335972766127,-1.913962541906045
-2.974335972766127,-1.913962541906045
-2.5766959361935875,-1.913962541906045
-1.648869184191014,-1.5163225053335054
-1.2512291476184885,-0.9198624504747102
-1.2512291476184885,-0.8535891110459488
-1.648869184191014,-0.7210424321884403
-2.179055899621062,0.20678431981413326
-1.7814158630485224,0.8695177141016899
-1.1849558081897271,1.2671577506742295
-0.5884957533309318,1.664797787246755
-0.05830903790088371,2.3275311815343116
1.0020643929591984,2.725171218106837
1.2671577506742295,3.3879046123944008
2.504260086677661,4.05063800668195
2.990264575821868,4.713371400969507
10.412878591842478,5.243558116399548
10.015238555269946,6.038838189544613
11.738345380417584,6.569024904974661
17.040212534718023,7.099211620404702
17.570399250148064,7.629398335834743
18.16685930500686,8.424678408979808
18.763319359865662,9.087411803267365
19.028412717580686,10.677971949557495
19.160959396438194,10.147785234127454
24.993013266168674,12.003438738132608
24.59537322959614,11.605798701560076
27.113760127888845,13.859092242137756
26.583573412458804,13.328905526707715
28.969413631894,15.184559030712869
28.43922691646396,16.510025819287975
30.162333741611597,16.112385782715442
35.596747574769545,17.040212534718023
35.19910753819701,17.702945929005573
39.838241298209894,17.968039286720597
39.44060126163736,18.23313264443562
36.92221436334465,19.42605275415322
43.41700162736269,18.89586603872317
44.079735021650244,21.281706258158366
43.68209498507771,20.751519542728325
46.46557524108544,23.13735976216352
45.9353885256554,22.60717304673348
45.40520181022535,24.993013266168674
44.87501509479531,24.462826550738633
46.200481883370415,26.84866677017383
45.670295167940374,26.31848005474378
45.14010845251033,25.920840018171248
44.609921737080285,28.704320274178976
43.94718834279273,28.174133558748935
43.41700162736269,27.511400164461378
42.75426823307514,30.825067135899154
42.09153483878758,30.294880420469113
41.428801444500024,32.68072063990431
41.95898815993007,32.15053392447426
41.428801444500024,34.006187428479414
40.76606805021247,36.126934290199586
40.23588133478243,35.596747574769545
40.23588133478243,36.92221436334465
41.16370808678501,36.524574326772125
40.69979471078371,38.247681151919764
40.10333465592491,37.85004111534723
41.7601681416438,40.10333465592491
41.296254765642516,39.57314794049488
40.63352137135496,39.17550790392234
42.29035485707385,42.75426823307514
42.22408151764509,42.22408151764509
42.75426823307514,41.82644148107256
41.16370808678501,43.085634930218916
40.69979471078371,42.48917487536011
40.10333465592491,41.95898815993007
40.63352137135496,41.296254765642516
40.10333465592491,40.63352137135496
39.57314794049488,40.10333465592491
39.04296122506483,39.639421279923624
38.51277450963478,39.10923456449358
37.98258779420474,39.57314794049488
38.77786786734981,39.17550790392234
38.38022783077727,40.36842801363994
38.91041454620732,41.7601681416438
38.91041454620732,41.296254765642516
37.98258779420474,41.16370808678501
37.58494775763221,41.296254765642516
37.054761042202166,41.69389480221505
34.80146750162448,42.09153483878758
34.006187428479414,43.28445494850518
33.34345403419186,42.75426823307514
33.07836067647684,44.079735021650244
32.54817396104679,43.61582164564895
31.951713906187997,43.019361590790155
31.355253851329195,42.62172155421762
31.023887154185417,41.95898815993007
31.62034720904422,41.428801444500024
31.222707172471686,41.03116140792749
32.15053392447426,40.36842801363994
31.355253851329195,39.9707879770674
30.692520457041645,40.63352137135496
29.89724038389658,40.23588133478243
29.632147026181556,40.10333465592491
29.234506989609024,39.57314794049488
28.83686695303649,39.04296122506483
29.963513723325335,38.247681151919764
29.49960034732404,37.58494775763221
28.969413631894,37.054761042202166
29.101960310751508,36.126934290199586
29.764693705039065,35.0665608593395
29.632147026181556,34.66892082276697
29.101960310751508,34.006187428479414
30.02978706275409,33.47600071304937
29.49960034732404,33.01208733704808
29.89724038389658,32.415627282189284
29.234506989609024,32.283080603331776
29.89724038389658,32.74699397933306
29.234506989609024,33.07836067647684
30.55997377818413,32.415627282189284
31.090160493614178,31.885440566759243
30.42742709932662,31.355253851329195
29.83096704446782,30.825067135899154
29.234506989609024,30.42742709932662
29.764693705039065,30.02978706275409
28.83686695303649,29.367053668466532
30.825067135899154,28.704320274178976
30.162333741611597,28.174133558748935
29.234506989609024,27.776493522176402
30.294880420469113,27.710220182747648
29.764693705039065,27.24630680674636
29.101960310751508,26.84866677017383
28.83686695303649,27.710220182747648
29.278689215894858,27.24630680674636
28.83686695303649,27.776493522176402
30.55997377818413,27.776493522176402
30.096060402182843,28.24040689817769
31.090160493614178,28.704320274178976
30.957613814756662,28.174133558748935
30.692520457041645,27.710220182747648
30.162333741611597,27.113760127888845
30.162333741611597,26.716120091316313
30.825067135899154,26.914940109602583
30.692520457041645,27.37885348560387
30.162333741611597,27.776493522176402
31.090160493614178,27.842766861605156
30.55997377818413,28.571773595321467
31.090160493614178,28.041586879891426
30.626247117612884,28.83686695303649
30.096060402182843,28.83686695303649
29.49960034732404,28.83686695303649
29.101960310751508,28.83686695303649
30.825067135899154,28.903140292465245
30.22860708104035,29.234506989609024
30.825067135899154,29.764693705039065
30.22860708104035,29.234506989609024
30.294880420469113,28.571773595321467
29.89724038389658,27.975313540462672
31.39943607761503,28.43922691646396
30.825067135899154,29.300780329037778
32.15053392447426,28.83686695303649
32.15053392447426,29.764693705039065
31.62034720904422,29.278689215894858
31.156433833042932,29.89724038389658
30.42742709932662,29.764693705039065
30.02978706275409,29.300780329037778
30.162333741611597,28.704320274178976
30.096060402182843,28.174133558748935
30.162333741611597,27.776493522176402
31.090160493614178,29.49960034732404
30.55997377818413,28.969413631894
32.15053392447426,29.367053668466532
31.62034720904422,29.632147026181556
31.090160493614178,29.101960310751508
30.626247117612884,28.903140292465245
30.162333741611597,29.632147026181556
30.869249362184988,28.969413631894
32.15053392447426,30.891340475327908
31.686620548472973,30.294880420469113
34.27128078619444,31.355253851329195
33.74109407076439,31.885440566759243
33.21090735533435,31.28898051190044
32.68072063990431,31.48780053018671
34.006187428479414,31.752893887901728
33.34345403419186,31.222707172471686
32.68072063990431,32.15053392447426
32.283080603331776,31.62034720904422
32.283080603331776,34.006187428479414
32.415627282189284,33.60854739190688
34.735194162195725,34.33755412562319
35.33165421705452,34.006187428479414
34.867740841053234,33.54227405247813
35.33165421705452,34.006187428479414
34.536374143909455,34.40382746505195
34.40382746505195,34.93401418048199
42.48917487536011,35.86184093248457
42.09153483878758,35.464200895912036
44.079735021650244,39.57314794049488
45.53774848908286,39.04296122506483
44.676195076509046,38.51277450963478
45.14010845251033,38.115134473062255
47.260855314230504,42.75426823307514
46.598121919942955,42.22408151764509
46.06793520451291,41.82644148107256
45.80284184679789,44.609921737080285
44.609921737080285,44.079735021650244
47.52594867194553,43.5495483062202
46.99576195651548,45.53774848908286
46.46557524108544,45.40520181022535
45.9353885256554,44.34482837936527
45.53774848908286,43.28445494850518
44.609921737080285,42.55544821478887
44.21228170050775,43.019361590790155
42.09153483878758,44.411101718794015
42.75426823307514,43.81464166393522
43.81464166393522,44.94128843422406
43.28445494850518,45.40520181022535
44.34482837936527,44.87501509479531
42.48917487536011,44.34482837936527
41.95898815993007,43.28445494850518
41.296254765642516,42.62172155421762
41.03116140792749,42.22408151764509
40.50097469249745,41.7601681416438
40.037061316496164,41.03116140792749
39.9707879770674,40.36842801363994
40.36842801363994,40.63352137135496
41.472983670785865,41.95898815993007
40.898614729069976,41.428801444500024
42.22408151764509,44.079735021650244
40.63352137135496,43.5495483062202
40.10333465592491,43.019361590790155
39.308054582779846,42.62172155421762
39.9707879770674,42.75426823307514
38.77786786734981,42.22408151764509
38.247681151919764,41.69389480221505
37.717494436489716,40.898614729069976
37.25358106048843,40.36842801363994
36.657121005629634,39.44060126163736
36.126934290199586,39.04296122506483
35.464200895912036,38.51277450963478
34.80146750162448,37.98258779420474
34.13873410733692,37.4524010787747
33.60854739190688,36.92221436334465
33.34345403419186,36.524574326772125
33.21090735533435,36.126934290199586
32.54817396104679,35.53047423534079
31.951713906187997,35.464200895912036
31.355253851329195,35.0665608593395
30.692520457041645,34.536374143909455
30.02978706275409,34.07246076790817
29.49960034732404,33.60854739190688
28.83686695303649,33.21090735533435
28.174133558748935,32.68072063990431
29.49960034732404,32.216807263903014
28.969413631894,31.62034720904422
28.43922691646396,30.957613814756662
28.041586879891426,30.162333741611597
29.764693705039065,30.096060402182843
29.101960310751508,30.361153759897867
28.83686695303649,30.825067135899154
28.83686695303649,30.294880420469113
28.903140292465245,29.83096704446782
28.505500255892713,29.278689215894858
27.953222427319744,29.764693705039065
28.704320274178976,29.367053668466532
29.764693705039065,29.764693705039065
32.945813997619325,29.367053668466532
32.54817396104679,31.62034720904422
33.21090735533435,31.222707172471686
32.68072063990431,32.216807263903014
32.283080603331776,31.752893887901728
31.752893887901728,30.825067135899154
30.02978706275409,29.764693705039065
30.692520457041645,29.101960310751508
30.162333741611597,28.571773595321467
31.355253851329195,28.174133558748935
31.951713906187997,29.367053668466532
32.98999622390516,28.704320274178976
32.415627282189284,30.692520457041645
34.27128078619444,30.02978706275409
33.74109407076439,31.42152719075795
34.006187428479414,32.01798724561675
33.34345403419186,32.15053392447426
33.07836067647684,31.62034720904422
32.68072063990431,31.090160493614178
32.216807263903014,30.55997377818413
31.62034720904422,29.89724038389658
32.01798724561675,29.367053668466532
31.48780053018671,28.969413631894
30.825067135899154,29.49960034732404
30.294880420469113,29.101960310751508
32.15053392447426,30.55997377818413
31.62034720904422,30.02978706275409
31.222707172471686,31.156433833042932
32.216807263903014,31.156433833042932
32.15053392447426,30.55997377818413
31.686620548472973,30.096060402182843
31.222707172471686,29.565873686752802
31.62034720904422,29.101960310751508
32.15053392447426,30.096060402182843
32.45980950847512,29.49960034732404
33.74109407076439,31.156433833042932
33.21090735533435,30.55997377818413
34.27128078619444,31.62034720904422
34.13873410733692,32.48190062161804
33.873640749621906,32.01798724561675
33.34345403419186,33.07836067647684
32.68072063990431,32.68072063990431
32.01798724561675,32.283080603331776
31.554073869615465,31.885440566759243
32.15053392447426,31.48780053018671
31.48780053018671,31.090160493614178
31.090160493614178,30.55997377818413
31.090160493614178,30.096060402182843
31.62034720904422,30.825067135899154
32.216807263903014,30.294880420469113
31.686620548472973,31.885440566759243
32.15053392447426,31.42152719075795
31.222707172471686,31.090160493614178
29.89724038389658,30.02978706275409
28.903140292465245,29.101960310751508
29.565873686752802,29.234506989609024
28.969413631894,29.764693705039065
30.096060402182843,30.692520457041645
30.626247117612884,30.162333741611597
31.222707172471686,31.222707172471686
28.83686695303649,30.825067135899154
30.02978706275409,30.42742709932662
30.096060402182843,29.367053668466532
30.02978706275409,29.101960310751508
30.55997377818413,29.632147026181556
31.090160493614178,28.969413631894
30.162333741611597,28.306680237606443
30.55997377818413,27.776493522176402
30.02978706275409,28.770593613607737
29.632147026181556,28.174133558748935
28.24040689817769,29.764693705039065
28.704320274178976,29.234506989609024
29.8088759313249,29.101960310751508
29.234506989609024,28.43922691646396
31.090160493614178,27.445126825032624
30.55997377818413,26.937031222745503
30.162333741611597,27.643946843318894
30.55997377818413,28.770593613607737
30.957613814756662,28.174133558748935
30.42742709932662,29.234506989609024
30.162333741611597,29.632147026181556
27.90904020103391,29.367053668466532
27.511400164461378,29.764693705039065
27.113760127888845,29.367053668466532
26.716120091316313,27.90904020103391
27.643946843318894,27.37885348560387
27.113760127888845,26.716120091316313
26.583573412458804,26.119660036457518
26.053386697028763,25.65574666045623
25.523199981598715,25.523199981598715
25.05928660559743,25.05928660559743
24.529099890167387,24.462826550738633
24.462826550738633,23.800093156451076
23.99891317473734,23.269906441021035
23.269906441021035,22.60717304673348
23.00481308330601,22.209533010160946
22.60717304673348,21.811892973588414
21.944439652445922,21.281706258158366
21.679346294730898,20.81779288215708
21.281706258158366,20.221332827298284
20.618972863870816,19.757419451296997
20.221332827298284,19.22723273586695
20.353879506155792,19.691146111868235
21.01661290044335,20.088786148440768
20.552699524442062,19.691146111868235
20.4864261850133,19.160959396438194
19.82369279072575,18.697046020436908
19.22723273586695,18.23313264443562
18.630772681008153,17.835492607863088
17.968039286720597,17.30530589243304
17.30530589243304,16.907665855860508
16.775119177003,16.510025819287975
16.244932461572958,15.979839103857934
15.781019085571664,15.317105709570377
15.71474574614291,15.052012351855353
15.582199067285401,14.65437231528282
15.317105709570377,13.991638920995271
14.786918994140336,13.593998884422739
14.521825636425312,14.455552296996558
14.12418559985278,14.389278957567804
13.726545563280247,13.859092242137756
11.274432004416298,13.461452205565223
11.274432004416298,12.798718811277674
11.738345380417584,11.47325202270256
12.268532095847625,10.677971949557495
12.268532095847625,10.214058573556208
11.605798701560076,10.412878591842478
10.94306530727252,11.075611986130028
10.280331912984963,11.075611986130028
9.683871858126167,10.545425270699987
9.087411803267365,10.147785234127454
8.557225087837324,9.617598518697413
8.071220598693117,9.15368514269612
8.822318445552341,8.689771766694832
8.822318445552341,8.2921317301223
8.159585051264791,7.761945014692259
7.496851656977235,7.298031638690972
6.834118262689678,6.834118262689678
6.237658207830883,6.569024904974661
5.6411981529720805,6.038838189544613
4.978464758684531,5.6411981529720805
4.315731364396974,5.177284776970794
3.7855446489669333,4.647098061540753
,4.183184685539466
,3.6529979701094177
,3.3879046123944008
,2.990264575821868
,2.5926245392493286
