Y(hoy),Y(ayer)
6.767844923260924,4.845918079827015
6.171384868402129,5.3761047952570635
5.6411981529720805,4.845918079827015
4.779644740398261,5.243558116399548
5.6411981529720805,5.6411981529720805
5.243558116399548,4.978464758684531
4.779644740398261,4.315731364396974
5.6411981529720805,3.6529979701094177
5.1110114375420395,3.3879046123944008
4.647098061540753,2.990264575821868
4.580824722111998,2.5263511998205814
4.448278043254483,2.3275311815343116
4.183184685539466,2.2612578421055503
3.6529979701094177,1.7973444661042635
3.5204512912519093,1.3334310901029767
2.8577178969643597,1.2671577506742295
2.194984502676803,1.2671577506742295
1.5985244478179936,1.2671577506742295
1.2671577506742295,0.8695177141016899
1.1346110718167068,0.4056043381004031
0.6927888089583405,0.20678431981413326
0.47187767752916443,0.20678431981413326
0.07423764095662477,0.20678431981413326
-0.5222224139021705,0.20678431981413326
-0.8535891110459488,0.20678431981413326
-0.8535891110459488,-0.1908557167583922
-0.8535891110459488,-0.7873157716172017
-0.8535891110459488,-0.8535891110459488
-0.8535891110459488,-0.8535891110459488
-0.8535891110459488,-0.8535891110459488
-0.8535891110459488,-0.8535891110459488
-1.1849558081897271,-0.8535891110459488
-1.5825958447622668,-0.8535891110459488
-2.0465092207635536,-0.8535891110459488
-1.7151425236197753,-0.8535891110459488
-2.179055899621062,-0.8535891110459488
-1.1849558081897271,-1.648869184191014
-0.8535891110459488,-1.2512291476184885
-0.45594907447342337,-1.648869184191014
0.07423764095662477,-1.5163225053335054
0.20678431981413326,-1.913962541906045
0.20678431981413326,-1.913962541906045
0.6486065826724996,-1.913962541906045
1.7310711266755163,-1.913962541906045
2.3275311815343116,-1.383775826475997
2.5926245392493286,-1.913962541906045
3.299540159822719,-0.8535891110459488
3.6529979701094177,-0.8535891110459488
4.1169113461107045,-0.8535891110459488
4.647098061540753,-0.8535891110459488
5.906291510687105,-0.8535891110459488
5.508651474114572,-0.8535891110459488
7.828218354121013,-0.8535891110459488
7.231758299262211,-0.8535891110459488
6.569024904974661,-0.8535891110459488
16.708845837574245,-0.8535891110459488
18.23313264443562,-0.8535891110459488
17.702945929005573,-0.8535891110459488
18.940048265009004,-0.389675735044662
25.523199981598715,-0.05830903790088371
24.993013266168674,-0.7873157716172017
26.185933375886272,-0.8535891110459488
34.80146750162448,-0.8535891110459488
36.657121005629634,-0.45594907447342337
36.126934290199586,-0.05830903790088371
37.717494436489716,0.8695177141016899
37.187307721059675,1.2671577506742295
42.22408151764509,1.2671577506742295
41.82644148107256,1.3334310901029767
39.04296122506483,1.929891144961772
45.670295167940374,1.5322511083892465
46.33302856222792,2.46007786039182
45.80284184679789,2.990264575821868
46.99576195651548,3.6529979701094177
47.52594867194553,4.05063800668195
47.06203529594424,4.845918079827015
46.6643952593717,4.448278043254483
46.598121919942955,6.436478226117146
44.87501509479531,5.906291510687105
45.40520181022535,6.834118262689678
45.47147514965411,7.231758299262211
44.609921737080285,7.629398335834743
44.21228170050775,9.087411803267365
44.87501509479531,8.689771766694832
45.40520181022535,10.147785234127454
45.40520181022535,11.47325202270256
44.079735021650244,11.075611986130028
43.5495483062202,12.666172132420158
39.57314794049488,13.196358847850206
39.10923456449358,15.184559030712869
39.838241298209894,14.65437231528282
39.308054582779846,14.256732278710288
38.91041454620732,17.570399250148064
40.898614729069976,17.106485874146777
42.09153483878758,16.64257249814549
41.16370808678501,17.040212534718023
40.69979471078371,18.697046020436908
39.9707879770674,18.100585965578105
39.308054582779846,17.702945929005573
37.717494436489716,19.160959396438194
37.31985439991719,19.82369279072575
35.53047423534079,19.22723273586695
34.93401418048199,22.342079689018455
34.66892082276697,21.811892973588414
34.27128078619444,21.281706258158366
33.60854739190688,20.751519542728325
33.34345403419186,19.691146111868235
34.536374143909455,25.78829333931374
34.13873410733692,25.258106623883698
34.27128078619444,24.72791990845365
33.21090735533435,24.330279871881118
32.61444730047555,26.185933375886272
32.216807263903014,27.643946843318894
31.62034720904422,27.113760127888845
30.957613814756662,30.02978706275409
30.55997377818413,29.49960034732404
30.692520457041645,29.101960310751508
30.096060402182843,31.62034720904422
30.626247117612884,32.945813997619325
31.090160493614178,35.596747574769545
31.222707172471686,35.0665608593395
31.090160493614178,34.536374143909455
30.55997377818413,34.13873410733692
30.02978706275409,36.92221436334465
31.752893887901728,36.39202764791461
30.55997377818413,35.99438761134208
32.98999622390516,38.247681151919764
32.415627282189284,37.717494436489716
34.27128078619444,39.17550790392234
33.74109407076439,40.36842801363994
33.21090735533435,39.9707879770674
32.48190062161804,43.28445494850518
32.68072063990431,42.75426823307514
32.283080603331776,42.22408151764509
35.0665608593395,41.69389480221505
34.40382746505195,41.296254765642516
33.93991408905066,47.52594867194553
33.47600071304937,46.99576195651548
33.07836067647684,46.53184858051419
35.33165421705452,45.9353885256554
34.80146750162448,45.40520181022535
34.27128078619444,45.670295167940374
33.74109407076439,45.53774848908286
33.21090735533435,45.00756177365282
32.81326731876182,44.54364839765153
32.81326731876182,45.73656850736913
32.283080603331776,45.14010845251033
32.81326731876182,46.13420854394166
32.415627282189284,44.609921737080285
33.07836067647684,44.477375058222776
32.415627282189284,44.477375058222776
33.47600071304937,44.87501509479531
35.596747574769545,45.40520181022535
34.006187428479414,44.87501509479531
36.524574326772125,44.477375058222776
35.99438761134208,46.99576195651548
34.536374143909455,46.53184858051419
33.47600071304937,45.9353885256554
32.68072063990431,45.40520181022535
32.283080603331776,44.87501509479531
33.34345403419186,44.477375058222776
34.27128078619444,48.58632210280561
34.536374143909455,48.05613538737557
34.006187428479414,47.52594867194553
33.54227405247813,46.99576195651548
32.945813997619325,46.46557524108544
32.415627282189284,45.9353885256554
34.13873410733692,45.27265513136784
33.47600071304937,43.81464166393522
34.80146750162448,43.41700162736269
35.72929425362706,43.019361590790155
35.33165421705452,42.62172155421762
33.74109407076439,41.16370808678501
33.07836067647684,40.63352137135496
32.54817396104679,39.9707879770674
32.283080603331776,40.898614729069976
34.536374143909455,41.95898815993007
33.873640749621906,41.56134812335753
35.596747574769545,41.16370808678501
35.19910753819701,40.63352137135496
34.40382746505195,40.16960799535367
34.27128078619444,39.705694619352386
33.74109407076439,39.308054582779846
33.40972737362062,38.91041454620732
34.13873410733692,38.51277450963478
34.80146750162448,37.98258779420474
38.51277450963478,37.4524010787747
37.98258779420474,35.99438761134208
35.596747574769545,36.2594809690571
35.19910753819701,35.6630209141983
39.308054582779846,35.464200895912036
39.838241298209894,34.536374143909455
39.308054582779846,34.006187428479414
38.77786786734981,33.47600071304937
38.77786786734981,32.68072063990431
38.247681151919764,32.283080603331776
37.58494775763221,32.01798724561675
37.98258779420474,31.62034720904422
39.08714345135067,31.222707172471686
38.51277450963478,30.825067135899154
39.838241298209894,30.294880420469113
40.23588133478243,29.89724038389658
41.20789031307084,29.49960034732404
40.63352137135496,29.101960310751508
41.95898815993007,30.825067135899154
41.428801444500024,30.294880420469113
41.296254765642516,31.885440566759243
52.032535753100895,31.42152719075795
51.502349037670854,31.885440566759243
51.10470900109832,32.216807263903014
48.05613538737557,31.686620548472973
51.23725567995583,31.090160493614178
50.77334230395454,30.626247117612884
49.779242212523215,30.162333741611597
52.82781582624596,30.55997377818413
52.16508243195841,31.355253851329195
51.63489571652836,31.885440566759243
50.309428927953256,31.355253851329195
50.972162322240806,31.355253851329195
53.092909183960984,32.01798724561675
52.562722468530936,32.283080603331776
52.032535753100895,31.752893887901728
51.502349037670854,31.222707172471686
50.441975606810765,32.15053392447426
50.04433557023823,31.62034720904422
48.58632210280561,33.21090735533435
49.51414885480819,32.68072063990431
47.52594867194553,32.01798724561675
47.12830863537299,31.48780053018671
48.32122874509059,32.68072063990431
49.779242212523215,32.01798724561675
49.24905549709317,33.34345403419186
48.98396213937815,33.40972737362062
48.58632210280561,34.006187428479414
48.12240872680432,33.60854739190688
48.58632210280561,34.40382746505195
47.989862047946815,34.66892082276697
46.99576195651548,35.33165421705452
46.46557524108544,34.80146750162448
45.670295167940374,33.60854739190688
45.14010845251033,32.74699397933306
44.609921737080285,32.283080603331776
47.791042029660545,34.536374143909455
45.14010845251033,34.006187428479414
46.73066859880046,33.47600071304937
46.266755222799176,35.33165421705452
45.670295167940374,34.80146750162448
45.27265513136784,35.464200895912036
43.81464166393522,35.33165421705452
43.41700162736269,34.66892082276697
40.76606805021247,34.27128078619444
40.23588133478243,33.74109407076439
39.9707879770674,36.39202764791461
39.9707879770674,35.86184093248457
39.705694619352386,35.39792755648328
39.04296122506483,34.93401418048199
38.51277450963478,34.80146750162448
39.838241298209894,34.006187428479414
39.308054582779846,33.54227405247813
38.6453211884923,34.80146750162448
38.38022783077727,34.27128078619444
37.98258779420474,35.39792755648328
37.58494775763221,35.33165421705452
38.6453211884923,34.867740841053234
38.91041454620732,34.536374143909455
39.308054582779846,35.0665608593395
39.838241298209894,35.596747574769545
40.50097469249745,36.92221436334465
41.16370808678501,36.524574326772125
41.7601681416438,37.717494436489716
42.22408151764509,37.85004111534723
42.09153483878758,40.898614729069976
41.82644148107256,40.36842801363994
41.36252810507127,39.838241298209894
40.19169910849659,39.308054582779846
41.69389480221505,38.91041454620732
41.16370808678501,41.95898815993007
43.019361590790155,41.428801444500024
44.477375058222776,40.898614729069976
41.69389480221505,40.36842801363994
40.76606805021247,39.838241298209894
40.50097469249745,39.308054582779846
40.10333465592491,38.84414120677856
39.44060126163736,38.247681151919764
39.17550790392234,37.85004111534723
38.77786786734981,39.9707879770674
38.247681151919764,39.308054582779846
37.85004111534723,38.77786786734981
39.308054582779846,41.82644148107256
40.10333465592491,41.16370808678501
40.76606805021247,40.63352137135496
41.03116140792749,43.019361590790155
37.717494436489716,42.48917487536011
38.91041454620732,41.95898815993007
39.08714345135067,41.428801444500024
40.36842801363994,40.96488806849874
39.838241298209894,40.36842801363994
40.898614729069976,39.9707879770674
40.76606805021247,39.9707879770674
40.50097469249745,40.10333465592491
39.9707879770674,40.76606805021247
39.705694619352386,41.428801444500024
39.308054582779846,45.14010845251033
38.77786786734981,44.609921737080285
38.115134473062255,44.079735021650244
37.58494775763221,43.68209498507771
37.31985439991719,48.32122874509059
36.92221436334465,47.923588708518054
36.39202764791461,47.39340199308802
35.464200895912036,50.17688224909574
37.717494436489716,49.6466955336657
37.187307721059675,50.70706896452579
38.51277450963478,50.17688224909574
37.98258779420474,49.779242212523215
37.58494775763221,49.381602175950675
40.10333465592491,48.58632210280561
39.57314794049488,48.05613538737557
39.04296122506483,47.52594867194553
42.48917487536011,47.06203529594424
41.89271482050131,48.38750208451935
41.428801444500024,47.923588708518054
40.898614729069976,47.923588708518054
44.34482837936527,47.32712865365926
43.81464166393522,46.73066859880046
43.28445494850518,46.200481883370415
42.75426823307514,45.670295167940374
42.157808178216335,47.260855314230504
42.55544821478887,46.73066859880046
42.09153483878758,46.33302856222792
43.15190826964766,47.65849535080304
43.81464166393522,47.260855314230504
44.477375058222776,46.86321527765797
45.14010845251033,45.9353885256554
45.14010845251033,45.53774848908286
44.609921737080285,46.46557524108544
44.079735021650244,48.05613538737557
43.5495483062202,47.52594867194553
43.28445494850518,51.76744239538587
44.34482837936527,51.10470900109832
43.81464166393522,50.70706896452579
43.28445494850518,50.17688224909574
42.62172155421762,49.779242212523215
42.09153483878758,49.381602175950675
41.82644148107256,48.851415460520634
54.15328261482107,48.4537754239481
53.49054922053352,47.39340199308802
52.960362505103475,46.73066859880046
52.43017578967343,46.46557524108544
51.899989074243386,45.9353885256554
51.369802358813345,44.079735021650244
50.8396156433833,43.5495483062202
50.309428927953256,43.019361590790155
49.779242212523215,41.16370808678501
49.24905549709317,41.49507478392878
48.718868781663126,41.82644148107256
48.188682066233085,41.16370808678501
47.65849535080304,40.63352137135496
47.12830863537299,40.10333465592491
46.598121919942955,39.57314794049488
46.06793520451291,38.51277450963478
45.53774848908286,37.4524010787747
45.00756177365282,36.92221436334465
44.477375058222776,36.458300987343364
43.94718834279273,35.72929425362706
41.428801444500024,36.39202764791461
40.76606805021247,35.86184093248457
40.23588133478243,35.464200895912036
39.9707879770674,37.4524010787747
62.90136341941679,36.92221436334465
62.37117670398675,38.51277450963478
61.8409899885567,37.98258779420474
61.31080327312666,37.98258779420474
60.78061655769662,38.6453211884923
60.25042984226657,38.247681151919764
59.72024312683653,37.58494775763221
59.19005641140649,37.054761042202166
58.65986969597644,38.6453211884923
58.1296829805464,37.98258779420474
57.59949626511636,37.4524010787747
57.06930954968631,39.37432792220861
56.53912283425627,39.705694619352386
56.00893611882623,39.04296122506483
55.47874940339618,38.51277450963478
54.94856268796614,37.98258779420474
43.28445494850518,37.31985439991719
42.75426823307514,37.054761042202166
42.22408151764509,36.657121005629634
62.90136341941679,36.126934290199586
62.37117670398675,35.72929425362706
61.8409899885567,37.25358106048843
61.31080327312666,38.822050093635646
60.78061655769662,38.247681151919764
60.25042984226657,37.717494436489716
59.72024312683653,40.69979471078371
59.19005641140649,40.10333465592491
58.65986969597644,39.57314794049488
58.1296829805464,40.23588133478243
57.59949626511636,39.44060126163736
57.06930954968631,39.04296122506483
56.53912283425627,40.10333465592491
56.00893611882623,39.57314794049488
55.47874940339618,41.428801444500024
54.94856268796614,40.898614729069976
54.4183759725361,40.50097469249745
53.88818925710605,43.41700162736269
53.35800254167601,42.75426823307514
52.82781582624596,42.22408151764509
52.29762911081592,44.079735021650244
51.76744239538587,42.22408151764509
51.23725567995583,41.69389480221505
50.70706896452579,41.296254765642516
50.17688224909574,43.019361590790155
49.6466955336657,42.62172155421762
49.11650881823566,42.22408151764509
48.58632210280561,41.56134812335753
48.05613538737557,40.898614729069976
47.52594867194553,40.36842801363994
46.99576195651548,39.9707879770674
46.46557524108544,40.898614729069976
45.9353885256554,41.03116140792749
45.40520181022535,39.838241298209894
44.87501509479531,39.44060126163736
44.34482837936527,37.98258779420474
43.81464166393522,38.446501170206034
43.15190826964766,37.85004111534723
42.62172155421762,37.187307721059675
42.09153483878758,36.78966768448714
41.56134812335753,37.78376777591848
40.898614729069976,37.31985439991719
40.36842801363994,38.247681151919764
39.838241298209894,38.84414120677856
39.308054582779846,38.77786786734981
38.77786786734981,38.115134473062255
38.247681151919764,37.4524010787747
37.85004111534723,36.92221436334465
41.95898815993007,36.39202764791461
41.428801444500024,35.86184093248457
40.96488806849874,36.59084766620087
40.36842801363994,36.98848770277341
39.838241298209894,37.4524010787747
39.308054582779846,38.84414120677856
41.428801444500024,38.247681151919764
40.898614729069976,37.85004111534723
40.36842801363994,39.705694619352386
41.95898815993007,39.17550790392234
41.49507478392878,38.51277450963478
40.898614729069976,37.85004111534723
40.36842801363994,37.187307721059675
42.55544821478887,36.524574326772125
43.019361590790155,35.90602315877041
42.3566281965026,37.58494775763221
42.09153483878758,36.92221436334465
43.5495483062202,36.39202764791461
42.9530882513614,38.84414120677856
42.48917487536011,38.247681151919764
42.09153483878758,39.705694619352386
46.46557524108544,39.308054582779846
45.9353885256554,39.04296122506483
45.40520181022535,38.57904784906354
44.87501509479531,38.048861133633494
44.34482837936527,38.51277450963478
43.81464166393522,38.115134473062255
44.87501509479531,37.717494436489716
44.34482837936527,37.054761042202166
43.28445494850518,36.78966768448714
42.75426823307514,36.39202764791461
42.22408151764509,35.72929425362706
41.69389480221505,35.19910753819701
41.16370808678501,34.735194162195725
40.50097469249745,36.524574326772125
39.9707879770674,35.86184093248457
40.898614729069976,36.2594809690571
40.36842801363994,35.79556759305581
39.838241298209894,36.458300987343364
40.898614729069976,37.4524010787747
40.36842801363994,36.98848770277341
39.308054582779846,36.92221436334465
38.91041454620732,36.458300987343364
37.717494436489716,35.92811427191332
36.657121005629634,35.464200895912036
36.126934290199586,36.458300987343364
35.464200895912036,35.99438761134208
34.80146750162448,36.78966768448714
34.4701008044807,38.55695673592062
34.27128078619444,37.98258779420474
33.80736741019315,37.4524010787747
33.40972737362062,39.705694619352386
33.21090735533435,39.17550790392234
32.74699397933306,38.51277450963478
31.090160493614178,37.98258779420474
30.02978706275409,37.51867441820345
29.632147026181556,36.92221436334465
28.174133558748935,39.37432792220861
27.37885348560387,38.77786786734981
26.84866677017383,38.247681151919764
22.209533010160946,37.717494436489716
22.209533010160946,39.838241298209894
18.89586603872317,39.308054582779846
18.23313264443562,38.84414120677856
16.775119177003,38.247681151919764
17.437852571290556,37.58494775763221
16.907665855860508,36.92221436334465
18.36567932329313,38.048861133633494
18.89586603872317,37.4524010787747
18.36567932329313,38.51277450963478
17.702945929005573,37.717494436489716
17.040212534718023,36.2594809690571
16.377479140430466,35.72929425362706
14.256732278710288,35.33165421705452
13.328905526707715,34.867740841053234
12.931265490135182,34.13873410733692
12.268532095847625,33.873640749621906
11.141885325558782,33.47600071304937
12.202258756418871,32.945813997619325
12.53362545356265,32.34935394276053
13.593998884422739,31.752893887901728
13.130085508421452,31.48780053018671
15.184559030712869,31.090160493614178
14.588098975854066,30.55997377818413
14.12418559985278,30.02978706275409
17.040212534718023,29.367053668466532
16.510025819287975,29.101960310751508
15.979839103857934,29.89724038389658
18.100585965578105,29.367053668466532
17.570399250148064,31.222707172471686
18.630772681008153,30.55997377818413
,31.885440566759243
,31.222707172471686
,30.55997377818413
,30.02978706275409
,28.969413631894
,28.306680237606443
,27.643946843318894
,27.113760127888845
,26.583573412458804
,26.185933375886272
,24.19773319302361
,23.667546477593568
,23.13735976216352
,22.07698633130343
,20.4864261850133
,19.95623946958326
,19.42605275415322
,19.95623946958326
,19.42605275415322
,18.630772681008153
,18.100585965578105
,17.437852571290556
,16.907665855860508
,17.437852571290556
,17.702945929005573
,17.040212534718023
,16.510025819287975
,15.71474574614291
,15.052012351855353
,14.12418559985278
,13.726545563280247
,13.06381216899269
,12.53362545356265
,12.003438738132608
,11.605798701560076
,12.268532095847625
,11.870892059275093
,11.208158664987543
,10.545425270699987
,9.750145197554922
,9.219958482124873
,8.822318445552341
,8.358405069551054
,8.027038372407276
,8.623498427266078
,9.087411803267365
,9.617598518697413
