Y(hoy),Y(ayer)
6.834118262689678,6.038838189544613
6.834118262689678,6.569024904974661
6.834118262689678,6.038838189544613
6.70157158383217,6.436478226117146
6.237658207830883,6.038838189544613
5.773744831829596,6.834118262689678
4.647098061540753,6.834118262689678
4.580824722111998,6.436478226117146
4.580824722111998,5.972564850115859
4.448278043254483,5.773744831829596
4.05063800668195,5.773744831829596
2.46007786039182,5.773744831829596
2.5926245392493286,5.243558116399548
2.46007786039182,4.713371400969507
2.5263511998205814,4.183184685539466
2.0624378238192946,3.5867246306806635
1.5322511083892465,3.5204512912519093
1.0020643929591984,3.5204512912519093
1.0020643929591984,3.5204512912519093
0.47187767752916443,2.990264575821868
1.1346110718167068,2.5926245392493286
0.6927888089583405,2.194984502676803
0.20678431981413326,1.664797787246755
-0.12458237732964506,2.0624378238192946
-0.7210424321884403,1.3334310901029767
-1.1849558081897271,1.7973444661042635
-1.6930514104768548,1.2671577506742295
-2.0465092207635536,2.3275311815343116
-2.0465092207635536,2.0624378238192946
-1.4721402790476645,1.2671577506742295
-1.383775826475997,1.1346110718167068
-1.7814158630485224,0.33933099867164174
-2.0465092207635536,0.20678431981413326
-2.0465092207635536,0.20678431981413326
-2.0465092207635536,0.67069769581542
-2.0465092207635536,1.1346110718167068
-2.0465092207635536,0.6044243563866729
-2.0465092207635536,0.14051098038538612
-2.0465092207635536,-0.45594907447342337
-2.0465092207635536,-0.8535891110459488
-2.0023269944777127,-0.8535891110459488
-1.1849558081897271,-0.8535891110459488
-1.648869184191014,-0.8535891110459488
-0.8535891110459488,-0.8535891110459488
-0.8535891110459488,-0.8535891110459488
-0.8535891110459488,-0.8535891110459488
-0.8535891110459488,-0.8535891110459488
-0.8535891110459488,-0.8535891110459488
-0.8535891110459488,-0.8535891110459488
-0.8535891110459488,-0.8535891110459488
-0.8535891110459488,-0.8535891110459488
-0.8535891110459488,-0.8535891110459488
-0.8535891110459488,-0.8535891110459488
-0.7210424321884403,-0.8535891110459488
-0.05830903790088371,-0.8535891110459488
0.38351322495748263,-0.8535891110459488
1.1346110718167068,-0.8535891110459488
0.7369710352441814,-0.8535891110459488
1.2671577506742295,-0.8535891110459488
1.2671577506742295,-0.8535891110459488
1.2671577506742295,-0.8535891110459488
1.2671577506742295,-0.8535891110459488
1.2671577506742295,-0.45594907447342337
1.4438866558175647,-0.05830903790088371
2.23916672896263,-0.654769092759679
1.664797787246755,-0.1908557167583922
2.46007786039182,0.20678431981413326
2.5926245392493286,0.20678431981413326
3.299540159822719,0.20678431981413326
3.5204512912519093,0.20678431981413326
3.5204512912519093,0.20678431981413326
2.8577178969643597,0.20678431981413326
2.3938045209630587,0.20678431981413326
2.46007786039182,0.67069769581542
2.46007786039182,0.20678431981413326
3.0565379152506154,1.1346110718167068
2.46007786039182,0.67069769581542
3.5204512912519093,0.33933099867164174
3.8518179883956876,1.0020643929591984
3.3879046123944008,1.2671577506742295
4.448278043254483,1.7310711266755163
4.580824722111998,2.2612578421055503
4.580824722111998,2.3275311815343116
4.580824722111998,2.3275311815343116
4.580824722111998,2.3938045209630587
5.1110114375420395,2.3275311815343116
4.713371400969507,2.3938045209630587
5.6411981529720805,2.990264575821868
4.978464758684531,3.454177951823155
4.514551382683237,3.7855446489669333
5.1110114375420395,4.315731364396974
4.713371400969507,4.713371400969507
5.6411981529720805,5.508651474114572
5.1110114375420395,4.978464758684531
4.779644740398261,5.773744831829596
5.420287021542897,5.773744831829596
5.707471492400835,5.508651474114572
5.950473736972938,4.845918079827015
6.70157158383217,4.713371400969507
6.237658207830883,4.713371400969507
6.171384868402129,5.177284776970794
5.773744831829596,5.707471492400835
6.834118262689678,5.773744831829596
7.298031638690972,5.906291510687105
6.834118262689678,6.70157158383217
7.761945014692259,6.303931547259637
7.761945014692259,5.972564850115859
7.231758299262211,6.502751565545907
6.834118262689678,7.032938280975948
7.761945014692259,7.496851656977235
7.231758299262211,7.894491693549767
7.894491693549767,8.2921317301223
8.159585051264791,8.822318445552341
8.866500671838182,8.358405069551054
9.087411803267365,7.894491693549767
9.087411803267365,8.888591784981102
9.219958482124873,8.424678408979808
9.926874102698264,9.418778500411143
10.147785234127454,10.015238555269946
10.147785234127454,10.147785234127454
10.147785234127454,10.147785234127454
10.147785234127454,10.479151931271232
10.545425270699987,11.075611986130028
10.015238555269946,11.340705343845052
11.208158664987543,11.340705343845052
11.208158664987543,11.340705343845052
11.208158664987543,11.870892059275093
11.738345380417584,11.340705343845052
11.340705343845052,12.401078774705141
12.268532095847625,12.401078774705141
12.401078774705141,12.401078774705141
12.401078774705141,12.401078774705141
12.467352114133895,12.798718811277674
12.864992150706428,13.395178866136469
12.401078774705141,13.461452205565223
13.328905526707715,13.461452205565223
13.527725544993984,13.461452205565223
13.859092242137756,14.256732278710288
13.461452205565223,13.726545563280247
14.389278957567804,14.521825636425312
13.925365581566517,14.985739012426599
13.527725544993984,15.515925727856647
13.726545563280247,15.582199067285401
14.389278957567804,15.052012351855353
13.925365581566517,14.521825636425312
14.389278957567804,15.184559030712869
13.527725544993984,16.046112443286688
13.593998884422739,15.582199067285401
14.168367826138613,16.510025819287975
14.389278957567804,16.046112443286688
13.726545563280247,16.377479140430466
13.461452205565223,15.847292425000418
13.461452205565223,16.907665855860508
13.461452205565223,17.702945929005573
13.328905526707715,17.17275921357553
12.798718811277674,18.100585965578105
12.401078774705141,18.674954907293987
13.328905526707715,18.630772681008153
12.798718811277674,18.16685930500686
12.798718811277674,18.630772681008153
12.401078774705141,18.23313264443562
12.666172132420158,19.028412717580686
13.328905526707715,18.630772681008153
12.997538829563936,18.16685930500686
12.53362545356265,18.03431262614935
12.401078774705141,18.630772681008153
12.401078774705141,18.23313264443562
12.401078774705141,18.36567932329313
12.33480543527638,17.968039286720597
12.268532095847625,18.962139378151925
11.605798701560076,19.028412717580686
11.141885325558782,18.498226002150638
11.605798701560076,17.968039286720597
11.075611986130028,17.968039286720597
12.268532095847625,17.968039286720597
11.738345380417584,17.968039286720597
11.274432004416298,17.901765947291842
11.208158664987543,17.570399250148064
11.075611986130028,17.040212534718023
10.81051862841501,16.775119177003
10.412878591842478,16.775119177003
11.208158664987543,16.775119177003
10.677971949557495,16.775119177003
10.280331912984963,16.775119177003
10.015238555269946,16.775119177003
10.015238555269946,16.510025819287975
9.750145197554922,15.979839103857934
9.219958482124873,15.582199067285401
8.557225087837324,15.582199067285401
8.027038372407276,15.515925727856647
8.601407314123158,14.985739012426599
8.822318445552341,14.65437231528282
8.2921317301223,15.317105709570377
7.960765032978522,15.184559030712869
7.828218354121013,14.65437231528282
7.761945014692259,14.65437231528282
7.298031638690972,15.317105709570377
6.9003916021184395,15.184559030712869
6.70157158383217,14.720645654711582
6.038838189544613,14.455552296996558
5.773744831829596,13.925365581566517
5.773744831829596,13.461452205565223
5.707471492400835,13.06381216899269
5.6411981529720805,12.467352114133895
4.978464758684531,12.268532095847625
4.580824722111998,11.738345380417584
4.647098061540753,11.274432004416298
5.177284776970794,10.94306530727252
5.6411981529720805,10.479151931271232
5.773744831829596,9.948965215841184
5.773744831829596,9.418778500411143
5.773744831829596,10.015238555269946
5.773744831829596,9.485051839839898
5.773744831829596,10.015238555269946
5.773744831829596,9.418778500411143
5.773744831829596,8.954865124409856
5.773744831829596,8.954865124409856
5.773744831829596,8.888591784981102
5.773744831829596,8.358405069551054
5.773744831829596,7.894491693549767
5.773744831829596,7.828218354121013
5.773744831829596,7.231758299262211
5.773744831829596,6.834118262689678
5.773744831829596,6.834118262689678
5.773744831829596,6.834118262689678
5.773744831829596,6.966664941547194
5.773744831829596,7.761945014692259
5.773744831829596,7.364304978119726
5.773744831829596,7.231758299262211
5.950473736972938,6.834118262689678
6.502751565545907,7.032938280975948
6.834118262689678,7.629398335834743
6.834118262689678,7.231758299262211
6.9003916021184395,6.834118262689678
8.027038372407276,6.9003916021184395
7.496851656977235,7.629398335834743
6.966664941547194,7.099211620404702
8.557225087837324,7.496851656977235
8.115402824978958,6.966664941547194
7.960765032978522,6.834118262689678
8.071220598693117,6.834118262689678
8.557225087837324,6.834118262689678
9.02113846383861,6.834118262689678
9.131594029553199,6.834118262689678
10.015238555269946,6.834118262689678
9.352505160982389,6.834118262689678
10.677971949557495,6.834118262689678
11.67207204098883,6.834118262689678
12.268532095847625,6.834118262689678
12.401078774705141,6.834118262689678
12.401078774705141,6.834118262689678
12.798718811277674,6.834118262689678
13.461452205565223,6.966664941547194
14.168367826138613,7.761945014692259
14.65437231528282,7.364304978119726
15.493834614713727,7.2759405255480445
14.919465672997845,7.828218354121013
15.71474574614291,8.027038372407276
15.184559030712869,8.888591784981102
14.65437231528282,8.424678408979808
15.317105709570377,8.954865124409856
15.979839103857934,8.954865124409856
16.510025819287975,8.954865124409856
16.377479140430466,9.750145197554922
15.847292425000418,9.219958482124873
15.582199067285401,10.280331912984963
16.775119177003,11.075611986130028
16.244932461572958,10.545425270699987
16.775119177003,11.340705343845052
17.17275921357553,11.340705343845052
16.64257249814549,11.870892059275093
17.835492607863088,12.268532095847625
18.36567932329313,11.605798701560076
18.89586603872317,12.003438738132608
18.23313264443562,12.401078774705141
17.769219268434327,12.401078774705141
17.702945929005573,12.401078774705141
17.437852571290556,12.401078774705141
16.907665855860508,11.870892059275093
16.244932461572958,11.406978683273806
15.847292425000418,12.666172132420158
15.250832370141623,12.003438738132608
14.720645654711582,13.395178866136469
14.190458939281534,13.461452205565223
13.638181110708572,13.461452205565223
14.389278957567804,13.461452205565223
13.859092242137756,13.461452205565223
13.328905526707715,13.461452205565223
12.798718811277674,13.925365581566517
12.268532095847625,14.455552296996558
11.738345380417584,14.521825636425312
11.274432004416298,14.521825636425312
12.135985416990117,15.052012351855353
11.47325202270256,15.582199067285401
12.268532095847625,15.582199067285401
11.738345380417584,15.582199067285401
11.075611986130028,15.449652388427886
10.479151931271232,14.985739012426599
10.0815118946987,14.65437231528282
10.147785234127454,15.317105709570377
9.683871858126167,15.052012351855353
9.087411803267365,14.65437231528282
8.424678408979808,15.449652388427886
7.960765032978522,15.052012351855353
7.894491693549767,14.919465672997845
7.761945014692259,14.455552296996558
7.364304978119726,13.925365581566517
6.9003916021184395,13.328905526707715
7.761945014692259,12.666172132420158
,11.870892059275093
,11.340705343845052
,10.94306530727252
,10.280331912984963
,10.147785234127454
,9.88269187641243
,9.219958482124873
,8.424678408979808
,8.822318445552341
,8.358405069551054
,7.894491693549767
,7.231758299262211
,6.834118262689678
