Y(hoy),Y(ayer)
9.02113846383861,12.401078774705141
9.087411803267365,12.401078774705141
8.954865124409856,12.401078774705141
8.689771766694832,12.401078774705141
8.159585051264791,12.401078774705141
7.894491693549767,12.401078774705141
7.761945014692259,12.268532095847625
7.231758299262211,11.738345380417584
6.569024904974661,11.340705343845052
6.303931547259637,12.003438738132608
5.773744831829596,11.539525362131315
5.508651474114572,11.009338646701273
5.243558116399548,10.412878591842478
4.845918079827015,10.015238555269946
4.514551382683237,9.219958482124873
4.580824722111998,9.15368514269612
3.918091327824442,9.750145197554922
3.454177951823155,9.617598518697413
3.5204512912519093,9.15368514269612
3.5204512912519093,9.15368514269612
2.990264575821868,9.750145197554922
2.46007786039182,10.280331912984963
2.46007786039182,11.075611986130028
2.3275311815343116,10.545425270699987
2.0624378238192946,11.340705343845052
1.5322511083892465,11.340705343845052
1.2671577506742295,11.738345380417584
1.2671577506742295,12.33480543527638
1.2671577506742295,12.401078774705141
1.2671577506742295,12.401078774705141
1.2008844112454682,12.401078774705141
1.1346110718167068,12.401078774705141
0.67069769581542,12.401078774705141
0.2730576592428946,12.864992150706428
0.20678431981413326,13.196358847850206
0.20678431981413326,12.599898792991404
0.20678431981413326,12.467352114133895
0.20678431981413326,13.06381216899269
0.07423764095662477,12.33480543527638
-0.25712905618715354,11.738345380417584
-0.7210424321884403,11.340705343845052
-0.8535891110459488,11.274432004416298
-0.8535891110459488,11.274432004416298
-0.8535891110459488,10.94306530727252
-0.8535891110459488,10.280331912984963
-0.8535891110459488,9.617598518697413
-0.8535891110459488,8.954865124409856
-0.8535891110459488,8.2921317301223
-0.8535891110459488,7.629398335834743
-0.8535891110459488,6.966664941547194
-0.9198624504747102,6.502751565545907
-0.9861357899034573,5.972564850115859
-1.450049165904744,5.773744831829596
-1.8476892024772837,5.243558116399548
-1.2512291476184885,4.713371400969507
-0.9861357899034573,4.713371400969507
-1.5163225053335054,4.580824722111998
-1.9802358813347922,4.05063800668195
-0.9861357899034573,3.5867246306806635
-1.5163225053335054,3.3879046123944008
-1.913962541906045,2.7914445575355984
-1.5163225053335054,2.3275311815343116
-1.9802358813347922,2.3275311815343116
-2.0465092207635536,2.2612578421055503
-2.0465092207635536,1.7310711266755163
-1.5163225053335054,1.2671577506742295
-1.913962541906045,1.2671577506742295
-0.9861357899034573,1.2671577506742295
-1.5163225053335054,1.2671577506742295
-1.8476892024772837,1.2671577506742295
-1.2070469213326476,1.1346110718167068
-0.9198624504747102,0.6044243563866729
-0.8535891110459488,0.20678431981413326
-0.8535891110459488,0.2730576592428946
-0.8535891110459488,0.8695177141016899
-0.8535891110459488,0.47187767752916443
-0.8535891110459488,1.2671577506742295
-0.7873157716172017,1.2671577506742295
-0.05830903790088371,1.2671577506742295
-0.5884957533309318,1.2671577506742295
0.20678431981413326,1.2671577506742295
0.33933099867164174,1.2671577506742295
0.8695177141016899,1.2671577506742295
1.5985244478179936,1.2671577506742295
2.46007786039182,1.2671577506742295
1.929891144961772,1.2671577506742295
3.0565379152506154,1.2671577506742295
3.5204512912519093,1.2671577506742295
3.5204512912519093,1.7310711266755163
4.05063800668195,2.194984502676803
3.5204512912519093,1.7310711266755163
4.580824722111998,1.399704429531738
4.845918079827015,2.0624378238192946
4.448278043254483,2.3275311815343116
5.420287021542897,2.3275311815343116
5.950473736972938,2.3275311815343116
5.508651474114572,2.3275311815343116
7.231758299262211,2.3938045209630587
6.70157158383217,2.3275311815343116
9.087411803267365,2.3275311815343116
8.623498427266078,2.5263511998205814
8.027038372407276,3.1228112546793767
9.683871858126167,3.5204512912519093
10.677971949557495,3.5204512912519093
10.214058573556208,3.8518179883956876
12.798718811277674,4.448278043254483
12.268532095847625,4.713371400969507
11.738345380417584,4.713371400969507
11.208158664987543,4.713371400969507
13.373087752993548,4.713371400969507
14.919465672997845,4.713371400969507
14.389278957567804,4.713371400969507
13.859092242137756,4.779644740398261
13.461452205565223,5.3761047952570635
16.775119177003,4.779644740398261
16.311205801001712,4.91219141925577
15.71474574614291,5.442378134685818
17.371579231861794,5.906291510687105
17.968039286720597,6.436478226117146
18.674954907293987,6.834118262689678
18.962139378151925,6.834118262689678
19.42605275415322,6.767844923260924
19.95623946958326,6.171384868402129
20.265515053584117,5.773744831829596
21.590981842159223,6.767844923260924
21.01661290044335,6.303931547259637
22.916448630734337,6.834118262689678
22.342079689018455,6.834118262689678
24.19773319302361,6.834118262689678
23.733819817022322,6.9003916021184395
25.78829333931374,7.629398335834743
25.258106623883698,7.099211620404702
24.72791990845365,7.894491693549767
27.643946843318894,8.2921317301223
27.113760127888845,8.888591784981102
26.583573412458804,8.954865124409856
29.013595858179833,9.418778500411143
28.43922691646396,10.015238555269946
30.294880420469113,10.147785234127454
29.764693705039065,10.147785234127454
31.62034720904422,10.147785234127454
31.156433833042932,10.412878591842478
32.72490286619014,11.075611986130028
32.15053392447426,11.340705343845052
34.050369654765255,11.539525362131315
33.47600071304937,12.003438738132608
36.92221436334465,12.53362545356265
36.2594809690571,13.06381216899269
35.79556759305581,13.461452205565223
35.33165421705452,13.461452205565223
34.80146750162448,13.461452205565223
39.838241298209894,13.925365581566517
39.308054582779846,14.389278957567804
38.84414120677856,13.925365581566517
38.247681151919764,13.593998884422739
37.717494436489716,14.190458939281534
40.10333465592491,14.65437231528282
40.6777035976408,15.184559030712869
41.03116140792749,15.648472406714156
40.898614729069976,15.979839103857934
40.43470135306869,16.64257249814549
40.037061316496164,16.775119177003
39.838241298209894,17.106485874146777
39.17550790392234,17.702945929005573
39.08714345135067,17.968039286720597
39.838241298209894,17.702945929005573
39.308054582779846,17.106485874146777
39.838241298209894,17.570399250148064
39.37432792220861,17.17275921357553
38.6453211884923,17.040212534718023
38.115134473062255,18.23313264443562
37.717494436489716,17.570399250148064
38.6453211884923,18.763319359865662
37.98258779420474,18.23313264443562
38.91041454620732,17.835492607863088
38.84414120677856,17.30530589243304
38.77786786734981,16.841392516431753
38.31395449134852,16.841392516431753
37.916314454775986,17.437852571290556
37.4524010787747,17.570399250148064
36.92221436334465,17.106485874146777
36.39202764791461,17.570399250148064
35.86184093248457,17.17275921357553
35.464200895912036,17.30530589243304
36.657121005629634,16.841392516431753
36.126934290199586,16.57629915871673
36.657121005629634,16.046112443286688
36.657121005629634,16.57629915871673
35.99438761134208,16.112385782715442
35.72929425362706,16.775119177003
35.33165421705452,16.775119177003
34.66892082276697,17.040212534718023
34.40382746505195,17.570399250148064
34.27128078619444,16.907665855860508
33.74109407076439,16.244932461572958
33.07836067647684,15.847292425000418
32.81326731876182,16.907665855860508
32.45980950847512,17.702945929005573
33.21090735533435,17.968039286720597
32.87954065819057,17.437852571290556
32.415627282189284,16.97393919528926
32.15053392447426,17.570399250148064
31.48780053018671,17.106485874146777
30.891340475327908,16.64257249814549
30.294880420469113,16.244932461572958
29.632147026181556,15.781019085571664
28.969413631894,15.515925727856647
28.43922691646396,15.052012351855353
27.90904020103391,14.588098975854066
27.776493522176402,14.389278957567804
27.776493522176402,13.859092242137756
27.776493522176402,13.328905526707715
27.776493522176402,12.864992150706428
27.953222427319744,12.401078774705141
28.770593613607737,12.135985416990117
28.174133558748935,11.539525362131315
29.367053668466532,11.340705343845052
30.02978706275409,10.94306530727252
30.02978706275409,10.412878591842478
29.89724038389658,10.0815118946987
29.367053668466532,10.147785234127454
29.101960310751508,10.147785234127454
28.571773595321467,9.948965215841184
28.041586879891426,9.485051839839898
28.83686695303649,9.087411803267365
28.174133558748935,8.623498427266078
29.234506989609024,8.115402824978958
28.83686695303649,8.557225087837324
30.825067135899154,8.954865124409856
30.162333741611597,8.888591784981102
29.764693705039065,8.557225087837324
30.825067135899154,8.093311711836037
30.294880420469113,7.894491693549767
29.764693705039065,7.894491693549767
29.234506989609024,7.894491693549767
28.83686695303649,8.358405069551054
29.89724038389658,7.894491693549767
29.234506989609024,8.888591784981102
30.162333741611597,8.954865124409856
30.825067135899154,8.954865124409856
31.355253851329195,9.418778500411143
31.929622793045077,9.88269187641243
31.752893887901728,9.396687387268223
31.28898051190044,10.015238555269946
32.15053392447426,10.147785234127454
31.62034720904422,10.147785234127454
30.957613814756662,10.81051862841501
30.692520457041645,10.280331912984963
30.162333741611597,10.94306530727252
29.89724038389658,10.545425270699987
30.02978706275409,10.147785234127454
29.89724038389658,9.683871858126167
29.367053668466532,9.286231821553635
28.83686695303649,10.015238555269946
30.339062646754947,9.485051839839898
29.764693705039065,10.147785234127454
29.234506989609024,10.147785234127454
31.090160493614178,10.147785234127454
31.090160493614178,10.81051862841501
31.090160493614178,10.280331912984963
31.090160493614178,10.94306530727252
30.42742709932662,10.479151931271232
29.963513723325335,11.075611986130028
30.02978706275409,10.545425270699987
30.02978706275409,11.340705343845052
30.02978706275409,11.340705343845052
30.825067135899154,11.738345380417584
30.294880420469113,12.33480543527638
31.48780053018671,12.401078774705141
32.15053392447426,12.401078774705141
31.62034720904422,12.467352114133895
31.222707172471686,13.196358847850206
31.752893887901728,12.666172132420158
32.415627282189284,12.798718811277674
32.98999622390516,12.401078774705141
33.21090735533435,13.395178866136469
32.68072063990431,12.931265490135182
32.283080603331776,13.461452205565223
33.21090735533435,13.461452205565223
32.68072063990431,13.925365581566517
33.47600071304937,13.461452205565223
34.13873410733692,14.389278957567804
34.27128078619444,13.925365581566517
33.80736741019315,13.461452205565223
34.27128078619444,14.985739012426599
33.40972737362062,14.389278957567804
35.464200895912036,13.991638920995271
34.80146750162448,15.515925727856647
34.40382746505195,15.979839103857934
36.39202764791461,16.64257249814549
35.86184093248457,16.907665855860508
35.464200895912036,17.30530589243304
38.247681151919764,17.901765947291842
37.78376777591848,18.100585965578105
37.187307721059675,18.630772681008153
40.898614729069976,18.962139378151925
40.36842801363994,18.630772681008153
39.90451463763865,18.16685930500686
39.308054582779846,18.697046020436908
38.77786786734981,18.23313264443562
43.019361590790155,19.160959396438194
42.42290153593136,19.691146111868235
41.95898815993007,20.088786148440768
41.428801444500024,20.884066221585833
43.019361590790155,20.353879506155792
42.48917487536011,21.149159579300857
42.09153483878758,21.082886239872103
44.079735021650244,20.552699524442062
43.41700162736269,20.088786148440768
42.9530882513614,21.613072955302144
44.079735021650244,21.01661290044335
43.5495483062202,20.4864261850133
42.48917487536011,21.944439652445922
41.95898815993007,21.347979597587127
41.49507478392878,21.149159579300857
40.76606805021247,21.149159579300857
40.50097469249745,20.884066221585833
40.10333465592491,20.287606166727038
39.9707879770674,20.751519542728325
39.90451463763865,21.149159579300857
39.838241298209894,20.751519542728325
39.308054582779846,20.15505948786953
38.6453211884923,20.221332827298284
38.115134473062255,21.01661290044335
37.85004111534723,20.618972863870816
38.77786786734981,20.4864261850133
38.247681151919764,20.088786148440768
38.91041454620732,20.884066221585833
39.17550790392234,20.618972863870816
39.838241298209894,20.221332827298284
39.838241298209894,19.558599433010727
39.308054582779846,19.028412717580686
38.77786786734981,18.498226002150638
38.247681151919764,17.968039286720597
37.717494436489716,17.570399250148064
37.054761042202166,17.17275921357553
36.78966768448714,16.775119177003
36.2594809690571,16.244932461572958
35.99438761134208,15.71474574614291
35.596747574769545,15.582199067285401
34.93401418048199,15.515925727856647
34.536374143909455,15.184559030712869
34.4701008044807,14.65437231528282
34.27128078619444,13.991638920995271
33.74109407076439,13.593998884422739
33.07836067647684,14.12418559985278
32.415627282189284,14.919465672997845
31.885440566759243,15.449652388427886
31.355253851329195,14.985739012426599
30.825067135899154,14.521825636425312
30.162333741611597,14.12418559985278
29.89724038389658,13.527725544993984
29.49960034732404,13.328905526707715
28.83686695303649,12.798718811277674
28.174133558748935,12.33480543527638
29.764693705039065,12.003438738132608
29.101960310751508,11.539525362131315
28.571773595321467,11.340705343845052
28.174133558748935,
28.969413631894,
28.43922691646396,
27.776493522176402,
27.24630680674636,
26.782393430745074,
27.643946843318894,
27.113760127888845,
26.451026733601296,
26.185933375886272,
25.78829333931374,
26.053386697028763,
25.65574666045623,
26.583573412458804,
27.24630680674636,
27.90904020103391,
28.43922691646396,
28.704320274178976,
28.174133558748935,
27.511400164461378,
26.981213449031337,
26.31848005474378,
25.65574666045623,
25.05928660559743,
24.59537322959614,
25.05928660559743,
25.523199981598715,
25.920840018171248,
26.583573412458804,
26.583573412458804,
26.053386697028763,
25.722019999884985,
26.384753394172535,
26.981213449031337,
27.643946843318894,
27.776493522176402,
28.041586879891426,
28.704320274178976,
28.704320274178976,
28.041586879891426,
27.37885348560387,
26.84866677017383,
27.423035711889703,
28.21831578503477,
29.49960034732404,
29.035686971322754,
30.02978706275409,
30.02978706275409,
30.55997377818413,
30.02978706275409,
31.090160493614178,
30.42742709932662,
29.963513723325335,
30.42742709932662,
29.89724038389658,
31.090160493614178,
31.090160493614178,
31.090160493614178,
30.42742709932662,
30.162333741611597,
29.764693705039065,
29.234506989609024,
28.83686695303649,
30.02978706275409,
31.090160493614178,
30.55997377818413,
31.355253851329195,
30.957613814756662,
32.01798724561675,
32.15053392447426,
31.48780053018671,
30.957613814756662,
30.294880420469113,
29.89724038389658,
30.825067135899154,
31.355253851329195,
31.929622793045077,
31.885440566759243,
31.355253851329195,
31.023887154185417,
31.090160493614178,
30.626247117612884,
31.090160493614178,
30.02978706275409,
29.49960034732404,
28.969413631894,
29.367053668466532,
28.83686695303649,
30.02978706275409,
30.626247117612884,
31.222707172471686,
31.885440566759243,
31.885440566759243,
31.355253851329195,
30.825067135899154,
30.294880420469113,
29.764693705039065,
29.101960310751508,
28.83686695303649,
29.035686971322754,
29.565873686752802,
30.02978706275409,
29.89724038389658,
29.632147026181556,
29.101960310751508,
28.83686695303649,
28.83686695303649,
28.571773595321467,
28.174133558748935,
27.643946843318894,
27.180033467317607,
26.782393430745074,
26.782393430745074,
27.180033467317607,
26.716120091316313,
27.643946843318894,
27.113760127888845,
26.451026733601296,
25.854566678742493,
25.258106623883698,
24.59537322959614,
23.932639835308585,
23.402453119878544,
22.872266404448496,
22.342079689018455,
22.342079689018455,
22.2758063495897,
21.679346294730898,
21.41425293701588,
21.01661290044335,
20.4864261850133,
20.088786148440768,
19.95623946958326,
19.42605275415322,
18.89586603872317,
18.431952662721883,
17.702945929005573,
17.437852571290556,
17.040212534718023,
16.510025819287975,
16.112385782715442,
16.775119177003,
16.775119177003,
16.775119177003,
16.112385782715442,
15.847292425000418,
15.317105709570377,
14.786918994140336,
14.057912260424025,
13.461452205565223,
12.798718811277674,
12.268532095847625,
11.738345380417584,
11.274432004416298,
11.208158664987543,
10.74424528898625,
10.214058573556208,
9.683871858126167,
9.087411803267365,
8.424678408979808,
7.960765032978522,
8.159585051264791,
8.822318445552341,
