Y(hoy),Y(ayer)
6.834118262689678,5.707471492400835
6.70157158383217,5.3761047952570635
6.038838189544613,4.91219141925577
5.773744831829596,4.713371400969507
5.6411981529720805,4.713371400969507
5.1110114375420395,3.918091327824442
4.647098061540753,3.5204512912519093
4.580824722111998,3.5204512912519093
4.580824722111998,2.990264575821868
4.05063800668195,2.46007786039182
3.5867246306806635,2.0624378238192946
3.078629028393536,1.5985244478179936
2.5926245392493286,2.1287111632480418
2.5263511998205814,1.7973444661042635
1.5322511083892465,1.399704429531738
1.0020643929591984,1.1346110718167068
0.9136999403875308,0.33933099867164174
0.47187767752916443,0.20678431981413326
1.1346110718167068,0.20678431981413326
0.5381510169579116,-0.3234023956159007
0.20678431981413326,-0.8535891110459488
0.20678431981413326,-0.3234023956159007
0.20678431981413326,-0.1908557167583922
0.20678431981413326,-0.654769092759679
0.14051098038538612,-0.1908557167583922
-0.05830903790088371,-0.5884957533309318
-0.45594907447342337,-0.45594907447342337
-0.5884957533309318,-0.8535891110459488
-0.45594907447342337,-0.8535891110459488
0.07423764095662477,-0.8535891110459488
0.20678431981413326,-0.8535891110459488
0.20678431981413326,-0.8535891110459488
0.47187767752916443,-0.8535891110459488
0.9136999403875308,-0.8535891110459488
1.399704429531738,-0.8535891110459488
3.918091327824442,-0.8535891110459488
3.3879046123944008,-0.8535891110459488
2.3275311815343116,-0.8535891110459488
4.647098061540753,-0.8535891110459488
5.177284776970794,-0.8535891110459488
5.707471492400835,-0.8535891110459488
11.208158664987543,-0.8535891110459488
10.81051862841501,-0.8535891110459488
12.268532095847625,-0.8535891110459488
11.738345380417584,-0.8535891110459488
12.931265490135182,-0.8535891110459488
15.979839103857934,-0.8535891110459488
15.582199067285401,-0.8535891110459488
17.968039286720597,-0.8535891110459488
17.040212534718023,-0.8535891110459488
16.64257249814549,-0.3234023956159007
19.22723273586695,0.20678431981413326
18.763319359865662,0.20678431981413326
19.691146111868235,0.20678431981413326
22.07698633130343,0.20678431981413326
21.679346294730898,0.20678431981413326
23.402453119878544,-0.1908557167583922
29.49960034732404,-0.654769092759679
28.969413631894,-0.1908557167583922
25.523199981598715,0.20678431981413326
25.125559945026183,0.2730576592428946
31.48780053018671,0.9357910535304512
34.536374143909455,0.47187767752916443
34.13873410733692,1.5322511083892465
35.86184093248457,2.194984502676803
35.33165421705452,2.8577178969643597
36.92221436334465,3.255357933536885
36.39202764791461,4.05063800668195
38.247681151919764,4.448278043254483
37.717494436489716,4.713371400969507
39.57314794049488,5.1110114375420395
39.04296122506483,5.6411981529720805
41.428801444500024,6.303931547259637
40.898614729069976,7.231758299262211
43.28445494850518,8.557225087837324
42.75426823307514,8.159585051264791
44.477375058222776,9.352505160982389
44.87501509479531,10.015238555269946
44.477375058222776,11.738345380417584
47.52594867194553,11.208158664987543
46.99576195651548,10.81051862841501
46.46557524108544,12.53362545356265
46.00166186508415,12.135985416990117
45.53774848908286,12.931265490135182
44.477375058222776,14.12418559985278
47.260855314230504,13.726545563280247
46.73066859880046,16.510025819287975
46.200481883370415,15.979839103857934
45.670295167940374,15.449652388427886
45.14010845251033,17.17275921357553
44.609921737080285,17.702945929005573
44.21228170050775,17.968039286720597
43.019361590790155,19.82369279072575
42.48917487536011,19.160959396438194
42.09153483878758,18.763319359865662
43.41700162736269,20.221332827298284
42.886814911932646,20.751519542728325
43.94718834279273,21.811892973588414
43.41700162736269,23.932639835308585
42.09153483878758,23.402453119878544
42.48917487536011,22.872266404448496
43.019361590790155,25.920840018171248
41.95898815993007,25.258106623883698
41.428801444500024,27.643946843318894
40.96488806849874,27.113760127888845
40.36842801363994,29.764693705039065
39.9707879770674,29.234506989609024
41.82644148107256,32.15053392447426
41.36252810507127,31.62034720904422
40.898614729069976,31.222707172471686
41.82644148107256,33.60854739190688
41.296254765642516,34.13873410733692
41.03116140792749,35.33165421705452
42.22408151764509,34.80146750162448
41.69389480221505,36.657121005629634
42.79845045936097,36.126934290199586
41.69389480221505,35.72929425362706
41.296254765642516,37.98258779420474
40.23588133478243,37.4524010787747
39.705694619352386,37.054761042202166
39.17550790392234,39.308054582779846
37.65122109706097,38.77786786734981
37.717494436489716,38.38022783077727
37.31985439991719,41.16370808678501
37.85004111534723,40.63352137135496
36.657121005629634,40.10333465592491
36.2594809690571,43.019361590790155
35.86184093248457,42.48917487536011
35.464200895912036,41.95898815993007
34.93401418048199,44.87501509479531
34.66892082276697,44.477375058222776
34.27128078619444,45.53774848908286
33.60854739190688,45.00756177365282
33.34345403419186,44.411101718794015
34.80146750162448,44.21228170050775
34.40382746505195,43.59373053250604
34.80146750162448,44.34482837936527
34.27128078619444,43.94718834279273
33.674820731335636,45.14010845251033
31.355253851329195,44.74246841593779
30.891340475327908,44.477375058222776
30.294880420469113,43.81464166393522
29.89724038389658,43.28445494850518
30.825067135899154,42.75426823307514
31.355253851329195,42.3566281965026
32.01798724561675,44.079735021650244
31.023887154185417,43.61582164564895
31.62034720904422,43.5495483062202
31.222707172471686,43.085634930218916
32.216807263903014,42.55544821478887
31.752893887901728,43.085634930218916
30.294880420469113,42.62172155421762
31.62034720904422,43.35072828793393
31.156433833042932,43.85882389022106
33.21090735533435,43.81464166393522
32.68072063990431,43.28445494850518
32.216807263903014,42.75426823307514
30.02978706275409,41.95898815993007
30.162333741611597,41.428801444500024
32.945813997619325,41.03116140792749
32.415627282189284,40.10333465592491
31.885440566759243,40.10333465592491
31.355253851329195,40.63352137135496
30.957613814756662,40.23588133478243
31.885440566759243,39.57314794049488
31.28898051190044,39.04296122506483
35.33165421705452,38.048861133633494
34.80146750162448,38.51277450963478
34.40382746505195,38.115134473062255
33.21090735533435,37.31985439991719
32.68072063990431,36.657121005629634
33.74109407076439,36.126934290199586
35.33165421705452,35.596747574769545
34.80146750162448,35.464200895912036
34.40382746505195,34.80146750162448
33.21090735533435,34.27128078619444
32.54817396104679,33.74109407076439
32.01798724561675,33.34345403419186
31.48780053018671,32.68072063990431
30.957613814756662,32.01798724561675
30.42742709932662,31.42152719075795
30.02978706275409,32.15053392447426
33.21090735533435,32.01798724561675
32.74699397933306,31.42152719075795
32.15053392447426,31.885440566759243
31.62034720904422,32.283080603331776
31.090160493614178,31.62034720904422
33.21090735533435,30.957613814756662
32.54817396104679,30.692520457041645
31.951713906187997,30.294880420469113
31.39943607761503,32.98999622390516
32.194716150760094,32.415627282189284
31.62034720904422,31.885440566759243
33.47600071304937,31.48780053018671
32.945813997619325,33.80736741019315
32.283080603331776,34.27128078619444
33.21090735533435,33.74109407076439
32.68072063990431,33.21090735533435
32.01798724561675,32.68072063990431
31.355253851329195,31.355253851329195
31.885440566759243,30.55997377818413
32.945813997619325,30.162333741611597
32.34935394276053,32.945813997619325
32.415627282189284,32.415627282189284
31.752893887901728,32.01798724561675
31.222707172471686,34.27128078619444
30.55997377818413,33.74109407076439
30.02978706275409,33.34345403419186
31.929622793045077,33.873640749621906
31.355253851329195,34.27128078619444
32.68072063990431,33.873640749621906
34.27128078619444,33.47600071304937
34.40382746505195,34.33755412562319
33.74109407076439,33.873640749621906
31.885440566759243,34.80146750162448
31.222707172471686,35.39792755648328
32.68072063990431,35.464200895912036
34.536374143909455,35.0665608593395
34.006187428479414,34.60264748333822
33.47600071304937,34.40382746505195
32.01798724561675,34.40382746505195
31.355253851329195,33.74109407076439
34.536374143909455,33.34345403419186
37.4524010787747,32.68072063990431
36.78966768448714,32.283080603331776
36.325754308485855,33.80736741019315
37.4524010787747,33.21090735533435
36.92221436334465,34.33755412562319
35.86184093248457,34.27128078619444
35.464200895912036,33.74109407076439
34.13873410733692,33.21090735533435
33.60854739190688,32.68072063990431
33.34345403419186,34.60264748333822
35.13283419876826,34.006187428479414
34.536374143909455,33.60854739190688
34.006187428479414,35.0665608593395
36.657121005629634,34.33755412562319
36.126934290199586,33.74109407076439
35.596747574769545,33.07836067647684
37.85004111534723,32.61444730047555
37.187307721059675,34.006187428479414
38.51277450963478,33.60854739190688
38.51277450963478,34.867740841053234
37.98258779420474,35.33165421705452
37.58494775763221,34.80146750162448
38.38022783077727,34.27128078619444
38.247681151919764,33.74109407076439
37.717494436489716,33.21090735533435
37.187307721059675,32.81326731876182
36.657121005629634,32.283080603331776
36.126934290199586,34.13873410733692
35.6630209141983,33.47600071304937
39.308054582779846,34.40382746505195
38.77786786734981,33.74109407076439
38.247681151919764,33.21090735533435
37.717494436489716,32.68072063990431
37.187307721059675,32.283080603331776
36.657121005629634,33.873640749621906
36.126934290199586,33.21090735533435
35.72929425362706,35.0665608593395
43.5495483062202,34.536374143909455
43.019361590790155,36.39202764791461
42.48917487536011,35.86184093248457
41.95898815993007,35.464200895912036
41.428801444500024,34.536374143909455
40.898614729069976,33.873640749621906
46.46557524108544,33.60854739190688
45.9353885256554,36.325754308485855
45.40520181022535,35.86184093248457
44.87501509479531,35.596747574769545
44.411101718794015,34.867740841053234
45.14010845251033,35.92811427191332
44.609921737080285,35.33165421705452
44.079735021650244,37.58494775763221
43.5495483062202,36.92221436334465
43.15190826964766,36.39202764791461
46.46557524108544,38.84414120677856
45.9353885256554,38.247681151919764
45.53774848908286,39.705694619352386
44.87501509479531,39.2417812433511
44.34482837936527,39.10923456449358
43.68209498507771,39.57314794049488
43.019361590790155,38.6453211884923
42.62172155421762,37.98258779420474
41.69389480221505,37.4524010787747
41.097434747356246,36.92221436334465
42.75426823307514,38.51277450963478
42.22408151764509,38.91041454620732
44.87501509479531,40.898614729069976
43.88091500336398,40.36842801363994
43.28445494850518,39.838241298209894
45.27265513136784,39.308054582779846
44.74246841593779,45.14010845251033
43.81464166393522,44.609921737080285
43.28445494850518,44.079735021650244
42.75426823307514,43.5495483062202
42.22408151764509,43.019361590790155
41.7601681416438,42.48917487536011
41.16370808678501,41.95898815993007
41.69389480221505,46.73066859880046
40.76606805021247,46.200481883370415
42.48917487536011,45.670295167940374
41.95898815993007,47.52594867194553
44.34482837936527,47.06203529594424
43.68209498507771,46.46557524108544
43.15190826964766,45.9353885256554
42.886814911932646,45.40520181022535
42.48917487536011,44.34482837936527
42.09153483878758,43.81464166393522
43.019361590790155,43.28445494850518
42.48917487536011,42.886814911932646
40.898614729069976,42.48917487536011
40.50097469249745,42.09153483878758
38.77786786734981,43.019361590790155
38.38022783077727,42.48917487536011
36.39202764791461,44.079735021650244
35.86184093248457,43.68209498507771
35.464200895912036,44.34482837936527
38.77786786734981,43.81464166393522
38.247681151919764,43.35072828793393
37.85004111534723,43.15190826964766
36.657121005629634,42.886814911932646
38.77786786734981,42.48917487536011
38.247681151919764,41.95898815993007
37.85004111534723,41.428801444500024
43.019361590790155,39.838241298209894
42.3566281965026,39.2417812433511
41.82644148107256,38.91041454620732
41.296254765642516,41.296254765642516
40.76606805021247,40.63352137135496
40.23588133478243,43.019361590790155
39.705694619352386,42.48917487536011
39.17550790392234,41.95898815993007
38.51277450963478,45.18429067879617
37.98258779420474,44.609921737080285
37.4524010787747,44.079735021650244
36.92221436334465,43.68209498507771
36.39202764791461,45.27265513136784
35.86184093248457,44.609921737080285
35.39792755648328,44.079735021650244
33.21090735533435,43.61582164564895
32.68072063990431,42.75426823307514
32.01798724561675,42.3566281965026
31.48780053018671,41.69389480221505
30.957613814756662,40.898614729069976
30.42742709932662,40.50097469249745
29.89724038389658,39.308054582779846
29.367053668466532,38.77786786734981
28.83686695303649,38.247681151919764
28.306680237606443,36.92221436334465
27.776493522176402,37.4524010787747
27.24630680674636,36.92221436334465
26.716120091316313,36.39202764791461
26.185933375886272,35.86184093248457
25.65574666045623,35.33165421705452
43.019361590790155,34.93401418048199
42.48917487536011,34.536374143909455
34.80146750162448,33.21090735533435
34.40382746505195,32.415627282189284
24.993013266168674,31.752893887901728
24.462826550738633,31.222707172471686
23.932639835308585,31.222707172471686
23.402453119878544,31.355253851329195
22.872266404448496,31.951713906187997
22.342079689018455,32.415627282189284
21.811892973588414,32.98999622390516
21.281706258158366,32.68072063990431
20.751519542728325,32.283080603331776
20.221332827298284,32.01798724561675
19.691146111868235,31.355253851329195
19.160959396438194,31.222707172471686
18.630772681008153,32.283080603331776
18.100585965578105,31.62034720904422
17.570399250148064,32.945813997619325
17.040212534718023,33.2771806947631
16.510025819287975,32.945813997619325
15.979839103857934,32.48190062161804
15.449652388427886,32.283080603331776
14.919465672997845,32.283080603331776
14.389278957567804,32.54817396104679
13.859092242137756,33.80736741019315
13.328905526707715,33.21090735533435
12.798718811277674,35.39792755648328
12.268532095847625,34.80146750162448
11.738345380417584,34.27128078619444
11.208158664987543,37.4524010787747
10.545425270699987,36.92221436334465
10.015238555269946,36.39202764791461
9.485051839839898,35.86184093248457
8.954865124409856,36.657121005629634
8.424678408979808,36.126934290199586
7.894491693549767,35.6630209141983
7.364304978119726,35.6630209141983
6.834118262689678,36.17111651648543
6.303931547259637,35.86184093248457
5.773744831829596,35.19910753819701
5.243558116399548,34.735194162195725
4.713371400969507,37.187307721059675
4.183184685539466,36.657121005629634
3.6529979701094177,36.657121005629634
3.1228112546793767,36.126934290199586
2.5926245392493286,34.80146750162448
2.0624378238192946,34.40382746505195
1.5322511083892465,35.39792755648328
1.0020643929591984,34.80146750162448
0.47187767752916443,36.524574326772125
-0.05830903790088371,35.86184093248457
-0.5884957533309318,37.78376777591848
-1.11868246876098,37.187307721059675
-1.648869184191014,38.77786786734981
-2.179055899621062,38.247681151919764
-2.908062633337366,39.308054582779846
-2.974335972766127,40.16960799535367
-2.974335972766127,39.705694619352386
-2.974335972766127,40.63352137135496
-2.974335972766127,40.10333465592491
-2.974335972766127,39.57314794049488
-2.974335972766127,39.17550790392234
-2.974335972766127,38.247681151919764
-2.974335972766127,37.717494436489716
-2.974335972766127,36.39202764791461
-2.974335972766127,35.86184093248457
-2.974335972766127,37.4524010787747
-2.974335972766127,37.054761042202166
-2.974335972766127,37.916314454775986
11.47325202270256,38.51277450963478
10.81051862841501,40.36842801363994
10.280331912984963,39.838241298209894
9.750145197554922,39.308054582779846
9.219958482124873,41.95898815993007
8.689771766694832,41.428801444500024
8.159585051264791,40.96488806849874
7.629398335834743,40.50097469249745
7.099211620404702,40.10333465592491
6.569024904974661,39.57314794049488
6.038838189544613,39.04296122506483
5.508651474114572,38.57904784906354
4.978464758684531,37.98258779420474
4.448278043254483,37.4524010787747
3.918091327824442,36.98848770277341
3.3879046123944008,36.2594809690571
2.923991236393107,36.19320762962835
2.46007786039182,35.72929425362706
1.929891144961772,36.657121005629634
1.399704429531738,37.187307721059675
0.8695177141016899,37.717494436489716
0.33933099867164174,37.4524010787747
-0.1908557167583922,37.054761042202166
-0.7210424321884403,36.657121005629634
-1.2512291476184885,36.126934290199586
-1.7814158630485224,35.72929425362706
-2.3116025784785705,35.33165421705452
-2.8417892939086187,34.80146750162448
30.825067135899154,34.93401418048199
30.162333741611597,35.33165421705452
29.632147026181556,34.536374143909455
29.101960310751508,34.13873410733692
28.571773595321467,33.74109407076439
28.041586879891426,33.34345403419186
27.511400164461378,36.39202764791461
26.981213449031337,35.86184093248457
26.451026733601296,35.39792755648328
25.920840018171248,34.93401418048199
25.390653302741207,35.33165421705452
24.860466587311166,34.80146750162448
24.330279871881118,34.40382746505195
23.800093156451076,34.006187428479414
23.269906441021035,33.54227405247813
22.80599306501974,33.873640749621906
22.342079689018455,34.66892082276697
21.811892973588414,35.19910753819701
21.281706258158366,36.78966768448714
20.751519542728325,36.126934290199586
20.221332827298284,37.4524010787747
19.691146111868235,36.92221436334465
19.160959396438194,36.39202764791461
18.630772681008153,35.99438761134208
18.100585965578105,35.33165421705452
17.570399250148064,34.80146750162448
17.040212534718023,34.40382746505195
16.510025819287975,36.39202764791461
15.979839103857934,35.99438761134208
15.449652388427886,35.596747574769545
14.919465672997845,35.0665608593395
14.389278957567804,34.536374143909455
13.859092242137756,34.13873410733692
13.328905526707715,33.74109407076439
12.798718811277674,33.34345403419186
12.268532095847625,34.60264748333822
30.02978706275409,35.19910753819701
29.49960034732404,35.0665608593395
28.83686695303649,34.536374143909455
28.306680237606443,34.13873410733692
27.842766861605156,33.34345403419186
29.764693705039065,32.54817396104679
29.16823365018027,31.752893887901728
28.704320274178976,31.222707172471686
28.306680237606443,31.355253851329195
31.62034720904422,31.885440566759243
31.023887154185417,32.15053392447426
30.55997377818413,30.825067135899154
32.54817396104679,30.294880420469113
33.25508958162019,29.632147026181556
34.006187428479414,28.969413631894
38.77786786734981,28.505500255892713
38.247681151919764,28.041586879891426
37.85004111534723,27.37885348560387
38.247681151919764,26.84866677017383
34.536374143909455,26.31848005474378
34.07246076790817,25.78829333931374
33.47600071304937,25.258106623883698
34.006187428479414,24.860466587311166
34.27128078619444,24.19773319302361
33.74109407076439,23.667546477593568
33.34345403419186,23.13735976216352
35.33165421705452,22.60717304673348
34.80146750162448,25.523199981598715
36.701303231915475,24.993013266168674
36.126934290199586,24.462826550738633
37.4524010787747,23.932639835308585
37.98258779420474,23.534999798736052
38.6453211884923,23.13735976216352
37.78376777591848,22.60717304673348
38.291863378205605,22.07698633130343
39.08714345135067,21.01661290044335
39.838241298209894,20.088786148440768
39.2417812433511,19.691146111868235
38.91041454620732,19.160959396438194
37.85004111534723,18.697046020436908
38.247681151919764,18.100585965578105
39.838241298209894,17.437852571290556
39.308054582779846,16.775119177003
38.77786786734981,16.311205801001712
38.247681151919764,15.648472406714156
37.717494436489716,16.046112443286688
37.187307721059675,16.510025819287975
36.657121005629634,17.437852571290556
36.126934290199586,16.907665855860508
35.596747574769545,17.437852571290556
35.53047423534079,16.775119177003
35.53047423534079,15.71474574614291
35.64092980105538,15.184559030712869
36.2594809690571,14.786918994140336
35.72929425362706,14.12418559985278
35.0665608593395,13.726545563280247
34.40382746505195,13.06381216899269
33.873640749621906,12.401078774705141
33.40972737362062,11.870892059275093
34.006187428479414,11.517434248988394
35.464200895912036,12.135985416990117
34.33755412562319,11.738345380417584
33.74109407076439,10.81051862841501
33.34345403419186,10.214058573556208
32.945813997619325,10.147785234127454
32.415627282189284,10.280331912984963
31.885440566759243,10.677971949557495
31.355253851329195,
30.825067135899154,
30.294880420469113,
29.89724038389658,
34.006187428479414,
33.34345403419186,
32.87954065819057,
32.415627282189284,
31.885440566759243,
31.48780053018671,
33.21090735533435,
32.54817396104679,
32.283080603331776,
32.98999622390516,
32.415627282189284,
33.873640749621906,
35.596747574769545,
36.657121005629634,
36.126934290199586,
35.0665608593395,
34.536374143909455,
34.006187428479414,
33.47600071304937,
32.81326731876182,
32.283080603331776,
32.01798724561675,
31.62034720904422,
31.222707172471686,
32.945813997619325,
32.415627282189284,
33.74109407076439,
34.27128078619444,
33.21090735533435,
32.68072063990431,
32.01798724561675,
31.48780053018671,
31.222707172471686,
32.15053392447426,
31.62034720904422,
32.74699397933306,
33.21090735533435,
32.54817396104679,
31.222707172471686,
31.686620548472973,
32.15053392447426,
32.01798724561675,
32.283080603331776,
30.825067135899154,
30.42742709932662,
30.02978706275409,
31.090160493614178,
30.55997377818413,
29.49960034732404,
28.83686695303649,
28.306680237606443,
27.643946843318894,
27.113760127888845,
26.583573412458804,
26.185933375886272,
23.667546477593568,
23.269906441021035,
22.474626367875963,
19.95623946958326,
19.293506075295703,
19.028412717580686,
19.42605275415322,
19.95623946958326,
19.42605275415322,
18.763319359865662,
18.498226002150638,
18.100585965578105,
17.570399250148064,
15.71474574614291,
15.317105709570377,
14.919465672997845,
14.389278957567804,
13.593998884422739,
12.931265490135182,
12.401078774705141,
12.401078774705141,
11.274432004416298,
11.208158664987543,
11.274432004416298,
