Y(hoy),Y(ayer)
,9.219958482124873
,9.88269187641243
,9.352505160982389
,8.689771766694832
,8.159585051264791
,7.894491693549767
,8.822318445552341
,8.159585051264791
,7.828218354121013
,7.496851656977235
,6.9003916021184395
,6.70157158383217
,6.038838189544613
,5.773744831829596
,5.3761047952570635
,4.713371400969507
,4.315731364396974
,3.6529979701094177
,3.5204512912519093
,3.3879046123944008
,2.5926245392493286
,2.2612578421055503
,1.929891144961772
,1.3334310901029767
,2.194984502676803
,1.664797787246755
,1.2671577506742295
,1.3334310901029767
,1.2671577506742295
,1.2008844112454682
,0.47187767752916443
,1.1346110718167068
,0.6044243563866729
,0.20678431981413326
,0.20678431981413326
,0.20678431981413326
,1.1346110718167068
,0.6044243563866729
,0.20678431981413326
,0.20678431981413326
,0.8695177141016899
,0.33933099867164174
,0.20678431981413326
,0.20678431981413326
,0.6044243563866729
,1.1346110718167068
,0.6044243563866729
,0.20678431981413326
,0.20678431981413326
,1.2008844112454682
,0.6044243563866729
,1.2671577506742295
,2.0624378238192946
,1.399704429531738
,2.5926245392493286
,3.255357933536885
,2.725171218106837
,3.255357933536885
,4.1169113461107045
,3.6529979701094177
,4.647098061540753
,4.448278043254483
,3.7855446489669333
,4.448278043254483
,5.177284776970794
,4.713371400969507
,5.773744831829596
,6.569024904974661
,7.099211620404702
,8.822318445552341
,8.2921317301223
,7.828218354121013
,7.894491693549767
,7.761945014692259
,7.231758299262211
,6.834118262689678
,8.888591784981102
,8.2921317301223
,7.761945014692259
,7.231758299262211
,8.954865124409856
,9.087411803267365
,9.087411803267365
,9.087411803267365
,9.087411803267365
,9.087411803267365
,9.087411803267365
,9.15368514269612
,9.15368514269612
,9.219958482124873
,9.219958482124873
,9.219958482124873
,9.219958482124873
,9.219958482124873
,9.219958482124873
,9.219958482124873
,9.219958482124873
,9.219958482124873
,9.219958482124873
,9.219958482124873
,9.219958482124873
,9.219958482124873
,9.219958482124873
,9.219958482124873
,9.219958482124873
,9.219958482124873
,9.219958482124873
,9.219958482124873
,9.219958482124873
,9.219958482124873
,9.219958482124873
,9.286231821553635
,9.352505160982389
,9.352505160982389
,9.352505160982389
,9.352505160982389
,9.352505160982389
,9.352505160982389
,9.418778500411143
,9.485051839839898
,9.485051839839898
,9.485051839839898
,9.485051839839898
,9.485051839839898
,9.485051839839898
,9.485051839839898
,9.485051839839898
,9.485051839839898
,9.485051839839898
,9.485051839839898
,9.485051839839898
,9.485051839839898
,9.485051839839898
,9.485051839839898
,9.485051839839898
,9.485051839839898
,9.485051839839898
,9.485051839839898
,9.485051839839898
,9.485051839839898
,9.485051839839898
,9.485051839839898
,9.617598518697413
,9.617598518697413
,9.617598518697413
,9.617598518697413
,9.617598518697413
,9.617598518697413
,9.617598518697413
,9.750145197554922
,9.750145197554922
,9.750145197554922
,9.750145197554922
,9.750145197554922
,9.750145197554922
,9.750145197554922
,9.750145197554922
,9.750145197554922
,9.750145197554922
,9.750145197554922
,9.750145197554922
,9.750145197554922
,9.750145197554922
,9.750145197554922
,9.750145197554922
,9.750145197554922
,9.750145197554922
,9.750145197554922
,9.750145197554922
,9.750145197554922
,9.750145197554922
,9.750145197554922
,9.88269187641243
,9.88269187641243
,9.88269187641243
,9.88269187641243
,9.88269187641243
,9.88269187641243
,9.88269187641243
,9.948965215841184
,10.015238555269946
,10.015238555269946
,10.015238555269946
,10.015238555269946
,10.015238555269946
,10.015238555269946
,10.015238555269946
,10.015238555269946
,10.015238555269946
,10.015238555269946
,10.015238555269946
,10.015238555269946
,10.015238555269946
,10.015238555269946
,10.015238555269946
,10.015238555269946
,10.015238555269946
,10.015238555269946
,10.015238555269946
,10.015238555269946
,10.015238555269946
,10.015238555269946
,10.015238555269946
,10.147785234127454
,10.147785234127454
,10.147785234127454
,10.214058573556208
,11.208158664987543
,10.74424528898625
,12.401078774705141
,11.738345380417584
,13.196358847850206
,14.389278957567804
,13.859092242137756
,13.461452205565223
,14.389278957567804
,13.859092242137756
,13.196358847850206
,12.53362545356265
,14.698554541568662
,14.12418559985278
,13.593998884422739
,13.06381216899269
,15.515925727856647
,15.781019085571664
,16.841392516431753
,16.244932461572958
,18.36567932329313
,17.835492607863088
,17.30530589243304
,19.82369279072575
,19.293506075295703
,18.89586603872317
,19.95623946958326
,19.492326093581973
,21.01661290044335
,20.4864261850133
,20.022512809012014
,19.42605275415322
,19.028412717580686
,20.4864261850133
,20.088786148440768
,22.07698633130343
,21.41425293701588
,21.01661290044335
,22.872266404448496
,24.19773319302361
,23.667546477593568
,26.31848005474378
,25.722019999884985
,25.258106623883698
,24.72791990845365
,26.053386697028763
,25.65574666045623
,27.643946843318894
,27.113760127888845
,26.64984675188756
,29.49960034732404
,28.969413631894
,28.43922691646396
,27.90904020103391
,27.37885348560387
,26.981213449031337
,30.825067135899154
,30.294880420469113
,32.98999622390516
,32.415627282189284
,31.885440566759243
,31.355253851329195
,30.957613814756662
,33.74109407076439
,33.34345403419186
,35.39792755648328
,34.80146750162448
,34.27128078619444
,35.464200895912036
,37.4524010787747
,36.92221436334465
,36.39202764791461
,35.86184093248457
,35.33165421705452
,34.80146750162448
,38.51277450963478
,37.916314454775986
,37.4524010787747
,36.92221436334465
,36.39202764791461
,35.86184093248457
,38.51277450963478
,37.85004111534723
,37.31985439991719
,36.8559410239159
,37.98258779420474
,37.4524010787747
,36.92221436334465
,36.39202764791461
,35.92811427191332
,36.39202764791461
,35.86184093248457
,35.33165421705452
,34.66892082276697
,34.40382746505195
,34.006187428479414
,33.34345403419186
,32.81326731876182
,32.34935394276053
,36.39202764791461
,35.86184093248457
,35.33165421705452
,34.80146750162448
,34.27128078619444
,33.74109407076439
,33.34345403419186
,34.80146750162448
,35.33165421705452
,34.27128078619444
,33.60854739190688
,33.07836067647684
,32.415627282189284
,34.006187428479414
,33.47600071304937
,33.07836067647684
,34.66892082276697
,35.33165421705452
,34.80146750162448
,34.40382746505195
,36.39202764791461
,35.86184093248457
,35.33165421705452
,37.25358106048843
,36.78966768448714
,37.58494775763221
,36.78966768448714
,36.39202764791461
,35.86184093248457
,35.33165421705452
,34.80146750162448
,34.13873410733692
,33.873640749621906
,33.47600071304937
,32.945813997619325
,32.34935394276053
,32.15053392447426
,31.62034720904422
,30.957613814756662
,30.692520457041645
,30.294880420469113
,29.764693705039065
,29.101960310751508
,28.903140292465245
,29.764693705039065
,29.234506989609024
,29.49960034732404
,28.83686695303649
,28.174133558748935
,27.643946843318894
,26.981213449031337
,26.451026733601296
,26.185933375886272
,25.78829333931374
,25.258106623883698
,24.59537322959614
,23.932639835308585
,23.402453119878544
,22.872266404448496
,22.40835302844721
,22.07698633130343
,21.54679961587339
,21.082886239872103
,20.4864261850133
,19.95623946958326
,19.42605275415322
,19.028412717580686
,21.082886239872103
,23.13735976216352
,22.60717304673348
,22.07698633130343
,21.54679961587339
,21.149159579300857
,23.711728703879402
,23.13735976216352
,22.60717304673348
,22.07698633130343
,21.54679961587339
,25.390653302741207
,24.860466587311166
,24.330279871881118
,23.667546477593568
,25.58947332102747
,24.993013266168674
,24.462826550738633
,24.0651865141661
,27.113760127888845
,26.583573412458804
,26.053386697028763
,27.643946843318894
,26.053386697028763
,25.65574666045623
,26.053386697028763
,25.65574666045623
,27.643946843318894
,26.981213449031337
,26.451026733601296
,25.78829333931374
,25.258106623883698
,24.72791990845365
,27.90904020103391
,27.24630680674636
,26.716120091316313
,26.185933375886272
,28.704320274178976
,25.523199981598715
,24.993013266168674
,24.59537322959614
,27.643946843318894
,27.180033467317607
,26.583573412458804
,26.053386697028763
,28.704320274178976
,28.174133558748935
,27.643946843318894
,27.04748678846009
,26.451026733601296
,26.185933375886272
,25.78829333931374
,25.125559945026183
,24.661646569024896
,25.523199981598715
,24.860466587311166
,26.362662281029614
,25.78829333931374
,25.258106623883698
,24.72791990845365
,28.041586879891426
,27.37885348560387
,26.981213449031337
,28.770593613607737
,29.764693705039065
,29.300780329037778
,30.825067135899154
,30.294880420469113
,29.8088759313249
,29.234506989609024
,30.957613814756662
,30.294880420469113
,30.825067135899154
,30.162333741611597
,29.565873686752802
,29.035686971322754
,30.55997377818413
,29.963513723325335
,29.49960034732404
,31.885440566759243
,31.355253851329195
,30.825067135899154
,30.294880420469113
,29.963513723325335
,29.49960034732404
,29.035686971322754
,28.704320274178976
,28.041586879891426
,27.511400164461378
,26.84866677017383
,30.825067135899154
,30.294880420469113
,29.764693705039065
,29.234506989609024
,28.770593613607737
,28.174133558748935
,27.643946843318894
,29.234506989609024
,28.704320274178976
,28.174133558748935
,27.643946843318894
,27.113760127888845
,26.716120091316313
,28.704320274178976
,28.174133558748935
,27.511400164461378
,26.782393430745074
,26.451026733601296
,25.920840018171248
,26.583573412458804
,26.053386697028763
,25.58947332102747
,24.993013266168674
,24.330279871881118
,23.667546477593568
,23.13735976216352
,22.474626367875963
,22.209533010160946
,21.856075199874248
,21.281706258158366
,22.07698633130343
,21.54679961587339
,21.01661290044335
,20.4864261850133
,19.95623946958326
,19.42605275415322
,19.028412717580686
,21.01661290044335
,20.4864261850133
,19.95623946958326
,19.42605275415322
,18.763319359865662
,18.498226002150638
,18.03431262614935
,17.968039286720597
