Y(hoy),Y(ayer)
3.6529979701094177,2.725171218106837
3.5204512912519093,3.3879046123944008
3.5204512912519093,2.990264575821868
3.0565379152506154,2.46007786039182
2.46007786039182,2.0624378238192946
2.46007786039182,1.399704429531738
2.46007786039182,1.2671577506742295
2.46007786039182,1.2671577506742295
2.46007786039182,1.1346110718167068
1.7973444661042635,0.6044243563866729
0.47187767752916443,0.20678431981413326
-0.12458237732964506,0.9357910535304512
-0.654769092759679,0.20678431981413326
-1.1849558081897271,0.20678431981413326
-1.7151425236197753,0.20678431981413326
-2.1127825601923007,0.20678431981413326
-1.7814158630485224,0.07423764095662477
-0.9861357899034573,-0.45594907447342337
-1.5163225053335054,-0.8535891110459488
-2.1127825601923007,-0.8535891110459488
-2.179055899621062,-0.8535891110459488
-1.5163225053335054,-0.8535891110459488
-0.9861357899034573,-0.8535891110459488
-1.450049165904744,-0.8535891110459488
-1.913962541906045,-0.9198624504747102
-1.5163225053335054,-1.8476892024772837
-1.913962541906045,-1.913962541906045
-1.383775826475997,-1.450049165904744
-1.11868246876098,-1.11868246876098
-0.7210424321884403,-1.7814158630485224
-0.1908557167583922,-1.913962541906045
0.47187767752916443,-1.913962541906045
1.0020643929591984,-1.383775826475997
1.5985244478179936,-0.8535891110459488
2.3275311815343116,-0.8535891110459488
1.7973444661042635,-0.8535891110459488
3.5867246306806635,-0.8535891110459488
4.1169113461107045,-0.8535891110459488
3.6529979701094177,-0.8535891110459488
4.647098061540753,-0.8535891110459488
5.044738098113285,-0.389675735044662
5.6411981529720805,0.14051098038538612
6.171384868402129,0.20678431981413326
10.611698610128741,0.33933099867164174
11.208158664987543,0.8695177141016899
12.268532095847625,1.2671577506742295
11.738345380417584,1.664797787246755
13.593998884422739,2.194984502676803
13.06381216899269,2.5926245392493286
15.449652388427886,3.189084594108131
14.919465672997845,2.769353444392678
16.64257249814549,3.5867246306806635
16.178659122144197,3.1228112546793767
15.847292425000418,4.05063800668195
16.510025819287975,4.580824722111998
17.614581476433898,5.1110114375420395
17.040212534718023,4.713371400969507
18.36567932329313,6.171384868402129
18.89586603872317,5.6411981529720805
19.492326093581973,7.099211620404702
20.552699524442062,7.629398335834743
19.95623946958326,9.087411803267365
22.60717304673348,8.689771766694832
22.07698633130343,10.015238555269946
21.54679961587339,10.677971949557495
21.01661290044335,10.280331912984963
24.462826550738633,11.738345380417584
23.932639835308585,11.208158664987543
23.534999798736052,13.593998884422739
27.643946843318894,13.06381216899269
28.969413631894,12.53362545356265
28.43922691646396,15.184559030712869
31.355253851329195,14.65437231528282
30.891340475327908,14.256732278710288
30.294880420469113,15.71474574614291
29.764693705039065,16.244932461572958
29.367053668466532,16.775119177003
33.47600071304937,17.702945929005573
32.945813997619325,17.17275921357553
32.415627282189284,18.697046020436908
31.885440566759243,18.16685930500686
34.07246076790817,19.691146111868235
35.0665608593395,19.160959396438194
34.60264748333822,21.811892973588414
36.17111651648543,21.281706258158366
35.596747574769545,20.751519542728325
37.49658330506054,20.221332827298284
36.92221436334465,24.72791990845365
38.77786786734981,24.19773319302361
38.247681151919764,23.667546477593568
40.10333465592491,23.13735976216352
39.705694619352386,22.60717304673348
41.097434747356246,22.209533010160946
41.95898815993007,26.981213449031337
41.49507478392878,26.451026733601296
41.03116140792749,27.37885348560387
43.019361590790155,28.43922691646396
42.42290153593136,27.90904020103391
42.75426823307514,30.073969289039923
42.09153483878758,29.49960034732404
41.82644148107256,28.969413631894
41.428801444500024,31.951713906187997
40.898614729069976,31.355253851329195
40.23588133478243,30.825067135899154
40.36842801363994,33.54227405247813
39.9707879770674,32.945813997619325
40.898614729069976,32.415627282189284
40.898614729069976,34.006187428479414
40.36842801363994,35.19910753819701
39.705694619352386,34.536374143909455
39.17550790392234,36.524574326772125
38.91041454620732,35.86184093248457
38.51277450963478,38.247681151919764
37.916314454775986,37.717494436489716
40.898614729069976,37.187307721059675
40.36842801363994,40.50097469249745
39.838241298209894,39.9707879770674
39.308054582779846,39.57314794049488
40.898614729069976,39.04296122506483
40.36842801363994,38.6453211884923
39.838241298209894,39.57314794049488
39.308054582779846,39.04296122506483
38.77786786734981,38.57904784906354
38.247681151919764,38.048861133633494
39.838241298209894,38.51277450963478
39.308054582779846,39.61733016678071
38.77786786734981,39.04296122506483
39.04296122506483,39.308054582779846
38.51277450963478,38.91041454620732
37.98258779420474,39.44060126163736
37.65122109706097,38.77786786734981
37.58494775763221,38.31395449134852
37.054761042202166,37.717494436489716
36.524574326772125,37.187307721059675
38.51277450963478,36.72339434505839
37.916314454775986,36.657121005629634
37.4524010787747,36.78966768448714
36.92221436334465,37.187307721059675
38.51277450963478,37.717494436489716
37.98258779420474,37.85004111534723
37.4524010787747,38.91041454620732
36.78966768448714,38.247681151919764
36.2594809690571,39.57314794049488
35.72929425362706,39.04296122506483
34.536374143909455,38.51277450963478
34.33755412562319,37.98258779420474
33.74109407076439,37.58494775763221
33.34345403419186,37.187307721059675
32.283080603331776,36.72339434505839
32.34935394276053,36.19320762962835
32.68072063990431,35.72929425362706
32.283080603331776,35.33165421705452
33.21090735533435,34.867740841053234
32.68072063990431,34.40382746505195
32.01798724561675,35.86184093248457
31.752893887901728,35.33165421705452
31.355253851329195,34.80146750162448
30.825067135899154,36.39202764791461
30.294880420469113,35.86184093248457
29.764693705039065,35.33165421705452
29.234506989609024,34.867740841053234
30.162333741611597,34.40382746505195
28.174133558748935,35.26538087762577
27.776493522176402,34.80146750162448
28.704320274178976,34.27128078619444
28.041586879891426,33.60854739190688
27.445126825032624,32.81326731876182
26.981213449031337,32.415627282189284
27.643946843318894,33.21090735533435
28.704320274178976,32.68072063990431
28.174133558748935,32.15053392447426
28.43922691646396,31.48780053018671
27.975313540462672,30.692520457041645
28.969413631894,30.22860708104035
28.571773595321467,30.825067135899154
28.969413631894,30.42742709932662
30.294880420469113,30.02978706275409
29.764693705039065,29.632147026181556
29.234506989609024,28.969413631894
28.83686695303649,28.43922691646396
30.957613814756662,27.975313540462672
30.294880420469113,29.234506989609024
29.963513723325335,28.704320274178976
30.02978706275409,29.764693705039065
29.565873686752802,27.643946843318894
28.969413631894,27.113760127888845
29.54378257360988,27.511400164461378
30.294880420469113,26.914940109602583
31.885440566759243,26.451026733601296
31.222707172471686,26.053386697028763
30.825067135899154,27.37885348560387
31.885440566759243,26.716120091316313
31.355253851329195,26.31848005474378
30.692520457041645,25.722019999884985
30.162333741611597,25.65574666045623
30.02978706275409,26.583573412458804
30.55997377818413,26.053386697028763
31.090160493614178,25.65574666045623
30.55997377818413,27.643946843318894
30.096060402182843,27.180033467317607
30.957613814756662,27.113760127888845
30.294880420469113,26.451026733601296
31.090160493614178,25.78829333931374
31.090160493614178,25.258106623883698
30.42742709932662,24.72791990845365
29.963513723325335,26.31848005474378
31.355253851329195,25.722019999884985
30.825067135899154,25.258106623883698
30.294880420469113,25.78829333931374
29.89724038389658,25.258106623883698
33.21090735533435,24.661646569024896
32.68072063990431,24.860466587311166
32.15053392447426,26.053386697028763
31.62034720904422,25.523199981598715
32.15053392447426,26.583573412458804
31.090160493614178,26.053386697028763
30.55997377818413,25.390653302741207
30.02978706275409,24.860466587311166
33.21090735533435,26.31848005474378
32.68072063990431,25.78829333931374
31.62034720904422,25.390653302741207
34.27128078619444,26.716120091316313
33.74109407076439,26.782393430745074
32.283080603331776,27.37885348560387
33.21090735533435,26.981213449031337
32.68072063990431,27.776493522176402
32.216807263903014,27.643946843318894
32.15053392447426,27.180033467317607
31.48780053018671,26.716120091316313
30.957613814756662,26.716120091316313
30.294880420469113,26.716120091316313
29.89724038389658,27.24630680674636
31.39943607761503,26.716120091316313
30.825067135899154,27.975313540462672
32.15053392447426,29.49960034732404
31.62034720904422,28.969413631894
31.156433833042932,28.43922691646396
32.15053392447426,30.825067135899154
31.62034720904422,30.294880420469113
31.222707172471686,29.89724038389658
32.15053392447426,31.222707172471686
31.62034720904422,30.825067135899154
30.957613814756662,30.162333741611597
30.294880420469113,29.89724038389658
31.090160493614178,29.49960034732404
33.21090735533435,28.969413631894
32.68072063990431,28.306680237606443
32.216807263903014,27.90904020103391
31.62034720904422,27.776493522176402
30.692520457041645,28.174133558748935
32.81326731876182,28.770593613607737
32.34935394276053,28.571773595321467
33.21090735533435,28.041586879891426
32.74699397933306,27.643946843318894
32.34935394276053,27.113760127888845
32.68072063990431,26.716120091316313
32.283080603331776,26.716120091316313
33.34345403419186,27.24630680674636
34.580556370195296,28.571773595321467
34.006187428479414,27.90904020103391
35.464200895912036,29.101960310751508
35.596747574769545,30.096060402182843
35.596747574769545,29.632147026181556
35.596747574769545,30.692520457041645
35.26538087762577,30.55997377818413
34.80146750162448,30.096060402182843
36.39202764791461,29.49960034732404
35.86184093248457,29.035686971322754
35.33165421705452,28.43922691646396
40.36842801363994,28.041586879891426
39.838241298209894,30.294880420469113
41.73807702850088,29.764693705039065
41.16370808678501,29.234506989609024
41.95898815993007,31.885440566759243
41.296254765642516,31.355253851329195
40.63352137135496,30.825067135899154
40.10333465592491,32.216807263903014
39.57314794049488,31.885440566759243
39.04296122506483,31.42152719075795
38.51277450963478,32.98999622390516
40.10333465592491,32.415627282189284
37.98258779420474,32.01798724561675
42.003170386215906,32.68072063990431
41.428801444500024,32.283080603331776
40.898614729069976,34.006187428479414
39.44060126163736,33.47600071304937
42.09153483878758,32.945813997619325
41.56134812335753,32.415627282189284
41.296254765642516,37.187307721059675
40.898614729069976,36.657121005629634
40.36842801363994,36.126934290199586
39.838241298209894,35.596747574769545
39.37432792220861,35.0665608593395
38.84414120677856,40.36842801363994
38.77786786734981,39.57314794049488
38.31395449134852,43.019361590790155
37.717494436489716,42.48917487536011
37.187307721059675,42.02526149935882
36.524574326772125,40.76606805021247
38.247681151919764,40.30215467421118
37.717494436489716,39.9707879770674
39.04296122506483,40.898614729069976
39.308054582779846,40.43470135306869
38.84414120677856,39.838241298209894
38.247681151919764,39.44060126163736
37.916314454775986,39.04296122506483
38.51277450963478,38.51277450963478
37.717494436489716,37.98258779420474
37.054761042202166,37.51867441820345
38.6453211884923,36.92221436334465
36.39202764791461,36.2594809690571
35.86184093248457,35.79556759305581
35.33165421705452,38.51277450963478
34.66892082276697,38.048861133633494
34.40382746505195,37.4524010787747
35.11074308562534,37.054761042202166
34.536374143909455,37.98258779420474
35.33165421705452,37.51867441820345
34.80146750162448,37.054761042202166
34.359645238766106,36.657121005629634
34.27128078619444,36.19320762962835
33.74109407076439,35.6630209141983
33.2771806947631,35.464200895912036
32.68072063990431,35.99438761134208
32.283080603331776,35.464200895912036
33.47600071304937,36.657121005629634
32.945813997619325,37.98258779420474
34.13873410733692,37.4524010787747
34.580556370195296,37.054761042202166
35.33165421705452,39.04296122506483
36.39202764791461,38.51277450963478
35.72929425362706,39.57314794049488
35.596747574769545,37.98258779420474
35.0665608593395,37.4524010787747
34.536374143909455,36.92221436334465
35.596747574769545,36.39202764791461
35.19910753819701,35.72929425362706
35.464200895912036,35.464200895912036
35.19910753819701,35.33165421705452
34.80146750162448,34.80146750162448
34.40382746505195,34.13873410733692
36.126934290199586,33.47600071304937
35.6630209141983,32.945813997619325
37.717494436489716,32.415627282189284
37.187307721059675,31.885440566759243
36.657121005629634,31.28898051190044
37.717494436489716,32.98999622390516
37.054761042202166,32.415627282189284
36.657121005629634,31.885440566759243
36.657121005629634,31.355253851329195
36.126934290199586,34.13873410733692
35.464200895912036,33.60854739190688
34.93401418048199,32.81326731876182
34.66892082276697,32.01798724561675
34.27128078619444,31.48780053018671
33.60854739190688,31.090160493614178
33.34345403419186,30.55997377818413
33.54227405247813,30.096060402182843
34.006187428479414,29.367053668466532
34.80146750162448,29.101960310751508
34.40382746505195,29.89724038389658
35.6630209141983,30.55997377818413
35.19910753819701,30.02978706275409
34.66892082276697,31.686620548472973
36.39202764791461,31.090160493614178
35.72929425362706,32.15053392447426
35.26538087762577,31.62034720904422
34.80146750162448,31.156433833042932
36.39202764791461,30.55997377818413
35.86184093248457,29.89724038389658
35.19910753819701,29.234506989609024
34.66892082276697,30.361153759897867
34.13873410733692,29.764693705039065
33.74109407076439,30.825067135899154
33.34345403419186,30.361153759897867
36.39202764791461,30.825067135899154
35.79556759305581,30.42742709932662
35.86184093248457,32.74699397933306
35.33165421705452,32.15053392447426
34.80146750162448,31.62034720904422
33.21090735533435,31.222707172471686
32.74699397933306,34.27128078619444
32.283080603331776,33.80736741019315
32.54817396104679,33.21090735533435
33.47600071304937,33.40972737362062
33.07836067647684,33.21090735533435
34.536374143909455,32.54817396104679
34.13873410733692,31.885440566759243
35.19910753819701,31.355253851329195
36.2594809690571,30.825067135899154
37.4524010787747,30.339062646754947
36.8559410239159,31.48780053018671
36.92221436334465,30.825067135899154
36.39202764791461,32.74699397933306
35.596747574769545,32.15053392447426
35.0665608593395,33.74109407076439
34.536374143909455,33.21090735533435
34.07246076790817,34.80146750162448
33.674820731335636,34.27128078619444
34.27128078619444,35.33165421705452
33.74109407076439,33.93991408905066
33.34345403419186,33.47600071304937
31.752893887901728,32.945813997619325
31.222707172471686,32.283080603331776
30.55997377818413,31.752893887901728
30.02978706275409,31.48780053018671
31.885440566759243,32.15053392447426
31.28898051190044,31.686620548472973
33.21090735533435,31.28898051190044
32.68072063990431,32.98999622390516
32.15053392447426,32.415627282189284
31.48780053018671,31.885440566759243
30.957613814756662,34.867740841053234
30.294880420469113,34.27128078619444
29.89724038389658,33.74109407076439
30.957613814756662,35.33165421705452
31.355253851329195,34.66892082276697
30.957613814756662,34.006187428479414
32.945813997619325,33.34345403419186
32.48190062161804,32.945813997619325
31.885440566759243,32.415627282189284
34.580556370195296,32.415627282189284
34.006187428479414,33.07836067647684
33.47600071304937,34.27128078619444
35.90602315877041,33.74109407076439
35.33165421705452,35.33165421705452
36.78966768448714,36.126934290199586
35.33165421705452,35.33165421705452
34.13873410733692,34.80146750162448
33.60854739190688,34.13873410733692
33.34345403419186,33.47600071304937
34.006187428479414,33.21090735533435
35.33165421705452,32.81326731876182
34.93401418048199,32.415627282189284
34.40382746505195,34.006187428479414
36.126934290199586,33.47600071304937
35.6630209141983,33.07836067647684
35.19910753819701,35.39792755648328
37.717494436489716,34.80146750162448
37.187307721059675,34.40382746505195
36.72339434505839,36.39202764791461
36.92221436334465,35.86184093248457
36.458300987343364,35.19910753819701
35.86184093248457,34.536374143909455
35.19910753819701,33.873640749621906
34.536374143909455,33.07836067647684
35.11074308562534,32.81326731876182
35.596747574769545,32.415627282189284
35.26538087762577,34.13873410733692
34.84564972791032,33.47600071304937
36.39202764791461,33.07836067647684
35.72929425362706,35.39792755648328
35.19910753819701,34.80146750162448
34.735194162195725,36.524574326772125
35.33165421705452,35.86184093248457
34.80146750162448,36.78966768448714
34.27128078619444,37.38612773934594
33.873640749621906,36.92221436334465
32.68072063990431,35.596747574769545
32.15053392447426,35.0665608593395
31.62034720904422,34.40382746505195
31.222707172471686,35.92811427191332
32.01798724561675,35.33165421705452
31.554073869615465,36.39202764791461
31.48780053018671,35.86184093248457
30.294880420469113,35.33165421705452
29.764693705039065,34.66892082276697
29.101960310751508,35.33165421705452
28.83686695303649,35.19910753819701
29.89724038389658,34.536374143909455
29.632147026181556,33.873640749621906
29.234506989609024,33.34345403419186
28.704320274178976,33.873640749621906
28.174133558748935,33.34345403419186
27.511400164461378,34.40382746505195
26.84866677017383,34.40382746505195
26.31848005474378,34.40382746505195
25.78829333931374,34.006187428479414
26.583573412458804,33.47600071304937
26.053386697028763,33.07836067647684
26.583573412458804,32.415627282189284
26.053386697028763,31.885440566759243
25.390653302741207,31.222707172471686
25.125559945026183,30.692520457041645
24.72791990845365,30.339062646754947
24.264006532452363,31.090160493614178
23.667546477593568,30.957613814756662
23.00481308330601,30.42742709932662
22.342079689018455,30.02978706275409
21.811892973588414,29.632147026181556
21.149159579300857,28.969413631894
20.884066221585833,28.571773595321467
20.4864261850133,28.174133558748935
19.95623946958326,27.643946843318894
19.558599433010727,27.113760127888845
18.89586603872317,26.716120091316313
18.36567932329313,26.31848005474378
18.630772681008153,25.78829333931374
17.968039286720597,25.125559945026183
18.100585965578105,24.860466587311166
17.570399250148064,24.462826550738633
17.040212534718023,23.800093156451076
16.377479140430466,23.534999798736052
15.71474574614291,24.19773319302361
15.184559030712869,23.667546477593568
14.786918994140336,23.00481308330601
14.389278957567804,22.342079689018455
13.859092242137756,22.07698633130343
13.461452205565223,21.679346294730898
14.389278957567804,21.281706258158366
13.859092242137756,20.751519542728325
14.985739012426599,20.353879506155792
15.449652388427886,19.691146111868235
14.985739012426599,19.160959396438194
14.588098975854066,18.630772681008153
14.389278957567804,18.03431262614935
13.859092242137756,17.570399250148064
13.328905526707715,17.17275921357553
12.798718811277674,16.775119177003
12.268532095847625,16.244932461572958
11.605798701560076,15.71474574614291
11.075611986130028,15.184559030712869
9.617598518697413,14.65437231528282
10.015238555269946,13.991638920995271
9.485051839839898,13.593998884422739
9.087411803267365,14.12418559985278
8.557225087837324,13.593998884422739
8.027038372407276,13.130085508421452
8.557225087837324,12.467352114133895
9.087411803267365,12.599898792991404
9.683871858126167,13.06381216899269
10.147785234127454,13.461452205565223
,13.461452205565223
,13.06381216899269
,12.599898792991404
,12.135985416990117
,11.738345380417584
,10.94306530727252
,10.545425270699987
,9.617598518697413
,9.087411803267365
,8.557225087837324
,8.027038372407276
,7.894491693549767
,7.761945014692259
,7.231758299262211
,6.834118262689678
,7.761945014692259
,7.364304978119726
,7.032938280975948
,7.496851656977235
