Y(hoy),Y(ayer)
6.222275892605559,5.98190924721537
5.020442665654592,5.501175956434977
5.861725924520272,5.020442665654592
5.501175956434977,4.539709374874207
5.861725924520272,4.058976084093821
5.380992633739886,4.058976084093821
5.020442665654592,4.058976084093821
4.659892697569305,3.5782427933134358
4.058976084093821,3.0975095025330504
2.797051195795305,3.0975095025330504
2.736959534447756,3.0975095025330504
2.2562262436673706,3.0975095025330504
2.7770206420127863,3.0374178411855013
2.3764095663624687,2.556684550405109
3.0975095025330504,2.1360429209722724
2.1961345823198215,2.616776211752658
1.8355846142345342,2.857142857142854
1.3748818772366604,2.2562262436673706
1.094454124281441,2.1360429209722724
1.8355846142345342,2.1360429209722724
1.2947596621065998,2.1360429209722724
1.8355846142345342,2.1360429209722724
1.4149429848016908,2.1360429209722724
1.0543930167164035,2.1360429209722724
1.0543930167164035,2.1360429209722724
1.2947596621065998,2.1360429209722724
0.9342096940213054,2.1360429209722724
1.8355846142345342,2.1360429209722724
1.8355846142345342,2.1360429209722724
1.535126307496789,2.1360429209722724
1.1144846780639526,2.1360429209722724
1.0543930167164035,2.1360429209722724
1.3548513234541488,2.1360429209722724
0.9342096940213054,2.1360429209722724
1.8355846142345342,2.1360429209722724
1.8355846142345342,2.1360429209722724
1.2947596621065998,2.1360429209722724
1.8355846142345342,2.1360429209722724
1.2947596621065998,2.1360429209722724
1.8355846142345342,2.1360429209722724
1.3748818772366604,2.1360429209722724
1.655309630191887,2.1360429209722724
1.1745763394115016,2.1360429209722724
1.8956762755820833,2.1360429209722724
2.1360429209722724,2.556684550405109
2.1360429209722724,3.0374178411855013
2.1360429209722724,3.0975095025330504
2.2562262436673706,2.9773261798379522
2.736959534447756,2.496592889057567
2.736959534447756,3.0374178411855013
2.2562262436673706,2.616776211752658
2.296287351232401,3.0975095025330504
2.857142857142854,3.0975095025330504
3.2777844865756904,3.0975095025330504
3.758517777356076,3.4580594706183376
4.659892697569305,3.998884422746272
4.179159406788919,4.29934272948401
4.719984358916854,4.900259342959494
5.200717649697239,5.200717649697239
5.681450940477625,5.741542601825174
5.98190924721537,6.222275892605559
7.183742474166337,6.222275892605559
7.00346749012369,6.8231925060810426
7.604384103599173,7.303925796861428
8.02502573303201,7.784659087641813
8.625942346507493,8.265392378422206
9.82777557345846,8.625942346507493
12.351625350055492,9.347042282678075
11.991075381970198,9.947958896153558
13.373183592963812,11.149792123104525
12.832358640835878,10.789242155019231
13.793825222396649,12.111258704665296
14.51492515856723,11.750708736580009
18.240608162115223,12.952541963530976
20.884641261407353,12.471808672750583
21.28525233705767,13.55345857700646
21.966291165663222,14.51492515856723
22.927757747223993,14.034191867786845
27.254357364247475,16.197491676298583
26.893807396162188,15.716758385518197
31.100223690490566,17.880058194029935
30.61949039971018,17.39932490324955
29.177290527369024,18.240608162115223
31.70114030396605,19.3222580663711
33.5038901443925,18.961708098285804
34.765815032691016,20.884641261407353
34.34517340325817,21.485557874882836
35.907556598294434,22.206657811053418
37.1093898252454,21.846107842968124
36.628656534465016,22.927757747223993
38.91213966567185,24.369957619565156
38.31122305219637,23.88922432878477
37.830489761415976,27.254357364247475
37.469939793330695,26.77362407346709
39.99378956992772,26.292890782686705
39.513056279147335,29.297473850064115
41.67635608765907,29.778207140844508
40.7148895060983,30.61949039971018
40.35433953801301,30.258940431624893
42.157089378439466,31.821323626661147
42.157089378439466,31.340590335880762
41.67635608765907,34.22499008056308
41.07543947418359,33.744256789782696
40.534614522055655,33.263523499002304
39.39287295645224,32.902973530917016
39.03232298836694,34.94609001673366
38.551589697586564,34.58554004864837
38.07085640680617,35.30663998481895
37.59012311602579,35.787373275599336
37.16948148659295,36.628656534465016
38.79195634297675,36.14792324368463
38.31122305219637,37.830489761415976
37.830489761415976,37.3497564706356
37.3497564706356,39.513056279147335
39.03232298836694,39.03232298836694
38.551589697586564,38.551589697586564
39.75342292453753,40.9552561514885
39.27268963375714,40.594706183403204
38.79195634297675,39.87360624723262
38.31122305219637,41.07543947418359
40.05388123127527,40.9552561514885
39.513056279147335,40.474522860708106
40.9552561514885,40.05388123127527
40.474522860708106,39.513056279147335
39.99378956992772,39.15250631106204
38.67177302028166,39.99378956992772
38.07085640680617,39.63323960184243
37.59012311602579,39.2125979724096
36.9892065025503,39.57314794049488
36.74883985716011,40.05388123127527
36.38828988907482,40.11397289262282
35.907556598294434,39.99378956992772
34.34517340325817,38.91213966567185
34.70572337134347,38.431406374891466
33.6240734670876,39.81351458588507
33.14334017630721,39.27268963375714
32.54242356283173,38.91213966567185
33.023156853612115,39.39287295645224
32.181873594746435,38.67177302028166
31.70114030396605,38.31122305219637
30.018573786234697,37.830489761415976
31.220407013185664,37.469939793330695
30.37912375431999,37.1093898252454
29.8983904635396,36.628656534465016
29.297473850064115,36.14792324368463
28.81674055928373,35.66718995290424
28.095640623113148,34.825906694038565
28.336007268503344,34.22499008056308
28.69655723658863,34.34517340325817
29.237382188716573,35.707251060469275
28.57637391389354,35.18645666212386
29.057107204673926,35.18645666212386
27.975457300418057,34.70572337134347
27.254357364247475,33.744256789782696
28.97698498954386,33.263523499002304
28.456190591198443,32.782790208221925
27.975457300418057,32.24196525609399
29.057107204673926,32.06169027205134
28.81674055928373,31.70114030396605
28.456190591198443,30.980040367795475
28.155732284460697,30.439215415667533
28.75664889793618,30.859857045100377
30.258940431624893,30.37912375431999
29.237382188716573,29.8983904635396
28.81674055928373,29.417657172759213
29.8983904635396,29.057107204673926
29.357565511411664,28.69655723658863
29.65802381814941,28.275915607155795
29.177290527369024,28.87683222063128
29.417657172759213,28.456190591198443
29.057107204673926,27.975457300418057
30.859857045100377,27.554815670985214
30.319032092972442,27.01399071885728
29.8983904635396,26.413074105381796
30.859857045100377,26.172707459991607
30.258940431624893,27.85527397772296
30.138757108929795,28.81674055928373
30.258940431624893,28.396098929850893
30.899918152665407,27.975457300418057
31.140284798055596,27.49472400963767
32.06169027205134,27.01399071885728
31.58095698127095,26.533257428076894
31.58095698127095,26.172707459991607
31.100223690490566,27.07408238020483
30.499307077015082,26.653440750771992
30.078665447582246,27.49472400963767
30.899918152665407,28.035548961765606
30.37912375431999,28.936923881978828
30.018573786234697,28.57637391389354
32.06169027205134,29.417657172759213
31.58095698127095,29.8983904635396
31.100223690490566,29.297473850064115
30.65955150727521,28.69655723658863
30.138757108929795,28.336007268503344
31.46077365857586,28.81674055928373
31.821323626661147,28.456190591198443
31.340590335880762,27.975457300418057
30.980040367795475,27.554815670985214
30.499307077015082,27.254357364247475
29.057107204673926,28.69655723658863
31.220407013185664,28.215823945808246
31.100223690490566,27.73509065502786
30.61949039971018,29.8983904635396
30.198848770277344,29.417657172759213
30.980040367795475,28.997015543326377
30.37912375431999,28.51628225254599
31.220407013185664,28.095640623113148
31.821323626661147,28.456190591198443
31.280498674533213,28.997015543326377
31.821323626661147,29.177290527369024
30.859857045100377,29.65802381814941
30.37912375431999,30.078665447582246
31.821323626661147,30.138757108929795
31.340590335880762,29.8983904635396
29.297473850064115,29.477748834106762
31.7612319653136,29.057107204673926
31.340590335880762,28.997015543326377
32.42224024013663,28.456190591198443
32.82285131578695,28.035548961765606
33.023156853612115,27.534785117202695
32.48233190148418,27.134174041552377
32.42224024013663,29.69808492571444
33.98462343517289,29.177290527369024
33.6240734670876,28.69655723658863
34.986151124298694,28.215823945808246
34.46535672595327,30.859857045100377
35.06627333942876,30.37912375431999
34.825906694038565,30.859857045100377
34.50541783351831,29.778207140844508
35.06627333942876,29.297473850064115
34.58554004864837,30.73967372240528
35.06627333942876,30.499307077015082
34.825906694038565,30.018573786234697
34.46535672595327,29.417657172759213
35.907556598294434,29.117198866021475
35.54700663020914,30.018573786234697
39.513056279147335,29.53784049545431
39.03232298836694,30.138757108929795
40.11397289262282,30.138757108929795
41.476050549833914,29.778207140844508
40.9552561514885,29.417657172759213
40.594706183403204,30.37912375431999
42.03690605574437,30.018573786234697
41.31580611957378,30.73967372240528
40.7148895060983,30.319032092972442
40.23415621531791,30.859857045100377
39.81351458588507,31.821323626661147
39.27268963375714,31.340590335880762
38.8520480043243,32.181873594746435
38.31122305219637,32.181873594746435
39.75342292453753,32.30205691744153
40.99531725905353,32.782790208221925
40.474522860708106,33.744256789782696
41.07543947418359,34.10480675786798
40.594706183403204,34.10480675786798
39.87360624723262,34.10480675786798
39.39287295645224,34.10480675786798
39.03232298836694,33.744256789782696
38.611681358934106,33.263523499002304
38.07085640680617,36.869023179855205
37.59012311602579,36.38828988907482
37.28966480928804,35.907556598294434
40.23415621531791,35.42682330751405
39.27268963375714,39.513056279147335
38.79195634297675,38.79195634297675
38.19103972950127,41.91672273304927
37.950673084111074,41.43598944226888
37.59012311602579,41.01534781283604
37.2295731479405,40.594706183403204
36.38828988907482,40.9552561514885
36.02773992098953,40.474522860708106
35.42682330751405,40.05388123127527
34.94609001673366,39.57314794049488
34.46535672595327,39.03232298836694
33.98462343517289,38.611681358934106
33.5038901443925,38.07085640680617
33.14334017630721,37.469939793330695
34.986151124298694,36.869023179855205
35.30663998481895,36.38828988907482
33.744256789782696,37.89058142276353
32.782790208221925,37.3497564706356
32.30205691744153,39.79348403210256
31.821323626661147,39.27268963375714
31.100223690490566,38.79195634297675
29.8983904635396,38.31122305219637
29.297473850064115,39.27268963375714
29.057107204673926,38.8520480043243
30.258940431624893,38.37131471354392
29.778207140844508,37.950673084111074
30.859857045100377,37.59012311602579
31.340590335880762,37.16948148659295
31.941506949356246,36.869023179855205
32.06169027205134,36.38828988907482
31.58095698127095,35.96764825964198
31.100223690490566,35.4869149688616
30.258940431624893,36.50847321176992
29.778207140844508,35.907556598294434
29.297473850064115,37.59012311602579
29.057107204673926,37.1093898252454
31.340590335880762,39.99378956992772
30.799765383752828,39.513056279147335
30.499307077015082,39.03232298836694
32.06169027205134,40.9552561514885
31.46077365857586,40.474522860708106
31.100223690490566,38.79195634297675
31.340590335880762,38.31122305219637
30.980040367795475,37.830489761415976
32.181873594746435,37.28966480928804
33.023156853612115,36.38828988907482
32.54242356283173,35.907556598294434
32.12178193339889,35.18645666212386
32.30205691744153,34.70572337134347
31.100223690490566,34.34517340325817
30.499307077015082,33.744256789782696
30.138757108929795,33.263523499002304
32.06169027205134,32.66260688552683
31.58095698127095,32.30205691744153
31.280498674533213,32.782790208221925
31.821323626661147,34.26505118812811
33.263523499002304,33.744256789782696
32.782790208221925,33.263523499002304
34.94609001673366,34.94609001673366
34.46535672595327,34.22499008056308
34.22499008056308,33.744256789782696
33.744256789782696,33.263523499002304
33.263523499002304,32.902973530917016
34.34517340325817,32.54242356283173
33.744256789782696,32.06169027205134
34.94609001673366,31.58095698127095
34.46535672595327,30.980040367795475
34.94609001673366,30.499307077015082
33.98462343517289,29.8983904635396
33.5038901443925,29.057107204673926
33.14334017630721,28.63646557524109
34.46535672595327,28.215823945808246
35.94761770585947,30.61949039971018
35.42682330751405,30.138757108929795
34.94609001673366,29.65802381814941
34.10480675786798,29.177290527369024
36.02773992098953,28.81674055928373
35.787373275599336,31.100223690490566
35.42682330751405,30.980040367795475
34.825906694038565,30.258940431624893
34.58554004864837,30.078665447582246
34.22499008056308,30.138757108929795
33.744256789782696,31.100223690490566
33.32361516034986,30.61949039971018
32.66260688552683,30.258940431624893
32.42224024013663,32.782790208221925
31.821323626661147,32.30205691744153
31.340590335880762,31.821323626661147
32.782790208221925,31.40068199722831
32.42224024013663,31.70114030396605
36.38828988907482,32.06169027205134
36.02773992098953,31.46077365857586
37.59012311602579,30.859857045100377
37.1093898252454,30.439215415667533
36.74883985716011,30.61949039971018
39.03232298836694,30.258940431624893
38.551589697586564,31.58095698127095
38.07085640680617,31.100223690490566
38.79195634297675,33.263523499002304
38.19103972950127,32.782790208221925
37.950673084111074,32.30205691744153
37.59012311602579,31.941506949356246
37.1093898252454,33.744256789782696
36.628656534465016,32.782790208221925
35.66718995290424,32.30205691744153
35.18645666212386,31.821323626661147
36.869023179855205,31.46077365857586
36.50847321176992,32.06169027205134
36.869023179855205,31.46077365857586
36.38828988907482,30.859857045100377
36.02773992098953,30.37912375431999
35.42682330751405,31.46077365857586
35.06627333942876,33.023156853612115
36.02773992098953,32.60251522417927
36.628656534465016,32.06169027205134
37.1093898252454,32.30205691744153
36.56856487311747,31.881415288008697
35.18645666212386,31.340590335880762
34.70572337134347,30.859857045100377
34.22499008056308,30.37912375431999
35.18645666212386,31.58095698127095
36.18798435124966,31.100223690490566
35.66718995290424,30.73967372240528
36.869023179855205,32.30205691744153
36.74883985716011,32.782790208221925
36.50847321176992,33.744256789782696
37.1093898252454,34.94609001673366
36.628656534465016,35.907556598294434
36.26810656637973,36.74883985716011
35.907556598294434,36.628656534465016
35.54700663020914,36.26810656637973
34.94609001673366,36.02773992098953
34.58554004864837,35.18645666212386
35.907556598294434,34.825906694038565
35.3667316461665,34.34517340325817
35.907556598294434,34.94609001673366
35.30663998481895,35.42682330751405
34.825906694038565,35.96764825964198
34.34517340325817,36.02773992098953
34.10480675786798,35.18645666212386
36.02773992098953,34.70572337134347
35.54700663020914,34.22499008056308
35.06627333942876,33.80434845113024
34.825906694038565,33.32361516034986
34.94609001673366,33.744256789782696
34.46535672595327,34.70572337134347
33.98462343517289,34.22499008056308
33.56398180574005,35.42682330751405
32.902973530917016,35.96764825964198
32.66260688552683,35.96764825964198
32.30205691744153,35.54700663020914
31.821323626661147,34.70572337134347
31.380651443445792,34.34517340325817
32.06169027205134,33.744256789782696
33.063217961177145,33.263523499002304
32.54242356283173,32.84288186956947
31.70114030396605,32.42224024013663
33.78431789734773,33.5038901443925
33.98462343517289,33.083248514959664
33.5038901443925,33.98462343517289
33.14334017630721,33.263523499002304
,32.782790208221925
,32.181873594746435
,31.70114030396605
,31.280498674533213
,33.023156853612115
,32.54242356283173
,32.06169027205134
,31.821323626661147
,31.340590335880762
,30.73967372240528
,30.138757108929795
,29.71811547949696
,29.417657172759213
,29.958482124887148
,30.439215415667533
,30.859857045100377
,31.6410486426185
,31.220407013185664
,31.941506949356246
,31.40068199722831
,31.821323626661147
,31.340590335880762
,31.340590335880762
,30.859857045100377
,30.258940431624893
,29.65802381814941
,29.177290527369024
,28.57637391389354
,28.336007268503344
,27.975457300418057
,27.49472400963767
,27.134174041552377
,28.51628225254599
,28.81674055928373
,28.275915607155795
,27.85527397772296
,27.49472400963767
,27.134174041552377
,27.85527397772296
,27.614907332332763
,27.254357364247475
,26.77362407346709
,26.292890782686705
,25.812157491906312
,25.391515862473476
,26.05252413729651
,25.451607523821025
,24.730507587650443
,24.309865958217607
,24.85069091034554
,24.430049280912705
,23.769041006089672
,23.16812439261419
,22.567207779138705
,22.08647448835832
,22.927757747223993
,22.507116117791156
,22.02638282701077
,21.485557874882836
,21.125007906797542
,20.764457938712255
,20.28372464793187
,19.863083018499033
,19.44244138906619
,19.081891420980902
,18.601158130200517
,18.18051650076768
,17.759874871334837
,17.39932490324955
,16.918591612469164
,16.49794998303632
,16.077308353603485
,16.077308353603485
,16.49794998303632
,16.918591612469164
,16.49794998303632
,16.077308353603485
,15.716758385518197
,15.296116756085361
,15.055750110695165
,14.394741835872132
,13.793825222396649
,13.192908608921165
,12.591991995445682
,11.991075381970198
,11.269975445799616
,11.029608800409427
,10.90942547771433
,10.428692186933944
,10.068142218848656
,9.707592250763362
,9.286950621330526
,9.707592250763362
