Y(hoy),Y(ayer)
7.894491693549767,6.834118262689678
7.894491693549767,6.834118262689678
7.894491693549767,6.436478226117146
7.629398335834743,5.972564850115859
7.364304978119726,6.569024904974661
7.0108471678330275,6.038838189544613
7.761945014692259,6.171384868402129
7.364304978119726,5.707471492400835
7.761945014692259,5.243558116399548
7.298031638690972,4.779644740398261
6.70157158383217,4.713371400969507
6.171384868402129,4.713371400969507
5.773744831829596,4.647098061540753
5.773744831829596,4.315731364396974
5.6411981529720805,3.8518179883956876
5.6411981529720805,3.3879046123944008
4.978464758684531,2.990264575821868
4.713371400969507,2.5263511998205814
4.183184685539466,2.3275311815343116
3.5867246306806635,2.725171218106837
3.6529979701094177,3.1228112546793767
3.5204512912519093,2.725171218106837
3.5204512912519093,2.2612578421055503
3.5204512912519093,1.929891144961772
2.990264575821868,1.4659777689604852
2.46007786039182,1.2671577506742295
2.46007786039182,1.2671577506742295
2.46007786039182,1.2671577506742295
2.46007786039182,1.2671577506742295
2.46007786039182,0.7369710352441814
1.7973444661042635,0.20678431981413326
1.3334310901029767,0.20678431981413326
1.1346110718167068,0.20678431981413326
0.5381510169579116,0.20678431981413326
0.47187767752916443,0.14051098038538612
0.9136999403875308,-0.1908557167583922
1.1346110718167068,-0.654769092759679
0.6044243563866729,-0.1908557167583922
1.1346110718167068,-0.45594907447342337
0.67069769581542,-0.8535891110459488
0.8695177141016899,-0.8535891110459488
0.47187767752916443,-0.8535891110459488
0.20678431981413326,-0.8535891110459488
0.20678431981413326,-0.8535891110459488
0.20678431981413326,-0.8535891110459488
0.20678431981413326,-0.8535891110459488
0.20678431981413326,-0.8535891110459488
0.20678431981413326,-0.8535891110459488
0.20678431981413326,-0.8535891110459488
0.20678431981413326,-0.8535891110459488
0.20678431981413326,-0.8535891110459488
0.14051098038538612,-0.8535891110459488
0.07423764095662477,-0.8535891110459488
-0.389675735044662,-0.8535891110459488
-0.1466734904725655,-0.8535891110459488
-0.5884957533309318,-0.8535891110459488
0.14051098038538612,-0.8535891110459488
0.20678431981413326,-0.8535891110459488
0.20678431981413326,-0.3234023956159007
0.07423764095662477,0.20678431981413326
-0.5222224139021705,0.20678431981413326
-0.5884957533309318,0.20678431981413326
-0.1466734904725655,0.20678431981413326
0.07423764095662477,-0.1908557167583922
-0.45594907447342337,-0.654769092759679
0.07423764095662477,-0.1908557167583922
-0.45594907447342337,-0.5884957533309318
0.20678431981413326,0.20678431981413326
0.20678431981413326,0.20678431981413326
0.5381510169579116,0.2730576592428946
1.1346110718167068,0.9357910535304512
0.7369710352441814,0.47187767752916443
1.3334310901029767,1.5322511083892465
2.990264575821868,2.194984502676803
3.5867246306806635,2.46007786039182
4.1169113461107045,3.1228112546793767
4.580824722111998,3.5204512912519093
4.580824722111998,3.6529979701094177
5.1110114375420395,4.315731364396974
4.713371400969507,4.978464758684531
5.6411981529720805,5.707471492400835
4.845918079827015,5.773744831829596
5.3761047952570635,6.303931547259637
7.761945014692259,7.099211620404702
9.087411803267365,7.629398335834743
8.557225087837324,8.557225087837324
9.750145197554922,8.027038372407276
14.65437231528282,9.88269187641243
16.244932461572958,9.352505160982389
15.71474574614291,11.738345380417584
15.184559030712869,11.208158664987543
17.835492607863088,13.328905526707715
17.371579231861794,13.991638920995271
16.775119177003,14.521825636425312
18.498226002150638,15.847292425000418
19.160959396438194,15.184559030712869
19.73532833815407,14.786918994140336
20.088786148440768,16.64257249814549
20.221332827298284,17.437852571290556
21.281706258158366,16.907665855860508
20.751519542728325,18.674954907293987
22.342079689018455,18.100585965578105
21.811892973588414,19.028412717580686
23.00481308330601,19.558599433010727
25.258106623883698,20.287606166727038
27.113760127888845,21.811892973588414
26.716120091316313,21.281706258158366
31.48780053018671,20.751519542728325
32.68072063990431,23.402453119878544
32.283080603331776,22.872266404448496
33.47600071304937,22.342079689018455
33.07836067647684,25.78829333931374
40.6777035976408,25.258106623883698
40.23588133478243,24.860466587311166
40.898614729069976,27.37885348560387
40.898614729069976,26.981213449031337
40.30215467421118,29.234506989609024
38.51277450963478,28.704320274178976
37.98258779420474,30.294880420469113
38.6453211884923,30.957613814756662
37.4524010787747,31.48780053018671
36.92221436334465,32.15053392447426
36.524574326772125,33.47600071304937
38.247681151919764,32.945813997619325
37.717494436489716,34.80146750162448
38.77786786734981,35.86184093248457
38.247681151919764,37.717494436489716
37.78376777591848,37.187307721059675
37.78376777591848,39.57314794049488
38.247681151919764,39.04296122506483
38.77786786734981,39.10923456449358
38.77786786734981,39.705694619352386
38.181407812491,39.9707879770674
37.78376777591848,39.57314794049488
37.31985439991719,39.04296122506483
36.39202764791461,37.717494436489716
35.86184093248457,37.187307721059675
35.39792755648328,36.72339434505839
34.80146750162448,36.92221436334465
34.27128078619444,37.717494436489716
33.74109407076439,38.77786786734981
33.34345403419186,38.115134473062255
33.47600071304937,37.4524010787747
34.050369654765255,36.78966768448714
34.27128078619444,36.524574326772125
33.60854739190688,36.39202764791461
33.34345403419186,35.92811427191332
33.21090735533435,36.126934290199586
32.54817396104679,35.72929425362706
32.283080603331776,36.657121005629634
32.45980950847512,37.187307721059675
33.21090735533435,37.85004111534723
32.74699397933306,37.85004111534723
32.68072063990431,37.58494775763221
32.15053392447426,37.187307721059675
31.090160493614178,36.78966768448714
31.355253851329195,37.4524010787747
30.55997377818413,36.92221436334465
29.764693705039065,36.39202764791461
29.234506989609024,35.86184093248457
28.83686695303649,35.19910753819701
30.294880420469113,34.735194162195725
31.355253851329195,34.40382746505195
30.825067135899154,35.596747574769545
31.885440566759243,35.19910753819701
31.355253851329195,36.458300987343364
30.957613814756662,35.99438761134208
29.764693705039065,36.524574326772125
29.234506989609024,35.86184093248457
28.83686695303649,35.39792755648328
30.825067135899154,34.93401418048199
30.294880420469113,34.4701008044807
32.15053392447426,34.40382746505195
31.62034720904422,34.40382746505195
31.222707172471686,34.33755412562319
31.134342719900012,33.74109407076439
31.951713906187997,33.21090735533435
31.48780053018671,32.68072063990431
32.68072063990431,32.216807263903014
33.21090735533435,31.62034720904422
32.68072063990431,31.222707172471686
32.01798724561675,32.945813997619325
31.752893887901728,32.415627282189284
31.355253851329195,32.15053392447426
30.825067135899154,31.62034720904422
30.294880420469113,31.222707172471686
30.02978706275409,32.15053392447426
32.15053392447426,32.945813997619325
31.62034720904422,32.54817396104679
31.090160493614178,32.283080603331776
30.55997377818413,31.48780053018671
32.945813997619325,30.957613814756662
31.885440566759243,30.294880420469113
31.355253851329195,32.945813997619325
31.885440566759243,32.415627282189284
33.60854739190688,32.01798724561675
33.54227405247813,33.34345403419186
34.006187428479414,32.945813997619325
33.21090735533435,32.48190062161804
32.415627282189284,32.283080603331776
33.07836067647684,33.21090735533435
33.34345403419186,32.68072063990431
33.34345403419186,34.27128078619444
34.13873410733692,33.80736741019315
34.13873410733692,33.74109407076439
34.867740841053234,33.34345403419186
35.39792755648328,32.81326731876182
34.27128078619444,32.415627282189284
34.66892082276697,34.006187428479414
34.13873410733692,33.47600071304937
35.33165421705452,33.47600071304937
34.80146750162448,32.945813997619325
34.40382746505195,32.415627282189284
34.27128078619444,32.283080603331776
33.74109407076439,34.735194162195725
33.74109407076439,34.006187428479414
33.07836067647684,33.47600071304937
32.415627282189284,35.33165421705452
33.47600071304937,34.66892082276697
32.945813997619325,33.47600071304937
32.415627282189284,32.945813997619325
34.60264748333822,32.283080603331776
34.006187428479414,31.752893887901728
35.0665608593395,31.222707172471686
40.63352137135496,32.945813997619325
40.10333465592491,32.415627282189284
39.57314794049488,32.01798724561675
37.4524010787747,34.006187428479414
40.898614729069976,33.60854739190688
40.36842801363994,35.26538087762577
39.838241298209894,34.93401418048199
35.33165421705452,34.4701008044807
34.80146750162448,34.40382746505195
34.536374143909455,34.867740841053234
35.596747574769545,35.33165421705452
35.0665608593395,34.80146750162448
37.717494436489716,34.27128078619444
36.126934290199586,33.74109407076439
38.77786786734981,32.945813997619325
38.247681151919764,32.415627282189284
37.85004111534723,33.47600071304937
36.59084766620087,34.40382746505195
37.054761042202166,34.006187428479414
36.524574326772125,33.47600071304937
37.717494436489716,32.945813997619325
37.58494775763221,32.415627282189284
44.609921737080285,34.27128078619444
44.01346168222149,33.74109407076439
43.5495483062202,34.93401418048199
43.15190826964766,35.33165421705452
46.46557524108544,34.80146750162448
46.00166186508415,34.13873410733692
45.40520181022535,33.74109407076439
47.52594867194553,35.72929425362706
46.99576195651548,37.4524010787747
46.99576195651548,36.98848770277341
46.598121919942955,36.39202764791461
47.52594867194553,36.92221436334465
46.99576195651548,36.2594809690571
46.46557524108544,35.99438761134208
45.9353885256554,35.596747574769545
45.53774848908286,35.0665608593395
44.34482837936527,34.66892082276697
43.94718834279273,33.74109407076439
43.59373053250604,33.34345403419186
43.019361590790155,34.27128078619444
42.48917487536011,33.74109407076439
42.09153483878758,35.33165421705452
45.40520181022535,34.80146750162448
44.87501509479531,34.13873410733692
44.34482837936527,33.674820731335636
43.81464166393522,35.0665608593395
43.085634930218916,34.536374143909455
42.48917487536011,36.39202764791461
41.95898815993007,35.92811427191332
41.428801444500024,35.464200895912036
40.76606805021247,35.596747574769545
40.23588133478243,34.93401418048199
39.9707879770674,35.464200895912036
40.898614729069976,37.717494436489716
40.36842801363994,37.187307721059675
39.57314794049488,36.78966768448714
40.50097469249745,39.838241298209894
39.08714345135067,39.308054582779846
42.48917487536011,38.91041454620732
41.95898815993007,37.98258779420474
41.428801444500024,37.4524010787747
41.03116140792749,37.054761042202166
39.838241298209894,35.86184093248457
44.079735021650244,36.39202764791461
43.5495483062202,36.92221436334465
43.15190826964766,37.4524010787747
45.53774848908286,36.92221436334465
43.28445494850518,38.31395449134852
41.69389480221505,37.717494436489716
41.16370808678501,37.31985439991719
41.95898815993007,38.84414120677856
41.428801444500024,38.51277450963478
40.898614729069976,38.115134473062255
40.43470135306869,37.98258779420474
39.838241298209894,41.16370808678501
39.44060126163736,40.63352137135496
35.53047423534079,40.10333465592491
35.596747574769545,43.28445494850518
32.68072063990431,42.75426823307514
31.885440566759243,44.079735021650244
31.355253851329195,43.68209498507771
30.825067135899154,43.81464166393522
30.02978706275409,43.41700162736269
28.83686695303649,44.74246841593779
30.339062646754947,45.40520181022535
29.89724038389658,45.00756177365282
30.957613814756662,44.079735021650244
30.294880420469113,43.68209498507771
29.963513723325335,41.95898815993007
31.62034720904422,41.428801444500024
31.222707172471686,40.898614729069976
30.162333741611597,40.36842801363994
31.090160493614178,39.9707879770674
30.55997377818413,43.019361590790155
30.55997377818413,42.55544821478887
30.02978706275409,41.95898815993007
32.74699397933306,41.56134812335753
32.283080603331776,42.48917487536011
33.21090735533435,41.82644148107256
32.81326731876182,41.16370808678501
32.68072063990431,40.50097469249745
34.006187428479414,39.838241298209894
33.60854739190688,39.308054582779846
34.27128078619444,38.91041454620732
33.74109407076439,39.57314794049488
33.34345403419186,39.9707879770674
32.945813997619325,40.50097469249745
31.951713906187997,41.69389480221505
31.885440566759243,41.16370808678501
31.355253851329195,44.079735021650244
33.21090735533435,43.5495483062202
34.536374143909455,43.019361590790155
34.006187428479414,42.48917487536011
33.60854739190688,45.14010845251033
32.54817396104679,44.609921737080285
35.19910753819701,43.28445494850518
35.86184093248457,42.75426823307514
36.524574326772125,41.95898815993007
36.78966768448714,41.296254765642516
34.80146750162448,40.63352137135496
34.13873410733692,40.23588133478243
33.873640749621906,39.838241298209894
33.47600071304937,39.308054582779846
32.81326731876182,37.98258779420474
32.34935394276053,37.4524010787747
36.39202764791461,37.054761042202166
35.79556759305581,35.92811427191332
35.464200895912036,36.39202764791461
34.27128078619444,35.92811427191332
37.58494775763221,34.80146750162448
37.054761042202166,34.40382746505195
36.39202764791461,33.60854739190688
35.86184093248457,32.81326731876182
35.39792755648328,32.15053392447426
34.93401418048199,31.752893887901728
36.39202764791461,31.355253851329195
35.99438761134208,30.825067135899154
37.717494436489716,30.42742709932662
37.187307721059675,29.49960034732404
36.78966768448714,28.174133558748935
35.596747574769545,27.90904020103391
34.536374143909455,28.969413631894
34.006187428479414,29.89724038389658
33.34345403419186,29.764693705039065
32.68072063990431,29.234506989609024
32.01798724561675,29.764693705039065
31.48780053018671,29.234506989609024
31.222707172471686,28.704320274178976
34.27128078619444,28.174133558748935
33.74109407076439,27.511400164461378
32.945813997619325,27.24630680674636
32.415627282189284,26.84866677017383
31.885440566759243,27.776493522176402
31.48780053018671,27.24630680674636
34.735194162195725,29.49960034732404
35.33165421705452,28.969413631894
35.86184093248457,28.43922691646396
36.78966768448714,31.885440566759243
35.0665608593395,31.355253851329195
34.006187428479414,30.825067135899154
33.47600071304937,30.02978706275409
35.0665608593395,32.283080603331776
34.536374143909455,31.355253851329195
36.126934290199586,30.957613814756662
35.72929425362706,30.02978706275409
36.524574326772125,29.764693705039065
35.0665608593395,29.278689215894858
35.6630209141983,29.764693705039065
35.26538087762577,30.55997377818413
34.80146750162448,31.355253851329195
34.006187428479414,32.415627282189284
33.47600071304937,32.945813997619325
34.27128078619444,31.885440566759243
33.74109407076439,31.28898051190044
35.33165421705452,31.664529435330053
34.80146750162448,31.222707172471686
34.80146750162448,32.945813997619325
34.006187428479414,32.415627282189284
33.54227405247813,34.27128078619444
34.27128078619444,33.674820731335636
33.74109407076439,32.68072063990431
35.0665608593395,32.01798724561675
34.536374143909455,31.48780053018671
34.006187428479414,32.68072063990431
33.34345403419186,32.15053392447426
33.07836067647684,33.34345403419186
32.68072063990431,32.81326731876182
32.283080603331776,32.283080603331776
33.07836067647684,32.415627282189284
32.415627282189284,33.21090735533435
32.81326731876182,33.873640749621906
30.162333741611597,33.34345403419186
29.89724038389658,35.19910753819701
30.02978706275409,34.536374143909455
30.825067135899154,35.86184093248457
30.294880420469113,36.39202764791461
30.825067135899154,35.99438761134208
30.294880420469113,35.00028751991075
29.632147026181556,34.66892082276697
28.969413631894,35.33165421705452
28.43922691646396,34.93401418048199
27.975313540462672,34.536374143909455
27.37885348560387,35.0665608593395
26.914940109602583,36.325754308485855
27.643946843318894,35.99438761134208
27.180033467317607,35.72929425362706
26.84866677017383,35.0665608593395
26.31848005474378,34.536374143909455
25.854566678742493,34.13873410733692
25.390653302741207,33.74109407076439
24.19773319302361,33.34345403419186
24.462826550738633,33.60854739190688
23.800093156451076,34.006187428479414
23.13735976216352,34.40382746505195
22.60717304673348,34.40382746505195
21.811892973588414,34.80146750162448
21.347979597587127,35.92811427191332
22.40835302844721,35.33165421705452
22.010712991874676,36.39202764791461
21.54679961587339,35.0665608593395
20.751519542728325,34.66892082276697
20.088786148440768,35.596747574769545
19.558599433010727,36.39202764791461
18.763319359865662,35.99438761134208
18.498226002150638,36.78966768448714
18.100585965578105,36.39202764791461
17.835492607863088,35.0665608593395
17.30530589243304,34.536374143909455
16.775119177003,34.006187428479414
16.244932461572958,33.54227405247813
15.781019085571664,35.0665608593395
15.184559030712869,34.536374143909455
14.786918994140336,34.536374143909455
13.461452205565223,34.13873410733692
13.328905526707715,33.47600071304937
12.666172132420158,32.81326731876182
12.401078774705141,32.415627282189284
12.003438738132608,32.945813997619325
13.06381216899269,33.34345403419186
12.53362545356265,33.74109407076439
11.340705343845052,34.27128078619444
,34.536374143909455
,35.11074308562534
,34.27128078619444
,33.74109407076439
,33.21090735533435
,32.68072063990431
,32.216807263903014
,31.686620548472973
,31.222707172471686
,33.674820731335636
,32.68072063990431
,32.15053392447426
,31.62034720904422
,34.27128078619444
,33.74109407076439
,33.21090735533435
,32.54817396104679
,31.752893887901728
,31.28898051190044
,31.885440566759243
,32.81326731876182
,32.283080603331776
,31.355253851329195
,30.957613814756662
,30.02978706275409
,29.367053668466532
,28.571773595321467
,28.10786021932018
,28.770593613607737
,28.306680237606443
,28.83686695303649
,28.43922691646396
,27.975313540462672
,27.776493522176402
,27.37885348560387
,26.84866677017383
,26.185933375886272
,25.523199981598715
,24.993013266168674
,24.59537322959614
,25.58947332102747
,25.125559945026183
,25.258106623883698
,24.462826550738633
,24.0651865141661
,23.402453119878544
,23.13735976216352
,22.739719725590987
,22.342079689018455
,21.811892973588414
,21.281706258158366
,20.751519542728325
,20.088786148440768
,19.82369279072575
,19.558599433010727
,19.028412717580686
,20.81779288215708
,20.221332827298284
,21.41425293701588
,21.878166313017168
,21.281706258158366
,21.01661290044335
,20.4864261850133
,19.95623946958326
,19.293506075295703
,18.630772681008153
,18.23313264443562
,17.570399250148064
,17.040212534718023
,16.244932461572958
,15.71474574614291
,15.184559030712869
,14.720645654711582
,15.582199067285401
,15.449652388427886
,15.052012351855353
,13.593998884422739
,13.06381216899269
,12.599898792991404
,12.268532095847625
,11.870892059275093
,11.340705343845052
,11.870892059275093
