Y(hoy),Y(ayer)
6.834118262689678,6.834118262689678
6.834118262689678,6.436478226117146
6.70157158383217,5.972564850115859
6.237658207830883,5.773744831829596
5.3761047952570635,5.773744831829596
4.91219141925577,5.773744831829596
4.382004703825729,5.508651474114572
3.7855446489669333,4.845918079827015
3.454177951823155,4.713371400969507
3.5204512912519093,4.448278043254483
3.5204512912519093,3.8518179883956876
2.8577178969643597,3.5204512912519093
2.3938045209630587,3.3879046123944008
2.769353444392678,2.7914445575355984
2.3275311815343116,2.2612578421055503
2.990264575821868,1.929891144961772
2.46007786039182,1.399704429531738
1.929891144961772,1.2671577506742295
1.399704429531738,1.2671577506742295
1.2671577506742295,1.2671577506742295
1.2671577506742295,1.2671577506742295
0.9357910535304512,1.2671577506742295
0.42769545124332353,0.8695177141016899
0.2730576592428946,0.2730576592428946
0.20678431981413326,0.20678431981413326
0.20678431981413326,0.20678431981413326
0.20678431981413326,0.20678431981413326
-0.12458237732964506,0.20678431981413326
-0.7210424321884403,0.20678431981413326
-0.8535891110459488,-0.3234023956159007
-0.8535891110459488,-0.45594907447342337
-0.8535891110459488,0.14051098038538612
-0.8535891110459488,0.07423764095662477
-0.8535891110459488,-0.45594907447342337
-0.8535891110459488,-0.8535891110459488
-0.8535891110459488,-0.8535891110459488
-1.1849558081897271,-0.8535891110459488
-1.5163225053335054,-0.8535891110459488
-1.913962541906045,-0.8535891110459488
-1.1849558081897271,-0.8535891110459488
-1.2512291476184885,-0.8535891110459488
-1.913962541906045,-0.8535891110459488
-2.444149257336079,-0.8535891110459488
-2.908062633337366,-0.8535891110459488
-1.2512291476184885,-0.8535891110459488
-1.7814158630485224,-0.8535891110459488
-2.3116025784785705,-0.8535891110459488
-2.8417892939086187,-0.8535891110459488
-0.8535891110459488,-0.8535891110459488
-0.654769092759679,-0.8535891110459488
-0.1908557167583922,-0.8535891110459488
-0.05830903790088371,-0.389675735044662
0.2730576592428946,0.14051098038538612
1.0020643929591984,0.20678431981413326
0.47187767752916443,-0.05830903790088371
1.664797787246755,-0.5884957533309318
2.3275311815343116,0.07423764095662477
2.990264575821868,0.20678431981413326
3.454177951823155,0.20678431981413326
3.5204512912519093,0.20678431981413326
3.5204512912519093,0.6044243563866729
4.05063800668195,1.4659777689604852
4.448278043254483,1.0020643929591984
4.845918079827015,1.929891144961772
5.3761047952570635,2.7914445575355984
6.038838189544613,2.3275311815343116
6.966664941547194,3.3879046123944008
6.569024904974661,4.183184685539466
8.071220598693117,4.713371400969507
7.496851656977235,4.713371400969507
9.352505160982389,4.713371400969507
8.822318445552341,5.1110114375420395
13.328905526707715,5.707471492400835
12.931265490135182,5.906291510687105
14.919465672997845,7.496851656977235
14.389278957567804,6.966664941547194
17.239032553004286,8.888591784981102
16.244932461572958,8.2921317301223
15.71474574614291,7.894491693549767
17.901765947291842,10.015238555269946
17.084394761003857,9.352505160982389
16.64257249814549,10.545425270699987
17.835492607863088,11.47325202270256
19.470234980439052,14.12418559985278
18.89586603872317,13.593998884422739
18.498226002150638,13.06381216899269
20.751519542728325,12.666172132420158
22.07698633130343,15.449652388427886
21.54679961587339,14.919465672997845
21.149159579300857,16.510025819287975
22.60717304673348,15.979839103857934
26.053386697028763,17.17275921357553
25.65574666045623,18.630772681008153
28.174133558748935,18.100585965578105
27.776493522176402,17.702945929005573
30.162333741611597,20.552699524442062
30.825067135899154,19.95623946958326
32.54817396104679,19.42605275415322
35.596747574769545,19.028412717580686
35.19910753819701,21.01661290044335
38.77786786734981,20.530608411299134
38.38022783077727,21.281706258158366
36.657121005629634,22.342079689018455
41.428801444500024,21.811892973588414
41.03116140792749,22.739719725590987
41.82644148107256,23.667546477593568
43.41700162736269,23.269906441021035
40.50097469249745,26.583573412458804
39.9707879770674,26.053386697028763
41.296254765642516,25.523199981598715
40.76606805021247,25.125559945026183
41.95898815993007,28.174133558748935
41.428801444500024,29.234506989609024
40.898614729069976,30.294880420469113
40.36842801363994,30.957613814756662
39.57314794049488,32.68072063990431
39.04296122506483,32.15053392447426
40.898614729069976,34.006187428479414
40.36842801363994,36.126934290199586
39.705694619352386,35.596747574769545
41.03116140792749,36.657121005629634
40.898614729069976,37.31985439991719
39.9707879770674,39.04296122506483
40.36842801363994,38.51277450963478
41.229981426213755,37.98258779420474
40.76606805021247,42.02526149935882
41.56134812335753,41.428801444500024
40.898614729069976,40.898614729069976
40.50097469249745,42.62172155421762
37.916314454775986,43.019361590790155
37.4524010787747,41.95898815993007
36.92221436334465,41.03116140792749
36.39202764791461,40.76606805021247
35.86184093248457,40.037061316496164
35.464200895912036,39.9707879770674
36.657121005629634,39.9707879770674
36.126934290199586,39.57314794049488
36.92221436334465,39.10923456449358
36.524574326772125,39.639421279923624
37.4524010787747,40.10333465592491
36.8559410239159,40.63352137135496
36.39202764791461,41.296254765642516
35.72929425362706,41.82644148107256
35.464200895912036,43.32863717479101
35.596747574769545,42.75426823307514
35.19910753819701,42.3566281965026
34.536374143909455,44.146008361079
34.006187428479414,43.5495483062202
33.47600071304937,43.019361590790155
33.873640749621906,42.48917487536011
33.34345403419186,41.95898815993007
32.945813997619325,41.428801444500024
32.415627282189284,40.898614729069976
33.21090735533435,38.446501170206034
32.68072063990431,37.98258779420474
31.090160493614178,38.84414120677856
31.222707172471686,38.38022783077727
30.55997377818413,37.85004111534723
29.764693705039065,39.90451463763865
29.234506989609024,39.308054582779846
28.83686695303649,38.77786786734981
30.294880420469113,38.247681151919764
30.825067135899154,40.898614729069976
30.42742709932662,40.36842801363994
28.83686695303649,39.838241298209894
32.15053392447426,39.17550790392234
31.62034720904422,38.91041454620732
32.283080603331776,38.51277450963478
31.222707172471686,37.98258779420474
31.686620548472973,37.51867441820345
32.216807263903014,36.92221436334465
31.222707172471686,36.458300987343364
32.68072063990431,35.86184093248457
33.21090735533435,35.0665608593395
32.68072063990431,34.536374143909455
32.01798724561675,33.74109407076439
32.945813997619325,33.34345403419186
32.415627282189284,34.27128078619444
33.21090735533435,33.80736741019315
32.68072063990431,33.34345403419186
31.752893887901728,32.945813997619325
31.222707172471686,32.54817396104679
31.355253851329195,31.752893887901728
30.957613814756662,31.355253851329195
31.951713906187997,32.945813997619325
32.945813997619325,32.34935394276053
32.48190062161804,31.62034720904422
33.07836067647684,31.090160493614178
32.54817396104679,30.42742709932662
33.60854739190688,30.162333741611597
34.66892082276697,30.957613814756662
34.13873410733692,31.81916722733048
35.33165421705452,30.55997377818413
34.80146750162448,30.02978706275409
33.60854739190688,29.49960034732404
31.951713906187997,29.101960310751508
31.355253851329195,30.55997377818413
32.415627282189284,31.355253851329195
31.885440566759243,31.885440566759243
33.74109407076439,30.957613814756662
33.21090735533435,30.55997377818413
33.47600071304937,30.162333741611597
32.945813997619325,31.48780053018671
34.27128078619444,32.68072063990431
33.74109407076439,32.15053392447426
33.60854739190688,33.07836067647684
32.945813997619325,32.54817396104679
32.45980950847512,31.355253851329195
33.01208733704808,30.825067135899154
33.01208733704808,30.294880420469113
32.48190062161804,34.80146750162448
32.54817396104679,34.27128078619444
32.01798724561675,33.80736741019315
31.752893887901728,33.21090735533435
31.355253851329195,32.68072063990431
30.957613814756662,35.33165421705452
31.951713906187997,34.006187428479414
31.355253851329195,33.47600071304937
35.33165421705452,32.945813997619325
34.80146750162448,32.01798724561675
32.415627282189284,31.48780053018671
34.66892082276697,32.283080603331776
34.205007446765684,32.283080603331776
35.86184093248457,33.21090735533435
35.464200895912036,32.68072063990431
37.4524010787747,34.13873410733692
35.99438761134208,33.60854739190688
37.58494775763221,32.34935394276053
34.13873410733692,32.415627282189284
33.60854739190688,32.945813997619325
33.34345403419186,33.60854739190688
35.64092980105538,34.13873410733692
35.0665608593395,33.74109407076439
34.006187428479414,33.34345403419186
37.4524010787747,32.74699397933306
36.92221436334465,32.283080603331776
36.39202764791461,33.80736741019315
38.77786786734981,33.21090735533435
38.247681151919764,34.33755412562319
37.78376777591848,34.006187428479414
38.247681151919764,33.47600071304937
38.6453211884923,32.945813997619325
38.115134473062255,32.415627282189284
37.717494436489716,31.951713906187997
37.187307721059675,31.355253851329195
36.657121005629634,30.825067135899154
36.126934290199586,30.294880420469113
35.72929425362706,31.951713906187997
44.079735021650244,32.945813997619325
43.5495483062202,32.415627282189284
46.46557524108544,33.34345403419186
45.9353885256554,33.34345403419186
45.40520181022535,33.34345403419186
44.87501509479531,33.34345403419186
44.477375058222776,33.21090735533435
45.14010845251033,32.61444730047555
44.609921737080285,33.07836067647684
44.146008361079,32.415627282189284
43.15190826964766,32.415627282189284
43.748368324506465,33.47600071304937
45.27265513136784,34.27128078619444
44.74246841593779,33.60854739190688
44.21228170050775,34.13873410733692
43.5495483062202,36.126934290199586
42.48917487536011,35.596747574769545
42.09153483878758,35.0665608593395
40.50097469249745,34.66892082276697
41.428801444500024,37.4524010787747
40.898614729069976,37.054761042202166
43.15190826964766,36.126934290199586
42.62172155421762,35.596747574769545
42.3566281965026,34.40382746505195
42.3566281965026,34.80146750162448
42.09153483878758,35.39792755648328
42.157808178216335,35.596747574769545
41.56134812335753,36.458300987343364
41.296254765642516,35.99438761134208
40.898614729069976,36.524574326772125
40.36842801363994,35.86184093248457
39.9707879770674,35.464200895912036
40.037061316496164,35.86184093248457
40.63352137135496,39.57314794049488
40.10333465592491,39.04296122506483
41.69389480221505,38.51277450963478
41.16370808678501,38.115134473062255
42.22408151764509,42.48917487536011
41.69389480221505,41.95898815993007
41.03116140792749,43.94718834279273
40.76606805021247,43.41700162736269
40.36842801363994,43.5495483062202
39.9707879770674,43.019361590790155
40.898614729069976,42.22408151764509
40.36842801363994,40.63352137135496
39.838241298209894,39.17550790392234
39.308054582779846,38.6453211884923
38.77786786734981,38.115134473062255
38.31395449134852,37.85004111534723
37.717494436489716,41.73807702850088
37.187307721059675,41.16370808678501
36.524574326772125,40.63352137135496
36.2594809690571,40.23588133478243
35.86184093248457,41.428801444500024
35.33165421705452,41.03116140792749
34.867740841053234,40.898614729069976
34.40382746505195,40.36842801363994
36.39202764791461,39.838241298209894
35.79556759305581,39.17550790392234
35.33165421705452,38.6453211884923
34.867740841053234,37.916314454775986
34.006187428479414,40.10333465592491
33.34345403419186,39.506874601066116
33.07836067647684,39.04296122506483
32.68072063990431,38.51277450963478
32.283080603331776,37.98258779420474
33.07836067647684,44.079735021650244
32.283080603331776,43.61582164564895
31.62034720904422,42.55544821478887
31.090160493614178,41.95898815993007
29.101960310751508,41.428801444500024
29.89724038389658,40.898614729069976
31.929622793045077,43.019361590790155
31.355253851329195,41.428801444500024
29.101960310751508,40.898614729069976
31.090160493614178,40.36842801363994
30.55997377818413,39.838241298209894
29.89724038389658,39.308054582779846
29.234506989609024,38.84414120677856
28.83686695303649,38.51277450963478
29.83096704446782,37.98258779420474
30.825067135899154,37.4524010787747
30.294880420469113,36.92221436334465
29.764693705039065,36.39202764791461
29.234506989609024,35.86184093248457
28.83686695303649,35.0665608593395
28.83686695303649,34.536374143909455
30.294880420469113,33.873640749621906
29.89724038389658,33.34345403419186
31.752893887901728,34.006187428479414
31.355253851329195,34.40382746505195
30.957613814756662,34.33755412562319
31.090160493614178,33.74109407076439
30.55997377818413,33.21090735533435
30.02978706275409,32.15053392447426
29.89724038389658,31.686620548472973
30.825067135899154,31.222707172471686
30.294880420469113,30.825067135899154
31.62034720904422,30.162333741611597
34.006187428479414,29.632147026181556
33.47600071304937,29.101960310751508
33.01208733704808,30.02978706275409
32.34935394276053,31.090160493614178
34.536374143909455,31.885440566759243
34.006187428479414,31.48780053018671
33.60854739190688,31.090160493614178
35.33165421705452,30.55997377818413
34.13873410733692,30.162333741611597
33.60854739190688,32.15053392447426
33.34345403419186,31.62034720904422
34.006187428479414,31.090160493614178
33.60854739190688,30.294880420469113
34.40382746505195,29.89724038389658
35.0665608593395,29.49960034732404
34.07246076790817,29.101960310751508
33.52018293933521,31.090160493614178
34.27128078619444,30.55997377818413
33.80736741019315,30.02978706275409
34.27128078619444,33.07836067647684
33.74109407076439,32.68072063990431
33.34345403419186,32.15053392447426
35.86184093248457,31.62034720904422
35.33165421705452,32.54817396104679
34.80146750162448,31.752893887901728
36.92221436334465,31.156433833042932
36.39202764791461,30.825067135899154
37.58494775763221,30.42742709932662
37.58494775763221,29.49960034732404
36.92221436334465,29.101960310751508
36.458300987343364,30.55997377818413
35.86184093248457,31.090160493614178
35.464200895912036,31.62034720904422
36.39202764791461,32.68072063990431
37.51867441820345,32.283080603331776
36.92221436334465,35.33165421705452
37.58494775763221,34.80146750162448
36.524574326772125,34.27128078619444
37.98258779420474,33.873640749621906
37.31985439991719,34.536374143909455
36.657121005629634,34.006187428479414
36.126934290199586,33.60854739190688
35.464200895912036,33.07836067647684
34.93401418048199,32.81326731876182
34.27128078619444,32.283080603331776
33.60854739190688,34.006187428479414
33.34345403419186,33.47600071304937
35.464200895912036,35.33165421705452
34.27128078619444,34.93401418048199
33.74109407076439,34.4701008044807
36.59084766620087,35.596747574769545
36.59084766620087,35.0665608593395
37.25358106048843,36.39202764791461
37.717494436489716,35.92811427191332
38.247681151919764,35.464200895912036
37.717494436489716,34.867740841053234
37.187307721059675,35.39792755648328
36.524574326772125,35.72929425362706
36.2594809690571,36.72339434505839
35.92811427191332,36.2594809690571
36.39202764791461,37.187307721059675
35.68511202734122,38.38022783077727
34.33755412562319,37.717494436489716
33.74109407076439,39.61733016678071
34.80146750162448,39.04296122506483
35.33165421705452,39.9707879770674
34.80146750162448,39.57314794049488
34.27128078619444,39.04296122506483
33.74109407076439,38.38022783077727
33.34345403419186,38.115134473062255
32.283080603331776,37.717494436489716
32.68072063990431,37.187307721059675
33.34345403419186,36.78966768448714
34.006187428479414,38.6453211884923
34.536374143909455,38.181407812491
35.0665608593395,37.58494775763221
35.596747574769545,37.010578815916325
34.93401418048199,38.77786786734981
34.27128078619444,38.247681151919764
33.47600071304937,37.717494436489716
32.945813997619325,40.898614729069976
31.222707172471686,40.36842801363994
32.01798724561675,39.838241298209894
30.825067135899154,39.308054582779846
30.294880420469113,38.77786786734981
29.89724038389658,38.247681151919764
31.885440566759243,37.58494775763221
33.34345403419186,36.92221436334465
31.156433833042932,36.39202764791461
31.090160493614178,35.92811427191332
30.626247117612884,35.33165421705452
30.162333741611597,34.80146750162448
29.764693705039065,35.33165421705452
29.101960310751508,34.40382746505195
29.300780329037778,37.4524010787747
28.83686695303649,36.98848770277341
29.764693705039065,36.524574326772125
29.49960034732404,37.054761042202166
28.83686695303649,37.98258779420474
28.24040689817769,38.51277450963478
27.776493522176402,37.98258779420474
27.643946843318894,37.4524010787747
26.981213449031337,36.78966768448714
26.716120091316313,36.126934290199586
26.31848005474378,35.596747574769545
25.920840018171248,35.0665608593395
25.258106623883698,34.66892082276697
24.19773319302361,35.39792755648328
23.800093156451076,35.33165421705452
24.19773319302361,34.27128078619444
23.667546477593568,35.33165421705452
23.00481308330601,34.80146750162448
22.739719725590987,33.74109407076439
22.342079689018455,37.4524010787747
21.944439652445922,36.92221436334465
21.54679961587339,36.39202764791461
20.884066221585833,35.86184093248457
20.353879506155792,35.99438761134208
17.968039286720597,35.0665608593395
18.630772681008153,34.536374143909455
19.73532833815407,34.07246076790817
19.160959396438194,33.47600071304937
18.23313264443562,32.81326731876182
18.498226002150638,32.283080603331776
17.835492607863088,32.81326731876182
17.30530589243304,33.80736741019315
16.775119177003,33.34345403419186
16.244932461572958,34.27128078619444
15.71474574614291,34.80146750162448
15.184559030712869,35.39792755648328
14.65437231528282,35.464200895912036
14.12418559985278,34.80146750162448
13.593998884422739,34.27128078619444
14.521825636425312,33.74109407076439
13.461452205565223,32.945813997619325
13.328905526707715,32.54817396104679
12.798718811277674,32.01798724561675
12.268532095847625,31.355253851329195
11.738345380417584,32.15053392447426
11.340705343845052,31.752893887901728
10.346605252413717,32.945813997619325
,32.15053392447426
,30.692520457041645
,30.096060402182843
,29.89724038389658
,29.234506989609024
,28.571773595321467
,27.842766861605156
,27.776493522176402
,27.776493522176402
,27.710220182747648
,27.180033467317607
,26.583573412458804
,26.119660036457518
,25.65574666045623
,25.258106623883698
,24.860466587311166
,23.932639835308585
,22.739719725590987
,22.143259670732192
,21.679346294730898
,21.01661290044335
,20.4864261850133
,20.088786148440768
,19.82369279072575
,18.498226002150638
,17.968039286720597
,18.697046020436908
,18.100585965578105
,19.757419451296997
,19.160959396438194
,19.293506075295703
,18.498226002150638
,18.03431262614935
,17.570399250148064
,17.17275921357553
,16.775119177003
,16.244932461572958
,15.71474574614291
,15.184559030712869
,14.521825636425312
,13.859092242137756
,14.389278957567804
,13.328905526707715
,12.666172132420158
,11.870892059275093
,11.340705343845052
,10.412878591842478
,9.750145197554922
,9.219958482124873
,9.617598518697413
