Y(hoy),Y(ayer)
7.960765032978522,6.834118262689678
8.601407314123158,6.834118262689678
9.087411803267365,6.834118262689678
8.756045106123587,6.834118262689678
8.159585051264791,6.834118262689678
7.496851656977235,6.436478226117146
7.099211620404702,5.972564850115859
6.834118262689678,5.707471492400835
6.834118262689678,5.1110114375420395
6.70157158383217,4.647098061540753
6.237658207830883,4.183184685539466
5.6411981529720805,3.6529979701094177
4.978464758684531,3.454177951823155
4.382004703825729,3.1228112546793767
3.873909101538608,2.5263511998205814
4.580824722111998,2.2612578421055503
4.05063800668195,1.7310711266755163
3.6529979701094177,1.2671577506742295
4.05063800668195,1.2671577506742295
3.5204512912519093,1.2671577506742295
2.8577178969643597,1.2671577506742295
2.3938045209630587,1.2008844112454682
2.46007786039182,0.8695177141016899
2.46007786039182,0.33933099867164174
1.929891144961772,0.20678431981413326
1.5322511083892465,0.20678431981413326
1.2671577506742295,0.20678431981413326
1.2671577506742295,0.20678431981413326
1.1346110718167068,-0.1908557167583922
0.5381510169579116,-0.7210424321884403
0.20678431981413326,-0.8535891110459488
0.20678431981413326,-0.8535891110459488
0.20678431981413326,-0.8535891110459488
0.20678431981413326,-0.8535891110459488
0.14051098038538612,-0.8535891110459488
0.07423764095662477,-0.8535891110459488
-0.5222224139021705,-0.8535891110459488
-0.8535891110459488,-0.8535891110459488
-0.8535891110459488,-0.8535891110459488
-0.8535891110459488,-0.8535891110459488
-0.8535891110459488,-1.2512291476184885
-0.8535891110459488,-1.7151425236197753
-0.5222224139021705,-1.5163225053335054
0.07423764095662477,-0.8535891110459488
-0.3234023956159007,-1.383775826475997
0.20678431981413326,-1.913962541906045
0.20678431981413326,-1.383775826475997
0.20678431981413326,-0.8535891110459488
0.20678431981413326,-0.8535891110459488
0.20678431981413326,-0.8535891110459488
0.5381510169579116,-0.9861357899034573
1.2008844112454682,-1.648869184191014
0.7369710352441814,-1.2512291476184885
1.5985244478179936,-0.8535891110459488
2.3275311815343116,-0.8535891110459488
1.7973444661042635,-0.8535891110459488
2.725171218106837,-0.8535891110459488
3.829726875252767,-0.8535891110459488
3.255357933536885,-0.8535891110459488
4.448278043254483,-0.8535891110459488
3.918091327824442,-0.8535891110459488
4.448278043254483,-0.7873157716172017
3.918091327824442,-0.1908557167583922
4.647098061540753,-0.5884957533309318
4.978464758684531,0.20678431981413326
5.3761047952570635,0.20678431981413326
6.436478226117146,0.6044243563866729
5.906291510687105,1.2008844112454682
7.761945014692259,1.2671577506742295
7.298031638690972,1.7973444661042635
6.834118262689678,2.3938045209630587
8.027038372407276,2.990264575821868
9.88269187641243,2.5926245392493286
9.485051839839898,3.3879046123944008
11.208158664987543,3.5204512912519093
10.81051862841501,4.183184685539466
13.461452205565223,3.6529979701094177
15.449652388427886,4.845918079827015
14.919465672997845,5.906291510687105
15.979839103857934,5.3761047952570635
18.89586603872317,6.767844923260924
18.36567932329313,8.027038372407276
17.835492607863088,7.496851656977235
19.95623946958326,7.099211620404702
19.42605275415322,9.88269187641243
18.763319359865662,9.352505160982389
18.299405983864375,8.822318445552341
17.30530589243304,11.208158664987543
16.841392516431753,10.677971949557495
19.95623946958326,12.53362545356265
19.42605275415322,12.135985416990117
18.89586603872317,13.593998884422739
18.36567932329313,14.919465672997845
17.30530589243304,14.521825636425312
16.907665855860508,16.244932461572958
19.42605275415322,15.71474574614291
19.028412717580686,15.317105709570377
17.923857060434763,17.17275921357553
18.36567932329313,17.570399250148064
17.901765947291842,18.100585965578105
18.89586603872317,18.630772681008153
23.269906441021035,19.028412717580686
20.353879506155792,20.4864261850133
25.258106623883698,19.95623946958326
24.72791990845365,22.342079689018455
26.583573412458804,21.811892973588414
26.053386697028763,23.402453119878544
27.776493522176402,24.72791990845365
27.113760127888845,24.330279871881118
28.969413631894,26.053386697028763
28.43922691646396,25.523199981598715
30.55997377818413,26.84866677017383
29.963513723325335,26.451026733601296
29.49960034732404,27.975313540462672
32.415627282189284,27.37885348560387
31.81916722733048,28.969413631894
31.355253851329195,28.43922691646396
33.78527629705023,30.42742709932662
33.21090735533435,29.764693705039065
35.0665608593395,29.367053668466532
34.536374143909455,31.752893887901728
35.596747574769545,31.090160493614178
37.98258779420474,33.01208733704808
37.4524010787747,32.415627282189284
39.838241298209894,34.006187428479414
39.308054582779846,33.47600071304937
39.90451463763865,35.86184093248457
39.838241298209894,35.33165421705452
39.37432792220861,34.80146750162448
38.84414120677856,34.40382746505195
38.247681151919764,38.51277450963478
37.85004111534723,38.048861133633494
37.4524010787747,37.4524010787747
35.53047423534079,37.054761042202166
35.19910753819701,37.916314454775986
34.536374143909455,37.78376777591848
35.33165421705452,37.4524010787747
34.867740841053234,37.054761042202166
34.27128078619444,36.126934290199586
33.873640749621906,35.0665608593395
33.40972737362062,34.536374143909455
34.07246076790817,34.93401418048199
33.60854739190688,35.464200895912036
34.80146750162448,35.33165421705452
35.596747574769545,34.93401418048199
35.19910753819701,34.27128078619444
35.596747574769545,33.74109407076439
34.93401418048199,33.34345403419186
34.536374143909455,34.13873410733692
35.39792755648328,34.40382746505195
34.867740841053234,34.536374143909455
34.40382746505195,35.596747574769545
33.60854739190688,35.0665608593395
33.2771806947631,37.4524010787747
32.415627282189284,36.92221436334465
31.951713906187997,36.524574326772125
31.355253851329195,36.126934290199586
32.15053392447426,35.596747574769545
32.15053392447426,34.93401418048199
31.48780053018671,34.27128078619444
30.957613814756662,33.60854739190688
31.62034720904422,32.945813997619325
29.49960034732404,32.54817396104679
28.969413631894,33.07836067647684
30.02978706275409,32.54817396104679
29.49960034732404,32.15053392447426
29.101960310751508,31.355253851329195
28.041586879891426,30.957613814756662
28.83686695303649,30.294880420469113
27.37885348560387,29.764693705039065
26.84866677017383,29.234506989609024
29.89724038389658,31.62034720904422
29.367053668466532,30.825067135899154
29.101960310751508,30.294880420469113
29.234506989609024,29.764693705039065
28.571773595321467,32.15053392447426
27.90904020103391,30.825067135899154
28.969413631894,30.294880420469113
28.505500255892713,31.752893887901728
30.02978706275409,31.355253851329195
29.49960034732404,30.294880420469113
29.89724038389658,29.89724038389658
29.433327007895286,29.234506989609024
29.89724038389658,28.704320274178976
29.367053668466532,28.174133558748935
30.55997377818413,27.643946843318894
31.090160493614178,27.113760127888845
30.42742709932662,26.716120091316313
29.764693705039065,28.571773595321467
29.234506989609024,27.90904020103391
28.041586879891426,27.511400164461378
29.49960034732404,28.10786021932018
29.101960310751508,28.83686695303649
29.49960034732404,28.43922691646396
28.969413631894,27.975313540462672
31.885440566759243,27.445126825032624
31.355253851329195,26.937031222745503
30.825067135899154,27.643946843318894
31.885440566759243,27.24630680674636
31.355253851329195,28.174133558748935
30.55997377818413,28.770593613607737
31.355253851329195,28.83686695303649
30.825067135899154,29.300780329037778
30.294880420469113,29.764693705039065
32.15053392447426,29.367053668466532
32.216807263903014,28.969413631894
32.01798724561675,28.306680237606443
31.752893887901728,30.825067135899154
31.39943607761503,30.361153759897867
32.15053392447426,29.764693705039065
31.62034720904422,29.367053668466532
31.156433833042932,30.02978706275409
30.648338230755805,29.49960034732404
29.89724038389658,28.43922691646396
31.885440566759243,27.975313540462672
31.355253851329195,29.49960034732404
32.68072063990431,28.969413631894
33.21090735533435,28.43922691646396
32.68072063990431,30.692520457041645
31.885440566759243,30.294880420469113
31.355253851329195,29.764693705039065
30.957613814756662,29.234506989609024
33.34345403419186,30.361153759897867
30.692520457041645,29.764693705039065
30.02978706275409,30.692520457041645
31.355253851329195,30.096060402182843
32.54817396104679,30.294880420469113
31.885440566759243,30.7587937964704
33.21090735533435,30.02978706275409
32.68072063990431,30.692520457041645
32.283080603331776,30.162333741611597
33.21090735533435,31.885440566759243
32.68072063990431,31.355253851329195
33.74109407076439,30.825067135899154
34.27128078619444,30.294880420469113
33.74109407076439,29.89724038389658
33.21090735533435,29.49960034732404
32.68072063990431,28.83686695303649
31.885440566759243,28.306680237606443
31.48780053018671,28.041586879891426
30.55997377818413,30.294880420469113
30.02978706275409,32.945813997619325
31.090160493614178,32.415627282189284
30.55997377818413,32.01798724561675
30.162333741611597,31.090160493614178
32.15053392447426,30.692520457041645
31.752893887901728,29.764693705039065
32.415627282189284,29.234506989609024
33.01208733704808,29.764693705039065
34.006187428479414,30.825067135899154
33.47600071304937,30.294880420469113
32.415627282189284,31.885440566759243
33.52018293933521,31.42152719075795
32.945813997619325,31.355253851329195
34.66892082276697,30.957613814756662
34.27128078619444,30.55997377818413
36.524574326772125,30.162333741611597
35.99438761134208,31.42152719075795
35.72929425362706,32.945813997619325
35.596747574769545,32.415627282189284
35.19910753819701,31.951713906187997
34.536374143909455,31.62034720904422
35.0665608593395,31.222707172471686
44.079735021650244,31.62034720904422
43.48327496679144,31.222707172471686
43.019361590790155,32.98999622390516
41.03116140792749,32.415627282189284
44.079735021650244,32.68072063990431
43.5495483062202,33.47600071304937
43.15190826964766,33.07836067647684
39.838241298209894,34.80146750162448
41.296254765642516,34.27128078619444
39.308054582779846,35.33165421705452
38.51277450963478,34.66892082276697
37.98258779420474,34.006187428479414
38.51277450963478,33.34345403419186
38.115134473062255,32.68072063990431
38.51277450963478,32.283080603331776
37.916314454775986,34.40382746505195
41.16370808678501,33.74109407076439
40.63352137135496,33.21090735533435
43.81464166393522,35.72929425362706
43.28445494850518,35.0665608593395
45.14010845251033,36.39202764791461
44.609921737080285,35.86184093248457
44.21228170050775,35.464200895912036
42.886814911932646,34.80146750162448
42.22408151764509,34.40382746505195
41.69389480221505,34.536374143909455
41.16370808678501,35.33165421705452
40.63352137135496,35.86184093248457
39.9707879770674,39.57314794049488
39.705694619352386,39.04296122506483
39.308054582779846,38.51277450963478
37.717494436489716,38.115134473062255
37.187307721059675,42.75426823307514
36.78966768448714,42.22408151764509
35.33165421705452,41.82644148107256
34.66892082276697,45.14010845251033
34.13873410733692,44.609921737080285
33.60854739190688,44.079735021650244
33.34345403419186,42.48917487536011
33.21090735533435,41.95898815993007
32.68072063990431,41.49507478392878
31.355253851329195,43.019361590790155
30.825067135899154,42.62172155421762
30.294880420469113,41.95898815993007
29.632147026181556,41.428801444500024
29.367053668466532,40.23588133478243
28.969413631894,39.705694619352386
28.43922691646396,39.17550790392234
27.975313540462672,38.77786786734981
27.37885348560387,38.115134473062255
25.78829333931374,37.85004111534723
25.390653302741207,41.7601681416438
24.993013266168674,41.16370808678501
24.462826550738633,40.63352137135496
23.932639835308585,41.296254765642516
23.468726459307298,40.50097469249745
24.264006532452363,39.308054582779846
23.667546477593568,38.91041454620732
25.258106623883698,38.976687885636075
24.72791990845365,41.69389480221505
26.31848005474378,41.16370808678501
25.78829333931374,40.63352137135496
25.324379963312452,40.23588133478243
24.72791990845365,45.14010845251033
26.362662281029614,44.609921737080285
25.920840018171248,44.079735021650244
25.324379963312452,43.5495483062202
26.716120091316313,43.019361590790155
25.523199981598715,48.58632210280561
24.993013266168674,48.05613538737557
24.507008777024467,47.52594867194553
25.390653302741207,46.99576195651548
24.72791990845365,46.46557524108544
26.053386697028763,45.9353885256554
27.37885348560387,46.46557524108544
26.914940109602583,45.9353885256554
27.37885348560387,45.40520181022535
26.84866677017383,44.87501509479531
26.185933375886272,44.34482837936527
25.78829333931374,42.886814911932646
25.832475565599573,42.48917487536011
26.31848005474378,42.09153483878758
26.583573412458804,41.69389480221505
27.423035711889703,41.16370808678501
26.84866677017383,40.76606805021247
26.31848005474378,40.36842801363994
25.920840018171248,39.838241298209894
28.174133558748935,39.44060126163736
27.643946843318894,38.247681151919764
27.113760127888845,37.717494436489716
26.583573412458804,37.187307721059675
25.920840018171248,36.39202764791461
25.390653302741207,35.92811427191332
24.860466587311166,36.39202764791461
24.59537322959614,35.86184093248457
27.113760127888845,35.39792755648328
29.101960310751508,34.80146750162448
28.704320274178976,34.13873410733692
28.306680237606443,33.873640749621906
30.02978706275409,33.47600071304937
27.90904020103391,32.945813997619325
27.37885348560387,32.15053392447426
26.84866677017383,31.62034720904422
28.041586879891426,31.222707172471686
28.704320274178976,30.55997377818413
29.49960034732404,30.02978706275409
27.975313540462672,29.49960034732404
33.21090735533435,28.969413631894
32.68072063990431,28.43922691646396
32.283080603331776,27.90904020103391
31.090160493614178,27.511400164461378
30.55997377818413,26.451026733601296
30.02978706275409,25.920840018171248
28.969413631894,25.258106623883698
28.571773595321467,24.72791990845365
32.945813997619325,27.180033467317607
32.283080603331776,26.583573412458804
31.62034720904422,26.053386697028763
31.090160493614178,25.523199981598715
29.89724038389658,25.125559945026183
30.55997377818413,27.643946843318894
30.02978706275409,27.113760127888845
32.01798724561675,26.451026733601296
31.554073869615465,25.78829333931374
32.15053392447426,25.65574666045623
33.21090735533435,26.185933375886272
32.68072063990431,26.583573412458804
31.885440566759243,26.053386697028763
30.692520457041645,25.65574666045623
30.162333741611597,26.583573412458804
29.49960034732404,27.710220182747648
28.83686695303649,27.113760127888845
28.306680237606443,27.710220182747648
27.90904020103391,27.37885348560387
30.692520457041645,26.84866677017383
30.22860708104035,26.583573412458804
29.764693705039065,25.722019999884985
29.234506989609024,26.31848005474378
28.704320274178976,27.90904020103391
28.174133558748935,27.37885348560387
30.55997377818413,26.84866677017383
30.096060402182843,28.704320274178976
31.554073869615465,28.174133558748935
32.15053392447426,27.643946843318894
31.62034720904422,27.113760127888845
31.62034720904422,26.716120091316313
30.825067135899154,26.097568923314597
30.294880420469113,25.65574666045623
29.89724038389658,27.511400164461378
31.355253851329195,26.84866677017383
32.01798724561675,28.704320274178976
31.62034720904422,28.174133558748935
30.162333741611597,27.37885348560387
29.49960034732404,26.84866677017383
30.869249362184988,26.31848005474378
31.355253851329195,25.854566678742493
30.957613814756662,29.234506989609024
32.54817396104679,28.704320274178976
31.885440566759243,28.174133558748935
33.21090735533435,27.643946843318894
32.54817396104679,27.24630680674636
32.283080603331776,30.692520457041645
32.15053392447426,30.825067135899154
31.62034720904422,30.294880420469113
31.222707172471686,29.89724038389658
31.090160493614178,29.101960310751508
30.692520457041645,28.83686695303649
29.565873686752802,28.174133558748935
28.969413631894,28.83686695303649
29.49960034732404,30.294880420469113
28.704320274178976,29.764693705039065
27.113760127888845,29.367053668466532
26.716120091316313,31.090160493614178
27.776493522176402,30.692520457041645
28.704320274178976,31.885440566759243
28.174133558748935,31.62034720904422
27.24630680674636,31.222707172471686
26.716120091316313,30.825067135899154
26.451026733601296,30.361153759897867
26.053386697028763,31.48780053018671
25.65574666045623,30.825067135899154
26.451026733601296,32.15053392447426
24.860466587311166,31.090160493614178
25.258106623883698,30.604156004469964
24.72791990845365,30.162333741611597
24.330279871881118,31.48780053018671
22.474626367875963,31.81916722733048
21.54679961587339,31.355253851329195
21.01661290044335,31.929622793045077
20.4864261850133,31.62034720904422
19.95623946958326,31.222707172471686
19.492326093581973,31.355253851329195
22.07698633130343,32.81326731876182
21.480526276444635,32.283080603331776
21.01661290044335,31.885440566759243
20.4864261850133,31.48780053018671
20.088786148440768,32.01798724561675
22.209533010160946,32.945813997619325
21.944439652445922,32.54817396104679
21.54679961587339,32.54817396104679
21.01661290044335,31.62034720904422
20.4864261850133,30.957613814756662
19.95623946958326,30.42742709932662
19.42605275415322,30.162333741611597
19.028412717580686,31.885440566759243
18.630772681008153,31.355253851329195
17.901765947291842,30.957613814756662
17.371579231861794,31.222707172471686
16.775119177003,30.02978706275409
16.244932461572958,29.49960034732404
15.71474574614291,28.571773595321467
15.184559030712869,27.90904020103391
14.65437231528282,29.234506989609024
14.256732278710288,28.704320274178976
14.12418559985278,28.306680237606443
13.726545563280247,29.89724038389658
10.677971949557495,30.825067135899154
10.214058573556208,30.294880420469113
11.274432004416298,31.885440566759243
10.81051862841501,31.355253851329195
,30.692520457041645
,30.294880420469113
,30.957613814756662
,30.957613814756662
,30.162333741611597
,29.89724038389658
,29.49960034732404
,29.101960310751508
,31.929622793045077
,31.355253851329195
,30.825067135899154
,30.294880420469113
,33.21090735533435
,32.54817396104679
,31.885440566759243
,31.355253851329195
,30.692520457041645
,30.162333741611597
,30.02978706275409
,28.969413631894
,28.43922691646396
,27.90904020103391
,27.180033467317607
,26.716120091316313
,27.90904020103391
,28.704320274178976
,28.306680237606443
,27.90904020103391
,27.776493522176402
,27.37885348560387
,26.981213449031337
,27.37885348560387
,26.84866677017383
,25.523199981598715
,24.993013266168674
,24.59537322959614
,24.19773319302361
,23.13735976216352
,22.209533010160946
,21.54679961587339
,21.01661290044335
,20.4864261850133
,19.95623946958326
,19.42605275415322
,19.028412717580686
,19.028412717580686
,19.558599433010727
,20.088786148440768
,19.691146111868235
,19.160959396438194
,18.630772681008153
,17.835492607863088
,17.30530589243304
,16.841392516431753
,16.244932461572958
,15.781019085571664
,15.184559030712869
,14.786918994140336
,14.12418559985278
,13.726545563280247
,14.919465672997845
,14.389278957567804
,15.449652388427886
,14.786918994140336
,14.12418559985278
,13.593998884422739
,12.135985416990117
,11.47325202270256
,11.208158664987543
,10.81051862841501
,10.545425270699987
