Y(hoy),Y(ayer)
-1.9802358813347922,-0.8535891110459488
-2.0465092207635536,-0.9198624504747102
-2.1127825601923007,-1.2512291476184885
-2.5766959361935875,-1.7814158630485224
-2.974335972766127,-1.913962541906045
-2.5104225967648404,-2.444149257336079
-1.913962541906045,-2.974335972766127
-2.444149257336079,-2.377875917907332
-2.974335972766127,-2.5766959361935875
-1.9802358813347922,-2.974335972766127
-2.0465092207635536,-2.444149257336079
-1.9802358813347922,-2.70924261505111
-1.913962541906045,-1.913962541906045
-2.5104225967648404,-1.913962541906045
-2.974335972766127,-2.70924261505111
-2.5104225967648404,-2.179055899621062
-2.5766959361935875,-1.913962541906045
-2.974335972766127,-1.913962541906045
-2.5766959361935875,-1.913962541906045
-1.9802358813347922,-1.913962541906045
-2.444149257336079,-1.913962541906045
-2.974335972766127,-1.5163225053335054
-2.974335972766127,-0.9198624504747102
-2.974335972766127,-0.8535891110459488
-2.70924261505111,-0.8535891110459488
-2.5104225967648404,-0.8535891110459488
-2.974335972766127,-0.8535891110459488
-2.5766959361935875,-0.8535891110459488
-2.1127825601923007,-0.7210424321884403
-2.0465092207635536,0.20678431981413326
-2.0465092207635536,0.8695177141016899
-2.0465092207635536,1.2671577506742295
-1.7814158630485224,1.664797787246755
-2.179055899621062,2.3275311815343116
-1.1849558081897271,2.725171218106837
-0.5884957533309318,3.3879046123944008
-0.05830903790088371,4.05063800668195
1.0020643929591984,4.713371400969507
1.2671577506742295,5.243558116399548
2.504260086677661,6.038838189544613
2.990264575821868,6.569024904974661
6.70157158383217,8.159585051264791
7.2759405255480445,7.496851656977235
8.557225087837324,7.099211620404702
8.093311711836037,8.888591784981102
14.12418559985278,9.219958482124873
15.449652388427886,10.412878591842478
14.919465672997845,10.015238555269946
15.979839103857934,11.738345380417584
17.702945929005573,12.798718811277674
17.17275921357553,14.65437231528282
17.349488118718874,14.12418559985278
16.775119177003,15.71474574614291
18.100585965578105,15.184559030712869
18.630772681008153,16.112385782715442
19.95623946958326,16.775119177003
29.234506989609024,18.674954907293987
28.83686695303649,18.100585965578105
31.355253851329195,17.702945929005573
30.825067135899154,18.36567932329313
30.294880420469113,17.968039286720597
29.89724038389658,18.763319359865662
32.415627282189284,19.95623946958326
31.885440566759243,19.558599433010727
33.21090735533435,21.281706258158366
32.81326731876182,20.884066221585833
45.9353885256554,23.13735976216352
44.609921737080285,22.60717304673348
44.21228170050775,24.993013266168674
46.46557524108544,24.59537322959614
46.33302856222792,26.84866677017383
46.06793520451291,26.451026733601296
45.670295167940374,30.02978706275409
45.40520181022535,29.49960034732404
44.87501509479531,28.969413631894
43.81464166393522,28.43922691646396
43.28445494850518,32.15053392447426
42.75426823307514,31.62034720904422
42.09153483878758,31.090160493614178
41.82644148107256,30.692520457041645
41.296254765642516,32.68072063990431
41.03116140792749,33.60854739190688
41.56134812335753,35.33165421705452
42.09153483878758,34.80146750162448
42.09153483878758,37.187307721059675
41.82644148107256,36.657121005629634
41.428801444500024,39.04296122506483
40.76606805021247,38.51277450963478
40.14751688221075,41.69389480221505
40.898614729069976,41.16370808678501
41.95898815993007,40.63352137135496
41.428801444500024,45.14010845251033
40.898614729069976,44.609921737080285
40.36842801363994,44.079735021650244
39.9707879770674,43.68209498507771
39.04296122506483,45.53774848908286
38.247681151919764,47.06203529594424
37.85004111534723,46.46557524108544
37.054761042202166,45.9353885256554
35.53047423534079,47.39340199308802
37.4524010787747,46.86321527765797
37.054761042202166,46.46557524108544
36.126934290199586,46.06793520451291
35.72929425362706,44.87501509479531
37.4524010787747,44.477375058222776
36.92221436334465,44.34482837936527
36.524574326772125,43.81464166393522
35.464200895912036,43.28445494850518
32.68072063990431,42.820541572503885
32.15053392447426,42.22408151764509
31.62034720904422,41.7601681416438
30.825067135899154,41.03116140792749
30.118151515325764,40.96488806849874
31.090160493614178,40.63352137135496
30.55997377818413,40.10333465592491
31.090160493614178,39.44060126163736
30.42742709932662,38.91041454620732
29.632147026181556,39.04296122506483
29.367053668466532,39.57314794049488
28.969413631894,39.9707879770674
28.43922691646396,39.04296122506483
27.975313540462672,38.51277450963478
27.445126825032624,37.98258779420474
26.84866677017383,37.58494775763221
26.716120091316313,37.054761042202166
26.64984675188756,36.524574326772125
26.583573412458804,35.86184093248457
26.119660036457518,36.39202764791461
25.722019999884985,36.524574326772125
25.125559945026183,35.596747574769545
24.59537322959614,35.19910753819701
25.05928660559743,33.60854739190688
25.523199981598715,32.945813997619325
25.65574666045623,32.415627282189284
25.324379963312452,32.01798724561675
24.816284361025325,31.62034720904422
24.59537322959614,31.090160493614178
25.78829333931374,30.692520457041645
26.716120091316313,30.162333741611597
26.053386697028763,29.49960034732404
27.37885348560387,29.035686971322754
26.84866677017383,28.770593613607737
27.643946843318894,28.24040689817769
27.04748678846009,27.776493522176402
27.04748678846009,27.37885348560387
27.643946843318894,26.914940109602583
27.180033467317607,26.451026733601296
27.113760127888845,26.053386697028763
26.716120091316313,25.523199981598715
26.84866677017383,24.993013266168674
28.704320274178976,24.529099890167387
28.174133558748935,23.932639835308585
27.776493522176402,23.534999798736052
28.174133558748935,24.860466587311166
27.643946843318894,25.390653302741207
26.981213449031337,24.860466587311166
26.716120091316313,24.462826550738633
26.31848005474378,23.800093156451076
27.511400164461378,23.534999798736052
26.84866677017383,24.19773319302361
25.65574666045623,24.59537322959614
28.174133558748935,24.794193247882404
28.704320274178976,25.258106623883698
28.372953577035204,25.65574666045623
27.90904020103391,25.65574666045623
28.505500255892713,25.125559945026183
28.969413631894,24.72791990845365
28.903140292465245,25.78829333931374
28.306680237606443,25.258106623883698
27.90904020103391,26.451026733601296
27.24630680674636,25.78829333931374
27.90904020103391,25.65574666045623
28.704320274178976,26.053386697028763
28.174133558748935,26.64984675188756
28.748502500464816,26.716120091316313
28.174133558748935,26.716120091316313
28.969413631894,26.185933375886272
28.505500255892713,25.78829333931374
28.43922691646396,27.511400164461378
27.975313540462672,26.84866677017383
29.49960034732404,26.31848005474378
28.969413631894,27.113760127888845
30.869249362184988,26.716120091316313
30.294880420469113,26.31848005474378
31.090160493614178,25.78829333931374
30.55997377818413,26.31848005474378
31.090160493614178,26.84866677017383
32.54817396104679,27.423035711889703
31.885440566759243,27.113760127888845
33.2771806947631,26.716120091316313
32.68072063990431,27.710220182747648
32.283080603331776,27.643946843318894
33.21090735533435,27.113760127888845
32.87954065819057,28.704320274178976
32.283080603331776,28.174133558748935
31.62034720904422,27.842766861605156
31.885440566759243,27.710220182747648
31.355253851329195,27.113760127888845
33.21090735533435,26.782393430745074
43.019361590790155,27.511400164461378
42.48917487536011,26.981213449031337
42.157808178216335,28.174133558748935
43.81464166393522,29.234506989609024
42.75426823307514,28.704320274178976
44.21228170050775,29.89724038389658
43.5495483062202,30.692520457041645
42.75426823307514,30.162333741611597
42.04735261250174,30.957613814756662
41.03116140792749,30.42742709932662
42.75426823307514,30.162333741611597
44.34482837936527,30.825067135899154
43.81464166393522,31.885440566759243
43.35072828793393,31.355253851329195
42.3566281965026,32.68072063990431
43.5495483062202,33.54227405247813
43.019361590790155,33.07836067647684
42.55544821478887,34.13873410733692
41.82644148107256,33.74109407076439
41.16370808678501,33.21090735533435
40.76606805021247,32.74699397933306
39.838241298209894,32.283080603331776
39.44060126163736,33.21090735533435
38.115134473062255,32.81326731876182
38.77786786734981,34.80146750162448
38.247681151919764,34.27128078619444
37.717494436489716,38.51277450963478
40.96488806849874,37.98258779420474
39.57314794049488,37.4524010787747
40.50097469249745,37.054761042202166
40.10333465592491,41.69389480221505
39.705694619352386,41.296254765642516
36.92221436334465,40.76606805021247
35.33165421705452,44.079735021650244
34.93401418048199,43.61582164564895
30.626247117612884,43.019361590790155
30.096060402182843,43.5495483062202
30.626247117612884,43.15190826964766
31.156433833042932,42.75426823307514
30.7587937964704,42.09153483878758
30.294880420469113,41.428801444500024
29.367053668466532,42.02526149935882
28.969413631894,42.09153483878758
28.306680237606443,41.95898815993007
27.710220182747648,40.898614729069976
27.113760127888845,40.36842801363994
27.643946843318894,39.57314794049488
27.113760127888845,39.17550790392234
27.643946843318894,38.51277450963478
26.981213449031337,38.115134473062255
26.31848005474378,37.31985439991719
25.854566678742493,36.92221436334465
26.583573412458804,39.90451463763865
26.185933375886272,39.308054582779846
26.583573412458804,38.77786786734981
26.119660036457518,38.247681151919764
25.65574666045623,37.31985439991719
26.914940109602583,40.898614729069976
26.31848005474378,40.43470135306869
27.90904020103391,39.705694619352386
27.37885348560387,39.17550790392234
28.43922691646396,38.247681151919764
28.704320274178976,37.187307721059675
28.174133558748935,36.78966768448714
27.511400164461378,36.126934290199586
26.981213449031337,35.596747574769545
26.185933375886272,35.0665608593395
25.258106623883698,33.47600071304937
24.72791990845365,33.07836067647684
25.523199981598715,32.15053392447426
24.993013266168674,31.222707172471686
24.59537322959614,31.222707172471686
28.174133558748935,30.55997377818413
28.704320274178976,30.02978706275409
28.041586879891426,29.367053668466532
27.776493522176402,28.704320274178976
27.37885348560387,28.174133558748935
26.84866677017383,27.643946843318894
26.384753394172535,27.180033467317607
25.65574666045623,26.716120091316313
25.125559945026183,26.716120091316313
26.053386697028763,26.716120091316313
26.583573412458804,26.31848005474378
26.716120091316313,25.78829333931374
26.583573412458804,25.125559945026183
26.053386697028763,24.661646569024896
25.65574666045623,25.58947332102747
26.627755638744638,25.523199981598715
27.975313540462672,24.993013266168674
27.37885348560387,24.59537322959614
30.55997377818413,26.31848005474378
30.02978706275409,25.78829333931374
29.49960034732404,26.64984675188756
28.969413631894,26.31848005474378
28.43922691646396,25.78829333931374
32.415627282189284,25.523199981598715
31.885440566759243,24.661646569024896
31.355253851329195,24.59537322959614
32.945813997619325,26.31848005474378
33.60854739190688,25.78829333931374
34.27128078619444,27.511400164461378
33.93991408905066,26.981213449031337
33.34345403419186,26.583573412458804
32.68072063990431,26.053386697028763
32.15053392447426,25.58947332102747
31.62034720904422,24.993013266168674
31.156433833042932,24.59537322959614
30.55997377818413,24.59537322959614
29.89724038389658,24.993013266168674
29.632147026181556,25.65574666045623
29.234506989609024,25.65574666045623
28.704320274178976,25.390653302741207
28.10786021932018,24.794193247882404
27.511400164461378,25.258106623883698
26.716120091316313,24.860466587311166
26.583573412458804,25.65574666045623
26.053386697028763,27.24630680674636
25.65574666045623,26.583573412458804
25.258106623883698,26.053386697028763
23.468726459307298,29.035686971322754
22.209533010160946,28.43922691646396
24.462826550738633,27.90904020103391
23.932639835308585,31.222707172471686
23.932639835308585,30.55997377818413
24.462826550738633,30.02978706275409
23.800093156451076,29.49960034732404
23.269906441021035,32.48190062161804
22.474626367875963,31.885440566759243
22.209533010160946,33.07836067647684
22.342079689018455,32.68072063990431
22.209533010160946,32.283080603331776
21.944439652445922,31.62034720904422
21.480526276444635,31.090160493614178
21.01661290044335,30.55997377818413
20.552699524442062,30.02978706275409
19.95623946958326,29.49960034732404
19.293506075295703,28.83686695303649
19.028412717580686,28.306680237606443
19.42605275415322,27.842766861605156
20.088786148440768,27.37885348560387
20.79570176901416,26.981213449031337
21.01661290044335,26.583573412458804
21.01661290044335,26.053386697028763
20.353879506155792,25.58947332102747
20.088786148440768,25.125559945026183
19.691146111868235,24.59537322959614
19.028412717580686,23.402453119878544
18.498226002150638,22.474626367875963
17.835492607863088,22.474626367875963
17.17275921357553,23.203633101592274
15.582199067285401,23.534999798736052
15.71474574614291,23.97682206159442
15.317105709570377,23.667546477593568
14.12418559985278,23.13735976216352
13.593998884422739,22.474626367875963
13.461452205565223,21.944439652445922
12.401078774705141,21.54679961587339
12.864992150706428,21.149159579300857
13.328905526707715,21.149159579300857
13.925365581566517,21.01661290044335
14.389278957567804,20.4864261850133
13.859092242137756,20.022512809012014
13.41726997927939,19.558599433010727
13.328905526707715,19.160959396438194
12.864992150706428,18.697046020436908
12.33480543527638,18.16685930500686
11.804618719846339,18.03431262614935
11.274432004416298,18.630772681008153
11.208158664987543,19.028412717580686
11.208158664987543,18.962139378151925
11.208158664987543,18.630772681008153
10.74424528898625,18.23313264443562
10.147785234127454,17.835492607863088
9.485051839839898,17.30530589243304
8.822318445552341,16.510025819287975
8.358405069551054,15.847292425000418
7.894491693549767,16.289114687858792
7.496851656977235,16.244932461572958
6.966664941547194,15.71474574614291
6.524842678688827,15.317105709570377
6.171384868402129,14.455552296996558
5.707471492400835,13.925365581566517
5.1110114375420395,13.461452205565223
4.448278043254483,12.931265490135182
3.7855446489669333,12.401078774705141
3.1228112546793767,12.864992150706428
2.46007786039182,12.401078774705141
1.929891144961772,13.196358847850206
1.5322511083892465,12.53362545356265
1.2008844112454682,12.069712077561363
0.6927888089583405,11.605798701560076
0.20678431981413326,11.208158664987543
1.1346110718167068,10.677971949557495
0.6044243563866729,10.214058573556208
,9.750145197554922
,9.219958482124873
,8.954865124409856
,8.689771766694832
,8.093311711836037
,7.894491693549767
,7.761945014692259
,6.966664941547194
,6.303931547259637
,5.773744831829596
,5.6411981529720805
,5.177284776970794
,4.713371400969507
,4.315731364396974
,3.7855446489669333
,3.255357933536885
,2.46007786039182
,1.9961644843905333
,1.4659777689604852
,1.2671577506742295
,1.2008844112454682
,0.6044243563866729
,0.20678431981413326
,0.67069769581542
,1.1346110718167068
,0.7369710352441814
,0.20678431981413326
