Y(hoy),Y(ayer)
0.14051098038538612,-0.8535891110459488
-0.389675735044662,-0.9861357899034573
-0.8535891110459488,-1.5163225053335054
-0.8535891110459488,-1.913962541906045
-0.8535891110459488,-1.913962541906045
-0.9198624504747102,-1.913962541906045
-1.11868246876098,-1.913962541906045
-1.5163225053335054,-1.913962541906045
-1.648869184191014,-1.913962541906045
-1.5163225053335054,-1.913962541906045
-0.9861357899034573,-1.913962541906045
-0.8535891110459488,-1.913962541906045
-0.8535891110459488,-2.444149257336079
-0.9198624504747102,-2.5325137099077466
-0.9861357899034573,-2.974335972766127
-1.5163225053335054,-1.7151425236197753
-1.9802358813347922,-1.2070469213326476
-1.913962541906045,-1.5163225053335054
-2.0465092207635536,-1.913962541906045
-2.179055899621062,-1.7814158630485224
-2.0023269944777127,-1.11868246876098
-1.2512291476184885,-0.8535891110459488
-1.648869184191014,-0.8535891110459488
-1.5163225053335054,-0.45594907447342337
-1.913962541906045,0.14051098038538612
-0.9861357899034573,0.33933099867164174
-1.383775826475997,0.8695177141016899
-0.8535891110459488,1.2671577506742295
-0.389675735044662,2.0624378238192946
-0.8535891110459488,1.5322511083892465
0.07423764095662477,2.46007786039182
0.14051098038538612,3.3879046123944008
0.07423764095662477,2.8577178969643597
-0.389675735044662,3.5204512912519093
-0.8535891110459488,3.6529979701094177
-0.45594907447342337,4.05063800668195
0.07423764095662477,4.91219141925577
0.20678431981413326,4.448278043254483
0.2730576592428946,5.3761047952570635
0.67069769581542,5.906291510687105
0.20678431981413326,6.436478226117146
1.1346110718167068,6.834118262689678
1.2671577506742295,7.563124996405989
1.2671577506742295,7.099211620404702
1.3334310901029767,8.557225087837324
1.9740733712476128,8.027038372407276
1.399704429531738,9.750145197554922
2.46007786039182,9.087411803267365
2.46007786039182,11.517434248988394
2.46007786039182,10.94306530727252
2.46007786039182,10.412878591842478
2.725171218106837,13.461452205565223
2.3275311815343116,12.798718811277674
3.299540159822719,12.268532095847625
3.5204512912519093,14.720645654711582
4.05063800668195,14.12418559985278
4.580824722111998,15.781019085571664
5.155193663827873,15.184559030712869
4.580824722111998,16.311205801001712
6.436478226117146,16.775119177003
5.906291510687105,17.702945929005573
6.834118262689678,17.17275921357553
6.834118262689678,17.968039286720597
6.834118262689678,18.829592699294416
6.767844923260924,18.23313264443562
6.70157158383217,20.022512809012014
6.237658207830883,19.42605275415322
5.84001817125835,21.679346294730898
5.906291510687105,21.01661290044335
6.569024904974661,20.4864261850133
7.0108471678330275,23.00481308330601
8.027038372407276,22.342079689018455
7.496851656977235,24.72791990845365
8.601407314123158,24.19773319302361
9.131594029553199,23.667546477593568
10.015238555269946,26.384753394172535
9.352505160982389,25.78829333931374
10.677971949557495,25.258106623883698
11.208158664987543,28.483409142749792
11.804618719846339,27.90904020103391
12.268532095847625,27.37885348560387
12.268532095847625,26.84866677017383
11.804618719846339,30.294880420469113
11.340705343845052,29.764693705039065
11.738345380417584,29.234506989609024
12.268532095847625,32.15053392447426
11.738345380417584,31.62034720904422
11.406978683273806,31.090160493614178
12.047620964418442,34.27128078619444
12.33480543527638,33.74109407076439
12.401078774705141,33.21090735533435
12.53362545356265,32.68072063990431
13.06381216899269,36.92221436334465
13.726545563280247,36.39202764791461
14.389278957567804,35.86184093248457
14.919465672997845,35.33165421705452
15.582199067285401,34.80146750162448
16.244932461572958,38.57904784906354
16.775119177003,37.98258779420474
16.64257249814549,37.4524010787747
16.377479140430466,39.705694619352386
15.847292425000418,39.04296122506483
15.71474574614291,41.56134812335753
15.184559030712869,40.898614729069976
14.65437231528282,40.36842801363994
15.317105709570377,43.35072828793393
15.758927972428744,42.75426823307514
16.64257249814549,42.22408151764509
15.979839103857934,43.88091500336398
17.30530589243304,44.34482837936527
17.835492607863088,45.27265513136784
17.835492607863088,44.74246841593779
18.23313264443562,45.53774848908286
17.702945929005573,45.00756177365282
18.89586603872317,44.477375058222776
19.42605275415322,44.079735021650244
19.95623946958326,43.61582164564895
20.088786148440768,43.15190826964766
20.088786148440768,42.3566281965026
20.15505948786953,42.09153483878758
20.751519542728325,41.69389480221505
20.221332827298284,41.16370808678501
21.281706258158366,40.50097469249745
21.878166313017168,40.10333465592491
22.342079689018455,39.9707879770674
22.342079689018455,39.57314794049488
23.402453119878544,38.976687885636075
22.872266404448496,38.91041454620732
22.342079689018455,39.639421279923624
24.462826550738633,39.04296122506483
23.932639835308585,40.63352137135496
24.72791990845365,40.10333465592491
24.330279871881118,40.96488806849874
25.390653302741207,40.63352137135496
25.832475565599573,40.10333465592491
26.583573412458804,39.44060126163736
26.119660036457518,38.6453211884923
26.053386697028763,38.115134473062255
25.65574666045623,37.717494436489716
27.113760127888845,37.25358106048843
26.583573412458804,36.72339434505839
27.643946843318894,36.72339434505839
27.180033467317607,37.31985439991719
26.782393430745074,37.187307721059675
27.423035711889703,36.657121005629634
27.776493522176402,35.99438761134208
27.776493522176402,35.33165421705452
27.643946843318894,34.66892082276697
27.113760127888845,34.006187428479414
26.782393430745074,33.47600071304937
27.511400164461378,33.07836067647684
27.953222427319744,32.415627282189284
28.83686695303649,31.885440566759243
28.306680237606443,31.28898051190044
28.969413631894,31.222707172471686
29.234506989609024,31.156433833042932
28.83686695303649,30.825067135899154
29.764693705039065,30.361153759897867
29.764693705039065,29.89724038389658
29.234506989609024,29.49960034732404
28.83686695303649,29.035686971322754
30.294880420469113,28.505500255892713
31.090160493614178,28.041586879891426
30.957613814756662,27.643946843318894
30.692520457041645,27.180033467317607
30.294880420469113,26.84866677017383
31.090160493614178,28.041586879891426
30.55997377818413,27.37885348560387
31.355253851329195,28.571773595321467
30.957613814756662,27.90904020103391
31.929622793045077,27.24630680674636
31.752893887901728,26.716120091316313
31.28898051190044,27.180033467317607
32.15053392447426,26.716120091316313
31.62034720904422,27.643946843318894
32.15053392447426,28.174133558748935
31.686620548472973,28.770593613607737
31.090160493614178,28.83686695303649
30.55997377818413,28.83686695303649
30.162333741611597,28.83686695303649
31.885440566759243,28.903140292465245
31.355253851329195,28.770593613607737
30.825067135899154,28.174133558748935
32.15053392447426,27.842766861605156
31.686620548472973,29.367053668466532
31.090160493614178,28.704320274178976
30.42742709932662,28.174133558748935
29.764693705039065,30.02978706275409
29.101960310751508,30.825067135899154
28.306680237606443,30.42742709932662
28.041586879891426,30.55997377818413
27.643946843318894,30.162333741611597
26.981213449031337,30.825067135899154
26.716120091316313,31.222707172471686
26.185933375886272,32.01798724561675
25.523199981598715,31.48780053018671
24.860466587311166,32.283080603331776
24.19773319302361,32.74699397933306
23.733819817022322,33.07836067647684
23.00481308330601,32.415627282189284
22.739719725590987,31.951713906187997
22.342079689018455,31.42152719075795
22.342079689018455,32.01798724561675
21.811892973588414,32.283080603331776
21.281706258158366,31.752893887901728
20.751519542728325,31.222707172471686
20.088786148440768,31.62034720904422
19.82369279072575,32.216807263903014
19.42605275415322,32.15053392447426
18.89586603872317,31.48780053018671
18.431952662721883,31.222707172471686
17.702945929005573,32.216807263903014
17.040212534718023,31.752893887901728
16.708845837574245,32.68072063990431
16.775119177003,33.2771806947631
16.244932461572958,33.34345403419186
15.71474574614291,33.34345403419186
15.052012351855353,33.34345403419186
14.588098975854066,32.945813997619325
14.389278957567804,32.415627282189284
13.726545563280247,35.11074308562534
13.461452205565223,34.536374143909455
13.593998884422739,34.006187428479414
14.168367826138613,33.47600071304937
14.389278957567804,33.07836067647684
14.389278957567804,35.464200895912036
13.859092242137756,35.72929425362706
13.461452205565223,36.98848770277341
14.389278957567804,36.39202764791461
13.925365581566517,37.31985439991719
13.859092242137756,36.78966768448714
13.461452205565223,36.72339434505839
14.786918994140336,37.31985439991719
14.256732278710288,38.048861133633494
15.493834614713727,39.17550790392234
15.71474574614291,38.51277450963478
15.184559030712869,39.705694619352386
14.65437231528282,39.17550790392234
15.250832370141623,38.77786786734981
16.289114687858792,38.31395449134852
15.71474574614291,37.85004111534723
17.570399250148064,38.31395449134852
16.907665855860508,38.77786786734981
17.570399250148064,39.308054582779846
16.907665855860508,40.898614729069976
16.377479140430466,40.36842801363994
15.847292425000418,39.838241298209894
15.582199067285401,43.5495483062202
17.879674834148922,43.019361590790155
17.30530589243304,42.48917487536011
16.775119177003,41.95898815993007
18.674954907293987,41.428801444500024
19.028412717580686,45.670295167940374
19.95623946958326,45.14010845251033
19.42605275415322,44.609921737080285
20.552699524442062,44.079735021650244
21.01661290044335,47.39340199308802
20.4864261850133,46.73066859880046
20.15505948786953,46.200481883370415
20.4864261850133,47.791042029660545
20.088786148440768,48.365410971376434
21.01661290044335,48.32122874509059
21.149159579300857,47.791042029660545
21.347979597587127,47.12830863537299
21.878166313017168,46.46557524108544
22.342079689018455,45.9353885256554
22.342079689018455,45.53774848908286
22.342079689018455,46.53184858051419
22.010712991874676,47.59222201137428
21.54679961587339,46.99576195651548
21.21543291872961,47.65849535080304
21.613072955302144,47.39340199308802
21.149159579300857,46.86321527765797
22.209533010160946,46.46557524108544
22.342079689018455,45.9353885256554
22.342079689018455,45.47147514965411
22.60717304673348,44.87501509479531
22.209533010160946,44.477375058222776
23.13735976216352,44.477375058222776
22.342079689018455,44.411101718794015
21.878166313017168,44.079735021650244
21.325888484444206,43.41700162736269
22.651355273019313,42.75426823307514
22.07698633130343,42.3566281965026
23.269906441021035,41.95898815993007
22.474626367875963,41.49507478392878
22.342079689018455,41.03116140792749
22.342079689018455,40.63352137135496
22.209533010160946,40.16960799535367
21.944439652445922,39.57314794049488
21.54679961587339,39.04296122506483
22.07698633130343,38.51277450963478
21.149159579300857,37.98258779420474
23.13735976216352,37.31985439991719
22.540899707304725,37.054761042202166
21.679346294730898,36.657121005629634
22.872266404448496,36.126934290199586
22.342079689018455,35.6630209141983
22.342079689018455,35.0665608593395
22.342079689018455,34.66892082276697
22.342079689018455,34.27128078619444
22.938539743877257,33.80736741019315
22.342079689018455,33.34345403419186
23.402453119878544,33.21090735533435
23.269906441021035,32.54817396104679
23.00481308330601,32.283080603331776
22.474626367875963,31.885440566759243
22.342079689018455,31.355253851329195
22.209533010160946,30.692520457041645
21.944439652445922,30.42742709932662
21.54679961587339,30.02978706275409
21.149159579300857,29.565873686752802
22.07698633130343,29.101960310751508
21.54679961587339,28.704320274178976
22.673446386162233,28.174133558748935
23.269906441021035,27.710220182747648
23.402453119878544,27.113760127888845
23.667546477593568,26.716120091316313
23.269906441021035,26.914940109602583
24.19773319302361,27.511400164461378
24.19773319302361,27.113760127888845
23.534999798736052,26.583573412458804
23.269906441021035,26.119660036457518
22.872266404448496,25.65574666045623
22.342079689018455,26.053386697028763
21.878166313017168,26.451026733601296
21.325888484444206,25.854566678742493
22.651355273019313,26.31848005474378
22.07698633130343,27.710220182747648
23.402453119878544,27.113760127888845
23.402453119878544,26.716120091316313
22.739719725590987,28.770593613607737
22.474626367875963,28.174133558748935
22.07698633130343,28.83686695303649
21.41425293701588,28.43922691646396
21.149159579300857,27.975313540462672
23.402453119878544,27.776493522176402
22.872266404448496,27.776493522176402
22.342079689018455,28.174133558748935
23.269906441021035,28.770593613607737
23.00481308330601,28.571773595321467
22.474626367875963,28.041586879891426
21.878166313017168,27.643946843318894
21.281706258158366,27.113760127888845
21.149159579300857,26.716120091316313
21.01661290044335,27.975313540462672
20.4864261850133,27.511400164461378
20.088786148440768,28.571773595321467
20.884066221585833,28.306680237606443
20.4864261850133,27.90904020103391
19.558599433010727,28.770593613607737
19.160959396438194,28.306680237606443
18.89586603872317,28.83686695303649
18.498226002150638,28.903140292465245
17.769219268434327,28.903140292465245
17.968039286720597,29.234506989609024
19.028412717580686,29.89724038389658
19.492326093581973,30.02978706275409
19.95623946958326,30.825067135899154
20.022512809012014,30.42742709932662
19.09468605700944,30.55997377818413
19.95623946958326,30.162333741611597
20.751519542728325,29.764693705039065
21.082886239872103,29.278689215894858
21.01661290044335,29.89724038389658
20.4864261850133,29.632147026181556
20.088786148440768,29.16823365018027
19.691146111868235,29.764693705039065
19.160959396438194,29.300780329037778
18.36567932329313,28.83686695303649
17.835492607863088,28.306680237606443
16.510025819287975,27.90904020103391
13.859092242137756,28.770593613607737
13.461452205565223,28.306680237606443
,29.035686971322754
,29.632147026181556
,29.89724038389658
,29.49960034732404
,29.035686971322754
,28.83686695303649
,28.83686695303649
,28.43922691646396
,27.90904020103391
,27.445126825032624
,26.937031222745503
,27.643946843318894
,27.24630680674636
,27.113760127888845
,26.716120091316313
,26.31848005474378
,25.854566678742493
,26.31848005474378
,25.920840018171248
,27.643946843318894
,27.113760127888845
,26.716120091316313
,28.704320274178976
,28.24040689817769
,28.21831578503477
,27.776493522176402
,28.571773595321467
,27.975313540462672
,27.511400164461378
,27.113760127888845
,26.583573412458804
,26.119660036457518
,25.78829333931374
,26.981213449031337
,26.31848005474378
,27.643946843318894
,27.113760127888845
,26.583573412458804
,25.920840018171248
,25.65574666045623
,26.119660036457518
,26.451026733601296
,25.78829333931374
,25.324379963312452
,24.794193247882404
,25.258106623883698
,24.860466587311166
,26.119660036457518
,25.65574666045623
,26.451026733601296
,25.78829333931374
,25.324379963312452
,24.72791990845365
,24.264006532452363
,23.800093156451076
,23.402453119878544
,22.938539743877257
,22.40835302844721
,21.811892973588414
,21.41425293701588
,21.01661290044335
,20.4864261850133
,20.088786148440768
,20.022512809012014
,19.293506075295703
,18.630772681008153
,17.968039286720597
,18.431952662721883
,18.763319359865662
,18.100585965578105
,17.437852571290556
,16.907665855860508
,17.30530589243304
,17.968039286720597
,18.89586603872317
,19.028412717580686
,19.160959396438194
,19.558599433010727
,19.95623946958326
,19.160959396438194
,19.691146111868235
,20.751519542728325
,20.221332827298284
,22.673446386162233
,22.07698633130343
,21.679346294730898
,23.269906441021035
,23.13735976216352
,22.60717304673348
,22.07698633130343
,21.54679961587339
,21.01661290044335
,20.618972863870816
,20.221332827298284
,19.691146111868235
,19.293506075295703
,18.89586603872317
,18.36567932329313
,17.570399250148064
,17.040212534718023
,16.510025819287975
,15.979839103857934
,15.582199067285401
,14.12418559985278
,13.593998884422739
,13.196358847850206
,12.268532095847625
