Y(hoy),Y(ayer)
12.401078774705141,8.822318445552341
12.931265490135182,8.2921317301223
13.593998884422739,7.828218354121013
14.168367826138613,7.364304978119726
14.389278957567804,7.032938280975948
13.726545563280247,7.629398335834743
13.328905526707715,7.231758299262211
12.864992150706428,6.834118262689678
12.467352114133895,6.767844923260924
13.107994395278524,6.436478226117146
13.328905526707715,5.906291510687105
12.666172132420158,5.773744831829596
12.401078774705141,5.243558116399548
12.003438738132608,4.713371400969507
11.47325202270256,4.713371400969507
11.141885325558782,4.713371400969507
11.208158664987543,4.647098061540753
11.208158664987543,4.315731364396974
11.208158664987543,3.8518179883956876
11.208158664987543,3.3879046123944008
10.677971949557495,2.990264575821868
10.280331912984963,2.5263511998205814
10.94306530727252,2.5263511998205814
10.94306530727252,3.1228112546793767
10.280331912984963,3.255357933536885
9.617598518697413,2.8577178969643597
9.087411803267365,2.3938045209630587
9.087411803267365,2.3275311815343116
8.954865124409856,2.3275311815343116
8.424678408979808,2.3938045209630587
8.159585051264791,2.3275311815343116
7.629398335834743,2.3275311815343116
7.099211620404702,2.3275311815343116
6.834118262689678,2.0624378238192946
7.761945014692259,1.4659777689604852
7.231758299262211,1.2671577506742295
7.761945014692259,1.2671577506742295
7.298031638690972,1.2671577506742295
6.569024904974661,1.2671577506742295
6.038838189544613,1.2671577506742295
6.70157158383217,1.2671577506742295
6.237658207830883,1.2008844112454682
5.773744831829596,0.6044243563866729
6.303931547259637,0.20678431981413326
5.84001817125835,1.1346110718167068
6.70157158383217,0.7369710352441814
6.237658207830883,0.4056043381004031
5.84001817125835,1.0020643929591984
5.707471492400835,1.2671577506742295
5.6411981529720805,1.2671577506742295
5.1110114375420395,1.2671577506742295
4.647098061540753,1.2671577506742295
4.580824722111998,1.2671577506742295
4.978464758684531,1.664797787246755
4.448278043254483,2.0624378238192946
5.6411981529720805,1.399704429531738
5.1110114375420395,0.9357910535304512
4.647098061540753,0.42769545124332353
4.580824722111998,1.1346110718167068
4.580824722111998,0.7369710352441814
4.580824722111998,0.6044243563866729
4.580824722111998,0.20678431981413326
4.580824722111998,0.20678431981413326
4.24945802496822,0.20678431981413326
3.6529979701094177,0.20678431981413326
3.5204512912519093,0.20678431981413326
3.5204512912519093,0.2730576592428946
3.5204512912519093,0.8695177141016899
3.5204512912519093,1.2671577506742295
3.5204512912519093,1.2671577506742295
3.5204512912519093,1.2671577506742295
3.5204512912519093,1.2671577506742295
3.5204512912519093,1.664797787246755
3.5204512912519093,2.194984502676803
3.5204512912519093,1.7310711266755163
3.5204512912519093,1.2671577506742295
3.5204512912519093,3.1228112546793767
3.564633517537743,2.46007786039182
4.315731364396974,1.929891144961772
3.7855446489669333,3.6529979701094177
4.315731364396974,4.448278043254483
3.6529979701094177,4.845918079827015
3.5204512912519093,5.508651474114572
3.5204512912519093,5.773744831829596
3.5204512912519093,5.773744831829596
3.5204512912519093,5.243558116399548
3.5204512912519093,4.845918079827015
3.5204512912519093,6.303931547259637
3.3879046123944008,5.6411981529720805
4.713371400969507,5.1110114375420395
4.514551382683237,7.032938280975948
4.580824722111998,7.496851656977235
4.580824722111998,7.960765032978522
4.448278043254483,9.15368514269612
4.580824722111998,8.557225087837324
4.580824722111998,8.159585051264791
4.625006948397832,10.214058573556208
5.420287021542897,9.617598518697413
4.845918079827015,10.677971949557495
5.707471492400835,11.539525362131315
6.171384868402129,11.075611986130028
6.70157158383217,12.069712077561363
6.834118262689678,13.196358847850206
6.834118262689678,12.53362545356265
6.767844923260924,14.521825636425312
6.70157158383217,13.859092242137756
6.237658207830883,15.847292425000418
5.84001817125835,15.184559030712869
6.480660452402979,16.64257249814549
7.0108471678330275,17.437852571290556
7.894491693549767,16.907665855860508
7.231758299262211,18.674954907293987
8.601407314123158,18.100585965578105
9.087411803267365,19.028412717580686
9.131594029553199,19.22723273586695
10.015238555269946,21.325888484444206
9.485051839839898,20.751519542728325
10.677971949557495,20.221332827298284
11.208158664987543,19.691146111868235
10.545425270699987,23.181541988449354
9.88269187641243,22.60717304673348
9.352505160982389,22.07698633130343
9.02113846383861,25.037195492454508
9.087411803267365,24.462826550738633
9.617598518697413,23.932639835308585
9.087411803267365,25.78829333931374
10.015238555269946,26.31848005474378
9.352505160982389,28.483409142749792
10.015238555269946,27.90904020103391
9.352505160982389,27.37885348560387
10.677971949557495,26.84866677017383
11.208158664987543,29.89724038389658
11.738345380417584,29.234506989609024
11.274432004416298,30.869249362184988
12.798718811277674,30.294880420469113
12.268532095847625,32.72490286619014
13.373087752993548,32.15053392447426
13.925365581566517,31.62034720904422
13.461452205565223,33.47600071304937
14.521825636425312,34.006187428479414
15.228741256998703,36.126934290199586
15.71474574614291,35.596747574769545
15.383379048999132,35.0665608593395
14.919465672997845,34.536374143909455
14.521825636425312,37.78376777591848
15.449652388427886,37.187307721059675
16.510025819287975,36.657121005629634
15.91356576442918,38.247681151919764
15.847292425000418,39.308054582779846
15.582199067285401,38.77786786734981
15.979839103857934,40.36842801363994
15.582199067285401,39.838241298209894
16.57629915871673,40.898614729069976
17.614581476433898,40.10333465592491
17.040212534718023,39.57314794049488
18.89586603872317,39.10923456449358
18.36567932329313,38.51277450963478
19.205141622724028,37.85004111534723
20.4864261850133,37.187307721059675
19.95623946958326,36.78966768448714
21.082886239872103,38.6453211884923
21.21543291872961,37.98258779420474
23.13735976216352,39.705694619352386
22.540899707304725,39.2417812433511
22.07698633130343,39.10923456449358
21.54679961587339,39.57314794049488
21.149159579300857,40.43470135306869
24.462826550738633,39.9707879770674
23.932639835308585,40.96488806849874
23.601273138164807,41.03116140792749
23.00481308330601,40.898614729069976
22.739719725590987,40.36842801363994
22.342079689018455,39.838241298209894
21.811892973588414,39.308054582779846
21.347979597587127,38.77786786734981
22.07698633130343,38.115134473062255
21.54679961587339,37.58494775763221
21.21543291872961,37.054761042202166
20.751519542728325,36.78966768448714
20.221332827298284,39.838241298209894
21.590981842159223,39.37432792220861
21.01661290044335,38.77786786734981
20.618972863870816,38.247681151919764
22.872266404448496,39.04296122506483
22.342079689018455,38.51277450963478
23.402453119878544,38.048861133633494
23.932639835308585,38.55695673592062
23.402453119878544,38.115134473062255
24.462826550738633,38.247681151919764
24.72791990845365,37.85004111534723
24.330279871881118,37.85004111534723
25.258106623883698,38.247681151919764
25.258106623883698,38.84414120677856
24.661646569024896,38.77786786734981
26.583573412458804,38.31395449134852
26.053386697028763,37.78376777591848
25.523199981598715,37.187307721059675
26.583573412458804,36.657121005629634
26.053386697028763,35.99438761134208
25.65574666045623,35.19910753819701
27.643946843318894,34.735194162195725
27.180033467317607,34.40382746505195
26.583573412458804,35.33165421705452
26.053386697028763,34.867740841053234
27.842766861605156,34.27128078619444
28.704320274178976,33.80736741019315
28.10786021932018,33.34345403419186
27.776493522176402,33.80736741019315
31.090160493614178,34.33755412562319
30.55997377818413,34.40382746505195
30.02978706275409,34.40382746505195
29.49960034732404,34.27128078619444
32.01798724561675,33.74109407076439
31.48780053018671,33.2771806947631
31.62034720904422,32.68072063990431
31.222707172471686,32.283080603331776
32.15053392447426,33.60854739190688
31.62034720904422,34.33755412562319
31.28898051190044,34.13873410733692
31.885440566759243,33.47600071304937
32.54817396104679,33.34345403419186
33.21090735533435,33.74109407076439
32.87954065819057,34.60264748333822
32.415627282189284,34.13873410733692
32.415627282189284,35.19910753819701
32.98999622390516,35.464200895912036
33.52018293933521,35.464200895912036
33.07836067647684,35.464200895912036
34.27128078619444,35.19910753819701
35.33165421705452,34.60264748333822
34.80146750162448,34.40382746505195
33.80736741019315,34.84564972791032
34.13873410733692,34.40382746505195
33.47600071304937,36.78966768448714
32.945813997619325,36.126934290199586
32.415627282189284,35.596747574769545
34.536374143909455,37.4524010787747
34.07246076790817,36.92221436334465
35.72929425362706,36.39202764791461
35.0665608593395,35.92811427191332
36.39202764791461,36.39202764791461
36.2594809690571,35.99438761134208
35.72929425362706,38.55695673592062
36.524574326772125,37.98258779420474
36.06066095077084,37.4524010787747
35.72929425362706,36.92221436334465
35.464200895912036,39.705694619352386
36.657121005629634,39.17550790392234
36.19320762962835,38.38022783077727
35.596747574769545,37.85004111534723
38.77786786734981,38.048861133633494
38.247681151919764,38.51277450963478
37.717494436489716,38.91041454620732
37.25358106048843,38.91041454620732
37.98258779420474,38.976687885636075
37.4524010787747,39.57314794049488
36.92221436334465,39.9707879770674
36.524574326772125,40.36842801363994
37.717494436489716,41.229981426213755
37.31985439991719,40.76606805021247
38.115134473062255,41.73807702850088
37.58494775763221,41.428801444500024
38.77786786734981,40.898614729069976
38.247681151919764,40.36842801363994
37.78376777591848,39.9707879770674
37.98258779420474,40.96488806849874
37.58494775763221,40.50097469249745
39.57314794049488,41.03116140792749
38.91041454620732,40.63352137135496
38.51277450963478,40.16960799535367
39.57314794049488,40.63352137135496
39.04296122506483,41.49507478392878
38.51277450963478,41.03116140792749
37.98258779420474,41.95898815993007
38.77786786734981,41.428801444500024
38.247681151919764,40.76606805021247
38.51277450963478,40.23588133478243
37.916314454775986,41.56134812335753
39.35223680906569,40.898614729069976
40.23588133478243,42.22408151764509
40.898614729069976,43.085634930218916
40.43470135306869,42.62172155421762
40.898614729069976,43.28445494850518
39.90451463763865,42.886814911932646
39.37432792220861,42.22408151764509
38.976687885636075,41.7601681416438
39.57314794049488,41.097434747356246
40.63352137135496,40.898614729069976
40.10333465592491,40.36842801363994
41.95898815993007,39.9707879770674
41.428801444500024,42.48917487536011
41.95898815993007,41.95898815993007
41.296254765642516,41.428801444500024
41.03116140792749,40.898614729069976
41.16370808678501,44.079735021650244
41.69389480221505,43.61582164564895
41.95898815993007,43.019361590790155
41.428801444500024,44.12391724793608
40.76606805021247,43.5495483062202
40.23588133478243,45.9353885256554
39.57314794049488,45.40520181022535
38.91041454620732,44.87501509479531
38.31395449134852,46.53184858051419
37.717494436489716,46.200481883370415
37.187307721059675,45.53774848908286
36.524574326772125,44.87501509479531
36.2594809690571,44.477375058222776
35.86184093248457,45.73656850736913
35.33165421705452,46.79694193822922
34.66892082276697,46.200481883370415
33.873640749621906,47.260855314230504
33.60854739190688,47.791042029660545
33.21090735533435,48.65259544223437
32.54817396104679,48.188682066233085
32.283080603331776,48.98396213937815
32.15053392447426,50.2431555885245
31.686620548472973,49.6466955336657
31.090160493614178,50.70706896452579
30.55997377818413,51.10470900109832
30.02978706275409,50.70706896452579
29.49960034732404,50.2431555885245
29.035686971322754,49.6466955336657
28.43922691646396,49.11650881823566
27.776493522176402,49.779242212523215
27.511400164461378,49.91178889138072
27.113760127888845,49.91178889138072
26.716120091316313,49.6466955336657
27.643946843318894,49.11650881823566
27.113760127888845,48.4537754239481
26.583573412458804,48.188682066233085
26.119660036457518,47.791042029660545
25.523199981598715,47.12830863537299
24.860466587311166,46.6643952593717
24.462826550738633,47.85731536908931
24.462826550738633,47.39340199308802
23.800093156451076,48.38750208451935
23.534999798736052,49.51414885480819
23.00481308330601,48.851415460520634
22.739719725590987,50.70706896452579
22.342079689018455,50.17688224909574
21.811892973588414,49.51414885480819
21.281706258158366,48.851415460520634
23.13735976216352,48.32122874509059
22.540899707304725,47.923588708518054
22.07698633130343,49.6466955336657
22.60717304673348,49.18278215766441
22.07698633130343,48.851415460520634
21.54679961587339,48.32122874509059
20.884066221585833,47.791042029660545
20.618972863870816,47.260855314230504
20.221332827298284,46.73066859880046
19.779510564439917,46.200481883370415
19.691146111868235,45.670295167940374
19.160959396438194,45.00756177365282
19.160959396438194,44.477375058222776
19.73532833815407,43.94718834279273
20.265515053584117,43.41700162736269
21.01661290044335,46.46557524108544
20.552699524442062,46.00166186508415
20.4864261850133,45.40520181022535
20.088786148440768,44.87501509479531
21.082886239872103,44.477375058222776
20.618972863870816,45.670295167940374
21.21543291872961,45.14010845251033
21.613072955302144,44.676195076509046
21.149159579300857,44.079735021650244
22.209533010160946,43.61582164564895
22.342079689018455,43.019361590790155
22.342079689018455,42.55544821478887
22.872266404448496,41.95898815993007
22.342079689018455,41.428801444500024
23.402453119878544,40.898614729069976
22.872266404448496,40.36842801363994
22.342079689018455,39.838241298209894
23.97682206159442,39.17550790392234
23.402453119878544,38.6453211884923
22.872266404448496,37.98258779420474
22.474626367875963,37.4524010787747
24.860466587311166,36.98848770277341
25.523199981598715,36.39202764791461
24.993013266168674,35.86184093248457
25.832475565599573,36.98848770277341
25.258106623883698,37.31985439991719
24.72791990845365,36.98848770277341
26.583573412458804,37.4524010787747
26.583573412458804,36.92221436334465
26.053386697028763,36.2594809690571
25.65574666045623,35.99438761134208
26.583573412458804,35.596747574769545
27.643946843318894,34.93401418048199
27.113760127888845,34.66892082276697
27.776493522176402,36.2594809690571
27.776493522176402,35.72929425362706
27.842766861605156,34.93401418048199
28.969413631894,34.27128078619444
28.43922691646396,33.60854739190688
27.90904020103391,32.945813997619325
29.89724038389658,32.34935394276053
29.367053668466532,34.33755412562319
28.571773595321467,33.74109407076439
28.306680237606443,33.34345403419186
27.90904020103391,34.40382746505195
28.704320274178976,34.006187428479414
28.174133558748935,33.54227405247813
27.776493522176402,34.33755412562319
29.8088759313249,33.873640749621906
29.234506989609024,34.40382746505195
30.096060402182843,34.006187428479414
30.692520457041645,33.34345403419186
31.355253851329195,33.07836067647684
31.929622793045077,32.74699397933306
31.752893887901728,32.283080603331776
31.28898051190044,34.80146750162448
32.15053392447426,34.27128078619444
31.752893887901728,33.74109407076439
32.15053392447426,33.21090735533435
31.62034720904422,35.39792755648328
30.957613814756662,35.464200895912036
30.42742709932662,35.33165421705452
30.02978706275409,34.867740841053234
31.090160493614178,34.536374143909455
30.55997377818413,35.11074308562534
30.162333741611597,34.80146750162448
31.62034720904422,34.27128078619444
32.15053392447426,33.74109407076439
31.62034720904422,33.34345403419186
30.957613814756662,35.39792755648328
30.692520457041645,34.80146750162448
30.294880420469113,34.40382746505195
29.89724038389658,35.86184093248457
30.825067135899154,36.39202764791461
31.48780053018671,35.950205385056236
32.15053392447426,37.49658330506054
31.62034720904422,36.92221436334465
31.156433833042932,36.39202764791461
31.355253851329195,37.85004111534723
30.957613814756662,37.85004111534723
31.885440566759243,38.247681151919764
31.885440566759243,39.10923456449358
31.222707172471686,38.6453211884923
30.692520457041645,39.705694619352386
30.162333741611597,39.308054582779846
32.15053392447426,38.91041454620732
31.62034720904422,39.90451463763865
31.090160493614178,39.44060126163736
30.626247117612884,40.16960799535367
31.090160493614178,40.76606805021247
30.02978706275409,40.36842801363994
30.02978706275409,39.9707879770674
30.42742709932662,40.898614729069976
29.89724038389658,40.43470135306869
31.090160493614178,39.705694619352386
31.090160493614178,38.976687885636075
31.090160493614178,38.77786786734981
31.090160493614178,38.247681151919764
30.626247117612884,37.85004111534723
30.02978706275409,39.308054582779846
29.49960034732404,38.77786786734981
28.969413631894,40.96488806849874
29.234506989609024,40.36842801363994
28.83686695303649,39.838241298209894
29.8088759313249,41.03116140792749
30.02978706275409,40.63352137135496
30.55997377818413,40.16960799535367
31.090160493614178,40.898614729069976
30.096060402182843,40.43470135306869
30.55997377818413,39.90451463763865
29.69842036561031,39.308054582779846
29.101960310751508,38.91041454620732
28.83686695303649,39.44060126163736
28.83686695303649,38.91041454620732
28.571773595321467,41.296254765642516
28.174133558748935,40.63352137135496
27.776493522176402,40.10333465592491
28.969413631894,41.82644148107256
29.89724038389658,41.296254765642516
29.367053668466532,40.898614729069976
28.704320274178976,40.36842801363994
28.041586879891426,39.90451463763865
27.776493522176402,39.44060126163736
27.710220182747648,38.976687885636075
27.643946843318894,38.77786786734981
26.981213449031337,38.247681151919764
26.716120091316313,37.85004111534723
26.31848005474378,38.84414120677856
25.78829333931374,38.247681151919764
25.45692664216996,37.85004111534723
25.523199981598715,39.705694619352386
24.860466587311166,39.17550790392234
24.19773319302361,38.51277450963478
23.667546477593568,37.85004111534723
24.462826550738633,40.63352137135496
23.932639835308585,39.9707879770674
23.468726459307298,39.57314794049488
23.071086422734766,39.04296122506483
22.474626367875963,38.6453211884923
22.209533010160946,39.57314794049488
22.342079689018455,39.04296122506483
22.342079689018455,38.51277450963478
22.342079689018455,37.85004111534723
22.010712991874676,37.187307721059675
21.54679961587339,36.524574326772125
21.104977353015023,35.86184093248457
21.01661290044335,36.98848770277341
20.353879506155792,36.39202764791461
20.088786148440768,37.31985439991719
19.691146111868235,36.98848770277341
19.160959396438194,37.4524010787747
18.498226002150638,36.92221436334465
18.100585965578105,36.458300987343364
17.835492607863088,35.92811427191332
17.371579231861794,35.464200895912036
17.835492607863088,36.2594809690571
16.841392516431753,35.72929425362706
16.775119177003,37.4524010787747
16.244932461572958,36.92221436334465
15.582199067285401,36.78966768448714
14.919465672997845,36.2594809690571
15.449652388427886,35.596747574769545
14.919465672997845,34.93401418048199
,34.40382746505195
,35.33165421705452
,34.867740841053234
,34.27128078619444
,33.60854739190688
,33.34345403419186
,32.945813997619325
,32.415627282189284
,31.885440566759243
,31.28898051190044
,31.222707172471686
,31.090160493614178
,30.55997377818413
,30.096060402182843
,29.89724038389658
,29.101960310751508
,28.83686695303649
,28.43922691646396
,27.90904020103391
,27.24630680674636
,26.981213449031337
,26.583573412458804
,26.053386697028763
,25.523199981598715
,25.125559945026183
,24.59537322959614
,26.362662281029614
,25.78829333931374
,26.053386697028763
,25.58947332102747
,25.258106623883698
,24.794193247882404
,24.330279871881118
,23.932639835308585
,23.468726459307298
,22.872266404448496
,22.40835302844721
,21.811892973588414
,21.41425293701588
,21.01661290044335
,20.552699524442062
,20.088786148440768
,19.691146111868235
,19.22723273586695
,18.962139378151925
,18.431952662721883
,17.968039286720597
,17.702945929005573
,17.106485874146777
,16.775119177003
