Y(hoy),Y(ayer)
1.2671577506742295,3.1228112546793767
1.3334310901029767,2.5926245392493286
1.5322511083892465,3.1228112546793767
2.0624378238192946,2.990264575821868
1.929891144961772,2.5926245392493286
1.399704429531738,2.3275311815343116
1.2671577506742295,2.3275311815343116
1.1346110718167068,2.2612578421055503
0.47187767752916443,1.929891144961772
0.33933099867164174,1.399704429531738
1.929891144961772,1.2671577506742295
0.8695177141016899,1.2671577506742295
3.3879046123944008,0.8695177141016899
2.8577178969643597,0.4056043381004031
2.3275311815343116,0.20678431981413326
1.7310711266755163,0.20678431981413326
2.194984502676803,0.20678431981413326
1.2671577506742295,-0.05830903790088371
1.1346110718167068,-0.45594907447342337
0.5381510169579116,-0.8535891110459488
0.20678431981413326,-0.1908557167583922
-0.3234023956159007,0.20678431981413326
-0.7210424321884403,-0.1908557167583922
-0.8535891110459488,-0.7873157716172017
-1.11868246876098,-0.8535891110459488
-0.9198624504747102,-0.8535891110459488
-0.8535891110459488,-0.9861357899034573
-1.913962541906045,-1.648869184191014
-1.4721402790476645,-1.11868246876098
-0.8535891110459488,-1.648869184191014
-1.913962541906045,-1.383775826475997
-0.9861357899034573,-0.9198624504747102
-1.913962541906045,-1.11868246876098
-2.179055899621062,-1.648869184191014
-0.5884957533309318,-1.7151425236197753
-0.05830903790088371,-1.11868246876098
0.6044243563866729,-1.7814158630485224
1.2008844112454682,-1.11868246876098
1.7310711266755163,-1.913962541906045
2.2612578421055503,-1.383775826475997
1.7089800135325959,-0.8535891110459488
1.2671577506742295,-0.7210424321884403
2.0624378238192946,0.20678431981413326
2.3275311815343116,0.20678431981413326
3.6529979701094177,0.67069769581542
4.05063800668195,1.1346110718167068
5.1110114375420395,1.664797787246755
4.580824722111998,2.3275311815343116
5.707471492400835,2.5926245392493286
6.569024904974661,3.255357933536885
7.099211620404702,4.1169113461107045
7.761945014692259,3.6529979701094177
8.822318445552341,5.1110114375420395
8.2921317301223,4.580824722111998
9.617598518697413,6.038838189544613
9.219958482124873,6.569024904974661
10.015238555269946,7.231758299262211
14.389278957567804,8.027038372407276
13.925365581566517,7.629398335834743
12.53362545356265,9.352505160982389
12.135985416990117,8.822318445552341
15.449652388427886,9.88269187641243
14.919465672997845,10.94306530727252
14.85319233356909,10.412878591842478
14.521825636425312,13.06381216899269
14.256732278710288,12.53362545356265
13.328905526707715,12.135985416990117
12.53362545356265,13.461452205565223
13.06381216899269,13.527725544993984
14.12418559985278,14.12418559985278
13.726545563280247,13.726545563280247
15.250832370141623,13.06381216899269
14.65437231528282,12.53362545356265
15.71474574614291,13.395178866136469
15.71474574614291,13.461452205565223
16.907665855860508,14.455552296996558
16.244932461572958,13.859092242137756
17.570399250148064,13.461452205565223
18.630772681008153,16.57629915871673
18.100585965578105,15.979839103857934
19.95623946958326,15.449652388427886
19.42605275415322,14.919465672997845
21.281706258158366,17.040212534718023
25.258106623883698,17.835492607863088
24.860466587311166,17.437852571290556
26.583573412458804,19.160959396438194
26.053386697028763,18.630772681008153
26.053386697028763,20.221332827298284
25.324379963312452,19.82369279072575
24.72791990845365,21.281706258158366
24.19773319302361,20.884066221585833
23.667546477593568,22.474626367875963
22.872266404448496,23.00481308330601
22.474626367875963,23.932639835308585
21.149159579300857,25.258106623883698
20.353879506155792,24.860466587311166
20.79570176901416,25.65574666045623
22.07698633130343,25.58947332102747
21.613072955302144,25.125559945026183
20.884066221585833,24.72791990845365
20.353879506155792,24.19773319302361
21.811892973588414,23.402453119878544
21.347979597587127,22.872266404448496
20.751519542728325,22.474626367875963
20.221332827298284,21.281706258158366
22.342079689018455,20.751519542728325
22.739719725590987,20.088786148440768
22.209533010160946,20.088786148440768
23.402453119878544,20.088786148440768
24.92673992673992,21.01661290044335
23.932639835308585,20.4864261850133
25.523199981598715,21.811892973588414
24.993013266168674,21.41425293701588
23.932639835308585,22.2758063495897
23.402453119878544,22.872266404448496
23.402453119878544,22.474626367875963
22.739719725590987,23.33617978044979
22.209533010160946,23.667546477593568
21.54679961587339,24.19773319302361
21.149159579300857,24.59537322959614
22.143259670732192,24.0651865141661
21.679346294730898,23.534999798736052
22.651355273019313,23.13735976216352
22.209533010160946,22.673446386162233
23.468726459307298,22.872266404448496
23.402453119878544,23.402453119878544
23.402453119878544,23.269906441021035
23.071086422734766,22.872266404448496
22.474626367875963,22.40835302844721
22.474626367875963,22.209533010160946
23.402453119878544,22.209533010160946
22.872266404448496,21.679346294730898
24.462826550738633,21.281706258158366
23.932639835308585,21.811892973588414
23.601273138164807,22.209533010160946
23.00481308330601,22.07698633130343
22.474626367875963,21.679346294730898
21.811892973588414,21.281706258158366
21.149159579300857,20.751519542728325
20.552699524442062,20.088786148440768
21.01661290044335,19.82369279072575
20.4864261850133,19.160959396438194
19.293506075295703,19.160959396438194
19.757419451296997,19.82369279072575
18.630772681008153,19.42605275415322
18.100585965578105,19.028412717580686
20.221332827298284,19.691146111868235
19.42605275415322,21.41425293701588
21.01661290044335,20.751519542728325
21.082886239872103,21.944439652445922
21.01661290044335,21.281706258158366
20.618972863870816,20.221332827298284
20.15505948786953,20.751519542728325
21.149159579300857,21.149159579300857
20.15505948786953,21.149159579300857
20.81779288215708,20.751519542728325
22.07698633130343,19.82369279072575
21.54679961587339,19.22723273586695
21.54679961587339,19.691146111868235
20.552699524442062,20.088786148440768
21.01661290044335,20.884066221585833
21.613072955302144,20.353879506155792
22.07698633130343,21.082886239872103
21.74561963415966,20.4864261850133
21.281706258158366,20.088786148440768
21.878166313017168,20.751519542728325
22.342079689018455,21.149159579300857
22.342079689018455,21.149159579300857
21.811892973588414,21.613072955302144
21.281706258158366,22.143259670732192
21.41425293701588,22.209533010160946
21.878166313017168,21.811892973588414
22.342079689018455,21.281706258158366
22.673446386162233,20.81779288215708
22.209533010160946,20.221332827298284
23.269906441021035,21.944439652445922
23.402453119878544,21.281706258158366
23.269906441021035,20.751519542728325
23.00481308330601,22.209533010160946
22.651355273019313,23.00481308330601
23.13735976216352,22.474626367875963
22.739719725590987,22.342079689018455
21.811892973588414,21.811892973588414
21.281706258158366,21.281706258158366
22.342079689018455,20.884066221585833
21.944439652445922,20.4864261850133
23.402453119878544,21.01661290044335
22.872266404448496,23.13735976216352
22.342079689018455,22.60717304673348
21.811892973588414,22.209533010160946
21.281706258158366,22.474626367875963
23.534999798736052,22.916448630734337
22.474626367875963,22.60717304673348
22.010712991874676,22.07698633130343
21.41425293701588,21.54679961587339
21.149159579300857,21.90025742616009
22.40835302844721,21.54679961587339
21.944439652445922,21.149159579300857
23.402453119878544,21.944439652445922
22.872266404448496,21.281706258158366
23.402453119878544,23.13735976216352
23.667546477593568,22.60717304673348
23.269906441021035,22.60717304673348
24.19773319302361,22.40835302844721
23.49081757245022,23.00481308330601
22.209533010160946,22.872266404448496
23.13735976216352,22.40835302844721
22.739719725590987,22.474626367875963
24.19773319302361,23.269906441021035
23.667546477593568,23.667546477593568
24.19773319302361,24.19773319302361
23.534999798736052,23.800093156451076
23.402453119878544,23.534999798736052
23.99891317473734,24.330279871881118
24.462826550738633,23.800093156451076
24.794193247882404,24.72791990845365
24.330279871881118,27.113760127888845
25.390653302741207,26.583573412458804
25.832475565599573,26.185933375886272
26.583573412458804,29.234506989609024
26.053386697028763,28.571773595321467
25.523199981598715,30.55997377818413
24.993013266168674,29.963513723325335
29.234506989609024,29.632147026181556
28.83686695303649,28.704320274178976
24.59537322959614,28.174133558748935
30.294880420469113,29.764693705039065
31.222707172471686,29.300780329037778
30.162333741611597,28.83686695303649
28.704320274178976,28.174133558748935
28.306680237606443,27.776493522176402
27.643946843318894,27.113760127888845
27.113760127888845,26.716120091316313
26.716120091316313,26.31848005474378
27.24630680674636,25.722019999884985
27.643946843318894,25.65574666045623
27.643946843318894,25.65574666045623
26.981213449031337,25.258106623883698
26.185933375886272,24.59537322959614
25.920840018171248,24.993013266168674
25.258106623883698,26.053386697028763
24.72791990845365,25.523199981598715
24.993013266168674,29.764693705039065
25.65574666045623,29.234506989609024
25.258106623883698,28.704320274178976
26.053386697028763,28.174133558748935
25.65574666045623,27.776493522176402
28.041586879891426,27.90904020103391
27.643946843318894,27.37885348560387
27.24630680674636,26.981213449031337
24.860466587311166,26.053386697028763
23.932639835308585,24.993013266168674
23.402453119878544,24.59537322959614
23.269906441021035,24.19773319302361
20.751519542728325,23.800093156451076
20.221332827298284,23.402453119878544
19.82369279072575,22.872266404448496
19.359779414724457,20.751519542728325
18.89586603872317,20.221332827298284
18.23313264443562,19.691146111868235
17.769219268434327,19.028412717580686
17.835492607863088,18.498226002150638
17.17275921357553,17.968039286720597
16.907665855860508,18.630772681008153
16.510025819287975,18.100585965578105
15.71474574614291,17.63667258957682
14.588098975854066,17.106485874146777
15.781019085571664,16.64257249814549
15.317105709570377,15.979839103857934
15.847292425000418,15.449652388427886
15.184559030712869,14.919465672997845
14.65437231528282,15.383379048999132
15.449652388427886,14.720645654711582
14.985739012426599,15.184559030712869
14.588098975854066,15.582199067285401
14.65437231528282,15.449652388427886
15.052012351855353,14.65437231528282
15.979839103857934,14.256732278710288
16.510025819287975,13.660272223851493
16.510025819287975,13.527725544993984
16.112385782715442,14.12418559985278
15.184559030712869,15.184559030712869
14.65437231528282,14.65437231528282
15.449652388427886,15.582199067285401
15.118285691284115,15.449652388427886
14.65437231528282,14.389278957567804
15.228741256998703,13.726545563280247
15.71474574614291,13.461452205565223
15.847292425000418,13.461452205565223
15.781019085571664,14.190458939281534
15.449652388427886,13.593998884422739
14.65437231528282,15.317105709570377
15.184559030712869,14.65437231528282
16.178659122144197,15.582199067285401
16.775119177003,15.184559030712869
16.907665855860508,14.65437231528282
16.775119177003,14.190458939281534
16.775119177003,13.726545563280247
17.968039286720597,14.389278957567804
18.630772681008153,15.449652388427886
19.293506075295703,15.582199067285401
19.95623946958326,15.979839103857934
19.514417206724893,16.510025819287975
18.630772681008153,16.64257249814549
18.03431262614935,16.244932461572958
19.42605275415322,15.847292425000418
19.95623946958326,17.570399250148064
19.359779414724457,17.040212534718023
19.028412717580686,17.084394761003857
18.630772681008153,17.835492607863088
18.23313264443562,18.763319359865662
17.835492607863088,18.23313264443562
17.968039286720597,19.028412717580686
18.16685930500686,18.36567932329313
18.630772681008153,17.835492607863088
21.01661290044335,17.30530589243304
20.618972863870816,16.775119177003
21.01661290044335,16.112385782715442
20.552699524442062,15.847292425000418
20.353879506155792,17.835492607863088
20.088786148440768,17.30530589243304
20.088786148440768,18.630772681008153
20.022512809012014,18.23313264443562
19.95623946958326,18.36567932329313
19.293506075295703,17.968039286720597
19.028412717580686,18.630772681008153
19.42605275415322,18.962139378151925
19.95623946958326,18.36567932329313
19.42605275415322,17.835492607863088
19.757419451296997,17.30530589243304
19.293506075295703,16.907665855860508
20.353879506155792,18.763319359865662
21.01661290044335,18.100585965578105
20.4864261850133,17.437852571290556
19.889966130154505,19.160959396438194
19.09468605700944,19.82369279072575
20.022512809012014,21.613072955302144
19.42605275415322,21.01661290044335
18.89586603872317,22.07698633130343
18.23313264443562,21.54679961587339
18.763319359865662,21.01661290044335
18.100585965578105,20.618972863870816
18.89586603872317,19.558599433010727
18.564499341579392,19.028412717580686
18.16685930500686,19.558599433010727
19.691146111868235,19.42605275415322
19.028412717580686,18.89586603872317
18.564499341579392,18.431952662721883
19.95623946958326,18.100585965578105
19.42605275415322,18.763319359865662
18.89586603872317,19.028412717580686
18.36567932329313,18.630772681008153
17.901765947291842,18.03431262614935
17.30530589243304,17.968039286720597
16.775119177003,17.968039286720597
16.775119177003,18.498226002150638
16.775119177003,17.968039286720597
16.112385782715442,19.09468605700944
15.449652388427886,19.757419451296997
14.786918994140336,19.293506075295703
14.190458939281534,19.293506075295703
13.593998884422739,19.757419451296997
12.931265490135182,19.160959396438194
12.401078774705141,19.82369279072575
11.738345380417584,19.293506075295703
12.268532095847625,18.630772681008153
11.870892059275093,18.23313264443562
12.798718811277674,17.702945929005573
12.401078774705141,17.30530589243304
13.328905526707715,16.841392516431753
13.328905526707715,17.040212534718023
12.666172132420158,17.570399250148064
11.870892059275093,17.835492607863088
11.605798701560076,17.437852571290556
11.208158664987543,17.040212534718023
10.545425270699987,16.510025819287975
8.954865124409856,16.046112443286688
8.689771766694832,15.582199067285401
8.2921317301223,15.582199067285401
7.629398335834743,15.449652388427886
6.834118262689678,14.919465672997845
7.629398335834743,14.256732278710288
6.966664941547194,13.527725544993984
7.496851656977235,13.328905526707715
6.966664941547194,12.798718811277674
7.761945014692259,12.401078774705141
7.231758299262211,11.738345380417584
6.70157158383217,11.208158664987543
6.171384868402129,10.677971949557495
,10.214058573556208
,10.412878591842478
,11.009338646701273
,11.47325202270256
,12.003438738132608
,12.33480543527638
,12.003438738132608
,11.47325202270256
,10.81051862841501
,10.280331912984963
,10.015238555269946
,9.352505160982389
,8.557225087837324
,8.027038372407276
,7.496851656977235
,7.231758299262211
,7.761945014692259
,6.436478226117146
,5.773744831829596
,5.243558116399548
,4.890100306112849
,5.508651474114572
,5.1110114375420395
