Y(hoy),Y(ayer)
3.5204512912519093,11.340705343845052
3.5204512912519093,11.804618719846339
2.990264575821868,12.135985416990117
2.5263511998205814,11.605798701560076
3.3879046123944008,11.208158664987543
2.725171218106837,10.74424528898625
3.5204512912519093,10.214058573556208
2.990264575821868,10.147785234127454
2.46007786039182,10.147785234127454
2.46007786039182,9.750145197554922
2.3275311815343116,9.286231821553635
2.0624378238192946,9.88269187641243
1.5322511083892465,9.418778500411143
1.2671577506742295,8.954865124409856
1.2671577506742295,9.418778500411143
1.1346110718167068,9.88269187641243
0.6044243563866729,9.352505160982389
0.20678431981413326,8.888591784981102
1.1346110718167068,8.2921317301223
0.6044243563866729,7.629398335834743
1.1346110718167068,7.032938280975948
0.6044243563866729,7.629398335834743
0.2730576592428946,7.364304978119726
0.20678431981413326,6.966664941547194
0.20678431981413326,7.761945014692259
0.20678431981413326,7.364304978119726
0.20678431981413326,6.966664941547194
0.07423764095662477,6.436478226117146
-0.389675735044662,5.972564850115859
-0.8535891110459488,5.773744831829596
-0.389675735044662,5.773744831829596
0.07423764095662477,9.88269187641243
-0.5884957533309318,9.352505160982389
-0.8535891110459488,8.822318445552341
-0.8535891110459488,8.2921317301223
-0.8535891110459488,7.761945014692259
-0.8535891110459488,7.231758299262211
-0.8535891110459488,6.70157158383217
-0.8535891110459488,6.171384868402129
-0.8535891110459488,5.773744831829596
-0.8535891110459488,22.872266404448496
-0.8535891110459488,22.209533010160946
-0.8535891110459488,21.679346294730898
-0.8535891110459488,21.149159579300857
-0.8535891110459488,20.618972863870816
-0.8535891110459488,20.088786148440768
-0.8535891110459488,19.558599433010727
-0.8535891110459488,19.028412717580686
-0.8535891110459488,18.498226002150638
-0.8535891110459488,17.968039286720597
-0.8535891110459488,17.437852571290556
-0.8535891110459488,16.907665855860508
-0.8535891110459488,16.377479140430466
-0.8535891110459488,15.847292425000418
-0.7873157716172017,15.449652388427886
-0.1908557167583922,14.919465672997845
-0.7210424321884403,14.455552296996558
0.07423764095662477,13.859092242137756
-0.25712905618715354,13.395178866136469
-0.6768602059025994,12.798718811277674
0.07423764095662477,12.202258756418871
-0.3234023956159007,11.738345380417584
0.20678431981413326,11.208158664987543
0.20678431981413326,25.258106623883698
0.2730576592428946,24.72791990845365
0.20678431981413326,24.19773319302361
1.5322511083892465,23.667546477593568
1.0020643929591984,22.07698633130343
2.23916672896263,21.54679961587339
2.46007786039182,21.01661290044335
2.46007786039182,20.4864261850133
3.0565379152506154,19.95623946958326
3.5204512912519093,19.42605275415322
3.5204512912519093,18.89586603872317
4.05063800668195,18.36567932329313
3.5204512912519093,17.835492607863088
4.580824722111998,17.30530589243304
4.845918079827015,16.775119177003
4.448278043254483,16.244932461572958
5.3761047952570635,15.71474574614291
6.038838189544613,15.184559030712869
6.70157158383217,14.65437231528282
7.298031638690972,14.12418559985278
7.894491693549767,13.593998884422739
8.601407314123158,13.06381216899269
9.396687387268223,12.53362545356265
10.722154175843329,12.003438738132608
10.147785234127454,11.47325202270256
11.605798701560076,10.94306530727252
12.268532095847625,10.412878591842478
13.859092242137756,9.88269187641243
13.328905526707715,9.352505160982389
12.798718811277674,8.822318445552341
15.71474574614291,8.2921317301223
15.184559030712869,7.761945014692259
14.65437231528282,7.231758299262211
17.040212534718023,6.70157158383217
16.510025819287975,6.171384868402129
17.835492607863088,5.6411981529720805
17.30530589243304,5.1110114375420395
16.775119177003,4.580824722111998
18.674954907293987,4.05063800668195
18.100585965578105,3.5204512912519093
17.570399250148064,2.990264575821868
17.040212534718023,2.46007786039182
19.42605275415322,1.929891144961772
20.022512809012014,1.399704429531738
20.618972863870816,0.8695177141016899
21.811892973588414,0.33933099867164174
21.21543291872961,-0.1908557167583922
23.667546477593568,-1.5163225053335054
23.071086422734766,-2.179055899621062
22.60717304673348,-2.70924261505111
25.523199981598715,-2.974335972766127
24.92673992673992,-0.7210424321884403
24.462826550738633,4.315731364396974
27.37885348560387,3.7855446489669333
26.84866677017383,3.255357933536885
26.31848005474378,2.725171218106837
28.748502500464816,2.194984502676803
28.174133558748935,1.664797787246755
30.02978706275409,1.1346110718167068
29.49960034732404,0.6044243563866729
31.885440566759243,0.07423764095662477
31.355253851329195,-0.3234023956159007
30.825067135899154,0.6044243563866729
33.74109407076439,-0.05830903790088371
33.21090735533435,-0.5884957533309318
32.68072063990431,-1.11868246876098
35.596747574769545,-1.648869184191014
35.13283419876826,-2.1127825601923007
34.536374143909455,-2.5766959361935875
36.524574326772125,-2.974335972766127
35.99438761134208,2.46007786039182
36.92221436334465,1.7973444661042635
36.39202764791461,1.3334310901029767
35.86184093248457,4.315731364396974
35.464200895912036,3.7855446489669333
38.77786786734981,3.1228112546793767
38.31395449134852,2.46007786039182
37.717494436489716,1.929891144961772
41.428801444500024,1.399704429531738
40.76606805021247,0.8695177141016899
40.36842801363994,0.20678431981413326
39.838241298209894,-0.3234023956159007
39.308054582779846,-0.5884957533309318
43.28445494850518,-1.2512291476184885
42.75426823307514,-1.913962541906045
42.22408151764509,-2.179055899621062
43.28445494850518,-2.5766959361935875
44.079735021650244,-2.974335972766127
43.5495483062202,4.315731364396974
43.15190826964766,3.7855446489669333
45.40520181022535,3.255357933536885
44.87501509479531,2.725171218106837
44.34482837936527,2.194984502676803
43.81464166393522,1.664797787246755
43.28445494850518,1.1346110718167068
42.75426823307514,0.6044243563866729
42.29035485707385,0.14051098038538612
41.69389480221505,-0.3234023956159007
41.03116140792749,0.6044243563866729
40.50097469249745,0.07423764095662477
40.037061316496164,-0.45594907447342337
41.03116140792749,-0.9861357899034573
40.50097469249745,-1.5163225053335054
41.428801444500024,-2.0465092207635536
41.03116140792749,-2.5104225967648404
41.95898815993007,-2.974335972766127
41.627621462786294,2.194984502676803
41.16370808678501,1.664797787246755
41.03116140792749,1.2008844112454682
41.097434747356246,4.315731364396974
42.75426823307514,3.7855446489669333
42.22408151764509,3.1228112546793767
41.69389480221505,2.5926245392493286
41.16370808678501,1.929891144961772
44.34482837936527,1.399704429531738
43.81464166393522,0.8695177141016899
43.28445494850518,0.20678431981413326
42.75426823307514,-0.3234023956159007
42.22408151764509,-0.5884957533309318
41.69389480221505,-1.5163225053335054
41.03116140792749,-2.0465092207635536
40.50097469249745,-0.9861357899034573
39.705694619352386,-2.5766959361935875
39.44060126163736,-2.974335972766127
38.91041454620732,4.315731364396974
38.77786786734981,3.7855446489669333
38.31395449134852,3.255357933536885
37.78376777591848,2.725171218106837
37.187307721059675,2.194984502676803
36.78966768448714,1.664797787246755
37.4524010787747,1.1346110718167068
36.8559410239159,0.6044243563866729
37.4524010787747,0.14051098038538612
36.2594809690571,-0.45594907447342337
35.72929425362706,0.7369710352441814
35.596747574769545,0.20678431981413326
34.93401418048199,-0.3234023956159007
34.33755412562319,-0.8535891110459488
33.74109407076439,-1.383775826475997
33.2771806947631,-1.913962541906045
33.07836067647684,-2.444149257336079
32.81326731876182,-2.8417892939086187
32.415627282189284,2.0624378238192946
32.15053392447426,1.5985244478179936
31.48780053018671,1.1346110718167068
30.825067135899154,0.6044243563866729
30.361153759897867,0.20678431981413326
29.764693705039065,1.3334310901029767
29.101960310751508,1.2671577506742295
31.090160493614178,1.2671577506742295
30.55997377818413,1.2671577506742295
30.02978706275409,1.2671577506742295
29.49960034732404,1.2671577506742295
29.101960310751508,1.2671577506742295
29.764693705039065,1.2671577506742295
29.234506989609024,1.2671577506742295
28.704320274178976,0.8695177141016899
28.041586879891426,0.2730576592428946
27.776493522176402,0.4056043381004031
28.174133558748935,1.0020643929591984
27.776493522176402,0.6044243563866729
29.764693705039065,0.20678431981413326
29.101960310751508,0.20678431981413326
28.704320274178976,0.2730576592428946
29.764693705039065,1.1346110718167068
29.234506989609024,0.7369710352441814
28.571773595321467,0.6044243563866729
28.041586879891426,0.20678431981413326
27.776493522176402,0.33933099867164174
28.704320274178976,0.8695177141016899
28.24040689817769,1.2671577506742295
28.43922691646396,1.2671577506742295
27.90904020103391,1.2671577506742295
28.83686695303649,1.2671577506742295
28.306680237606443,1.2671577506742295
27.776493522176402,1.1346110718167068
28.748502500464816,0.4056043381004031
28.174133558748935,1.0020643929591984
30.02978706275409,1.2671577506742295
29.49960034732404,1.2671577506742295
29.16823365018027,1.2671577506742295
28.704320274178976,1.2671577506742295
28.24040689817769,1.2671577506742295
27.643946843318894,1.2671577506742295
26.981213449031337,1.2671577506742295
28.704320274178976,1.2671577506742295
28.174133558748935,1.7310711266755163
27.643946843318894,2.194984502676803
27.113760127888845,1.7310711266755163
28.969413631894,1.399704429531738
28.969413631894,2.0624378238192946
28.83686695303649,2.3275311815343116
28.571773595321467,2.5926245392493286
28.174133558748935,3.255357933536885
27.776493522176402,2.5926245392493286
28.748502500464816,2.725171218106837
30.02978706275409,3.3879046123944008
29.49960034732404,3.5867246306806635
30.55997377818413,3.5204512912519093
31.090160493614178,3.5204512912519093
30.55997377818413,3.7855446489669333
30.096060402182843,4.448278043254483
30.957613814756662,4.713371400969507
30.294880420469113,5.243558116399548
31.156433833042932,5.3761047952570635
31.62034720904422,4.91219141925577
32.15053392447426,4.713371400969507
31.62034720904422,4.713371400969507
30.957613814756662,4.713371400969507
30.692520457041645,5.177284776970794
30.162333741611597,5.707471492400835
29.89724038389658,5.773744831829596
30.869249362184988,5.773744831829596
30.294880420469113,5.773744831829596
29.89724038389658,6.569024904974661
32.15053392447426,6.038838189544613
31.62034720904422,6.834118262689678
31.090160493614178,6.966664941547194
30.55997377818413,8.159585051264791
30.02978706275409,7.496851656977235
30.957613814756662,8.689771766694832
30.42742709932662,7.960765032978522
30.294880420469113,8.027038372407276
29.764693705039065,8.822318445552341
29.234506989609024,8.954865124409856
28.83686695303649,9.485051839839898
30.02978706275409,8.954865124409856
31.090160493614178,10.74424528898625
30.55997377818413,10.147785234127454
31.090160493614178,11.274432004416298
30.42742709932662,11.340705343845052
30.02978706275409,11.340705343845052
30.02978706275409,11.406978683273806
30.55997377818413,12.003438738132608
31.090160493614178,11.605798701560076
30.42742709932662,12.864992150706428
29.83096704446782,12.401078774705141
29.234506989609024,13.395178866136469
30.02978706275409,13.461452205565223
31.885440566759243,13.461452205565223
31.28898051190044,13.461452205565223
30.825067135899154,14.720645654711582
29.101960310751508,14.12418559985278
31.885440566759243,13.726545563280247
31.355253851329195,15.781019085571664
32.45980950847512,15.184559030712869
33.21090735533435,16.377479140430466
33.2771806947631,16.244932461572958
32.68072063990431,15.847292425000418
32.15053392447426,17.702945929005573
31.48780053018671,17.040212534718023
30.957613814756662,16.64257249814549
30.42742709932662,17.968039286720597
30.02978706275409,18.16685930500686
32.415627282189284,18.763319359865662
31.885440566759243,19.160959396438194
31.355253851329195,20.265515053584117
30.825067135899154,19.691146111868235
34.27128078619444,20.884066221585833
33.74109407076439,20.221332827298284
33.21090735533435,19.691146111868235
35.33165421705452,19.028412717580686
34.80146750162448,18.763319359865662
34.66892082276697,18.498226002150638
34.40382746505195,17.968039286720597
34.33755412562319,19.73532833815407
34.27128078619444,19.160959396438194
33.80736741019315,19.42605275415322
33.40972737362062,19.028412717580686
35.86184093248457,19.95623946958326
35.33165421705452,19.558599433010727
34.80146750162448,20.884066221585833
34.33755412562319,20.353879506155792
33.74109407076439,21.149159579300857
33.34345403419186,21.613072955302144
40.10333465592491,22.143259670732192
39.44060126163736,22.40835302844721
38.91041454620732,22.938539743877257
38.51277450963478,23.402453119878544
37.98258779420474,24.330279871881118
37.4524010787747,23.800093156451076
36.92221436334465,24.59537322959614
36.39202764791461,25.05928660559743
41.95898815993007,25.390653302741207
41.428801444500024,24.794193247882404
40.898614729069976,24.661646569024896
43.063543817075995,25.324379963312452
42.48917487536011,26.31848005474378
43.28445494850518,25.722019999884985
43.15190826964766,25.523199981598715
42.62172155421762,24.860466587311166
42.3566281965026,24.59537322959614
41.95898815993007,26.451026733601296
41.428801444500024,25.987113357600002
40.898614729069976,25.854566678742493
40.43470135306869,26.31848005474378
39.838241298209894,25.58947332102747
39.17550790392234,24.993013266168674
38.6453211884923,24.59537322959614
37.98258779420474,24.59537322959614
37.4524010787747,24.59537322959614
36.92221436334465,24.72791990845365
39.04296122506483,25.258106623883698
38.446501170206034,24.72791990845365
36.524574326772125,24.264006532452363
40.898614729069976,23.534999798736052
40.36842801363994,24.264006532452363
39.90451463763865,23.667546477593568
40.36842801363994,26.31848005474378
39.705694619352386,25.722019999884985
39.10923456449358,25.258106623883698
38.51277450963478,24.72791990845365
37.98258779420474,25.523199981598715
37.65122109706097,24.993013266168674
37.717494436489716,24.59537322959614
37.187307721059675,25.523199981598715
36.657121005629634,25.125559945026183
36.126934290199586,26.451026733601296
35.72929425362706,25.920840018171248
39.04296122506483,26.31848005474378
38.51277450963478,25.854566678742493
37.98258779420474,26.31848005474378
37.4524010787747,26.64984675188756
36.92221436334465,26.31848005474378
36.39202764791461,25.78829333931374
41.16370808678501,25.125559945026183
40.63352137135496,24.72791990845365
40.10333465592491,25.302288850169532
39.57314794049488,24.993013266168674
43.019361590790155,24.59537322959614
42.3566281965026,25.58947332102747
41.82644148107256,26.451026733601296
41.36252810507127,25.920840018171248
41.95898815993007,25.258106623883698
40.898614729069976,24.72791990845365
40.23588133478243,24.0651865141661
39.705694619352386,23.534999798736052
38.91041454620732,22.872266404448496
38.6453211884923,22.474626367875963
38.247681151919764,23.733819817022322
37.717494436489716,23.269906441021035
37.054761042202166,24.19773319302361
36.78966768448714,23.667546477593568
36.39202764791461,23.00481308330601
35.72929425362706,22.739719725590987
35.19910753819701,22.342079689018455
34.93401418048199,21.811892973588414
34.536374143909455,21.41425293701588
34.006187428479414,21.944439652445922
33.34345403419186,21.679346294730898
32.81326731876182,21.281706258158366
32.34935394276053,20.618972863870816
33.34345403419186,19.95623946958326
32.68072063990431,19.42605275415322
34.006187428479414,18.89586603872317
34.27128078619444,18.431952662721883
33.74109407076439,17.968039286720597
33.07836067647684,18.431952662721883
32.81326731876182,18.89586603872317
32.283080603331776,18.36567932329313
32.01798724561675,17.835492607863088
31.752893887901728,17.30530589243304
31.222707172471686,16.775119177003
30.957613814756662,16.311205801001712
30.55997377818413,15.781019085571664
30.02978706275409,15.582199067285401
29.49960034732404,15.317105709570377
29.035686971322754,14.65437231528282
30.55997377818413,14.12418559985278
30.096060402182843,13.593998884422739
31.090160493614178,15.449652388427886
31.090160493614178,14.919465672997845
31.090160493614178,14.389278957567804
30.55997377818413,13.991638920995271
30.02978706275409,14.65437231528282
29.49960034732404,13.991638920995271
28.903140292465245,13.527725544993984
30.825067135899154,14.256732278710288
30.162333741611597,13.660272223851493
30.825067135899154,13.130085508421452
30.294880420469113,12.599898792991404
29.632147026181556,13.196358847850206
29.101960310751508,14.389278957567804
29.234506989609024,13.925365581566517
28.83686695303649,13.859092242137756
32.15053392447426,13.461452205565223
31.62034720904422,13.461452205565223
31.090160493614178,13.593998884422739
30.55997377818413,14.521825636425312
30.02978706275409,13.991638920995271
34.27128078619444,15.847292425000418
33.74109407076439,15.184559030712869
33.21090735533435,16.64257249814549
32.68072063990431,17.30530589243304
34.27128078619444,16.907665855860508
33.74109407076439,18.431952662721883
33.21090735533435,17.835492607863088
32.68072063990431,18.89586603872317
32.15053392447426,18.36567932329313
31.62034720904422,17.901765947291842
31.090160493614178,17.371579231861794
31.62034720904422,16.907665855860508
31.222707172471686,18.89586603872317
32.15053392447426,18.36567932329313
31.62034720904422,17.835492607863088
31.090160493614178,17.30530589243304
30.55997377818413,20.022512809012014
30.096060402182843,19.42605275415322
33.74109407076439,20.088786148440768
33.21090735533435,20.088786148440768
32.74699397933306,20.4864261850133
32.15053392447426,21.082886239872103
31.62034720904422,21.149159579300857
31.090160493614178,21.149159579300857
30.55997377818413,20.751519542728325
34.80146750162448,20.221332827298284
34.27128078619444,19.757419451296997
35.33165421705452,19.293506075295703
34.66892082276697,20.552699524442062
34.40382746505195,19.95623946958326
34.006187428479414,22.143259670732192
33.47600071304937,21.54679961587339
33.34345403419186,21.01661290044335
33.21090735533435,24.19773319302361
32.54817396104679,23.667546477593568
32.283080603331776,23.13735976216352
32.45980950847512,22.60717304673348
34.27128078619444,23.402453119878544
33.74109407076439,22.872266404448496
33.21090735533435,22.474626367875963
35.33165421705452,24.860466587311166
34.80146750162448,24.19773319302361
34.27128078619444,23.667546477593568
33.60854739190688,26.053386697028763
33.07836067647684,25.523199981598715
32.81326731876182,26.583573412458804
32.415627282189284,26.053386697028763
32.68072063990431,25.390653302741207
32.283080603331776,24.860466587311166
33.34345403419186,24.59537322959614
34.580556370195296,26.583573412458804
34.006187428479414,26.119660036457518
35.464200895912036,25.523199981598715
36.657121005629634,25.854566678742493
36.06066095077084,26.362662281029614
35.596747574769545,26.053386697028763
38.51277450963478,25.523199981598715
37.85004111534723,24.993013266168674
37.38612773934594,24.59537322959614
38.247681151919764,25.258106623883698
37.717494436489716,25.58947332102747
37.054761042202166,25.125559945026183
36.524574326772125,24.72791990845365
35.92811427191332,26.362662281029614
36.39202764791461,25.78829333931374
35.464200895912036,25.258106623883698
36.96639658963049,26.053386697028763
35.86184093248457,25.58947332102747
37.58494775763221,24.993013266168674
36.92221436334465,24.462826550738633
36.39202764791461,23.932639835308585
35.86184093248457,23.534999798736052
35.464200895912036,26.362662281029614
36.657121005629634,25.78829333931374
37.717494436489716,25.258106623883698
37.187307721059675,24.72791990845365
36.7454854582013,27.643946843318894
36.657121005629634,27.113760127888845
36.657121005629634,26.583573412458804
36.657121005629634,26.053386697028763
36.92221436334465,25.390653302741207
36.524574326772125,25.125559945026183
37.49658330506054,24.661646569024896
37.717494436489716,25.125559945026183
37.187307721059675,24.59537322959614
36.524574326772125,25.258106623883698
35.99438761134208,24.794193247882404
35.33165421705452,24.661646569024896
34.66892082276697,25.258106623883698
34.40382746505195,24.860466587311166
34.66892082276697,26.119660036457518
35.33165421705452,25.65574666045623
34.80146750162448,26.451026733601296
34.27128078619444,25.78829333931374
33.74109407076439,25.324379963312452
33.21090735533435,24.661646569024896
32.68072063990431,25.125559945026183
32.283080603331776,24.59537322959614
34.27128078619444,26.31848005474378
33.74109407076439,25.722019999884985
33.21090735533435,25.523199981598715
33.21090735533435,24.860466587311166
32.68072063990431,24.59537322959614
32.01798724561675,26.64984675188756
31.752893887901728,26.053386697028763
31.355253851329195,26.583573412458804
30.825067135899154,26.053386697028763
30.361153759897867,25.523199981598715
29.963513723325335,24.993013266168674
31.090160493614178,24.59537322959614
30.626247117612884,26.053386697028763
30.02978706275409,27.643946843318894
32.15053392447426,27.113760127888845
31.62034720904422,26.583573412458804
32.68072063990431,26.31848005474378
33.21090735533435,25.78829333931374
32.54817396104679,25.324379963312452
32.01798724561675,24.72791990845365
31.48780053018671,24.0651865141661
31.090160493614178,23.667546477593568
33.21090735533435,24.19773319302361
32.68072063990431,23.932639835308585
32.15053392447426,23.468726459307298
31.62034720904422,23.402453119878544
31.222707172471686,23.269906441021035
31.885440566759243,22.872266404448496
31.355253851329195,22.40835302844721
30.825067135899154,22.143259670732192
30.294880420469113,21.613072955302144
29.632147026181556,21.281706258158366
29.101960310751508,21.878166313017168
28.83686695303649,22.342079689018455
28.43922691646396,22.872266404448496
27.953222427319744,23.33617978044979
29.278689215894858,23.667546477593568
28.704320274178976,24.19773319302361
29.89724038389658,23.733819817022322
29.101960310751508,23.269906441021035
28.505500255892713,22.872266404448496
27.90904020103391,22.40835302844721
27.643946843318894,21.811892973588414
27.113760127888845,21.347979597587127
26.451026733601296,20.751519542728325
26.185933375886272,20.287606166727038
25.78829333931374,20.088786148440768
25.324379963312452,19.691146111868235
24.72791990845365,19.160959396438194
24.39655321130987,18.697046020436908
24.993013266168674,18.23313264443562
24.59537322959614,17.835492607863088
25.523199981598715,17.30530589243304
24.993013266168674,16.841392516431753
24.330279871881118,16.244932461572958
24.0651865141661,15.71474574614291
23.667546477593568,15.184559030712869
23.13735976216352,14.65437231528282
22.673446386162233,14.12418559985278
21.944439652445922,13.593998884422739
21.41425293701588,13.461452205565223
20.81779288215708,13.328905526707715
20.221332827298284,12.666172132420158
19.691146111868235,11.870892059275093
19.160959396438194,11.406978683273806
18.630772681008153,12.003438738132608
18.16685930500686,11.406978683273806
17.570399250148064,11.340705343845052
17.040212534718023,11.340705343845052
16.64257249814549,11.274432004416298
18.100585965578105,10.94306530727252
18.89586603872317,10.412878591842478
18.36567932329313,9.750145197554922
17.835492607863088,9.02113846383861
17.30530589243304,8.822318445552341
16.775119177003,8.2921317301223
16.244932461572958,7.894491693549767
15.781019085571664,8.424678408979808
15.184559030712869,8.954865124409856
14.65437231528282,8.424678408979808
15.449652388427886,6.966664941547194
14.919465672997845,6.834118262689678
14.389278957567804,6.834118262689678
13.859092242137756,
13.328905526707715,
12.798718811277674,
12.401078774705141,
14.389278957567804,
13.925365581566517,
13.328905526707715,
12.798718811277674,
14.65437231528282,
15.184559030712869,
15.449652388427886,
14.919465672997845,
14.256732278710288,
13.991638920995271,
13.593998884422739,
12.931265490135182,
12.666172132420158,
12.268532095847625,
11.738345380417584,
11.274432004416298,
10.74424528898625,
10.147785234127454,
9.617598518697413,
9.087411803267365,
8.623498427266078,
9.087411803267365,
7.894491693549767,
8.424678408979808,
8.954865124409856,
7.099211620404702,
6.502751565545907,
5.994655963258779,
6.436478226117146,
5.906291510687105,
