Y(hoy),Y(ayer)
15.515925727856647,7.894491693549767
14.985739012426599,7.894491693549767
14.588098975854066,7.496851656977235
14.521825636425312,6.9003916021184395
14.256732278710288,6.70157158383217
13.991638920995271,6.171384868402129
13.461452205565223,5.773744831829596
12.864992150706428,5.773744831829596
12.467352114133895,5.707471492400835
13.107994395278524,5.1110114375420395
13.328905526707715,4.713371400969507
12.997538829563936,4.448278043254483
12.401078774705141,3.8518179883956876
11.804618719846339,3.5204512912519093
11.208158664987543,3.3879046123944008
10.545425270699987,2.5926245392493286
10.0815118946987,2.3275311815343116
10.015238555269946,2.3275311815343116
9.750145197554922,2.194984502676803
9.219958482124873,1.664797787246755
9.087411803267365,1.2671577506742295
9.087411803267365,1.2671577506742295
8.954865124409856,1.2671577506742295
8.689771766694832,1.2671577506742295
8.159585051264791,0.7369710352441814
7.894491693549767,0.20678431981413326
7.761945014692259,0.20678431981413326
7.231758299262211,0.20678431981413326
6.9003916021184395,0.20678431981413326
6.70157158383217,0.20678431981413326
6.038838189544613,0.20678431981413326
5.773744831829596,0.20678431981413326
5.6411981529720805,0.20678431981413326
5.1110114375420395,-0.05830903790088371
4.647098061540753,-0.7210424321884403
4.978464758684531,-0.8535891110459488
4.448278043254483,-0.8535891110459488
5.6411981529720805,-0.8535891110459488
5.1110114375420395,-0.8535891110459488
4.580824722111998,-0.8535891110459488
4.580824722111998,-0.8535891110459488
4.24945802496822,-0.8535891110459488
3.6529979701094177,-0.8535891110459488
3.5204512912519093,-0.8535891110459488
3.5204512912519093,-0.8535891110459488
2.8577178969643597,-0.8535891110459488
2.46007786039182,-0.8535891110459488
2.46007786039182,-0.8535891110459488
2.46007786039182,-0.8535891110459488
2.46007786039182,-0.8535891110459488
2.46007786039182,-0.8535891110459488
2.3275311815343116,-0.8535891110459488
2.0624378238192946,-0.8535891110459488
1.5322511083892465,-0.8535891110459488
1.2671577506742295,-0.8535891110459488
1.2671577506742295,-0.45594907447342337
1.2671577506742295,-0.05830903790088371
1.2671577506742295,-0.5884957533309318
1.2671577506742295,-0.1908557167583922
1.2008844112454682,0.20678431981413326
1.1346110718167068,-0.1908557167583922
0.47187767752916443,-0.654769092759679
0.20678431981413326,-0.1908557167583922
0.20678431981413326,-0.5884957533309318
0.20678431981413326,0.20678431981413326
0.20678431981413326,0.20678431981413326
0.20678431981413326,0.6044243563866729
0.20678431981413326,1.2671577506742295
0.20678431981413326,1.664797787246755
0.20678431981413326,2.2612578421055503
0.20678431981413326,2.3275311815343116
0.20678431981413326,2.5263511998205814
0.20678431981413326,2.990264575821868
0.20678431981413326,3.454177951823155
0.20678431981413326,3.5204512912519093
0.20678431981413326,4.1169113461107045
0.47187767752916443,3.6529979701094177
1.2671577506742295,4.580824722111998
1.2671577506742295,5.442378134685818
1.2671577506742295,4.978464758684531
1.2671577506742295,5.972564850115859
1.2671577506742295,6.436478226117146
1.3334310901029767,7.298031638690972
1.9961644843905333,6.834118262689678
1.5322511083892465,7.761945014692259
2.46007786039182,8.2921317301223
2.46007786039182,9.15368514269612
2.46007786039182,8.689771766694832
2.504260086677661,9.617598518697413
3.3216312729656394,11.075611986130028
2.725171218106837,10.412878591842478
3.918091327824442,10.015238555269946
4.580824722111998,12.864992150706428
4.845918079827015,12.268532095847625
4.448278043254483,11.738345380417584
5.420287021542897,13.925365581566517
5.3761047952570635,13.328905526707715
4.845918079827015,14.521825636425312
4.514551382683237,15.781019085571664
4.625006948397832,15.184559030712869
5.420287021542897,16.841392516431753
4.845918079827015,16.244932461572958
5.707471492400835,17.30530589243304
5.773744831829596,17.901765947291842
5.906291510687105,18.100585965578105
6.436478226117146,18.630772681008153
7.099211620404702,19.09468605700944
7.761945014692259,21.325888484444206
7.894491693549767,20.751519542728325
7.894491693549767,20.221332827298284
7.894491693549767,19.691146111868235
7.828218354121013,19.293506075295703
7.761945014692259,22.739719725590987
7.298031638690972,22.07698633130343
6.9003916021184395,24.0651865141661
7.541033883263069,23.402453119878544
7.761945014692259,26.31848005474378
7.231758299262211,25.78829333931374
6.834118262689678,25.258106623883698
7.761945014692259,24.72791990845365
7.231758299262211,28.748502500464816
7.894491693549767,28.174133558748935
8.093311711836037,27.643946843318894
8.689771766694832,27.113760127888845
9.352505160982389,30.55997377818413
10.015238555269946,30.02978706275409
10.677971949557495,29.49960034732404
11.208158664987543,32.15053392447426
11.47325202270256,31.62034720904422
11.075611986130028,31.090160493614178
12.003438738132608,32.68072063990431
11.870892059275093,34.050369654765255
11.406978683273806,33.47600071304937
12.268532095847625,33.07836067647684
11.738345380417584,35.92811427191332
11.738345380417584,35.33165421705452
11.340705343845052,34.80146750162448
12.599898792991404,37.4524010787747
12.003438738132608,36.92221436334465
13.196358847850206,36.39202764791461
13.638181110708572,38.6453211884923
14.65437231528282,37.98258779420474
14.12418559985278,40.43470135306869
15.250832370141623,39.838241298209894
15.71474574614291,39.308054582779846
16.046112443286688,41.95898815993007
15.582199067285401,41.428801444500024
16.64257249814549,40.898614729069976
17.30530589243304,42.820541572503885
17.968039286720597,42.3566281965026
18.674954907293987,43.28445494850518
18.962139378151925,43.94718834279273
19.028412717580686,43.81464166393522
19.028412717580686,43.35072828793393
19.028412717580686,42.75426823307514
19.028412717580686,42.22408151764509
19.492326093581973,41.69389480221505
19.028412717580686,41.16370808678501
19.95623946958326,40.63352137135496
20.221332827298284,40.10333465592491
20.884066221585833,39.57314794049488
21.54679961587339,39.04296122506483
22.12116855758927,38.57904784906354
22.38626191530429,37.916314454775986
23.667546477593568,37.717494436489716
23.13735976216352,37.054761042202166
24.330279871881118,36.78966768448714
23.667546477593568,37.4524010787747
24.330279871881118,36.98848770277341
23.667546477593568,36.59084766620087
24.462826550738633,36.126934290199586
24.72791990845365,35.72929425362706
24.330279871881118,37.58494775763221
25.302288850169532,36.92221436334465
25.58947332102747,36.524574326772125
25.832475565599573,37.85004111534723
26.583573412458804,37.717494436489716
26.185933375886272,37.054761042202166
26.981213449031337,36.39202764791461
27.643946843318894,35.92811427191332
27.776493522176402,35.33165421705452
27.776493522176402,34.80146750162448
27.842766861605156,34.27128078619444
28.174133558748935,33.80736741019315
27.776493522176402,33.47600071304937
28.748502500464816,34.07246076790817
28.969413631894,34.60264748333822
29.565873686752802,35.0665608593395
30.02978706275409,34.536374143909455
30.02978706275409,34.006187428479414
30.55997377818413,33.47600071304937
30.02978706275409,33.34345403419186
31.090160493614178,32.945813997619325
30.42742709932662,32.48190062161804
29.963513723325335,31.951713906187997
30.02978706275409,31.355253851329195
30.02978706275409,31.222707172471686
30.02978706275409,31.222707172471686
30.02978706275409,31.090160493614178
30.02978706275409,30.626247117612884
30.55997377818413,30.02978706275409
31.090160493614178,29.367053668466532
30.55997377818413,29.101960310751508
30.162333741611597,29.89724038389658
30.825067135899154,29.367053668466532
31.885440566759243,30.02978706275409
31.42152719075795,30.162333741611597
32.98999622390516,30.55997377818413
32.415627282189284,31.156433833042932
33.74109407076439,31.222707172471686
34.27128078619444,31.222707172471686
33.80736741019315,32.01798724561675
33.40972737362062,31.48780053018671
33.21090735533435,32.283080603331776
32.54817396104679,32.283080603331776
32.283080603331776,32.283080603331776
31.752893887901728,32.283080603331776
31.222707172471686,32.415627282189284
31.62034720904422,33.21090735533435
32.15053392447426,32.81326731876182
31.48780053018671,32.48190062161804
31.023887154185417,33.07836067647684
31.48780053018671,33.40972737362062
30.957613814756662,34.27128078619444
32.15053392447426,33.873640749621906
31.62034720904422,33.78527629705023
31.090160493614178,33.34345403419186
30.55997377818413,34.60264748333822
30.02978706275409,34.13873410733692
29.89724038389658,35.19910753819701
29.367053668466532,35.0665608593395
28.571773595321467,34.536374143909455
28.041586879891426,34.40382746505195
27.24630680674636,34.13873410733692
26.981213449031337,33.54227405247813
26.583573412458804,34.006187428479414
25.920840018171248,34.40382746505195
25.65574666045623,35.19910753819701
25.523199981598715,34.66892082276697
24.993013266168674,35.39792755648328
24.330279871881118,35.0665608593395
24.0651865141661,34.60264748333822
23.667546477593568,34.40382746505195
23.13735976216352,34.80146750162448
22.60717304673348,35.39792755648328
21.944439652445922,35.19910753819701
21.281706258158366,34.60264748333822
20.618972863870816,34.40382746505195
20.022512809012014,34.80146750162448
19.42605275415322,35.39792755648328
18.763319359865662,35.596747574769545
18.100585965578105,36.458300987343364
18.89586603872317,35.99438761134208
18.36567932329313,36.92221436334465
17.968039286720597,37.58494775763221
18.36567932329313,37.85004111534723
17.835492607863088,37.85004111534723
17.17275921357553,37.85004111534723
16.708845837574245,38.84414120677856
16.64257249814549,38.247681151919764
16.377479140430466,37.85004111534723
15.847292425000418,39.90451463763865
15.71474574614291,39.308054582779846
15.71474574614291,39.9707879770674
15.71474574614291,39.9707879770674
15.582199067285401,39.9707879770674
15.052012351855353,40.76606805021247
14.588098975854066,40.23588133478243
15.71474574614291,41.56134812335753
15.184559030712869,42.820541572503885
16.64257249814549,42.22408151764509
16.112385782715442,44.477375058222776
15.847292425000418,43.81464166393522
15.582199067285401,43.28445494850518
16.55420804557381,46.244664109656256
15.979839103857934,45.670295167940374
15.582199067285401,45.14010845251033
17.835492607863088,45.9353885256554
17.30530589243304,45.53774848908286
18.100585965578105,45.14010845251033
17.702945929005573,44.676195076509046
18.630772681008153,44.146008361079
19.205141622724028,43.68209498507771
19.95623946958326,43.28445494850518
19.62487277243948,42.820541572503885
19.160959396438194,42.42290153593136
20.221332827298284,43.085634930218916
19.691146111868235,44.079735021650244
21.01661290044335,43.61582164564895
20.4864261850133,43.41700162736269
20.15505948786953,43.28445494850518
20.4864261850133,42.886814911932646
20.088786148440768,42.29035485707385
21.082886239872103,42.09153483878758
21.613072955302144,41.69389480221505
22.209533010160946,41.16370808678501
22.342079689018455,43.019361590790155
22.60717304673348,42.48917487536011
22.209533010160946,41.95898815993007
23.269906441021035,42.22408151764509
23.402453119878544,41.69389480221505
22.872266404448496,41.03116140792749
22.474626367875963,40.43470135306869
23.13735976216352,39.9707879770674
23.00481308330601,39.57314794049488
22.474626367875963,39.10923456449358
23.402453119878544,38.38022783077727
22.872266404448496,38.115134473062255
23.402453119878544,37.717494436489716
23.402453119878544,37.054761042202166
23.402453119878544,36.2594809690571
23.99891317473734,35.72929425362706
23.402453119878544,35.33165421705452
24.462826550738633,34.867740841053234
24.462826550738633,34.40382746505195
24.462826550738633,34.006187428479414
24.462826550738633,33.54227405247813
23.932639835308585,33.01208733704808
23.402453119878544,32.54817396104679
23.402453119878544,32.15053392447426
23.800093156451076,31.48780053018671
23.269906441021035,31.222707172471686
24.462826550738633,30.825067135899154
24.462826550738633,30.162333741611597
24.462826550738633,29.89724038389658
24.330279871881118,29.234506989609024
24.0651865141661,28.571773595321467
23.667546477593568,27.975313540462672
24.462826550738633,28.43922691646396
25.523199981598715,28.83686695303649
24.993013266168674,28.83686695303649
25.65574666045623,28.83686695303649
25.920840018171248,28.83686695303649
26.583573412458804,29.300780329037778
26.119660036457518,29.89724038389658
25.722019999884985,30.02978706275409
26.362662281029614,30.162333741611597
26.64984675188756,30.692520457041645
26.716120091316313,30.55997377818413
26.583573412458804,30.096060402182843
26.053386697028763,30.096060402182843
25.65574666045623,30.692520457041645
25.65574666045623,31.222707172471686
25.58947332102747,31.752893887901728
25.523199981598715,33.07836067647684
24.993013266168674,32.415627282189284
24.661646569024896,33.34345403419186
25.302288850169532,32.945813997619325
25.523199981598715,32.34935394276053
25.191833284454937,32.283080603331776
24.59537322959614,32.283080603331776
24.72791990845365,32.283080603331776
24.330279871881118,32.283080603331776
25.302288850169532,32.216807263903014
25.523199981598715,31.686620548472973
25.191833284454937,31.222707172471686
24.772102134739484,31.686620548472973
25.523199981598715,32.15053392447426
25.125559945026183,32.68072063990431
25.523199981598715,33.2771806947631
24.860466587311166,33.47600071304937
24.462826550738633,34.27128078619444
24.462826550738633,33.873640749621906
24.462826550738633,33.74109407076439
24.462826550738633,33.34345403419186
23.932639835308585,33.34345403419186
23.468726459307298,33.34345403419186
24.330279871881118,33.34345403419186
23.667546477593568,32.945813997619325
24.462826550738633,32.48190062161804
24.462826550738633,33.07836067647684
23.800093156451076,33.34345403419186
23.534999798736052,33.80736741019315
23.00481308330601,34.27128078619444
22.40835302844721,35.19910753819701
22.342079689018455,34.66892082276697
22.07698633130343,34.93401418048199
21.679346294730898,34.536374143909455
20.353879506155792,35.33165421705452
21.082886239872103,34.93401418048199
21.01661290044335,34.80146750162448
20.353879506155792,34.40382746505195
19.558599433010727,34.40382746505195
19.293506075295703,34.40382746505195
18.89586603872317,34.867740841053234
18.36567932329313,35.39792755648328
17.901765947291842,35.464200895912036
17.835492607863088,34.93401418048199
17.040212534718023,34.40382746505195
16.510025819287975,35.0665608593395
16.024021330143768,35.464200895912036
15.582199067285401,35.464200895912036
16.244932461572958,35.39792755648328
15.781019085571664,35.0665608593395
15.184559030712869,34.60264748333822
14.65437231528282,34.006187428479414
14.32300561813905,33.54227405247813
13.859092242137756,32.945813997619325
,32.283080603331776
,31.752893887901728
,31.39943607761503
,32.01798724561675
,31.62034720904422
,31.222707172471686
,31.156433833042932
,30.825067135899154
,30.361153759897867
,29.89724038389658
,29.49960034732404
,29.101960310751508
,28.704320274178976
,28.21831578503477
,28.770593613607737
,28.571773595321467
,28.041586879891426
,27.643946843318894
,27.180033467317607
,26.716120091316313
,26.31848005474378
,25.722019999884985
,25.523199981598715
,24.860466587311166
,24.19773319302361
,23.800093156451076
,23.402453119878544
,23.269906441021035
,22.80599306501974
,22.342079689018455
,21.811892973588414
,20.618972863870816
,20.088786148440768
,21.149159579300857
,21.54679961587339
,22.07698633130343
,21.679346294730898
,21.281706258158366
,20.81779288215708
,20.353879506155792
,19.95623946958326
,19.42605275415322
,18.962139378151925
,18.36567932329313
,17.570399250148064
,16.97393919528926
,16.907665855860508
,16.377479140430466
,15.847292425000418
,15.449652388427886
,14.919465672997845
,14.521825636425312
,15.184559030712869
,14.786918994140336
