Y(hoy),Y(ayer)
5.773744831829596,4.647098061540753
5.773744831829596,4.315731364396974
5.773744831829596,3.8518179883956876
5.707471492400835,4.448278043254483
5.6411981529720805,3.918091327824442
5.1110114375420395,4.713371400969507
4.647098061540753,4.448278043254483
4.24945802496822,4.05063800668195
3.7855446489669333,3.5204512912519093
4.580824722111998,3.0565379152506154
4.05063800668195,2.65889787867809
3.6529979701094177,3.255357933536885
3.3879046123944008,2.7914445575355984
3.3879046123944008,2.3938045209630587
2.990264575821868,2.3275311815343116
2.5263511998205814,2.3275311815343116
2.46007786039182,1.7973444661042635
2.46007786039182,1.2671577506742295
1.929891144961772,1.2671577506742295
1.399704429531738,1.1346110718167068
1.1346110718167068,0.67069769581542
0.6044243563866729,0.20678431981413326
1.1346110718167068,0.07423764095662477
0.6044243563866729,-0.1908557167583922
1.1346110718167068,-0.654769092759679
0.67069769581542,0.07423764095662477
0.2730576592428946,-0.3234023956159007
-0.1908557167583922,-0.5884957533309318
-0.7210424321884403,0.20678431981413326
0.07423764095662477,0.07423764095662477
0.20678431981413326,-0.7210424321884403
0.14051098038538612,-0.5884957533309318
-0.36758462190174157,-0.05830903790088371
-0.5884957533309318,-0.45594907447342337
-0.1466734904725655,-0.8535891110459488
-0.5884957533309318,-0.8535891110459488
0.07423764095662477,-0.8535891110459488
-0.5222224139021705,-0.8535891110459488
-0.5884957533309318,-0.8535891110459488
-0.1466734904725655,-0.8535891110459488
0.07423764095662477,-1.11868246876098
-0.5884957533309318,-1.5163225053335054
-0.8535891110459488,-1.913962541906045
-0.8535891110459488,-1.913962541906045
-0.8535891110459488,-1.913962541906045
-0.8535891110459488,-1.913962541906045
-0.8535891110459488,-1.913962541906045
-0.8535891110459488,-1.383775826475997
-0.8535891110459488,-1.913962541906045
-0.8535891110459488,-0.8535891110459488
-0.8535891110459488,-0.8535891110459488
-0.654769092759679,-0.8535891110459488
-0.1466734904725655,-0.9861357899034573
0.07423764095662477,-1.648869184191014
-0.45594907447342337,-1.2512291476184885
-0.8535891110459488,-0.8535891110459488
0.07423764095662477,-1.2512291476184885
-0.45594907447342337,-1.7814158630485224
-0.41176684818758247,-1.383775826475997
0.14051098038538612,-0.8535891110459488
-0.3234023956159007,-0.8535891110459488
0.20678431981413326,-0.8535891110459488
0.20678431981413326,-0.8535891110459488
0.20678431981413326,-0.8535891110459488
0.20678431981413326,-0.45594907447342337
0.47187767752916443,-0.12458237732964506
1.1346110718167068,-0.654769092759679
0.7369710352441814,-0.1908557167583922
1.3334310901029767,-0.5884957533309318
2.990264575821868,0.20678431981413326
3.5204512912519093,0.2730576592428946
5.243558116399548,0.9357910535304512
5.906291510687105,0.47187767752916443
6.569024904974661,1.5322511083892465
7.099211620404702,2.194984502676803
9.352505160982389,2.46007786039182
8.954865124409856,3.1228112546793767
10.412878591842478,4.05063800668195
12.33480543527638,4.713371400969507
13.373087752993548,5.1110114375420395
12.798718811277674,5.707471492400835
14.65437231528282,6.502751565545907
14.190458939281534,5.906291510687105
16.775119177003,7.496851656977235
15.184559030712869,6.966664941547194
17.835492607863088,8.2921317301223
17.30530589243304,8.822318445552341
18.23313264443562,10.677971949557495
18.763319359865662,10.147785234127454
19.691146111868235,9.617598518697413
19.293506075295703,12.931265490135182
22.872266404448496,12.268532095847625
24.72791990845365,11.870892059275093
24.19773319302361,14.256732278710288
23.667546477593568,13.593998884422739
23.269906441021035,14.919465672997845
26.053386697028763,15.449652388427886
25.523199981598715,15.979839103857934
31.090160493614178,16.708845837574245
30.692520457041645,17.371579231861794
32.68072063990431,16.907665855860508
32.15053392447426,19.42605275415322
34.050369654765255,18.89586603872317
33.47600071304937,18.36567932329313
35.33165421705452,17.835492607863088
34.80146750162448,20.022512809012014
36.657121005629634,20.751519542728325
36.126934290199586,20.353879506155792
37.717494436489716,21.811892973588414
41.69389480221505,22.739719725590987
43.28445494850518,23.667546477593568
42.886814911932646,23.13735976216352
42.75426823307514,26.053386697028763
42.22408151764509,25.523199981598715
44.21228170050775,24.993013266168674
43.81464166393522,24.462826550738633
43.41700162736269,28.704320274178976
42.29035485707385,28.174133558748935
41.89271482050131,31.885440566759243
41.428801444500024,31.355253851329195
40.898614729069976,30.825067135899154
40.36842801363994,30.294880420469113
39.9707879770674,33.21090735533435
40.43470135306869,32.68072063990431
40.898614729069976,34.66892082276697
39.9707879770674,34.006187428479414
40.36842801363994,33.60854739190688
42.09153483878758,35.86184093248457
41.428801444500024,35.33165421705452
40.898614729069976,36.92221436334465
42.75426823307514,36.39202764791461
43.28445494850518,37.98258779420474
42.3566281965026,37.58494775763221
40.10333465592491,39.57314794049488
39.838241298209894,40.63352137135496
39.44060126163736,40.23588133478243
38.91041454620732,41.69389480221505
38.77786786734981,43.61582164564895
37.4524010787747,43.019361590790155
36.92221436334465,42.62172155421762
36.126934290199586,44.01346168222149
35.464200895912036,43.41700162736269
34.80146750162448,43.019361590790155
34.40382746505195,42.62172155421762
35.39792755648328,41.56134812335753
34.867740841053234,41.296254765642516
35.33165421705452,42.09153483878758
33.873640749621906,41.69389480221505
33.21090735533435,41.229981426213755
32.68072063990431,41.16370808678501
32.01798724561675,41.95898815993007
31.355253851329195,41.49507478392878
31.885440566759243,41.03116140792749
31.355253851329195,40.43470135306869
28.83686695303649,41.296254765642516
31.090160493614178,41.69389480221505
30.626247117612884,42.62172155421762
30.02978706275409,42.09153483878758
29.49960034732404,43.35072828793393
32.15053392447426,44.34482837936527
31.62034720904422,43.81464166393522
32.01798724561675,45.27265513136784
31.752893887901728,44.74246841593779
31.39943607761503,44.079735021650244
32.15053392447426,43.5495483062202
33.21090735533435,43.019361590790155
32.68072063990431,42.48917487536011
32.68072063990431,40.63352137135496
32.216807263903014,40.10333465592491
32.15053392447426,41.73807702850088
31.686620548472973,41.16370808678501
32.68072063990431,41.428801444500024
32.15053392447426,40.898614729069976
34.27128078619444,40.36842801363994
33.74109407076439,39.838241298209894
33.21090735533435,39.308054582779846
32.68072063990431,39.705694619352386
32.15053392447426,39.10923456449358
30.957613814756662,39.57314794049488
30.55997377818413,38.91041454620732
30.02978706275409,38.247681151919764
33.21090735533435,37.717494436489716
32.68072063990431,37.187307721059675
32.283080603331776,36.78966768448714
31.090160493614178,36.39202764791461
30.692520457041645,35.92811427191332
30.162333741611597,35.464200895912036
32.415627282189284,34.93401418048199
32.01798724561675,34.4701008044807
30.825067135899154,34.867740841053234
30.42742709932662,35.33165421705452
31.48780053018671,34.80146750162448
32.61444730047555,34.13873410733692
31.62034720904422,33.40972737362062
31.222707172471686,33.21090735533435
33.21090735533435,32.68072063990431
31.951713906187997,31.885440566759243
32.68072063990431,31.355253851329195
31.885440566759243,30.02978706275409
31.355253851329195,29.49960034732404
30.825067135899154,29.367053668466532
30.294880420469113,28.83686695303649
31.355253851329195,30.692520457041645
30.891340475327908,30.02978706275409
29.89724038389658,30.42742709932662
33.21090735533435,30.162333741611597
32.74699397933306,30.957613814756662
32.15053392447426,31.222707172471686
33.21090735533435,31.222707172471686
32.68072063990431,31.222707172471686
31.885440566759243,31.885440566759243
31.355253851329195,31.222707172471686
30.55997377818413,31.222707172471686
30.02978706275409,31.885440566759243
31.355253851329195,31.48780053018671
30.957613814756662,30.55997377818413
32.283080603331776,30.02978706275409
31.090160493614178,29.49960034732404
31.355253851329195,29.101960310751508
30.957613814756662,31.090160493614178
32.15053392447426,30.55997377818413
32.01798724561675,30.02978706275409
31.48780053018671,33.21090735533435
31.090160493614178,32.61444730047555
33.21090735533435,32.283080603331776
32.68072063990431,31.885440566759243
31.885440566759243,31.355253851329195
31.48780053018671,30.692520457041645
32.81326731876182,30.294880420469113
32.54817396104679,31.885440566759243
32.15053392447426,31.355253851329195
31.62034720904422,32.283080603331776
31.156433833042932,32.283080603331776
32.68072063990431,32.15053392447426
32.084260585045506,31.44361830390087
33.47600071304937,31.752893887901728
35.0665608593395,31.090160493614178
34.536374143909455,30.692520457041645
35.596747574769545,30.42742709932662
34.580556370195296,31.62034720904422
35.33165421705452,31.222707172471686
34.66892082276697,32.68072063990431
34.13873410733692,32.283080603331776
33.873640749621906,31.090160493614178
33.47600071304937,30.55997377818413
32.81326731876182,30.162333741611597
32.283080603331776,32.194716150760094
31.752893887901728,31.62034720904422
31.28898051190044,33.54227405247813
33.47600071304937,32.945813997619325
33.01208733704808,34.006187428479414
32.415627282189284,33.2771806947631
31.885440566759243,32.68072063990431
36.126934290199586,32.15053392447426
35.596747574769545,31.62034720904422
35.13283419876826,31.222707172471686
34.536374143909455,32.945813997619325
34.006187428479414,32.54817396104679
37.187307721059675,33.2771806947631
36.72339434505839,32.945813997619325
37.717494436489716,32.415627282189284
36.92221436334465,32.34935394276053
36.39202764791461,32.945813997619325
35.72929425362706,33.34345403419186
35.596747574769545,33.34345403419186
35.596747574769545,34.27128078619444
36.39202764791461,33.74109407076439
35.86184093248457,36.39202764791461
35.464200895912036,35.92811427191332
36.92221436334465,35.33165421705452
41.428801444500024,34.93401418048199
40.898614729069976,34.93401418048199
40.36842801363994,34.66892082276697
43.81464166393522,35.72929425362706
43.28445494850518,35.19910753819701
42.886814911932646,36.92221436334465
44.079735021650244,36.39202764791461
43.48327496679144,37.4524010787747
43.15190826964766,36.92221436334465
45.27265513136784,36.39202764791461
45.00756177365282,35.92811427191332
44.609921737080285,36.39202764791461
43.94718834279273,35.99438761134208
44.411101718794015,37.717494436489716
44.01346168222149,37.187307721059675
43.5495483062202,36.78966768448714
42.09153483878758,38.51277450963478
39.838241298209894,38.115134473062255
39.308054582779846,38.84414120677856
40.63352137135496,38.51277450963478
40.10333465592491,37.98258779420474
39.57314794049488,37.85004111534723
39.04296122506483,38.31395449134852
41.428801444500024,38.6453211884923
45.53774848908286,37.85004111534723
42.48917487536011,37.31985439991719
42.09153483878758,36.78966768448714
43.81464166393522,43.019361590790155
43.28445494850518,42.48917487536011
42.820541572503885,41.95898815993007
42.22408151764509,41.428801444500024
41.56134812335753,40.898614729069976
41.097434747356246,40.36842801363994
41.16370808678501,39.838241298209894
40.63352137135496,44.411101718794015
40.23588133478243,43.81464166393522
38.51277450963478,43.41700162736269
37.98258779420474,45.00756177365282
37.4524010787747,45.14010845251033
36.78966768448714,44.477375058222776
36.524574326772125,43.81464166393522
36.126934290199586,43.019361590790155
35.72929425362706,42.62172155421762
36.39202764791461,41.296254765642516
35.99438761134208,40.76606805021247
34.80146750162448,40.23588133478243
34.40382746505195,44.079735021650244
34.006187428479414,43.5495483062202
33.47600071304937,43.019361590790155
32.68072063990431,43.28445494850518
32.01798724561675,42.22408151764509
31.222707172471686,41.16370808678501
30.957613814756662,40.36842801363994
30.55997377818413,40.898614729069976
30.02978706275409,41.95898815993007
31.929622793045077,41.49507478392878
31.355253851329195,41.472983670785865
30.825067135899154,41.03116140792749
30.294880420469113,42.48917487536011
32.01798724561675,42.09153483878758
29.89724038389658,44.34482837936527
31.222707172471686,43.81464166393522
30.692520457041645,45.14010845251033
32.54817396104679,44.74246841593779
31.885440566759243,44.079735021650244
34.27128078619444,43.68209498507771
33.74109407076439,43.28445494850518
33.21090735533435,42.75426823307514
34.27128078619444,42.3566281965026
33.74109407076439,41.428801444500024
33.21090735533435,41.03116140792749
32.68072063990431,42.48917487536011
32.15053392447426,42.02526149935882
31.62034720904422,43.019361590790155
31.090160493614178,41.95898815993007
30.692520457041645,41.428801444500024
30.118151515325764,40.898614729069976
32.15053392447426,40.36842801363994
31.62034720904422,38.91041454620732
31.090160493614178,38.51277450963478
30.55997377818413,37.98258779420474
31.62034720904422,37.51867441820345
31.090160493614178,36.98848770277341
33.74109407076439,36.524574326772125
33.07836067647684,35.99438761134208
32.68072063990431,35.464200895912036
32.15053392447426,34.80146750162448
30.55997377818413,34.27128078619444
35.11074308562534,33.74109407076439
34.536374143909455,33.21090735533435
36.39202764791461,32.68072063990431
35.72929425362706,32.34935394276053
35.0665608593395,33.07836067647684
34.006187428479414,32.54817396104679
33.47600071304937,32.68072063990431
32.945813997619325,31.885440566759243
32.415627282189284,31.48780053018671
35.33165421705452,30.493700438755376
34.80146750162448,30.162333741611597
34.006187428479414,30.957613814756662
33.54227405247813,30.825067135899154
32.945813997619325,30.294880420469113
32.415627282189284,29.764693705039065
35.33165421705452,29.234506989609024
34.93401418048199,31.885440566759243
33.873640749621906,31.42152719075795
33.34345403419186,30.825067135899154
32.81326731876182,30.42742709932662
32.34935394276053,31.355253851329195
34.31546301248027,30.891340475327908
33.74109407076439,30.361153759897867
33.21090735533435,30.825067135899154
35.11074308562534,30.294880420469113
34.66892082276697,29.89724038389658
34.006187428479414,29.89724038389658
33.54227405247813,31.355253851329195
32.945813997619325,30.825067135899154
32.34935394276053,30.294880420469113
33.74109407076439,34.006187428479414
35.53047423534079,33.47600071304937
36.126934290199586,32.945813997619325
36.657121005629634,32.415627282189284
37.85004111534723,31.885440566759243
39.838241298209894,34.40382746505195
39.308054582779846,34.40382746505195
38.91041454620732,34.40382746505195
39.57314794049488,35.86184093248457
38.91041454620732,35.33165421705452
38.115134473062255,34.80146750162448
37.51867441820345,37.58494775763221
37.054761042202166,36.92221436334465
39.04296122506483,36.39202764791461
38.446501170206034,37.717494436489716
37.98258779420474,37.25358106048843
39.838241298209894,36.657121005629634
39.308054582779846,36.126934290199586
38.77786786734981,35.72929425362706
38.247681151919764,35.33165421705452
37.25358106048843,34.867740841053234
36.72339434505839,35.33165421705452
37.187307721059675,34.80146750162448
37.717494436489716,35.33165421705452
37.187307721059675,36.19320762962835
35.13283419876826,35.72929425362706
34.536374143909455,36.657121005629634
35.596747574769545,37.98258779420474
35.13283419876826,37.58494775763221
36.524574326772125,38.38022783077727
35.99438761134208,37.85004111534723
35.33165421705452,37.4524010787747
34.60264748333822,36.92221436334465
36.17111651648543,36.524574326772125
35.596747574769545,36.126934290199586
35.0665608593395,35.72929425362706
37.4524010787747,37.4524010787747
36.92221436334465,37.054761042202166
38.77786786734981,37.85004111534723
38.247681151919764,37.85004111534723
37.717494436489716,39.37432792220861
37.187307721059675,38.77786786734981
36.524574326772125,38.247681151919764
35.99438761134208,40.898614729069976
35.72929425362706,40.36842801363994
35.33165421705452,39.838241298209894
34.80146750162448,39.308054582779846
34.27128078619444,38.77786786734981
33.74109407076439,38.247681151919764
33.34345403419186,37.717494436489716
33.52018293933521,37.187307721059675
34.27128078619444,36.78966768448714
33.74109407076439,36.126934290199586
32.945813997619325,35.72929425362706
32.34935394276053,37.58494775763221
33.74109407076439,36.92221436334465
34.536374143909455,36.39202764791461
35.0665608593395,37.85004111534723
34.006187428479414,37.98258779420474
33.07836067647684,38.57904784906354
32.54817396104679,39.10923456449358
31.885440566759243,39.57314794049488
31.355253851329195,38.91041454620732
30.825067135899154,38.247681151919764
30.294880420469113,37.717494436489716
29.89724038389658,37.187307721059675
31.885440566759243,36.72339434505839
31.355253851329195,37.187307721059675
30.825067135899154,36.78966768448714
30.294880420469113,36.657121005629634
34.580556370195296,36.126934290199586
35.19910753819701,35.596747574769545
35.33165421705452,35.0665608593395
34.66892082276697,34.66892082276697
34.40382746505195,35.33165421705452
34.006187428479414,35.19910753819701
33.47600071304937,34.536374143909455
32.945813997619325,33.873640749621906
32.415627282189284,33.07836067647684
31.885440566759243,32.50399173476096
31.48780053018671,33.74109407076439
35.26538087762577,35.72929425362706
34.27128078619444,35.0665608593395
33.873640749621906,34.66892082276697
34.80146750162448,36.39202764791461
35.33165421705452,35.950205385056236
34.40382746505195,37.4524010787747
32.945813997619325,36.92221436334465
32.415627282189284,36.39202764791461
31.48780053018671,36.39202764791461
30.55997377818413,35.86184093248457
30.02978706275409,35.33165421705452
30.825067135899154,34.66892082276697
30.42742709932662,34.006187428479414
28.10786021932018,33.47600071304937
28.704320274178976,33.07836067647684
28.306680237606443,32.15053392447426
28.83686695303649,31.62034720904422
29.035686971322754,31.222707172471686
28.63804693475022,32.68072063990431
28.041586879891426,34.27128078619444
27.776493522176402,33.74109407076439
27.37885348560387,32.945813997619325
26.84866677017383,32.415627282189284
26.31848005474378,31.885440566759243
25.854566678742493,31.222707172471686
26.583573412458804,31.48780053018671
26.119660036457518,31.885440566759243
25.722019999884985,31.090160493614178
25.258106623883698,30.55997377818413
24.794193247882404,30.162333741611597
24.19773319302361,28.43922691646396
22.872266404448496,27.90904020103391
22.342079689018455,27.90904020103391
21.811892973588414,28.43922691646396
21.41425293701588,29.764693705039065
18.23313264443562,29.367053668466532
19.42605275415322,29.234506989609024
21.01661290044335,28.43922691646396
20.4864261850133,27.975313540462672
20.4864261850133,27.511400164461378
19.95623946958326,27.113760127888845
19.492326093581973,26.31848005474378
18.763319359865662,25.78829333931374
18.23313264443562,25.125559945026183
17.769219268434327,24.462826550738633
17.835492607863088,23.932639835308585
17.30530589243304,23.534999798736052
16.775119177003,24.19773319302361
16.311205801001712,24.59537322959614
15.71474574614291,24.19773319302361
15.317105709570377,23.667546477593568
14.919465672997845,23.269906441021035
14.521825636425312,22.872266404448496
14.455552296996558,22.342079689018455
14.389278957567804,21.811892973588414
13.792818902709001,21.347979597587127
11.208158664987543,21.01661290044335
10.722154175843329,20.353879506155792
12.003438738132608,19.160959396438194
11.47325202270256,17.968039286720597
10.94306530727252,18.36567932329313
10.545425270699987,19.691146111868235
,19.22723273586695
,18.697046020436908
,18.100585965578105
,17.63667258957682
,17.17275921357553
,16.775119177003
,16.244932461572958
,15.847292425000418
,15.449652388427886
,14.919465672997845
,14.12418559985278
,13.593998884422739
,13.461452205565223
,13.461452205565223
,13.06381216899269
,12.003438738132608
,10.94306530727252
,10.412878591842478
,10.015238555269946
,10.015238555269946
