Y(hoy),Y(ayer)
12.401078774705141,6.834118262689678
12.401078774705141,6.834118262689678
12.666172132420158,7.032938280975948
13.328905526707715,7.496851656977235
12.997538829563936,6.966664941547194
12.401078774705141,6.436478226117146
11.738345380417584,5.906291510687105
11.208158664987543,5.773744831829596
10.677971949557495,5.508651474114572
10.147785234127454,4.845918079827015
11.075611986130028,4.713371400969507
10.545425270699987,4.448278043254483
10.280331912984963,3.8518179883956876
9.750145197554922,3.5204512912519093
9.219958482124873,3.3879046123944008
8.623498427266078,2.5926245392493286
8.027038372407276,2.3275311815343116
8.601407314123158,2.0624378238192946
9.087411803267365,1.4659777689604852
9.087411803267365,1.2671577506742295
8.756045106123587,1.2671577506742295
8.159585051264791,1.2671577506742295
7.894491693549767,1.2671577506742295
7.761945014692259,1.2671577506742295
7.231758299262211,1.2671577506742295
6.9003916021184395,1.2008844112454682
6.767844923260924,0.6044243563866729
6.70157158383217,0.20678431981413326
6.237658207830883,0.20678431981413326
5.84001817125835,0.20678431981413326
6.480660452402979,0.20678431981413326
6.70157158383217,0.20678431981413326
6.038838189544613,0.20678431981413326
5.773744831829596,0.20678431981413326
5.6411981529720805,0.20678431981413326
5.1110114375420395,0.14051098038538612
4.647098061540753,-0.1908557167583922
4.580824722111998,-0.7210424321884403
4.580824722111998,-0.8535891110459488
4.580824722111998,-0.3234023956159007
4.05063800668195,0.20678431981413326
3.5204512912519093,0.20678431981413326
3.5204512912519093,0.14051098038538612
3.5204512912519093,-0.389675735044662
3.5204512912519093,-0.45594907447342337
3.5204512912519093,0.14051098038538612
3.5204512912519093,0.20678431981413326
3.5204512912519093,0.20678431981413326
2.990264575821868,0.20678431981413326
2.46007786039182,0.20678431981413326
2.46007786039182,0.14051098038538612
2.46007786039182,-0.389675735044662
2.46007786039182,-0.8535891110459488
2.46007786039182,-0.389675735044662
2.46007786039182,0.14051098038538612
2.46007786039182,0.20678431981413326
2.46007786039182,0.20678431981413326
2.46007786039182,0.20678431981413326
2.46007786039182,0.20678431981413326
2.46007786039182,0.20678431981413326
1.929891144961772,0.20678431981413326
1.399704429531738,0.20678431981413326
1.2671577506742295,0.20678431981413326
1.2671577506742295,0.20678431981413326
1.2671577506742295,0.67069769581542
1.2671577506742295,1.2008844112454682
1.2671577506742295,1.7973444661042635
1.2671577506742295,2.3275311815343116
1.399704429531738,3.0565379152506154
1.9740733712476128,3.5204512912519093
2.0624378238192946,4.05063800668195
1.5322511083892465,4.647098061540753
2.194984502676803,4.713371400969507
1.7310711266755163,4.779644740398261
2.194984502676803,6.237658207830883
1.5322511083892465,5.6411981529720805
1.2671577506742295,5.1110114375420395
1.2671577506742295,6.767844923260924
1.3334310901029767,7.298031638690972
1.664797787246755,6.834118262689678
1.2671577506742295,7.761945014692259
2.23916672896263,8.2921317301223
2.3275311815343116,9.352505160982389
1.929891144961772,8.822318445552341
1.7973444661042635,10.545425270699987
2.3938045209630587,9.88269187641243
3.255357933536885,11.870892059275093
2.725171218106837,11.208158664987543
3.255357933536885,13.107994395278524
2.5926245392493286,12.53362545356265
2.46007786039182,12.798718811277674
2.5926245392493286,12.401078774705141
3.299540159822719,14.919465672997845
3.5204512912519093,14.389278957567804
4.05063800668195,13.859092242137756
4.580824722111998,13.328905526707715
4.580824722111998,16.64257249814549
4.580824722111998,15.979839103857934
4.580824722111998,15.449652388427886
4.580824722111998,17.437852571290556
4.625006948397832,16.907665855860508
5.3761047952570635,18.630772681008153
4.978464758684531,18.100585965578105
5.243558116399548,19.160959396438194
4.779644740398261,19.691146111868235
5.6411981529720805,20.088786148440768
5.243558116399548,20.4864261850133
5.773744831829596,23.181541988449354
6.171384868402129,22.60717304673348
5.773744831829596,22.07698633130343
6.70157158383217,21.54679961587339
6.834118262689678,21.01661290044335
7.099211620404702,25.05928660559743
7.761945014692259,24.462826550738633
7.298031638690972,23.932639835308585
7.761945014692259,26.185933375886272
6.834118262689678,25.523199981598715
7.364304978119726,27.953222427319744
8.027038372407276,27.37885348560387
8.601407314123158,26.84866677017383
8.822318445552341,29.89724038389658
8.159585051264791,29.234506989609024
7.960765032978522,28.704320274178976
8.027038372407276,31.686620548472973
8.601407314123158,31.090160493614178
9.087411803267365,30.55997377818413
9.131594029553199,33.21090735533435
10.147785234127454,32.68072063990431
9.617598518697413,32.15053392447426
10.280331912984963,33.74109407076439
10.987247533558353,35.19910753819701
11.274432004416298,34.536374143909455
12.268532095847625,34.13873410733692
11.738345380417584,37.054761042202166
13.373087752993548,36.39202764791461
12.798718811277674,35.86184093248457
14.168367826138613,38.84414120677856
14.389278957567804,38.247681151919764
13.726545563280247,37.717494436489716
13.328905526707715,40.94279695535582
12.997538829563936,40.36842801363994
12.53362545356265,39.838241298209894
12.53362545356265,39.308054582779846
13.107994395278524,43.28445494850518
13.638181110708572,42.75426823307514
14.389278957567804,42.22408151764509
13.859092242137756,41.69389480221505
14.588098975854066,45.27265513136784
14.786918994140336,44.808741755366555
15.449652388427886,44.34482837936527
16.046112443286688,43.81464166393522
16.64257249814549,44.54364839765153
17.30530589243304,44.21228170050775
17.835492607863088,43.81464166393522
17.835492607863088,43.35072828793393
17.835492607863088,42.75426823307514
17.835492607863088,42.29035485707385
18.630772681008153,41.56134812335753
18.100585965578105,41.296254765642516
18.89586603872317,42.62172155421762
18.23313264443562,41.95898815993007
17.835492607863088,43.94718834279273
17.901765947291842,43.28445494850518
18.89586603872317,43.81464166393522
18.36567932329313,43.35072828793393
19.95623946958326,42.75426823307514
19.42605275415322,42.29035485707385
19.691146111868235,41.69389480221505
19.160959396438194,41.229981426213755
20.751519542728325,41.03116140792749
20.221332827298284,40.63352137135496
21.325888484444206,40.16960799535367
22.209533010160946,40.76606805021247
21.679346294730898,40.23588133478243
22.209533010160946,40.36842801363994
21.944439652445922,39.9707879770674
21.54679961587339,41.20789031307084
23.13735976216352,41.82644148107256
22.60717304673348,41.16370808678501
22.07698633130343,40.63352137135496
21.54679961587339,39.9707879770674
23.711728703879402,39.705694619352386
24.462826550738633,39.308054582779846
23.932639835308585,38.91041454620732
23.402453119878544,38.77786786734981
22.938539743877257,38.247681151919764
22.40835302844721,37.78376777591848
23.932639835308585,37.187307721059675
23.468726459307298,36.78966768448714
22.872266404448496,37.78376777591848
24.462826550738633,37.31985439991719
24.993013266168674,38.31395449134852
24.59537322959614,38.6453211884923
25.523199981598715,37.98258779420474
25.65574666045623,37.58494775763221
25.854566678742493,36.92221436334465
26.451026733601296,36.39202764791461
27.113760127888845,35.86184093248457
27.776493522176402,35.33165421705452
28.969413631894,34.80146750162448
28.43922691646396,34.13873410733692
29.89724038389658,33.674820731335636
29.367053668466532,33.34345403419186
28.704320274178976,34.33755412562319
28.041586879891426,34.27128078619444
29.49960034732404,33.74109407076439
28.969413631894,33.21090735533435
28.43922691646396,32.68072063990431
28.041586879891426,32.15053392447426
30.02978706275409,31.62034720904422
30.02978706275409,31.222707172471686
29.49960034732404,31.885440566759243
28.969413631894,31.42152719075795
28.43922691646396,30.891340475327908
27.975313540462672,30.294880420469113
27.37885348560387,30.825067135899154
26.782393430745074,30.361153759897867
28.21831578503477,29.963513723325335
29.101960310751508,29.49960034732404
29.764693705039065,29.101960310751508
29.632147026181556,30.294880420469113
29.101960310751508,30.825067135899154
29.89724038389658,30.42742709932662
29.433327007895286,30.02978706275409
29.49960034732404,29.49960034732404
28.969413631894,28.969413631894
29.89724038389658,28.306680237606443
29.367053668466532,27.776493522176402
29.49960034732404,27.24630680674636
28.969413631894,26.84866677017383
29.89724038389658,29.89724038389658
29.300780329037778,29.234506989609024
28.704320274178976,28.704320274178976
28.174133558748935,28.174133558748935
29.49960034732404,30.02978706275409
28.969413631894,30.361153759897867
32.15053392447426,29.89724038389658
31.62034720904422,30.891340475327908
31.090160493614178,31.355253851329195
30.55997377818413,31.885440566759243
30.02978706275409,31.28898051190044
28.571773595321467,32.194716150760094
28.041586879891426,31.62034720904422
31.355253851329195,31.222707172471686
30.825067135899154,34.006187428479414
30.162333741611597,33.34345403419186
29.89724038389658,32.945813997619325
29.49960034732404,32.945813997619325
28.969413631894,32.415627282189284
30.55997377818413,31.885440566759243
30.02978706275409,31.222707172471686
29.49960034732404,30.626247117612884
31.090160493614178,30.22860708104035
31.090160493614178,32.45980950847512
31.090160493614178,31.885440566759243
30.55997377818413,31.355253851329195
30.02978706275409,30.825067135899154
30.02978706275409,33.2771806947631
30.02978706275409,33.47600071304937
30.55997377818413,34.006187428479414
30.096060402182843,34.40382746505195
30.957613814756662,34.40382746505195
30.294880420469113,34.40382746505195
29.764693705039065,34.40382746505195
29.234506989609024,34.40382746505195
28.704320274178976,34.006187428479414
28.174133558748935,33.54227405247813
27.90904020103391,34.006187428479414
30.55997377818413,34.536374143909455
30.02978706275409,35.33165421705452
29.49960034732404,34.867740841053234
28.969413631894,34.33755412562319
28.43922691646396,33.74109407076439
31.885440566759243,33.40972737362062
31.355253851329195,34.13873410733692
33.21090735533435,33.60854739190688
32.68072063990431,34.40382746505195
32.15053392447426,34.40382746505195
31.48780053018671,34.80146750162448
30.957613814756662,35.19910753819701
30.692520457041645,34.62473859648113
30.294880420469113,35.39792755648328
29.764693705039065,34.93401418048199
29.234506989609024,35.92811427191332
28.83686695303649,36.39202764791461
31.355253851329195,35.86184093248457
30.692520457041645,35.33165421705452
32.01798724561675,34.66892082276697
30.22860708104035,34.006187428479414
31.355253851329195,33.40972737362062
30.825067135899154,34.27128078619444
29.764693705039065,33.74109407076439
29.300780329037778,33.34345403419186
28.704320274178976,36.39202764791461
28.174133558748935,35.86184093248457
27.643946843318894,35.33165421705452
26.981213449031337,34.80146750162448
26.716120091316313,35.0665608593395
26.583573412458804,34.536374143909455
26.053386697028763,34.006187428479414
25.523199981598715,33.47600071304937
25.05928660559743,36.98848770277341
24.529099890167387,36.39202764791461
24.462826550738633,35.86184093248457
23.932639835308585,35.33165421705452
23.468726459307298,38.02677002049058
22.739719725590987,37.4524010787747
22.474626367875963,38.77786786734981
21.944439652445922,37.98258779420474
21.679346294730898,37.4524010787747
21.149159579300857,36.92221436334465
20.4864261850133,36.39202764791461
20.15505948786953,35.86184093248457
20.79570176901416,38.6453211884923
20.221332827298284,37.98258779420474
22.07698633130343,37.4524010787747
21.54679961587339,36.92221436334465
20.884066221585833,38.91041454620732
20.353879506155792,39.308054582779846
19.82369279072575,39.90451463763865
19.160959396438194,39.838241298209894
18.498226002150638,39.17550790392234
17.968039286720597,38.51277450963478
17.835492607863088,37.916314454775986
17.17275921357553,39.705694619352386
16.907665855860508,39.2417812433511
16.377479140430466,38.77786786734981
16.112385782715442,39.838241298209894
15.71474574614291,39.308054582779846
15.184559030712869,38.91041454620732
14.720645654711582,42.53335710164595
15.449652388427886,41.95898815993007
14.985739012426599,41.428801444500024
15.184559030712869,40.898614729069976
14.588098975854066,40.36842801363994
16.510025819287975,44.87501509479531
15.847292425000418,44.34482837936527
16.510025819287975,43.81464166393522
15.979839103857934,43.28445494850518
15.449652388427886,47.52594867194553
14.919465672997845,46.99576195651548
14.256732278710288,46.46557524108544
13.991638920995271,46.00166186508415
13.593998884422739,45.40520181022535
14.698554541568662,45.9353885256554
14.12418559985278,45.40520181022535
15.582199067285401,44.87501509479531
15.979839103857934,44.477375058222776
15.582199067285401,45.40520181022535
16.55420804557381,44.74246841593779
16.775119177003,44.477375058222776
16.244932461572958,44.079735021650244
15.582199067285401,43.5495483062202
17.084394761003857,43.019361590790155
16.510025819287975,42.48917487536011
15.979839103857934,41.95898815993007
17.835492607863088,41.49507478392878
17.702945929005573,41.03116140792749
17.437852571290556,42.09153483878758
17.040212534718023,43.85882389022106
17.835492607863088,43.28445494850518
17.30530589243304,42.75426823307514
18.100585965578105,45.14010845251033
17.702945929005573,44.609921737080285
18.630772681008153,44.079735021650244
18.498226002150638,43.41700162736269
18.03431262614935,42.75426823307514
18.89586603872317,42.29035485707385
18.36567932329313,42.09153483878758
19.160959396438194,41.95898815993007
19.82369279072575,41.296254765642516
20.265515053584117,41.03116140792749
21.01661290044335,40.50097469249745
20.552699524442062,40.037061316496164
20.4864261850133,41.229981426213755
20.088786148440768,40.76606805021247
21.149159579300857,41.7601681416438
21.613072955302144,42.22408151764509
21.149159579300857,43.019361590790155
22.209533010160946,42.55544821478887
22.474626367875963,41.95898815993007
23.13735976216352,41.428801444500024
23.00481308330601,40.898614729069976
22.474626367875963,40.36842801363994
23.402453119878544,39.838241298209894
22.872266404448496,39.308054582779846
23.932639835308585,38.84414120677856
24.462826550738633,38.31395449134852
23.932639835308585,37.85004111534723
23.468726459307298,39.37432792220861
24.330279871881118,38.77786786734981
23.667546477593568,38.247681151919764
24.993013266168674,39.705694619352386
25.523199981598715,39.10923456449358
24.993013266168674,39.838241298209894
26.31848005474378,39.37432792220861
25.65574666045623,38.6453211884923
25.258106623883698,37.98258779420474
24.72791990845365,37.51867441820345
26.583573412458804,36.98848770277341
26.053386697028763,37.51867441820345
25.523199981598715,39.57314794049488
24.993013266168674,38.91041454620732
24.330279871881118,38.38022783077727
24.0651865141661,37.98258779420474
23.667546477593568,38.51277450963478
24.462826550738633,37.98258779420474
25.523199981598715,37.4524010787747
24.993013266168674,36.92221436334465
24.59537322959614,36.39202764791461
24.330279871881118,35.86184093248457
25.302288850169532,35.39792755648328
24.72791990845365,34.80146750162448
24.330279871881118,34.33755412562319
26.583573412458804,33.74109407076439
26.053386697028763,33.34345403419186
27.180033467317607,32.81326731876182
27.643946843318894,32.415627282189284
27.113760127888845,34.050369654765255
26.782393430745074,33.47600071304937
27.423035711889703,32.945813997619325
26.84866677017383,33.74109407076439
28.704320274178976,33.21090735533435
28.174133558748935,32.68072063990431
27.643946843318894,32.216807263903014
26.84866677017383,31.62034720904422
26.892848996459662,31.222707172471686
27.643946843318894,32.15053392447426
26.981213449031337,31.686620548472973
26.451026733601296,31.090160493614178
25.78829333931374,30.42742709932662
25.258106623883698,29.632147026181556
24.72791990845365,29.101960310751508
26.31848005474378,31.090160493614178
27.643946843318894,30.55997377818413
27.113760127888845,30.02978706275409
25.65574666045623,29.49960034732404
27.643946843318894,33.07836067647684
27.180033467317607,32.68072063990431
26.451026733601296,32.15053392447426
25.920840018171248,31.62034720904422
26.583573412458804,32.415627282189284
26.053386697028763,31.951713906187997
25.65574666045623,31.355253851329195
27.180033467317607,31.222707172471686
27.643946843318894,30.957613814756662
27.776493522176402,30.361153759897867
27.776493522176402,30.55997377818413
27.511400164461378,30.162333741611597
27.24630680674636,31.752893887901728
26.716120091316313,31.090160493614178
26.252206715315026,32.945813997619325
25.832475565599573,32.283080603331776
27.113760127888845,31.81916722733048
26.583573412458804,31.355253851329195
27.643946843318894,30.692520457041645
27.113760127888845,30.22860708104035
26.716120091316313,31.48780053018671
27.643946843318894,30.825067135899154
27.113760127888845,32.74699397933306
27.776493522176402,32.15053392447426
27.643946843318894,33.2771806947631
26.981213449031337,33.34345403419186
26.716120091316313,32.945813997619325
26.583573412458804,32.34935394276053
26.053386697028763,32.48190062161804
25.390653302741207,32.945813997619325
25.125559945026183,33.47600071304937
24.72791990845365,34.006187428479414
24.0651865141661,34.40382746505195
23.800093156451076,34.006187428479414
23.402453119878544,33.47600071304937
23.402453119878544,36.126934290199586
22.872266404448496,35.596747574769545
22.342079689018455,35.0665608593395
22.342079689018455,34.536374143909455
22.209533010160946,34.13873410733692
21.944439652445922,35.596747574769545
21.54679961587339,35.0665608593395
21.149159579300857,34.60264748333822
21.811892973588414,33.873640749621906
21.347979597587127,33.34345403419186
20.950339561014594,34.80146750162448
20.4864261850133,34.27128078619444
19.95623946958326,33.74109407076439
19.293506075295703,35.33165421705452
19.028412717580686,34.80146750162448
19.470234980439052,34.27128078619444
19.558599433010727,33.80736741019315
19.293506075295703,33.21090735533435
18.763319359865662,32.68072063990431
18.16685930500686,32.283080603331776
17.702945929005573,33.2771806947631
16.244932461572958,34.33755412562319
15.184559030712869,33.74109407076439
14.65437231528282,34.66892082276697
13.991638920995271,35.33165421705452
14.521825636425312,35.0665608593395
13.593998884422739,34.66892082276697
13.196358847850206,36.524574326772125
12.135985416990117,35.86184093248457
11.605798701560076,35.464200895912036
11.340705343845052,36.524574326772125
12.003438738132608,36.126934290199586
11.605798701560076,35.72929425362706
11.340705343845052,37.4524010787747
11.075611986130028,36.92221436334465
,36.39202764791461
,36.126934290199586
,35.596747574769545
,35.0665608593395
,34.66892082276697
,36.72339434505839
,36.126934290199586
,35.72929425362706
,37.231489947345516
,36.92221436334465
,36.39202764791461
,35.86184093248457
,38.51277450963478
,37.98258779420474
,37.4524010787747
,37.054761042202166
,37.98258779420474
,37.31985439991719
,36.524574326772125
,36.2594809690571
,35.92811427191332
,35.464200895912036
,36.458300987343364
,36.72339434505839
,37.78376777591848
,37.187307721059675
,38.6453211884923
,38.181407812491
,38.38022783077727
,37.85004111534723
,39.57314794049488
,39.04296122506483
,39.04296122506483
,38.51277450963478
,37.85004111534723
,37.187307721059675
,36.657121005629634
,35.99438761134208
,35.33165421705452
,34.80146750162448
,34.40382746505195
,35.92811427191332
,36.2594809690571
,35.79556759305581
,36.39202764791461
,35.92811427191332
,35.39792755648328
,34.80146750162448
,34.40382746505195
,34.33755412562319
,33.74109407076439
,33.34345403419186
,34.27128078619444
,33.80736741019315
,33.21090735533435
,32.54817396104679
,32.283080603331776
,31.885440566759243
,31.355253851329195
,30.891340475327908
,30.361153759897867
,30.825067135899154
,30.361153759897867
,29.764693705039065
,29.101960310751508
,28.83686695303649
,28.43922691646396
,27.90904020103391
,27.37885348560387
,26.84866677017383
,26.451026733601296
,25.854566678742493
,25.258106623883698
,24.59537322959614
,23.932639835308585
,23.402453119878544
,22.739719725590987
,22.342079689018455
,22.209533010160946
,21.811892973588414
,21.21543291872961
,21.01661290044335
,20.4864261850133
,20.088786148440768
,19.691146111868235
,19.22723273586695
,18.763319359865662
,18.36567932329313
,17.570399250148064
,16.510025819287975
,16.112385782715442
,15.449652388427886
,14.919465672997845
,14.389278957567804
,13.859092242137756
,14.389278957567804
,13.328905526707715
,12.666172132420158
,13.107994395278524
,12.798718811277674
,13.660272223851493
,13.196358847850206
,14.12418559985278
