Y(hoy),Y(ayer)
3.5867246306806635,2.3275311815343116
4.05063800668195,2.3275311815343116
4.580824722111998,2.2612578421055503
3.918091327824442,1.664797787246755
3.454177951823155,1.2671577506742295
3.5204512912519093,1.2671577506742295
3.5204512912519093,1.2008844112454682
2.990264575821868,0.6044243563866729
2.46007786039182,0.20678431981413326
2.46007786039182,0.20678431981413326
2.3275311815343116,0.20678431981413326
2.0624378238192946,0.20678431981413326
1.5322511083892465,-0.3234023956159007
1.2671577506742295,-0.8535891110459488
1.1346110718167068,-0.8535891110459488
0.6044243563866729,-0.8535891110459488
0.47187767752916443,-0.8535891110459488
0.20678431981413326,-0.8535891110459488
0.07423764095662477,-0.8535891110459488
-0.5222224139021705,-1.383775826475997
-0.8535891110459488,-1.913962541906045
-0.9198624504747102,-1.913962541906045
-0.9861357899034573,-1.913962541906045
-1.450049165904744,-1.913962541906045
-1.5163225053335054,-1.913962541906045
-0.9861357899034573,-1.913962541906045
-0.9861357899034573,-1.913962541906045
-1.5163225053335054,-1.913962541906045
-1.2512291476184885,-1.913962541906045
-1.648869184191014,-1.913962541906045
-1.383775826475997,-1.913962541906045
-1.648869184191014,-1.913962541906045
-0.9861357899034573,-1.5163225053335054
-1.383775826475997,-0.9861357899034573
-0.9861357899034573,-0.8535891110459488
-1.5825958447622668,-0.8535891110459488
-1.5163225053335054,-0.8535891110459488
-0.9861357899034573,-0.8535891110459488
-0.9861357899034573,-0.8535891110459488
-1.5163225053335054,-0.45594907447342337
-1.2512291476184885,0.07423764095662477
-1.648869184191014,0.8695177141016899
-1.383775826475997,1.2671577506742295
-1.648869184191014,1.664797787246755
-0.9198624504747102,2.194984502676803
-1.383775826475997,3.1228112546793767
-0.5222224139021705,2.990264575821868
0.14051098038538612,2.3275311815343116
-0.3234023956159007,2.725171218106837
1.7310711266755163,3.255357933536885
2.3275311815343116,4.05063800668195
2.3938045209630587,4.713371400969507
2.3275311815343116,5.243558116399548
2.923991236393107,6.038838189544613
3.5204512912519093,6.569024904974661
10.81051862841501,7.099211620404702
12.003438738132608,7.629398335834743
11.47325202270256,9.087411803267365
13.328905526707715,8.689771766694832
20.4864261850133,10.147785234127454
21.01661290044335,10.94306530727252
24.462826550738633,12.003438738132608
24.0651865141661,11.47325202270256
26.583573412458804,13.859092242137756
26.053386697028763,13.328905526707715
28.43922691646396,12.931265490135182
27.90904020103391,15.71474574614291
30.294880420469113,15.184559030712869
29.89724038389658,17.570399250148064
32.15053392447426,17.040212534718023
31.752893887901728,17.968039286720597
36.657121005629634,19.160959396438194
36.2594809690571,18.763319359865662
38.115134473062255,20.088786148440768
38.6453211884923,20.618972863870816
40.10333465592491,22.60717304673348
39.705694619352386,22.209533010160946
48.32122874509059,24.72791990845365
48.58632210280561,24.19773319302361
48.05613538737557,23.800093156451076
47.52594867194553,26.583573412458804
47.12830863537299,26.053386697028763
45.80284184679789,25.523199981598715
45.40520181022535,28.43922691646396
44.74246841593779,27.90904020103391
44.079735021650244,27.37885348560387
43.748368324506465,30.55997377818413
44.34482837936527,30.02978706275409
43.81464166393522,29.632147026181556
43.41700162736269,32.15053392447426
43.019361590790155,31.62034720904422
42.687994893646376,34.006187428479414
43.15190826964766,33.47600071304937
42.687994893646376,35.33165421705452
43.15190826964766,34.93401418048199
42.62172155421762,36.657121005629634
43.41700162736269,36.2594809690571
41.296254765642516,39.308054582779846
40.76606805021247,38.77786786734981
39.838241298209894,38.247681151919764
39.44060126163736,37.717494436489716
37.85004111534723,37.31985439991719
37.31985439991719,40.36842801363994
36.8559410239159,41.428801444500024
36.524574326772125,43.5495483062202
38.51277450963478,43.019361590790155
38.115134473062255,42.62172155421762
38.51277450963478,45.9353885256554
38.115134473062255,45.40520181022535
36.524574326772125,45.00756177365282
35.596747574769545,47.52594867194553
35.0665608593395,47.12830863537299
34.60264748333822,48.58632210280561
34.006187428479414,48.188682066233085
33.47600071304937,47.65849535080304
33.2771806947631,47.260855314230504
32.945813997619325,46.200481883370415
32.45980950847512,45.80284184679789
32.945813997619325,45.14010845251033
32.54817396104679,44.609921737080285
32.15053392447426,44.146008361079
31.156433833042932,43.5495483062202
31.686620548472973,43.019361590790155
31.222707172471686,42.22408151764509
32.15053392447426,42.09153483878758
32.01798724561675,42.09153483878758
31.752893887901728,42.48917487536011
31.39943607761503,43.019361590790155
32.15053392447426,42.48917487536011
31.62034720904422,42.09153483878758
31.664529435330053,41.16370808678501
32.54817396104679,40.63352137135496
31.885440566759243,40.23588133478243
33.21090735533435,39.57314794049488
33.21090735533435,39.17550790392234
32.68072063990431,38.6453211884923
31.62034720904422,37.98258779420474
31.156433833042932,37.58494775763221
31.62034720904422,37.054761042202166
32.15053392447426,36.39202764791461
31.62034720904422,35.86184093248457
31.090160493614178,35.33165421705452
30.294880420469113,34.93401418048199
29.89724038389658,34.536374143909455
30.869249362184988,34.07246076790817
30.957613814756662,33.47600071304937
31.090160493614178,33.34345403419186
31.090160493614178,33.34345403419186
31.355253851329195,33.21090735533435
30.957613814756662,32.68072063990431
31.951713906187997,32.15053392447426
32.415627282189284,31.222707172471686
33.2771806947631,30.825067135899154
33.2771806947631,30.162333741611597
32.81326731876182,29.89724038389658
31.222707172471686,29.49960034732404
32.15053392447426,29.101960310751508
31.554073869615465,29.764693705039065
32.945813997619325,29.300780329037778
33.52018293933521,29.83096704446782
34.80146750162448,29.367053668466532
34.27128078619444,30.294880420469113
35.33165421705452,30.957613814756662
34.80146750162448,31.222707172471686
34.13873410733692,31.355253851329195
33.674820731335636,31.885440566759243
33.07836067647684,32.283080603331776
34.40382746505195,31.885440566759243
33.93991408905066,31.355253851329195
33.47600071304937,30.692520457041645
34.07246076790817,30.22860708104035
34.60264748333822,30.957613814756662
34.93401418048199,31.686620548472973
34.40382746505195,32.01798724561675
36.78966768448714,31.42152719075795
35.596747574769545,31.885440566759243
35.464200895912036,31.48780053018671
36.98848770277341,32.74699397933306
38.51277450963478,32.283080603331776
37.98258779420474,33.2771806947631
37.4524010787747,33.34345403419186
38.51277450963478,33.21090735533435
37.98258779420474,32.50399173476096
37.58494775763221,32.81326731876182
38.115134473062255,32.01798724561675
39.17550790392234,31.355253851329195
38.6453211884923,32.415627282189284
39.838241298209894,32.01798724561675
39.90451463763865,33.2771806947631
39.705694619352386,32.81326731876182
39.44060126163736,33.07836067647684
39.04296122506483,32.68072063990431
39.44060126163736,32.283080603331776
40.23588133478243,33.2771806947631
47.260855314230504,32.61444730047555
46.598121919942955,33.21090735533435
46.33302856222792,33.34345403419186
45.80284184679789,33.873640749621906
45.53774848908286,34.40382746505195
46.53184858051419,34.66892082276697
47.06203529594424,35.33165421705452
47.52594867194553,35.464200895912036
47.52594867194553,35.0665608593395
46.86321527765797,34.66892082276697
46.46557524108544,35.86184093248457
46.00166186508415,35.464200895912036
45.47147514965411,36.39202764791461
44.94128843422406,35.86184093248457
44.21228170050775,36.524574326772125
44.74246841593779,36.524574326772125
45.27265513136784,36.126934290199586
44.609921737080285,35.72929425362706
43.81464166393522,37.187307721059675
43.28445494850518,36.657121005629634
43.41700162736269,38.115134473062255
42.48917487536011,38.77786786734981
42.09153483878758,38.91041454620732
41.428801444500024,38.77786786734981
41.03116140792749,38.31395449134852
39.2417812433511,37.916314454775986
39.838241298209894,38.57904784906354
39.308054582779846,39.57314794049488
38.91041454620732,39.10923456449358
38.51277450963478,39.57314794049488
36.2594809690571,39.04296122506483
35.596747574769545,43.019361590790155
35.0665608593395,42.48917487536011
34.536374143909455,41.95898815993007
34.006187428479414,41.428801444500024
33.60854739190688,45.80284184679789
33.21090735533435,45.27265513136784
32.61444730047555,47.12830863537299
32.15053392447426,46.200481883370415
31.686620548472973,45.80284184679789
34.006187428479414,48.365410971376434
35.37583644334036,47.791042029660545
34.80146750162448,47.260855314230504
35.596747574769545,46.73066859880046
35.464200895912036,49.6466955336657
35.19910753819701,49.11650881823566
34.66892082276697,48.58632210280561
34.40382746505195,48.05613538737557
34.006187428479414,47.260855314230504
33.52018293933521,46.73066859880046
34.80146750162448,45.80284184679789
34.27128078619444,46.200481883370415
35.72929425362706,46.53184858051419
36.39202764791461,46.200481883370415
36.39202764791461,45.73656850736913
35.72929425362706,45.53774848908286
35.0665608593395,45.00756177365282
34.66892082276697,44.477375058222776
33.60854739190688,44.609921737080285
33.60854739190688,45.20638179193909
35.11074308562534,45.73656850736913
34.66892082276697,46.200481883370415
35.33165421705452,45.40520181022535
34.93401418048199,44.87501509479531
34.4701008044807,44.34482837936527
35.596747574769545,43.94718834279273
36.92221436334465,43.5495483062202
36.39202764791461,42.48917487536011
37.717494436489716,41.95898815993007
37.31985439991719,41.56134812335753
38.6453211884923,41.16370808678501
38.6453211884923,40.76606805021247
39.308054582779846,39.838241298209894
39.838241298209894,38.91041454620732
39.17550790392234,38.84414120677856
38.77786786734981,38.38022783077727
39.308054582779846,37.85004111534723
38.91041454620732,37.187307721059675
39.838241298209894,36.39202764791461
39.2417812433511,35.86184093248457
39.17550790392234,35.33165421705452
40.23588133478243,34.80146750162448
39.705694619352386,34.40382746505195
40.898614729069976,34.006187428479414
40.36842801363994,33.47600071304937
39.57314794049488,32.68072063990431
37.31985439991719,32.283080603331776
36.72339434505839,32.283080603331776
37.187307721059675,33.01208733704808
38.38022783077727,32.54817396104679
39.04296122506483,31.885440566759243
39.61733016678071,31.42152719075795
39.838241298209894,31.222707172471686
39.17550790392234,31.752893887901728
38.91041454620732,32.68072063990431
38.51277450963478,34.006187428479414
37.98258779420474,33.60854739190688
37.4524010787747,34.40382746505195
37.054761042202166,34.006187428479414
37.58494775763221,33.54227405247813
36.92221436334465,33.07836067647684
36.39202764791461,32.68072063990431
35.86184093248457,32.283080603331776
36.657121005629634,32.283080603331776
37.717494436489716,32.68072063990431
37.187307721059675,33.54227405247813
36.2594809690571,33.07836067647684
36.8559410239159,34.13873410733692
36.39202764791461,34.40382746505195
35.86184093248457,34.27128078619444
35.33165421705452,33.47600071304937
34.80146750162448,33.21090735533435
34.40382746505195,32.68072063990431
35.37583644334036,34.006187428479414
34.80146750162448,33.47600071304937
35.64092980105538,33.07836067647684
36.92221436334465,34.40382746505195
36.39202764791461,34.40382746505195
37.717494436489716,35.33165421705452
37.58494775763221,34.93401418048199
37.31985439991719,34.84564972791032
36.78966768448714,36.39202764791461
35.99438761134208,35.86184093248457
35.72929425362706,37.717494436489716
35.33165421705452,37.187307721059675
34.66892082276697,36.78966768448714
34.13873410733692,38.77786786734981
33.47600071304937,38.91041454620732
32.945813997619325,38.51277450963478
32.415627282189284,38.048861133633494
31.885440566759243,38.77786786734981
31.28898051190044,39.04296122506483
32.68072063990431,39.639421279923624
33.21090735533435,38.91041454620732
32.54817396104679,38.38022783077727
32.283080603331776,37.85004111534723
31.752893887901728,37.85004111534723
31.156433833042932,37.85004111534723
31.090160493614178,37.78376777591848
30.626247117612884,37.4524010787747
30.02978706275409,36.92221436334465
29.367053668466532,36.126934290199586
28.83686695303649,35.6630209141983
28.571773595321467,35.464200895912036
28.174133558748935,35.33165421705452
27.643946843318894,34.867740841053234
27.113760127888845,34.27128078619444
26.716120091316313,33.74109407076439
27.643946843318894,33.34345403419186
27.113760127888845,34.33755412562319
27.643946843318894,33.873640749621906
27.113760127888845,34.13873410733692
26.67193786503048,33.47600071304937
26.583573412458804,32.81326731876182
26.053386697028763,32.283080603331776
25.523199981598715,32.415627282189284
24.860466587311166,33.2771806947631
24.59537322959614,32.81326731876182
24.19773319302361,33.74109407076439
23.667546477593568,34.33755412562319
23.13735976216352,34.13873410733692
22.673446386162233,33.60854739190688
22.07698633130343,33.21090735533435
21.41425293701588,32.54817396104679
21.149159579300857,31.885440566759243
21.01661290044335,31.222707172471686
20.353879506155792,30.55997377818413
19.558599433010727,29.89724038389658
19.293506075295703,29.278689215894858
18.89586603872317,29.764693705039065
18.23313264443562,29.101960310751508
17.835492607863088,28.505500255892713
17.835492607863088,27.90904020103391
17.30530589243304,27.511400164461378
16.907665855860508,26.84866677017383
16.510025819287975,26.384753394172535
15.979839103857934,25.78829333931374
15.317105709570377,25.324379963312452
14.786918994140336,24.794193247882404
15.493834614713727,25.258106623883698
14.919465672997845,24.860466587311166
15.71474574614291,25.65574666045623
15.582199067285401,25.258106623883698
15.317105709570377,24.794193247882404
14.919465672997845,24.0651865141661
14.521825636425312,23.402453119878544
14.12418559985278,22.739719725590987
12.268532095847625,21.944439652445922
11.738345380417584,21.41425293701588
11.208158664987543,21.01661290044335
10.015238555269946,20.4864261850133
10.214058573556208,19.82369279072575
9.816418536983676,19.558599433010727
9.219958482124873,19.160959396438194
8.954865124409856,18.630772681008153
8.424678408979808,18.03431262614935
7.960765032978522,17.968039286720597
8.159585051264791,17.835492607863088
8.822318445552341,17.17275921357553
,16.510025819287975
,15.979839103857934
,16.377479140430466
,16.112385782715442
,15.71474574614291
,14.919465672997845
,14.256732278710288
,13.660272223851493
,13.461452205565223
,13.991638920995271
,14.521825636425312
,14.12418559985278
,13.461452205565223
,12.931265490135182
,12.003438738132608
,11.47325202270256
,10.94306530727252
,10.280331912984963
,10.015238555269946
,9.617598518697413
,9.15368514269612
,8.557225087837324
,8.093311711836037
,7.496851656977235
,6.966664941547194
,6.834118262689678
,6.834118262689678
