Y(hoy),Y(ayer)
6.834118262689678,12.401078774705141
6.70157158383217,12.864992150706428
6.038838189544613,13.196358847850206
5.773744831829596,12.599898792991404
5.773744831829596,12.401078774705141
5.707471492400835,12.401078774705141
5.6411981529720805,12.401078774705141
4.978464758684531,12.135985416990117
4.580824722111998,11.605798701560076
4.580824722111998,11.208158664987543
4.580824722111998,10.74424528898625
3.918091327824442,10.346605252413717
3.454177951823155,11.075611986130028
3.5204512912519093,11.075611986130028
3.5204512912519093,10.479151931271232
3.5204512912519093,10.94306530727252
2.8577178969643597,10.545425270699987
2.3938045209630587,10.412878591842478
2.3275311815343116,9.88269187641243
2.0624378238192946,9.418778500411143
1.5322511083892465,9.617598518697413
1.2671577506742295,9.219958482124873
1.2671577506742295,10.0815118946987
1.2671577506742295,10.147785234127454
1.2671577506742295,10.0815118946987
1.2671577506742295,9.88269187641243
1.2008844112454682,9.485051839839898
1.1346110718167068,9.087411803267365
0.47187767752916443,8.623498427266078
0.20678431981413326,8.093311711836037
0.20678431981413326,7.894491693549767
0.20678431981413326,7.364304978119726
0.20678431981413326,6.834118262689678
0.14051098038538612,6.569024904974661
0.07423764095662477,6.038838189544613
-0.389675735044662,5.6411981529720805
-0.7873157716172017,5.177284776970794
-0.1466734904725655,4.713371400969507
0.07423764095662477,4.713371400969507
-0.25712905618715354,5.177284776970794
-0.7210424321884403,5.508651474114572
-0.8535891110459488,4.845918079827015
-0.8535891110459488,4.713371400969507
-0.8535891110459488,4.713371400969507
-0.8535891110459488,4.580824722111998
-0.8535891110459488,4.05063800668195
-0.8535891110459488,3.5867246306806635
-0.8535891110459488,3.5204512912519093
-0.8535891110459488,3.5204512912519093
-0.8535891110459488,3.5204512912519093
-0.8535891110459488,3.3879046123944008
-0.8535891110459488,2.5926245392493286
-0.8535891110459488,2.3275311815343116
-0.8535891110459488,2.3275311815343116
-0.8535891110459488,2.3275311815343116
-0.8535891110459488,2.3275311815343116
-0.8535891110459488,2.2612578421055503
-0.8535891110459488,1.929891144961772
-0.7873157716172017,1.4659777689604852
-0.389675735044662,1.2671577506742295
-0.8535891110459488,1.2671577506742295
0.07423764095662477,1.2671577506742295
0.14051098038538612,1.2671577506742295
-0.05830903790088371,1.2671577506742295
-0.3234023956159007,1.3334310901029767
-0.6768602059025994,2.0624378238192946
0.07423764095662477,1.664797787246755
-0.3234023956159007,1.2671577506742295
0.20678431981413326,1.2671577506742295
0.20678431981413326,1.2671577506742295
0.2730576592428946,1.2671577506742295
0.8695177141016899,1.2671577506742295
0.33933099867164174,1.2671577506742295
1.5985244478179936,1.2671577506742295
2.194984502676803,1.2671577506742295
2.7914445575355984,1.2671577506742295
3.3879046123944008,1.3334310901029767
3.5867246306806635,2.194984502676803
4.1169113461107045,1.7973444661042635
4.580824722111998,1.7089800135325959
4.580824722111998,2.0624378238192946
4.580824722111998,1.4659777689604852
5.177284776970794,1.2671577506742295
4.713371400969507,1.2671577506742295
5.6411981529720805,1.2671577506742295
6.480660452402979,1.399704429531738
5.906291510687105,1.929891144961772
7.761945014692259,2.3275311815343116
7.298031638690972,2.194984502676803
8.866500671838182,1.7310711266755163
8.2921317301223,1.399704429531738
10.147785234127454,2.0624378238192946
9.617598518697413,2.3275311815343116
10.280331912984963,2.7914445575355984
10.987247533558353,3.3879046123944008
12.268532095847625,3.3879046123944008
11.738345380417584,2.725171218106837
14.12418559985278,2.3275311815343116
13.593998884422739,2.7914445575355984
13.06381216899269,3.255357933536885
15.449652388427886,2.769353444392678
14.919465672997845,3.3879046123944008
16.64257249814549,3.8518179883956876
15.979839103857934,4.448278043254483
16.907665855860508,4.713371400969507
17.614581476433898,4.713371400969507
18.89586603872317,4.713371400969507
18.431952662721883,4.713371400969507
21.01661290044335,4.713371400969507
20.4864261850133,4.713371400969507
20.022512809012014,4.315731364396974
19.42605275415322,3.829726875252767
21.01661290044335,4.315731364396974
20.353879506155792,4.713371400969507
20.088786148440768,4.779644740398261
22.342079689018455,5.3761047952570635
21.811892973588414,4.978464758684531
21.281706258158366,5.972564850115859
23.00481308330601,5.508651474114572
24.72791990845365,6.436478226117146
24.19773319302361,6.834118262689678
23.667546477593568,6.834118262689678
27.37885348560387,6.834118262689678
26.716120091316313,6.767844923260924
26.31848005474378,6.171384868402129
25.78829333931374,5.773744831829596
25.258106623883698,6.436478226117146
28.704320274178976,6.834118262689678
28.174133558748935,6.966664941547194
29.8088759313249,7.496851656977235
29.234506989609024,7.894491693549767
30.55997377818413,7.894491693549767
31.62034720904422,7.960765032978522
31.090160493614178,8.888591784981102
33.47600071304937,8.424678408979808
33.01208733704808,9.352505160982389
32.415627282189284,9.88269187641243
35.0665608593395,9.418778500411143
34.60264748333822,8.954865124409856
34.006187428479414,9.418778500411143
36.17111651648543,9.88269187641243
35.596747574769545,9.396687387268223
37.054761042202166,10.015238555269946
37.76167666277556,10.147785234127454
40.10333465592491,10.147785234127454
39.506874601066116,10.74424528898625
39.04296122506483,10.280331912984963
38.51277450963478,11.208158664987543
42.003170386215906,12.135985416990117
41.428801444500024,11.605798701560076
40.898614729069976,12.467352114133895
42.3566281965026,13.06381216899269
43.019361590790155,13.461452205565223
42.29035485707385,13.527725544993984
42.75426823307514,14.256732278710288
41.56134812335753,13.726545563280247
41.097434747356246,13.859092242137756
40.898614729069976,13.527725544993984
40.36842801363994,14.985739012426599
40.037061316496164,14.389278957567804
39.9707879770674,13.859092242137756
39.90451463763865,15.515925727856647
39.838241298209894,15.648472406714156
39.308054582779846,15.979839103857934
38.976687885636075,16.841392516431753
39.639421279923624,16.377479140430466
40.23588133478243,17.437852571290556
40.898614729069976,17.17275921357553
41.56134812335753,17.702945929005573
42.26826374393093,17.17275921357553
43.5495483062202,17.968039286720597
42.886814911932646,17.968039286720597
44.21228170050775,18.16685930500686
42.42290153593136,18.630772681008153
43.5495483062202,17.901765947291842
43.019361590790155,17.30530589243304
41.95898815993007,16.907665855860508
41.428801444500024,18.23313264443562
40.898614729069976,18.962139378151925
40.36842801363994,18.89586603872317
39.838241298209894,18.23313264443562
39.308054582779846,17.968039286720597
38.84414120677856,18.630772681008153
38.247681151919764,18.962139378151925
37.78376777591848,18.630772681008153
38.77786786734981,18.16685930500686
38.77786786734981,18.630772681008153
38.247681151919764,18.23313264443562
40.83234138964123,19.160959396438194
40.10333465592491,19.691146111868235
39.506874601066116,20.088786148440768
39.04296122506483,19.558599433010727
38.51277450963478,19.160959396438194
37.98258779420474,20.79570176901416
40.898614729069976,20.221332827298284
40.36842801363994,19.691146111868235
39.838241298209894,20.4864261850133
39.308054582779846,20.088786148440768
38.84414120677856,20.884066221585833
38.77786786734981,20.353879506155792
38.247681151919764,21.149159579300857
37.717494436489716,21.149159579300857
37.187307721059675,21.54679961587339
36.524574326772125,22.143259670732192
36.2594809690571,22.209533010160946
35.86184093248457,22.673446386162233
35.33165421705452,23.269906441021035
34.867740841053234,23.269906441021035
34.4701008044807,22.60717304673348
34.27128078619444,21.944439652445922
33.80736741019315,21.347979597587127
33.34345403419186,21.811892973588414
33.74109407076439,22.209533010160946
34.27128078619444,22.07698633130343
33.74109407076439,21.54679961587339
33.21090735533435,21.01661290044335
32.74699397933306,20.552699524442062
32.15053392447426,19.95623946958326
31.62034720904422,19.42605275415322
31.090160493614178,19.028412717580686
33.21090735533435,20.022512809012014
32.68072063990431,19.95623946958326
32.15053392447426,19.293506075295703
31.686620548472973,18.498226002150638
31.885440566759243,18.03431262614935
31.355253851329195,18.630772681008153
30.825067135899154,18.100585965578105
30.294880420469113,17.570399250148064
29.89724038389658,16.907665855860508
31.355253851329195,16.244932461572958
30.825067135899154,15.781019085571664
31.885440566759243,15.582199067285401
31.090160493614178,15.582199067285401
30.294880420469113,15.449652388427886
29.764693705039065,14.985739012426599
29.234506989609024,14.521825636425312
28.83686695303649,14.521825636425312
31.134342719900012,14.389278957567804
30.55997377818413,13.859092242137756
30.02978706275409,13.395178866136469
29.632147026181556,12.931265490135182
31.885440566759243,12.599898792991404
32.15053392447426,13.196358847850206
31.48780053018671,13.06381216899269
30.825067135899154,12.53362545356265
30.294880420469113,12.401078774705141
31.62034720904422,12.401078774705141
31.156433833042932,12.401078774705141
33.21090735533435,12.401078774705141
32.68072063990431,12.864992150706428
32.216807263903014,12.401078774705141
32.68072063990431,13.395178866136469
32.01798724561675,13.660272223851493
31.752893887901728,14.256732278710288
31.355253851329195,13.859092242137756
30.692520457041645,13.328905526707715
30.162333741611597,12.864992150706428
32.15053392447426,12.401078774705141
35.33165421705452,12.798718811277674
34.80146750162448,13.660272223851493
34.27128078619444,13.196358847850206
33.74109407076439,14.12418559985278
33.21090735533435,14.65437231528282
32.68072063990431,15.515925727856647
31.62034720904422,15.052012351855353
31.090160493614178,15.515925727856647
30.294880420469113,15.052012351855353
34.27128078619444,14.65437231528282
33.74109407076439,14.12418559985278
33.21090735533435,13.660272223851493
32.54817396104679,14.12418559985278
32.283080603331776,14.521825636425312
31.752893887901728,14.521825636425312
31.355253851329195,14.588098975854066
31.929622793045077,15.317105709570377
31.355253851329195,16.510025819287975
32.216807263903014,15.979839103857934
32.415627282189284,15.847292425000418
33.47600071304937,16.046112443286688
32.945813997619325,15.582199067285401
34.27128078619444,17.106485874146777
33.74109407076439,16.510025819287975
33.07836067647684,17.437852571290556
32.81326731876182,16.907665855860508
32.415627282189284,16.775119177003
32.68072063990431,16.775119177003
32.283080603331776,16.775119177003
33.2771806947631,16.775119177003
33.74109407076439,17.901765947291842
34.27128078619444,17.30530589243304
33.60854739190688,16.907665855860508
33.07836067647684,18.763319359865662
32.54817396104679,18.299405983864375
34.050369654765255,18.16685930500686
33.47600071304937,18.697046020436908
32.945813997619325,20.265515053584117
32.415627282189284,19.691146111868235
34.27128078619444,19.160959396438194
33.74109407076439,22.07698633130343
33.21090735533435,21.54679961587339
32.68072063990431,21.01661290044335
32.15053392447426,20.4864261850133
31.686620548472973,19.95623946958326
31.090160493614178,19.42605275415322
30.55997377818413,19.028412717580686
30.096060402182843,21.082886239872103
32.15053392447426,20.4864261850133
31.686620548472973,22.143259670732192
33.21090735533435,21.54679961587339
32.68072063990431,21.944439652445922
33.34345403419186,21.41425293701588
33.34345403419186,21.01661290044335
33.34345403419186,20.552699524442062
33.21090735533435,20.088786148440768
32.74699397933306,20.287606166727038
33.21090735533435,20.884066221585833
32.283080603331776,21.149159579300857
32.68072063990431,21.613072955302144
33.21090735533435,22.143259670732192
32.68072063990431,22.40835302844721
32.34935394276053,22.872266404448496
32.98999622390516,23.733819817022322
32.415627282189284,23.269906441021035
34.27128078619444,24.19773319302361
33.74109407076439,23.534999798736052
34.006187428479414,22.872266404448496
33.47600071304937,22.474626367875963
35.0665608593395,23.800093156451076
34.536374143909455,23.13735976216352
34.006187428479414,24.993013266168674
37.4524010787747,24.529099890167387
36.78966768448714,25.523199981598715
36.2594809690571,24.462826550738633
35.79556759305581,23.932639835308585
37.4524010787747,23.269906441021035
36.92221436334465,22.739719725590987
36.39202764791461,22.474626367875963
35.86184093248457,24.19773319302361
35.19910753819701,23.667546477593568
34.66892082276697,23.269906441021035
34.536374143909455,25.05928660559743
35.11074308562534,24.59537322959614
35.64092980105538,25.390653302741207
36.524574326772125,24.72791990845365
35.86184093248457,24.0651865141661
36.657121005629634,23.468726459307298
36.126934290199586,23.733819817022322
35.596747574769545,24.330279871881118
37.717494436489716,24.330279871881118
37.187307721059675,23.733819817022322
36.657121005629634,24.330279871881118
36.19320762962835,23.800093156451076
35.596747574769545,24.330279871881118
41.428801444500024,23.711728703879402
40.898614729069976,24.462826550738633
40.36842801363994,24.0651865141661
39.838241298209894,23.534999798736052
39.308054582779846,23.13735976216352
38.77786786734981,22.60717304673348
38.247681151919764,22.143259670732192
43.063543817075995,21.54679961587339
42.48917487536011,20.884066221585833
41.95898815993007,20.287606166727038
44.34482837936527,20.884066221585833
43.81464166393522,20.4864261850133
43.35072828793393,21.082886239872103
43.81464166393522,20.088786148440768
43.28445494850518,22.143259670732192
42.75426823307514,21.54679961587339
41.82644148107256,22.209533010160946
41.296254765642516,22.209533010160946
40.63352137135496,22.07698633130343
40.10333465592491,21.54679961587339
39.639421279923624,22.07698633130343
39.04296122506483,22.07698633130343
38.51277450963478,21.01661290044335
37.98258779420474,20.4864261850133
40.10333465592491,22.07698633130343
39.506874601066116,21.54679961587339
41.95898815993007,21.082886239872103
41.428801444500024,20.4864261850133
40.96488806849874,18.89586603872317
41.296254765642516,18.36567932329313
41.03116140792749,17.968039286720597
40.96488806849874,17.437852571290556
40.36842801363994,16.841392516431753
39.838241298209894,16.377479140430466
39.17550790392234,15.71474574614291
38.91041454620732,15.250832370141623
38.77786786734981,14.65437231528282
38.247681151919764,15.449652388427886
37.8058588890614,14.985739012426599
40.36842801363994,14.65437231528282
39.838241298209894,14.12418559985278
39.308054582779846,13.593998884422739
38.77786786734981,13.461452205565223
38.247681151919764,13.991638920995271
37.717494436489716,14.389278957567804
44.079735021650244,13.328905526707715
43.41700162736269,12.401078774705141
42.886814911932646,12.003438738132608
42.3566281965026,11.605798701560076
41.82644148107256,10.81051862841501
41.296254765642516,10.479151931271232
40.83234138964123,10.94306530727252
42.48917487536011,
41.95898815993007,
41.428801444500024,
40.898614729069976,
40.36842801363994,
39.838241298209894,
39.308054582779846,
38.84414120677856,
38.77786786734981,
38.31395449134852,
37.58494775763221,
37.054761042202166,
36.39202764791461,
35.86184093248457,
35.39792755648328,
34.80146750162448,
34.27128078619444,
33.74109407076439,
33.34345403419186,
34.27128078619444,
33.74109407076439,
34.40382746505195,
34.27128078619444,
33.74109407076439,
33.21090735533435,
32.68072063990431,
32.15053392447426,
31.686620548472973,
31.156433833042932,
30.55997377818413,
29.89724038389658,
29.234506989609024,
29.764693705039065,
28.83686695303649,
30.825067135899154,
30.361153759897867,
29.234506989609024,
31.48780053018671,
32.15053392447426,
31.62034720904422,
31.090160493614178,
30.55997377818413,
30.02978706275409,
31.885440566759243,
31.222707172471686,
31.885440566759243,
31.355253851329195,
30.692520457041645,
30.42742709932662,
29.89724038389658,
29.632147026181556,
29.234506989609024,
28.83686695303649,
31.355253851329195,
30.7587937964704,
30.294880420469113,
29.764693705039065,
33.21090735533435,
32.68072063990431,
32.216807263903014,
32.68072063990431,
32.01798724561675,
31.355253851329195,
31.023887154185417,
31.090160493614178,
30.55997377818413,
30.02978706275409,
29.49960034732404,
28.903140292465245,
30.294880420469113,
31.355253851329195,
30.825067135899154,
31.951713906187997,
33.47600071304937,
32.945813997619325,
32.415627282189284,
35.33165421705452,
34.80146750162448,
34.27128078619444,
33.93991408905066,
34.536374143909455,
33.47600071304937,
32.945813997619325,
32.415627282189284,
35.0665608593395,
34.4701008044807,
34.006187428479414,
33.47600071304937,
32.945813997619325,
32.415627282189284,
35.33165421705452,
34.66892082276697,
34.580556370195296,
35.86184093248457,
35.33165421705452,
36.524574326772125,
35.86184093248457,
35.19910753819701,
34.66892082276697,
35.37583644334036,
34.80146750162448,
35.596747574769545,
36.126934290199586,
36.78966768448714,
37.49658330506054,
38.291863378205605,
39.61733016678071,
39.04296122506483,
39.838241298209894,
39.308054582779846,
38.6453211884923,
38.115134473062255,
37.85004111534723,
37.4524010787747,
36.8559410239159,
36.524574326772125,
38.247681151919764,
38.77786786734981,
37.85004111534723,
38.115134473062255,
37.4524010787747,
36.92221436334465,
39.04296122506483,
38.446501170206034,
37.98258779420474,
37.4524010787747,
36.524574326772125,
40.898614729069976,
40.36842801363994,
39.838241298209894,
39.17550790392234,
38.6453211884923,
37.98258779420474,
37.4524010787747,
36.98848770277341,
36.2594809690571,
35.99438761134208,
35.464200895912036,
35.19910753819701,
34.80146750162448,
34.40382746505195,
36.126934290199586,
35.6630209141983,
37.717494436489716,
37.187307721059675,
36.72339434505839,
37.187307721059675,
36.657121005629634,
38.02677002049058,
37.4524010787747,
38.77786786734981,
38.247681151919764,
37.717494436489716,
37.187307721059675,
36.657121005629634,
36.126934290199586,
35.464200895912036,
34.93401418048199,
34.4701008044807,
35.464200895912036,
34.93401418048199,
35.464200895912036,
34.93401418048199,
34.66892082276697,
34.27128078619444,
33.60854739190688,
33.34345403419186,
35.596747574769545,
35.0665608593395,
37.717494436489716,
37.187307721059675,
36.657121005629634,
36.126934290199586,
35.596747574769545,
36.126934290199586,
35.0665608593395,
34.40382746505195,
33.873640749621906,
33.07836067647684,
32.54817396104679,
33.21090735533435,
32.68072063990431,
32.283080603331776,
33.80736741019315,
34.40382746505195,
35.11074308562534,
35.596747574769545,
35.26538087762577,
34.66892082276697,
34.40382746505195,
33.873640749621906,
33.34345403419186,
32.54817396104679,
32.283080603331776,
31.885440566759243,
31.42152719075795,
32.945813997619325,
32.283080603331776,
31.885440566759243,
31.355253851329195,
33.21090735533435,
32.68072063990431,
32.15053392447426,
31.62034720904422,
31.090160493614178,
30.626247117612884,
30.096060402182843,
30.02978706275409,
29.565873686752802,
28.83686695303649,
28.306680237606443,
27.842766861605156,
27.776493522176402,
27.776493522176402,
27.710220182747648,
27.180033467317607,
27.643946843318894,
26.583573412458804,
26.053386697028763,
25.58947332102747,
25.523199981598715,
24.860466587311166,
24.330279871881118,
23.534999798736052,
23.269906441021035,
22.739719725590987,
22.209533010160946,
19.95623946958326,
18.630772681008153,
18.23313264443562,
18.89586603872317,
18.36567932329313,
19.95623946958326,
19.42605275415322,
19.42605275415322,
18.89586603872317,
18.23313264443562,
17.769219268434327,
17.835492607863088,
17.17275921357553,
16.907665855860508,
16.510025819287975,
15.847292425000418,
15.582199067285401,
15.184559030712869,
14.521825636425312,
14.12418559985278,
14.521825636425312,
13.461452205565223,
14.521825636425312,
11.870892059275093,
11.274432004416298,
10.81051862841501,
11.340705343845052,
10.015238555269946,
9.750145197554922,
9.352505160982389,
8.954865124409856,
9.88269187641243,
