Y(hoy),Y(ayer)
12.467352114133895,8.954865124409856
13.638181110708572,9.352505160982389
13.06381216899269,10.015238555269946
14.389278957567804,10.147785234127454
14.521825636425312,9.750145197554922
14.455552296996558,9.219958482124873
14.389278957567804,8.822318445552341
13.925365581566517,8.358405069551054
13.527725544993984,7.894491693549767
13.328905526707715,7.496851656977235
12.666172132420158,6.9003916021184395
12.401078774705141,6.70157158383217
12.003438738132608,6.171384868402129
11.47325202270256,5.707471492400835
10.94306530727252,5.177284776970794
10.412878591842478,4.713371400969507
10.0815118946987,4.315731364396974
10.147785234127454,3.8518179883956876
9.485051839839898,3.3879046123944008
8.689771766694832,2.990264575821868
8.424678408979808,2.5263511998205814
8.027038372407276,2.3275311815343116
7.496851656977235,2.3275311815343116
7.032938280975948,1.929891144961772
6.70157158383217,1.4659777689604852
6.237658207830883,1.2008844112454682
5.84001817125835,0.67069769581542
5.773744831829596,0.20678431981413326
5.707471492400835,0.20678431981413326
5.6411981529720805,0.20678431981413326
4.978464758684531,0.20678431981413326
4.448278043254483,0.20678431981413326
3.6529979701094177,0.20678431981413326
3.3879046123944008,0.20678431981413326
3.5204512912519093,0.20678431981413326
3.3879046123944008,0.20678431981413326
3.1228112546793767,0.20678431981413326
2.725171218106837,0.20678431981413326
3.5204512912519093,-0.3234023956159007
2.990264575821868,-0.8535891110459488
2.5926245392493286,-0.8535891110459488
2.3275311815343116,-0.8535891110459488
2.725171218106837,-0.8535891110459488
2.3275311815343116,-0.8535891110459488
3.3879046123944008,-0.9198624504747102
3.5204512912519093,-1.5163225053335054
4.05063800668195,-1.913962541906045
4.580824722111998,-1.913962541906045
3.918091327824442,-1.450049165904744
3.454177951823155,-1.11868246876098
3.5204512912519093,-1.7814158630485224
3.0565379152506154,-1.913962541906045
2.46007786039182,-1.913962541906045
2.3275311815343116,-1.913962541906045
2.0624378238192946,-1.913962541906045
1.664797787246755,-1.913962541906045
1.3334310901029767,-1.913962541906045
1.2671577506742295,-1.913962541906045
1.2671577506742295,-1.913962541906045
1.2008844112454682,-1.913962541906045
1.1346110718167068,-1.913962541906045
0.47187767752916443,-1.5163225053335054
0.20678431981413326,-0.9861357899034573
0.20678431981413326,-1.383775826475997
0.07423764095662477,-1.913962541906045
-0.5884957533309318,-1.383775826475997
-0.8535891110459488,-0.8535891110459488
-0.8535891110459488,-0.8535891110459488
-0.8535891110459488,-0.8535891110459488
-0.8535891110459488,-0.8535891110459488
-0.8535891110459488,-0.7210424321884403
-0.8535891110459488,-0.1908557167583922
-0.8535891110459488,0.20678431981413326
-0.8535891110459488,0.2730576592428946
-0.8535891110459488,1.0020643929591984
-0.8535891110459488,0.47187767752916443
-0.8535891110459488,1.2671577506742295
-0.8535891110459488,1.7310711266755163
-0.8535891110459488,2.194984502676803
-0.8535891110459488,3.1228112546793767
-0.5884957533309318,2.5926245392493286
0.07423764095662477,2.8577178969643597
0.67069769581542,3.3879046123944008
1.1346110718167068,2.8577178969643597
1.1346110718167068,3.5204512912519093
0.47187767752916443,3.918091327824442
0.20678431981413326,5.243558116399548
0.33933099867164174,4.580824722111998
0.9136999403875308,5.972564850115859
1.2671577506742295,6.436478226117146
1.2671577506742295,7.298031638690972
1.2671577506742295,6.834118262689678
1.4659777689604852,7.828218354121013
1.9961644843905333,8.424678408979808
2.46007786039182,7.894491693549767
2.46007786039182,10.214058573556208
2.990264575821868,9.617598518697413
2.46007786039182,9.087411803267365
3.5204512912519093,11.870892059275093
3.5204512912519093,11.208158664987543
3.5204512912519093,10.677971949557495
3.5204512912519093,13.196358847850206
4.359913590682808,12.53362545356265
3.7855446489669333,14.433461183853638
4.580824722111998,13.859092242137756
4.647098061540753,15.758927972428744
5.177284776970794,15.184559030712869
5.773744831829596,17.570399250148064
6.480660452402979,17.040212534718023
6.767844923260924,16.510025819287975
6.966664941547194,18.630772681008153
8.027038372407276,18.100585965578105
7.496851656977235,19.09468605700944
8.866500671838182,19.691146111868235
8.954865124409856,19.293506075295703
8.689771766694832,20.088786148440768
8.159585051264791,20.618972863870816
7.960765032978522,21.41425293701588
7.960765032978522,22.673446386162233
8.159585051264791,22.07698633130343
8.822318445552341,24.241915419309443
9.352505160982389,23.667546477593568
10.015238555269946,23.13735976216352
10.677971949557495,26.097568923314597
11.208158664987543,25.523199981598715
10.677971949557495,24.993013266168674
10.015238555269946,26.84866677017383
12.003438738132608,27.776493522176402
11.47325202270256,27.24630680674636
10.94306530727252,30.02978706275409
10.412878591842478,29.49960034732404
12.003438738132608,28.969413631894
11.406978683273806,28.43922691646396
13.593998884422739,32.15053392447426
13.130085508421452,31.62034720904422
12.53362545356265,31.090160493614178
12.135985416990117,30.55997377818413
14.698554541568662,32.68072063990431
14.12418559985278,34.27128078619444
15.449652388427886,33.74109407076439
14.919465672997845,33.21090735533435
15.493834614713727,36.92221436334465
14.919465672997845,36.39202764791461
15.71474574614291,35.86184093248457
15.71474574614291,35.33165421705452
15.979839103857934,34.80146750162448
15.582199067285401,38.048861133633494
16.57629915871673,37.4524010787747
17.17275921357553,38.51277450963478
17.835492607863088,41.69389480221505
18.100585965578105,41.229981426213755
17.702945929005573,40.63352137135496
18.674954907293987,40.10333465592491
18.962139378151925,39.57314794049488
19.42605275415322,39.04296122506483
19.95623946958326,44.477375058222776
20.552699524442062,43.81464166393522
21.01661290044335,43.28445494850518
21.149159579300857,42.75426823307514
21.082886239872103,42.22408151764509
21.01661290044335,45.80284184679789
20.353879506155792,45.14010845251033
19.82369279072575,46.33302856222792
19.160959396438194,45.73656850736913
19.691146111868235,45.53774848908286
20.287606166727038,45.14010845251033
20.884066221585833,44.609921737080285
21.325888484444206,43.94718834279273
22.342079689018455,43.28445494850518
21.811892973588414,42.75426823307514
22.938539743877257,42.29035485707385
23.534999798736052,42.09153483878758
24.19773319302361,41.69389480221505
23.601273138164807,41.229981426213755
24.19773319302361,41.03116140792749
23.13735976216352,41.03116140792749
22.60717304673348,41.03116140792749
22.209533010160946,41.16370808678501
23.402453119878544,41.69389480221505
22.872266404448496,42.157808178216335
23.534999798736052,43.41700162736269
24.19773319302361,42.75426823307514
24.0651865141661,42.3566281965026
23.534999798736052,44.079735021650244
24.462826550738633,43.5495483062202
23.932639835308585,42.886814911932646
24.72791990845365,42.22408151764509
24.330279871881118,41.7601681416438
26.31848005474378,41.252072539356675
25.78829333931374,41.95898815993007
25.258106623883698,41.49507478392878
26.583573412458804,40.96488806849874
26.053386697028763,40.36842801363994
25.65574666045623,39.9707879770674
26.583573412458804,41.428801444500024
26.053386697028763,40.898614729069976
26.84866677017383,41.95898815993007
28.43922691646396,41.428801444500024
27.90904020103391,40.898614729069976
27.445126825032624,40.36842801363994
28.83686695303649,39.838241298209894
28.174133558748935,39.308054582779846
27.643946843318894,38.84414120677856
27.113760127888845,38.446501170206034
26.782393430745074,37.98258779420474
27.953222427319744,37.4524010787747
27.37885348560387,36.78966768448714
26.84866677017383,36.524574326772125
28.704320274178976,36.126934290199586
28.174133558748935,35.72929425362706
27.842766861605156,37.31985439991719
27.710220182747648,36.657121005629634
27.643946843318894,37.187307721059675
27.180033467317607,36.78966768448714
26.782393430745074,37.78376777591848
27.423035711889703,38.6453211884923
27.643946843318894,38.181407812491
27.643946843318894,37.98258779420474
27.113760127888845,37.51867441820345
26.716120091316313,36.98848770277341
27.643946843318894,36.39202764791461
27.180033467317607,35.86184093248457
26.981213449031337,35.19910753819701
26.583573412458804,34.536374143909455
26.583573412458804,35.33165421705452
26.119660036457518,34.93401418048199
25.65574666045623,34.84564972791032
26.053386697028763,35.6630209141983
26.583573412458804,35.19910753819701
26.583573412458804,36.2594809690571
26.053386697028763,36.126934290199586
25.65574666045623,35.6630209141983
26.583573412458804,35.19910753819701
26.053386697028763,34.80146750162448
27.180033467317607,35.6630209141983
27.643946843318894,35.19910753819701
27.180033467317607,36.17111651648543
26.782393430745074,35.86184093248457
27.423035711889703,35.33165421705452
27.643946843318894,34.80146750162448
26.981213449031337,34.40382746505195
26.716120091316313,35.33165421705452
26.716120091316313,34.93401418048199
26.64984675188756,36.2594809690571
26.583573412458804,35.72929425362706
26.053386697028763,36.126934290199586
25.523199981598715,35.464200895912036
24.860466587311166,35.19910753819701
24.59537322959614,34.80146750162448
26.583573412458804,34.40382746505195
26.053386697028763,37.231489947345516
25.523199981598715,36.657121005629634
25.125559945026183,36.126934290199586
26.583573412458804,35.596747574769545
25.920840018171248,35.19910753819701
25.390653302741207,37.187307721059675
24.860466587311166,36.78966768448714
26.362662281029614,36.39202764791461
25.78829333931374,35.92811427191332
25.258106623883698,36.19320762962835
24.72791990845365,35.72929425362706
27.113760127888845,36.657121005629634
27.643946843318894,37.51867441820345
27.180033467317607,37.054761042202166
26.583573412458804,37.98258779420474
26.053386697028763,38.51277450963478
25.390653302741207,37.916314454775986
24.860466587311166,37.85004111534723
24.0651865141661,37.85004111534723
23.800093156451076,38.31395449134852
23.402453119878544,37.85004111534723
22.938539743877257,38.6453211884923
22.342079689018455,38.048861133633494
21.811892973588414,37.916314454775986
21.281706258158366,38.51277450963478
21.01661290044335,38.115134473062255
20.353879506155792,38.91041454620732
19.691146111868235,38.51277450963478
19.160959396438194,38.048861133633494
18.498226002150638,37.916314454775986
17.835492607863088,38.6453211884923
17.17275921357553,38.115134473062255
16.57629915871673,38.91041454620732
15.979839103857934,39.04296122506483
15.648472406714156,39.705694619352386
15.71474574614291,39.17550790392234
15.184559030712869,39.838241298209894
14.521825636425312,39.44060126163736
13.925365581566517,38.976687885636075
13.527725544993984,39.37432792220861
13.328905526707715,38.91041454620732
12.666172132420158,40.898614729069976
12.401078774705141,40.43470135306869
12.401078774705141,39.838241298209894
12.33480543527638,40.36842801363994
12.268532095847625,39.9707879770674
11.738345380417584,41.229981426213755
11.340705343845052,40.76606805021247
12.268532095847625,41.82644148107256
11.738345380417584,42.09153483878758
12.268532095847625,42.29035485707385
11.738345380417584,43.35072828793393
11.274432004416298,42.75426823307514
12.135985416990117,44.411101718794015
11.47325202270256,43.81464166393522
12.577807679848483,44.94128843422406
13.328905526707715,45.27265513136784
12.864992150706428,44.676195076509046
12.798718811277674,45.14010845251033
12.401078774705141,45.53774848908286
13.395178866136469,45.53774848908286
13.461452205565223,46.46557524108544
13.461452205565223,45.9353885256554
13.328905526707715,49.11650881823566
12.864992150706428,48.58632210280561
13.328905526707715,48.05613538737557
12.401078774705141,47.52594867194553
12.864992150706428,46.99576195651548
13.328905526707715,49.779242212523215
13.461452205565223,49.6466955336657
13.527725544993984,48.98396213937815
13.925365581566517,48.718868781663126
13.461452205565223,48.58632210280561
14.389278957567804,47.923588708518054
13.925365581566517,47.260855314230504
13.527725544993984,46.79694193822922
13.527725544993984,46.06793520451291
13.925365581566517,45.53774848908286
13.461452205565223,47.52594867194553
14.389278957567804,46.99576195651548
13.925365581566517,46.46557524108544
13.527725544993984,45.9353885256554
13.461452205565223,48.4537754239481
13.527725544993984,47.989862047946815
13.925365581566517,47.791042029660545
13.461452205565223,47.32712865365926
14.455552296996558,46.81903305137213
14.588098975854066,47.52594867194553
14.985739012426599,47.06203529594424
14.521825636425312,46.33302856222792
15.449652388427886,45.670295167940374
14.985739012426599,45.20638179193909
14.588098975854066,44.69828618965196
14.786918994140336,46.33302856222792
15.449652388427886,45.670295167940374
16.046112443286688,45.14010845251033
16.510025819287975,46.598121919942955
16.244932461572958,46.200481883370415
15.71474574614291,45.670295167940374
16.64257249814549,45.20638179193909
16.112385782715442,44.54364839765153
15.71474574614291,44.34482837936527
16.244932461572958,43.81464166393522
15.71474574614291,43.35072828793393
16.775119177003,42.75426823307514
17.040212534718023,42.22408151764509
16.64257249814549,41.56134812335753
17.570399250148064,40.898614729069976
18.674954907293987,40.36842801363994
18.100585965578105,39.9707879770674
19.95623946958326,40.898614729069976
19.492326093581973,40.43470135306869
20.088786148440768,39.838241298209894
20.265515053584117,39.308054582779846
21.01661290044335,38.77786786734981
20.4864261850133,38.247681151919764
19.691146111868235,37.78376777591848
19.160959396438194,37.4524010787747
19.95623946958326,36.92221436334465
19.42605275415322,36.39202764791461
20.221332827298284,35.86184093248457
20.884066221585833,35.33165421705452
21.149159579300857,34.66892082276697
21.281706258158366,34.40382746505195
21.856075199874248,33.873640749621906
22.342079689018455,33.34345403419186
22.38626191530429,32.945813997619325
23.269906441021035,32.48190062161804
22.739719725590987,32.34935394276053
23.402453119878544,32.945813997619325
23.402453119878544,32.15053392447426
23.402453119878544,31.62034720904422
23.932639835308585,31.090160493614178
23.402453119878544,30.55997377818413
24.462826550738633,30.096060402182843
24.462826550738633,30.294880420469113
23.932639835308585,30.825067135899154
23.468726459307298,30.42742709932662
24.462826550738633,30.162333741611597
23.932639835308585,30.957613814756662
23.534999798736052,31.222707172471686
24.993013266168674,30.957613814756662
25.523199981598715,30.55997377818413
25.523199981598715,30.096060402182843
24.993013266168674,30.02978706275409
24.529099890167387,30.02978706275409
25.523199981598715,30.361153759897867
24.993013266168674,30.957613814756662
24.529099890167387,30.957613814756662
24.72791990845365,30.361153759897867
24.19773319302361,30.692520457041645
23.534999798736052,30.162333741611597
23.269906441021035,30.42742709932662
23.269906441021035,30.162333741611597
22.60717304673348,30.957613814756662
21.944439652445922,31.222707172471686
21.281706258158366,31.090160493614178
21.811892973588414,30.55997377818413
22.07698633130343,30.096060402182843
21.54679961587339,29.49960034732404
21.01661290044335,29.035686971322754
20.4864261850133,28.43922691646396
19.95623946958326,28.041586879891426
19.42605275415322,29.565873686752802
19.028412717580686,28.969413631894
19.95623946958326,31.156433833042932
19.42605275415322,30.55997377818413
20.088786148440768,30.02978706275409
19.95623946958326,31.62034720904422
19.293506075295703,32.216807263903014
18.498226002150638,32.415627282189284
18.23313264443562,32.945813997619325
17.835492607863088,32.216807263903014
17.17275921357553,31.62034720904422
16.775119177003,31.222707172471686
14.455552296996558,32.01798724561675
13.925365581566517,31.62034720904422
13.461452205565223,31.951713906187997
12.666172132420158,31.355253851329195
12.135985416990117,32.98999622390516
,32.415627282189284
,32.68072063990431
,32.283080603331776
,31.885440566759243
,31.42152719075795
,32.01798724561675
,31.355253851329195
,32.283080603331776
,32.74699397933306
,33.07836067647684
,32.48190062161804
,33.07836067647684
,33.34345403419186
,33.34345403419186
,33.47600071304937
,34.13873410733692
,34.40382746505195
,34.40382746505195
,33.873640749621906
,33.34345403419186
,32.945813997619325
,32.48190062161804
,32.283080603331776
,32.283080603331776
,32.74699397933306
,33.21090735533435
,34.13873410733692
,33.60854739190688
,34.33755412562319
,33.74109407076439
,33.34345403419186
,33.34345403419186
,33.2771806947631
,32.68072063990431
,32.283080603331776
,31.885440566759243
,31.42152719075795
,30.891340475327908
,30.42742709932662
,30.02978706275409
,30.294880420469113
,30.957613814756662
,31.090160493614178
,30.626247117612884
,30.02978706275409
,29.367053668466532
,29.764693705039065
,29.300780329037778
,28.969413631894
,28.43922691646396
,27.776493522176402
,27.24630680674636
,26.782393430745074
,26.583573412458804
,26.053386697028763
,25.523199981598715
,25.05928660559743
,24.330279871881118
,23.667546477593568
,23.203633101592274
,22.60717304673348
,22.209533010160946
,21.811892973588414
,21.21543291872961
,22.143259670732192
,21.54679961587339
,23.13735976216352
,22.60717304673348
,22.143259670732192
,21.54679961587339
,21.149159579300857
,20.751519542728325
,20.287606166727038
,19.757419451296997
,19.293506075295703
,18.89586603872317
,18.36567932329313
,17.835492607863088
,17.30530589243304
,16.244932461572958
,14.919465672997845
,14.455552296996558
,13.859092242137756
,13.196358847850206
,12.666172132420158
,12.135985416990117
,11.539525362131315
,12.268532095847625
