Y(hoy),Y(ayer)
10.147785234127454,5.773744831829596
10.147785234127454,5.707471492400835
9.617598518697413,5.3761047952570635
9.15368514269612,4.845918079827015
9.88269187641243,4.448278043254483
9.352505160982389,3.6529979701094177
9.88269187641243,3.5204512912519093
9.219958482124873,3.1228112546793767
8.954865124409856,2.5263511998205814
8.424678408979808,2.3275311815343116
7.960765032978522,2.3275311815343116
7.894491693549767,1.929891144961772
7.828218354121013,1.4659777689604852
7.761945014692259,1.2671577506742295
7.298031638690972,1.2671577506742295
6.9003916021184395,1.2671577506742295
6.767844923260924,1.0020643929591984
6.569024904974661,0.33933099867164174
6.303931547259637,0.20678431981413326
5.773744831829596,0.20678431981413326
5.177284776970794,0.20678431981413326
4.779644740398261,0.20678431981413326
5.3761047952570635,0.20678431981413326
5.6411981529720805,-0.1908557167583922
4.978464758684531,-0.654769092759679
4.580824722111998,-0.8535891110459488
4.580824722111998,-0.8535891110459488
4.1169113461107045,-0.8535891110459488
3.5204512912519093,-0.8535891110459488
3.5204512912519093,-0.8535891110459488
3.3879046123944008,-0.8535891110459488
3.1228112546793767,-0.8535891110459488
2.725171218106837,-0.8535891110459488
3.5204512912519093,-0.8535891110459488
2.990264575821868,-0.8535891110459488
2.5926245392493286,-1.2512291476184885
2.3275311815343116,-1.7151425236197753
2.3275311815343116,-1.8476892024772837
2.0624378238192946,-1.2512291476184885
1.5322511083892465,-1.648869184191014
1.399704429531738,-0.8535891110459488
1.9740733712476128,-0.8535891110459488
2.194984502676803,-0.8535891110459488
1.664797787246755,-0.8535891110459488
1.3334310901029767,-0.8535891110459488
1.2671577506742295,-0.8535891110459488
1.2671577506742295,-0.8535891110459488
1.2008844112454682,-0.8535891110459488
1.1346110718167068,-1.2512291476184885
0.47187767752916443,-1.648869184191014
0.38351322495748263,-0.9198624504747102
1.1346110718167068,-0.8535891110459488
0.7369710352441814,-0.8535891110459488
1.2671577506742295,-0.8535891110459488
1.2008844112454682,-0.8535891110459488
1.1346110718167068,-0.8535891110459488
0.67069769581542,-0.8535891110459488
0.2730576592428946,-0.8535891110459488
0.20678431981413326,-0.8535891110459488
0.20678431981413326,-0.8535891110459488
0.20678431981413326,-0.7873157716172017
0.20678431981413326,-0.1908557167583922
0.20678431981413326,-0.5884957533309318
0.20678431981413326,0.20678431981413326
0.20678431981413326,0.20678431981413326
0.20678431981413326,0.20678431981413326
0.20678431981413326,0.8695177141016899
0.20678431981413326,1.2671577506742295
0.20678431981413326,1.7310711266755163
0.20678431981413326,2.194984502676803
0.20678431981413326,3.1228112546793767
0.20678431981413326,2.5926245392493286
0.20678431981413326,3.5204512912519093
0.20678431981413326,3.5204512912519093
0.20678431981413326,3.5204512912519093
0.20678431981413326,3.918091327824442
0.20678431981413326,5.177284776970794
0.20678431981413326,4.580824722111998
0.20678431981413326,5.707471492400835
0.6486065826724996,6.70157158383217
1.1346110718167068,6.171384868402129
1.2671577506742295,5.773744831829596
1.4438866558175647,7.828218354121013
2.194984502676803,7.231758299262211
1.7310711266755163,8.424678408979808
1.929891144961772,7.894491693549767
1.399704429531738,10.280331912984963
1.4659777689604852,9.617598518697413
1.9961644843905333,9.087411803267365
2.46007786039182,11.539525362131315
2.46007786039182,10.94306530727252
2.46007786039182,12.069712077561363
3.299540159822719,13.196358847850206
2.725171218106837,12.53362545356265
3.564633517537743,14.521825636425312
4.580824722111998,13.859092242137756
4.05063800668195,15.781019085571664
4.580824722111998,15.184559030712869
4.580824722111998,16.841392516431753
4.580824722111998,16.244932461572958
4.625006948397832,17.30530589243304
5.420287021542897,18.16685930500686
4.845918079827015,17.702945929005573
5.707471492400835,18.697046020436908
6.171384868402129,19.160959396438194
6.70157158383217,19.691146111868235
6.966664941547194,20.088786148440768
7.541033883263069,20.530608411299134
7.894491693549767,22.342079689018455
7.894491693549767,21.811892973588414
8.027038372407276,21.281706258158366
8.623498427266078,24.462826550738633
9.087411803267365,23.932639835308585
8.954865124409856,23.402453119878544
8.689771766694832,22.872266404448496
8.159585051264791,27.113760127888845
7.894491693549767,26.583573412458804
7.364304978119726,26.053386697028763
6.9003916021184395,25.523199981598715
7.496851656977235,24.993013266168674
8.159585051264791,29.101960310751508
8.866500671838182,28.43922691646396
9.131594029553199,27.90904020103391
10.147785234127454,30.957613814756662
9.617598518697413,30.294880420469113
10.147785234127454,29.764693705039065
10.147785234127454,32.283080603331776
10.677971949557495,31.62034720904422
10.147785234127454,33.54227405247813
11.208158664987543,32.945813997619325
11.738345380417584,34.60264748333822
12.268532095847625,34.006187428479414
11.738345380417584,36.2594809690571
11.274432004416298,35.596747574769545
12.135985416990117,35.0665608593395
11.47325202270256,38.048861133633494
12.577807679848483,37.4524010787747
13.328905526707715,36.92221436334465
12.931265490135182,39.705694619352386
13.726545563280247,39.04296122506483
14.389278957567804,38.51277450963478
14.65437231528282,41.03116140792749
15.184559030712869,40.36842801363994
15.71474574614291,43.32863717479101
16.311205801001712,42.75426823307514
16.775119177003,42.22408151764509
16.775119177003,41.69389480221505
17.835492607863088,45.27265513136784
17.30530589243304,44.609921737080285
16.775119177003,44.079735021650244
19.028412717580686,45.670295167940374
18.36567932329313,46.33302856222792
19.73532833815407,46.53184858051419
19.95623946958326,45.9353885256554
19.42605275415322,45.40520181022535
19.028412717580686,44.94128843422406
19.95623946958326,44.34482837936527
19.492326093581973,43.81464166393522
19.42605275415322,43.35072828793393
19.028412717580686,43.085634930218916
19.95623946958326,42.62172155421762
19.558599433010727,42.22408151764509
20.4864261850133,41.7601681416438
20.088786148440768,41.252072539356675
21.01661290044335,41.95898815993007
21.679346294730898,41.56134812335753
22.342079689018455,41.428801444500024
22.938539743877257,41.03116140792749
23.402453119878544,40.50097469249745
23.402453119878544,40.10333465592491
24.462826550738633,41.73807702850088
23.932639835308585,41.16370808678501
23.402453119878544,40.63352137135496
25.523199981598715,41.428801444500024
24.993013266168674,41.03116140792749
25.523199981598715,41.82644148107256
24.993013266168674,41.56134812335753
24.529099890167387,41.16370808678501
25.390653302741207,40.50097469249745
24.72791990845365,39.705694619352386
26.053386697028763,39.44060126163736
26.583573412458804,39.04296122506483
26.84866677017383,38.51277450963478
27.445126825032624,38.048861133633494
28.041586879891426,37.31985439991719
28.704320274178976,36.78966768448714
29.8088759313249,36.39202764791461
29.234506989609024,35.86184093248457
31.090160493614178,35.39792755648328
30.55997377818413,34.80146750162448
31.686620548472973,34.40382746505195
32.15053392447426,35.92811427191332
32.48190062161804,35.33165421705452
33.07836067647684,36.524574326772125
33.47600071304937,36.98848770277341
34.536374143909455,37.4524010787747
34.006187428479414,36.92221436334465
35.33165421705452,36.458300987343364
34.80146750162448,35.86184093248457
34.27128078619444,35.39792755648328
33.80736741019315,34.93401418048199
33.34345403419186,34.536374143909455
34.27128078619444,34.07246076790817
33.74109407076439,33.54227405247813
34.80146750162448,33.07836067647684
35.33165421705452,32.68072063990431
35.00028751991075,32.283080603331776
34.580556370195296,33.2771806947631
35.90602315877041,32.81326731876182
35.33165421705452,33.07836067647684
36.524574326772125,32.48190062161804
35.86184093248457,32.01798724561675
35.19910753819701,31.62034720904422
34.536374143909455,31.222707172471686
35.596747574769545,31.28898051190044
35.13283419876826,32.54817396104679
36.657121005629634,31.885440566759243
36.126934290199586,33.07836067647684
37.231489947345516,32.48190062161804
37.054761042202166,32.01798724561675
36.657121005629634,31.48780053018671
36.657121005629634,31.222707172471686
36.72339434505839,31.885440566759243
37.25358106048843,32.283080603331776
37.717494436489716,33.01208733704808
37.717494436489716,32.54817396104679
37.717494436489716,33.54227405247813
38.38022783077727,34.006187428479414
37.85004111534723,34.40382746505195
39.04296122506483,34.40382746505195
39.61733016678071,34.006187428479414
39.838241298209894,33.54227405247813
39.17550790392234,34.006187428479414
38.91041454620732,33.60854739190688
38.38022783077727,34.40382746505195
37.85004111534723,34.40382746505195
38.247681151919764,34.40382746505195
38.77786786734981,34.40382746505195
38.115134473062255,34.867740841053234
37.4524010787747,35.39792755648328
36.78966768448714,35.86184093248457
36.19320762962835,36.524574326772125
35.596747574769545,36.657121005629634
36.126934290199586,36.657121005629634
36.524574326772125,36.657121005629634
35.86184093248457,36.657121005629634
36.39202764791461,36.78966768448714
35.86184093248457,37.4524010787747
36.39202764791461,37.054761042202166
35.72929425362706,36.92221436334465
35.464200895912036,38.115134473062255
35.0665608593395,37.4524010787747
34.536374143909455,38.84414120677856
34.006187428479414,38.77786786734981
33.34345403419186,38.115134473062255
33.07836067647684,37.4524010787747
32.68072063990431,36.92221436334465
32.01798724561675,38.51277450963478
31.355253851329195,37.98258779420474
30.825067135899154,37.58494775763221
30.294880420469113,37.916314454775986
29.764693705039065,38.822050093635646
29.234506989609024,38.247681151919764
28.704320274178976,37.85004111534723
28.174133558748935,40.6777035976408
27.776493522176402,40.10333465592491
27.643946843318894,39.57314794049488
27.113760127888845,40.36842801363994
26.583573412458804,39.90451463763865
26.119660036457518,39.57314794049488
25.523199981598715,39.10923456449358
24.860466587311166,40.10333465592491
24.59537322959614,42.79845045936097
24.19773319302361,42.22408151764509
23.534999798736052,41.69389480221505
22.872266404448496,41.16370808678501
22.209533010160946,40.63352137135496
21.613072955302144,42.3566281965026
21.01661290044335,42.29035485707385
20.4864261850133,42.79845045936097
20.088786148440768,42.48917487536011
21.01661290044335,41.95898815993007
20.4864261850133,41.428801444500024
20.15505948786953,41.03116140792749
19.691146111868235,43.15190826964766
19.160959396438194,42.48917487536011
18.829592699294416,42.09153483878758
18.89586603872317,43.35072828793393
18.23313264443562,43.81464166393522
17.570399250148064,44.411101718794015
17.040212534718023,43.94718834279273
17.835492607863088,43.48327496679144
17.30530589243304,44.411101718794015
17.30530589243304,43.94718834279273
16.775119177003,44.87501509479531
17.835492607863088,46.06793520451291
17.437852571290556,45.40520181022535
17.835492607863088,47.260855314230504
17.371579231861794,46.73066859880046
16.841392516431753,47.791042029660545
17.30530589243304,48.58632210280561
17.968039286720597,48.188682066233085
18.674954907293987,48.1003176136614
19.470234980439052,48.4537754239481
20.79570176901416,47.85731536908931
20.221332827298284,47.39340199308802
22.07698633130343,46.99576195651548
21.54679961587339,47.59222201137428
23.181541988449354,46.598121919942955
22.60717304673348,48.58632210280561
23.468726459307298,48.05613538737557
23.99891317473734,47.39340199308802
24.462826550738633,46.6643952593717
24.462826550738633,46.73066859880046
24.462826550738633,47.260855314230504
23.932639835308585,47.65849535080304
23.269906441021035,47.260855314230504
22.60717304673348,46.73066859880046
23.13735976216352,46.266755222799176
22.540899707304725,45.670295167940374
22.60717304673348,45.20638179193909
21.944439652445922,44.69828618965196
21.41425293701588,46.200481883370415
21.149159579300857,45.60402182851162
22.342079689018455,45.14010845251033
21.811892973588414,45.40520181022535
22.872266404448496,44.87501509479531
23.269906441021035,44.477375058222776
22.540899707304725,44.079735021650244
22.07698633130343,43.61582164564895
21.41425293701588,43.81464166393522
23.181541988449354,43.41700162736269
22.60717304673348,43.28445494850518
22.07698633130343,42.75426823307514
21.54679961587339,42.22408151764509
23.402453119878544,41.69389480221505
22.872266404448496,41.16370808678501
22.474626367875963,42.02526149935882
23.13735976216352,41.56134812335753
23.13735976216352,42.09153483878758
22.474626367875963,41.69389480221505
24.462826550738633,41.097434747356246
23.932639835308585,40.898614729069976
23.468726459307298,40.23588133478243
23.00481308330601,39.57314794049488
23.932639835308585,39.04296122506483
23.402453119878544,38.6453211884923
24.462826550738633,37.98258779420474
24.0651865141661,37.31985439991719
24.462826550738633,36.72339434505839
23.99891317473734,36.98848770277341
23.468726459307298,37.4524010787747
23.99891317473734,36.92221436334465
24.462826550738633,36.458300987343364
24.462826550738633,35.72929425362706
24.993013266168674,35.464200895912036
24.59537322959614,35.0665608593395
25.523199981598715,34.60264748333822
25.78829333931374,34.13873410733692
26.362662281029614,33.74109407076439
26.716120091316313,34.33755412562319
26.716120091316313,33.34345403419186
26.716120091316313,35.39792755648328
26.716120091316313,34.80146750162448
26.64984675188756,35.19910753819701
26.583573412458804,34.536374143909455
26.119660036457518,33.873640749621906
25.722019999884985,33.34345403419186
26.362662281029614,33.21090735533435
26.64984675188756,32.74699397933306
27.113760127888845,32.34935394276053
27.643946843318894,33.60854739190688
27.180033467317607,32.945813997619325
26.782393430745074,34.33755412562319
27.423035711889703,34.536374143909455
27.643946843318894,35.33165421705452
26.981213449031337,34.93401418048199
26.716120091316313,34.80146750162448
26.583573412458804,34.40382746505195
26.053386697028763,34.006187428479414
25.390653302741207,33.54227405247813
24.72791990845365,33.01208733704808
25.258106623883698,32.48190062161804
24.462826550738633,33.01208733704808
26.583573412458804,34.006187428479414
26.053386697028763,33.47600071304937
26.31848005474378,34.40382746505195
25.78829333931374,34.40382746505195
25.65574666045623,34.867740841053234
25.65574666045623,36.39202764791461
25.58947332102747,35.86184093248457
25.523199981598715,35.33165421705452
24.993013266168674,36.657121005629634
24.462826550738633,36.72339434505839
23.932639835308585,37.187307721059675
23.468726459307298,37.717494436489716
24.993013266168674,38.6453211884923
24.529099890167387,38.115134473062255
25.390653302741207,38.91041454620732
24.72791990845365,38.51277450963478
24.0651865141661,38.02677002049058
23.468726459307298,38.84414120677856
23.402453119878544,38.77786786734981
22.739719725590987,38.247681151919764
22.2758063495897,37.85004111534723
22.209533010160946,38.51277450963478
21.944439652445922,38.048861133633494
21.41425293701588,37.58494775763221
21.149159579300857,37.187307721059675
21.01661290044335,36.72339434505839
20.4864261850133,36.78966768448714
19.82369279072575,38.115134473062255
19.22723273586695,37.4524010787747
18.89586603872317,38.6453211884923
18.431952662721883,38.048861133633494
17.901765947291842,38.55695673592062
17.835492607863088,38.115134473062255
17.702945929005573,38.247681151919764
17.437852571290556,37.85004111534723
16.907665855860508,37.98258779420474
16.775119177003,38.51277450963478
16.775119177003,37.98258779420474
16.112385782715442,37.4524010787747
15.71474574614291,36.92221436334465
15.758927972428744,37.4524010787747
16.775119177003,36.98848770277341
16.244932461572958,36.2594809690571
16.775119177003,35.596747574769545
16.112385782715442,35.0665608593395
15.847292425000418,34.536374143909455
15.317105709570377,35.19910753819701
14.720645654711582,34.84564972791032
14.12418559985278,35.72929425362706
13.461452205565223,36.524574326772125
12.798718811277674,36.524574326772125
12.33480543527638,36.126934290199586
12.268532095847625,35.6630209141983
11.738345380417584,35.19910753819701
11.340705343845052,34.80146750162448
12.268532095847625,34.27128078619444
11.738345380417584,33.80736741019315
11.738345380417584,33.47600071304937
11.274432004416298,34.13873410733692
11.208158664987543,34.006187428479414
,33.54227405247813
,33.07836067647684
,32.68072063990431
,32.216807263903014
,31.885440566759243
,31.355253851329195
,30.692520457041645
,30.096060402182843
,30.02978706275409
,30.02978706275409
,29.89724038389658
,29.49960034732404
,28.969413631894
,28.306680237606443
,27.511400164461378
,26.981213449031337
,26.583573412458804
,26.053386697028763
,25.58947332102747
,24.993013266168674
,24.59537322959614
,24.330279871881118
,23.800093156451076
,23.402453119878544
,22.739719725590987
,22.07698633130343
,21.41425293701588
,20.884066221585833
,20.4864261850133
,20.022512809012014
,19.42605275415322
,18.763319359865662
,18.03431262614935
,18.16685930500686
,18.630772681008153
,19.160959396438194
,20.022512809012014
,19.558599433010727
,20.552699524442062
,20.884066221585833
,20.221332827298284
,19.691146111868235
,19.028412717580686
,18.763319359865662
,18.36567932329313
,17.835492607863088
,17.30530589243304
,16.841392516431753
,16.311205801001712
,15.847292425000418
,15.449652388427886
,14.985739012426599
,14.521825636425312
,14.455552296996558
,13.859092242137756
,13.461452205565223
,13.461452205565223
,13.461452205565223
