Y(hoy),Y(ayer)
7.894491693549767,5.773744831829596
7.761945014692259,5.773744831829596
7.231758299262211,5.773744831829596
6.767844923260924,5.773744831829596
6.569024904974661,5.773744831829596
6.171384868402129,5.3761047952570635
6.038838189544613,4.91219141925577
6.480660452402979,4.713371400969507
5.906291510687105,4.183184685539466
6.70157158383217,3.5867246306806635
6.038838189544613,3.3879046123944008
5.773744831829596,2.7914445575355984
5.3761047952570635,2.3938045209630587
4.845918079827015,2.3275311815343116
4.514551382683237,2.3275311815343116
4.580824722111998,1.7973444661042635
4.580824722111998,1.399704429531738
3.918091327824442,2.0624378238192946
3.5204512912519093,1.929891144961772
3.5204512912519093,1.5322511083892465
2.990264575821868,1.1346110718167068
3.0565379152506154,0.67069769581542
2.5926245392493286,0.20678431981413326
3.5204512912519093,0.6044243563866729
3.3879046123944008,1.0020643929591984
3.1228112546793767,0.4056043381004031
2.5926245392493286,0.20678431981413326
2.46007786039182,0.20678431981413326
2.3275311815343116,0.20678431981413326
2.0624378238192946,-0.05830903790088371
1.664797787246755,-0.654769092759679
1.3334310901029767,-0.1908557167583922
1.2671577506742295,0.20678431981413326
1.2008844112454682,-0.1908557167583922
1.1346110718167068,-0.654769092759679
0.6044243563866729,-0.8535891110459488
1.1346110718167068,-0.8535891110459488
0.6044243563866729,-0.8535891110459488
1.2671577506742295,-0.8535891110459488
1.2671577506742295,-0.8535891110459488
1.1346110718167068,-0.8535891110459488
0.47187767752916443,-0.8535891110459488
0.20678431981413326,-0.8535891110459488
0.20678431981413326,-0.8535891110459488
0.20678431981413326,-0.8535891110459488
0.20678431981413326,-0.8535891110459488
0.20678431981413326,-0.8535891110459488
0.20678431981413326,-0.8535891110459488
0.20678431981413326,-0.8535891110459488
0.20678431981413326,-0.8535891110459488
0.33933099867164174,-0.8535891110459488
0.9136999403875308,-0.8535891110459488
1.1346110718167068,-0.8535891110459488
0.47187767752916443,-0.8535891110459488
0.20678431981413326,-0.5884957533309318
0.20678431981413326,-0.12458237732964506
0.20678431981413326,-0.7873157716172017
0.20678431981413326,-0.8535891110459488
0.20678431981413326,-0.8535891110459488
0.20678431981413326,-0.8535891110459488
0.14051098038538612,-0.45594907447342337
0.07423764095662477,0.07423764095662477
-0.45594907447342337,0.07423764095662477
0.20678431981413326,-0.45594907447342337
0.20678431981413326,-0.8535891110459488
0.2730576592428946,0.14051098038538612
0.67069769581542,-0.3234023956159007
0.20678431981413326,0.20678431981413326
1.1346110718167068,0.20678431981413326
0.6044243563866729,0.20678431981413326
1.1346110718167068,0.6044243563866729
0.6044243563866729,1.2008844112454682
1.2671577506742295,1.399704429531738
1.1346110718167068,1.929891144961772
0.6044243563866729,2.3938045209630587
0.5381510169579116,3.1228112546793767
1.1346110718167068,2.5926245392493286
0.6044243563866729,3.6529979701094177
1.3334310901029767,4.05063800668195
1.5985244478179936,4.91219141925577
2.194984502676803,5.3761047952570635
2.7914445575355984,6.171384868402129
3.3879046123944008,5.773744831829596
3.5867246306806635,7.496851656977235
4.1169113461107045,6.966664941547194
4.580824722111998,6.569024904974661
4.647098061540753,8.2921317301223
4.978464758684531,7.894491693549767
5.442378134685818,8.822318445552341
6.038838189544613,10.147785234127454
6.70157158383217,9.750145197554922
7.761945014692259,11.208158664987543
7.231758299262211,11.738345380417584
8.954865124409856,11.340705343845052
8.2921317301223,12.798718811277674
11.67207204098883,12.268532095847625
12.268532095847625,14.65437231528282
13.328905526707715,14.12418559985278
12.798718811277674,13.593998884422739
14.65437231528282,16.510025819287975
14.12418559985278,15.979839103857934
16.907665855860508,16.907665855860508
27.113760127888845,18.100585965578105
29.234506989609024,17.702945929005573
28.704320274178976,19.82369279072575
30.294880420469113,20.353879506155792
29.764693705039065,20.884066221585833
31.355253851329195,22.60717304673348
30.957613814756662,22.209533010160946
34.66892082276697,24.72791990845365
36.43620987420045,24.19773319302361
35.86184093248457,28.174133558748935
35.33165421705452,27.643946843318894
37.717494436489716,27.113760127888845
37.187307721059675,26.583573412458804
39.57314794049488,26.185933375886272
39.04296122506483,29.764693705039065
38.51277450963478,29.234506989609024
41.16370808678501,28.83686695303649
40.63352137135496,30.825067135899154
40.10333465592491,30.294880420469113
43.28445494850518,31.48780053018671
43.28445494850518,32.01798724561675
42.9530882513614,33.21090735533435
42.3566281965026,32.81326731876182
42.09153483878758,35.33165421705452
41.69389480221505,34.80146750162448
41.16370808678501,34.13873410733692
40.63352137135496,37.98258779420474
40.10333465592491,37.4524010787747
40.23588133478243,36.92221436334465
41.03116140792749,36.39202764791461
38.38022783077727,35.86184093248457
38.115134473062255,39.04296122506483
37.717494436489716,38.51277450963478
37.187307721059675,39.57314794049488
36.72339434505839,41.95898815993007
39.04296122506483,41.428801444500024
38.57904784906354,40.898614729069976
37.98258779420474,40.50097469249745
37.58494775763221,44.21228170050775
40.14751688221075,43.5495483062202
39.57314794049488,43.019361590790155
41.428801444500024,44.477375058222776
40.898614729069976,44.676195076509046
43.019361590790155,45.18429067879617
42.3566281965026,44.87501509479531
41.69389480221505,44.21228170050775
43.019361590790155,43.5495483062202
42.22408151764509,43.019361590790155
41.16370808678501,42.3566281965026
39.705694619352386,41.69389480221505
39.17550790392234,41.296254765642516
38.91041454620732,40.10333465592491
39.9707879770674,38.91041454620732
39.308054582779846,40.36842801363994
40.6777035976408,39.838241298209894
40.96488806849874,39.308054582779846
40.898614729069976,38.91041454620732
40.23588133478243,42.02526149935882
39.9707879770674,41.428801444500024
39.57314794049488,40.898614729069976
39.04296122506483,42.09153483878758
38.38022783077727,41.69389480221505
37.98258779420474,40.898614729069976
38.51277450963478,40.36842801363994
37.98258779420474,40.898614729069976
39.17550790392234,40.50097469249745
39.838241298209894,41.49507478392878
39.17550790392234,41.82644148107256
38.91041454620732,41.16370808678501
38.51277450963478,40.63352137135496
37.98258779420474,39.9707879770674
37.540765531346366,39.705694619352386
37.717494436489716,39.308054582779846
37.187307721059675,38.91041454620732
36.524574326772125,38.77786786734981
36.2594809690571,38.31395449134852
35.86184093248457,37.85004111534723
35.19910753819701,37.4524010787747
34.93401418048199,36.96639658963049
34.536374143909455,37.717494436489716
34.006187428479414,37.4524010787747
33.54227405247813,36.92221436334465
34.40382746505195,36.2594809690571
33.74109407076439,35.99438761134208
35.596747574769545,35.596747574769545
35.0665608593395,35.0665608593395
36.524574326772125,34.536374143909455
35.99438761134208,34.006187428479414
35.33165421705452,33.54227405247813
34.80146750162448,33.34345403419186
34.27128078619444,33.07836067647684
33.74109407076439,32.415627282189284
33.2771806947631,32.283080603331776
32.54817396104679,32.283080603331776
32.283080603331776,31.885440566759243
32.45980950847512,31.42152719075795
33.21090735533435,30.891340475327908
32.68072063990431,30.22860708104035
32.01798724561675,30.02978706275409
31.48780053018671,29.89724038389658
30.825067135899154,29.49960034732404
30.42742709932662,28.969413631894
30.957613814756662,28.43922691646396
30.42742709932662,27.90904020103391
30.294880420469113,27.24630680674636
29.632147026181556,26.716120091316313
29.035686971322754,26.185933375886272
29.49960034732404,25.78829333931374
30.073969289039923,28.770593613607737
30.825067135899154,28.174133558748935
30.22860708104035,27.643946843318894
30.825067135899154,27.113760127888845
29.764693705039065,28.83686695303649
29.367053668466532,29.101960310751508
30.55997377818413,29.632147026181556
31.090160493614178,29.963513723325335
31.090160493614178,29.89724038389658
30.55997377818413,29.234506989609024
30.162333741611597,28.83686695303649
28.041586879891426,28.174133558748935
29.764693705039065,29.234506989609024
29.234506989609024,28.83686695303649
30.825067135899154,29.764693705039065
30.22860708104035,29.234506989609024
28.041586879891426,29.89724038389658
30.294880420469113,34.006187428479414
29.89724038389658,33.47600071304937
28.83686695303649,32.945813997619325
32.15053392447426,32.415627282189284
31.62034720904422,31.885440566759243
31.222707172471686,31.48780053018671
32.15053392447426,35.33165421705452
31.62034720904422,34.80146750162448
32.084260585045506,34.27128078619444
31.222707172471686,33.74109407076439
32.15053392447426,33.21090735533435
31.62034720904422,32.68072063990431
31.222707172471686,32.283080603331776
30.957613814756662,31.222707172471686
32.54817396104679,31.752893887901728
33.21090735533435,31.222707172471686
33.25508958162019,32.54817396104679
32.68072063990431,34.536374143909455
32.283080603331776,33.93991408905066
34.536374143909455,33.47600071304937
34.006187428479414,32.945813997619325
35.0665608593395,35.33165421705452
35.33165421705452,34.536374143909455
34.80146750162448,34.006187428479414
34.27128078619444,33.47600071304937
33.74109407076439,32.945813997619325
33.21090735533435,32.54817396104679
32.68072063990431,32.01798724561675
32.283080603331776,31.222707172471686
34.27128078619444,31.355253851329195
33.74109407076439,32.01798724561675
33.21090735533435,31.222707172471686
32.68072063990431,31.752893887901728
32.54817396104679,32.945813997619325
33.01208733704808,32.54817396104679
32.415627282189284,34.27128078619444
34.050369654765255,33.74109407076439
33.47600071304937,33.2771806947631
35.33165421705452,32.68072063990431
34.80146750162448,30.825067135899154
35.0665608593395,30.294880420469113
34.536374143909455,29.764693705039065
35.72929425362706,29.234506989609024
35.0665608593395,31.355253851329195
36.39202764791461,34.33755412562319
35.596747574769545,33.74109407076439
36.39202764791461,33.34345403419186
34.80146750162448,34.27128078619444
34.40382746505195,33.74109407076439
35.596747574769545,32.68072063990431
34.006187428479414,32.15053392447426
33.60854739190688,31.62034720904422
37.717494436489716,31.222707172471686
37.25358106048843,31.885440566759243
36.657121005629634,31.28898051190044
36.126934290199586,31.222707172471686
35.0665608593395,32.68072063990431
34.66892082276697,32.15053392447426
37.717494436489716,31.62034720904422
37.98258779420474,31.222707172471686
37.58494775763221,34.27128078619444
38.51277450963478,33.74109407076439
38.38022783077727,33.21090735533435
37.916314454775986,33.21090735533435
38.77786786734981,32.68072063990431
38.247681151919764,31.752893887901728
37.85004111534723,31.355253851329195
44.609921737080285,33.07836067647684
46.46557524108544,32.415627282189284
45.9353885256554,31.885440566759243
45.40520181022535,33.34345403419186
44.477375058222776,33.47600071304937
44.34482837936527,34.050369654765255
43.68209498507771,33.07836067647684
43.41700162736269,32.54817396104679
43.019361590790155,34.006187428479414
42.48917487536011,33.47600071304937
42.09153483878758,33.07836067647684
41.428801444500024,34.4701008044807
41.03116140792749,35.19910753819701
42.75426823307514,34.66892082276697
44.34482837936527,35.464200895912036
43.81464166393522,35.92811427191332
43.41700162736269,36.39202764791461
43.68209498507771,36.92221436334465
43.019361590790155,37.4524010787747
42.55544821478887,37.010578815916325
42.09153483878758,40.898614729069976
44.079735021650244,40.36842801363994
43.41700162736269,39.838241298209894
42.75426823307514,39.308054582779846
41.95898815993007,43.5495483062202
41.296254765642516,43.019361590790155
41.03116140792749,44.87501509479531
40.96488806849874,44.477375058222776
40.36842801363994,45.27265513136784
39.9707879770674,44.74246841593779
41.428801444500024,43.68209498507771
40.898614729069976,42.886814911932646
42.22408151764509,42.22408151764509
41.69389480221505,41.56134812335753
41.20789031307084,40.76606805021247
41.95898815993007,40.19169910849659
41.428801444500024,40.898614729069976
40.898614729069976,42.75426823307514
40.36842801363994,42.22408151764509
39.838241298209894,41.69389480221505
39.308054582779846,43.15190826964766
38.77786786734981,42.22408151764509
38.247681151919764,41.56134812335753
37.717494436489716,41.03116140792749
37.187307721059675,40.898614729069976
36.524574326772125,40.36842801363994
35.99438761134208,39.90451463763865
35.596747574769545,39.308054582779846
36.657121005629634,38.91041454620732
35.99438761134208,40.10333465592491
35.53047423534079,39.705694619352386
35.464200895912036,40.50097469249745
34.93401418048199,41.95898815993007
34.27128078619444,41.428801444500024
33.74109407076439,44.079735021650244
33.07836067647684,43.5495483062202
32.81326731876182,43.019361590790155
32.283080603331776,42.62172155421762
31.62034720904422,41.69389480221505
31.222707172471686,41.16370808678501
31.090160493614178,40.63352137135496
31.090160493614178,40.10333465592491
30.957613814756662,39.57314794049488
30.55997377818413,39.04296122506483
30.02978706275409,38.6453211884923
29.49960034732404,38.115134473062255
29.035686971322754,37.717494436489716
29.013595858179833,37.187307721059675
29.764693705039065,36.657121005629634
30.55997377818413,36.126934290199586
30.162333741611597,35.33165421705452
32.084260585045506,34.80146750162448
31.62034720904422,34.27128078619444
31.156433833042932,33.74109407076439
31.885440566759243,33.21090735533435
31.42152719075795,32.74699397933306
31.62034720904422,32.283080603331776
31.222707172471686,33.2771806947631
32.415627282189284,32.81326731876182
33.21090735533435,33.80736741019315
32.81326731876182,34.13873410733692
33.21090735533435,33.47600071304937
32.68072063990431,32.81326731876182
32.283080603331776,32.283080603331776
35.33165421705452,32.15053392447426
34.80146750162448,31.48780053018671
34.27128078619444,31.222707172471686
33.74109407076439,30.825067135899154
34.006187428479414,30.162333741611597
33.47600071304937,30.096060402182843
35.33165421705452,30.55997377818413
34.80146750162448,31.62034720904422
34.40382746505195,31.090160493614178
32.945813997619325,32.74699397933306
32.415627282189284,32.15053392447426
33.47600071304937,33.21090735533435
32.945813997619325,32.68072063990431
32.54817396104679,32.216807263903014
34.536374143909455,31.62034720904422
34.006187428479414,31.222707172471686
35.33165421705452,29.764693705039065
34.80146750162448,29.234506989609024
34.13873410733692,30.825067135899154
33.873640749621906,31.222707172471686
33.47600071304937,30.692520457041645
33.74109407076439,30.162333741611597
33.34345403419186,30.55997377818413
34.27128078619444,31.885440566759243
34.84564972791032,31.48780053018671
34.40382746505195,32.283080603331776
36.126934290199586,33.07836067647684
35.6630209141983,32.54817396104679
36.657121005629634,32.68072063990431
36.325754308485855,32.283080603331776
35.72929425362706,31.752893887901728
35.464200895912036,31.222707172471686
34.93401418048199,34.536374143909455
34.40382746505195,34.006187428479414
34.13873410733692,33.47600071304937
33.74109407076439,32.945813997619325
33.34345403419186,32.54817396104679
35.596747574769545,31.885440566759243
35.13283419876826,35.596747574769545
34.536374143909455,35.0665608593395
36.657121005629634,36.39202764791461
36.06066095077084,35.92811427191332
35.72929425362706,35.464200895912036
34.536374143909455,33.74109407076439
35.0665608593395,33.21090735533435
37.85004111534723,32.68072063990431
36.126934290199586,32.283080603331776
35.72929425362706,33.47600071304937
36.39202764791461,33.07836067647684
35.64092980105538,36.657121005629634
36.39202764791461,36.06066095077084
35.99438761134208,35.596747574769545
36.126934290199586,35.0665608593395
35.596747574769545,34.66892082276697
36.126934290199586,34.006187428479414
35.6630209141983,37.4524010787747
37.187307721059675,36.39202764791461
36.657121005629634,35.86184093248457
37.717494436489716,35.33165421705452
37.717494436489716,34.80146750162448
37.25358106048843,34.27128078619444
36.78966768448714,33.74109407076439
37.31985439991719,36.657121005629634
37.98258779420474,36.126934290199586
38.51277450963478,35.596747574769545
37.717494436489716,35.0665608593395
38.6453211884923,34.66892082276697
36.98848770277341,37.78376777591848
36.524574326772125,37.187307721059675
35.464200895912036,38.6453211884923
38.51277450963478,38.115134473062255
37.85004111534723,37.4524010787747
38.51277450963478,36.92221436334465
37.98258779420474,36.458300987343364
37.4524010787747,35.92811427191332
36.92221436334465,36.458300987343364
35.33165421705452,36.657121005629634
34.80146750162448,36.72339434505839
34.27128078619444,37.49658330506054
33.74109407076439,36.92221436334465
33.2771806947631,39.308054582779846
32.68072063990431,38.77786786734981
32.283080603331776,38.247681151919764
33.21090735533435,39.838241298209894
33.80736741019315,39.308054582779846
34.40382746505195,38.84414120677856
35.0665608593395,38.247681151919764
35.464200895912036,37.58494775763221
35.86184093248457,36.78966768448714
36.39202764791461,36.524574326772125
35.99438761134208,35.86184093248457
35.464200895912036,35.33165421705452
35.0665608593395,34.867740841053234
34.536374143909455,34.40382746505195
34.07246076790817,35.19910753819701
33.47600071304937,36.126934290199586
34.13873410733692,35.72929425362706
34.40382746505195,37.4524010787747
34.536374143909455,36.98848770277341
35.0665608593395,36.39202764791461
35.33165421705452,35.86184093248457
34.80146750162448,35.464200895912036
34.27128078619444,35.0665608593395
33.60854739190688,34.536374143909455
33.07836067647684,34.006187428479414
32.415627282189284,33.54227405247813
32.01798724561675,34.006187428479414
31.156433833042932,34.40382746505195
31.664529435330053,34.006187428479414
32.15053392447426,33.54227405247813
31.48780053018671,34.07246076790817
30.891340475327908,34.536374143909455
30.294880420469113,35.39792755648328
31.090160493614178,34.93401418048199
30.55997377818413,35.86184093248457
30.096060402182843,36.39202764791461
29.367053668466532,36.657121005629634
28.83686695303649,36.39202764791461
28.571773595321467,35.92811427191332
28.174133558748935,37.4524010787747
27.643946843318894,37.054761042202166
26.981213449031337,36.78966768448714
26.716120091316313,36.2594809690571
26.583573412458804,35.596747574769545
25.920840018171248,34.93401418048199
25.65574666045623,34.536374143909455
25.125559945026183,35.39792755648328
24.860466587311166,34.93401418048199
24.330279871881118,36.126934290199586
23.800093156451076,36.657121005629634
23.402453119878544,37.4524010787747
24.462826550738633,37.054761042202166
23.932639835308585,36.657121005629634
23.468726459307298,36.126934290199586
22.739719725590987,35.464200895912036
22.209533010160946,35.464200895912036
21.54679961587339,35.0665608593395
21.01661290044335,34.13873410733692
20.552699524442062,33.74109407076439
19.95623946958326,33.21090735533435
19.293506075295703,32.74699397933306
19.028412717580686,32.283080603331776
21.01661290044335,31.885440566759243
20.4864261850133,31.42152719075795
19.95623946958326,31.752893887901728
19.42605275415322,32.216807263903014
20.221332827298284,31.885440566759243
19.691146111868235,31.355253851329195
19.160959396438194,30.891340475327908
21.01661290044335,30.294880420469113
20.4864261850133,29.632147026181556
19.95623946958326,28.969413631894
19.492326093581973,28.43922691646396
18.89586603872317,27.975313540462672
18.498226002150638,27.445126825032624
18.100585965578105,26.981213449031337
17.570399250148064,26.583573412458804
16.907665855860508,26.053386697028763
16.311205801001712,25.523199981598715
15.71474574614291,24.860466587311166
15.184559030712869,24.59537322959614
14.65437231528282,24.19773319302361
16.244932461572958,23.667546477593568
15.781019085571664,23.13735976216352
15.184559030712869,22.474626367875963
16.64257249814549,22.209533010160946
15.847292425000418,22.07698633130343
15.582199067285401,21.41425293701588
15.184559030712869,21.149159579300857
14.65437231528282,20.751519542728325
14.12418559985278,20.221332827298284
13.593998884422739,19.558599433010727
13.107994395278524,19.160959396438194
12.666172132420158,19.028412717580686
13.196358847850206,18.498226002150638
12.666172132420158,17.702945929005573
14.389278957567804,17.17275921357553
13.859092242137756,16.775119177003
13.328905526707715,16.112385782715442
12.798718811277674,15.847292425000418
12.401078774705141,16.510025819287975
,16.112385782715442
,17.437852571290556
,16.907665855860508
,17.570399250148064
,17.17275921357553
,16.775119177003
,16.244932461572958
,15.781019085571664
,15.184559030712869
,14.720645654711582
,14.12418559985278
,13.461452205565223
,12.931265490135182
,12.666172132420158
,13.395178866136469
,13.328905526707715
,12.666172132420158
,12.003438738132608
,11.47325202270256
,11.009338646701273
,10.479151931271232
,10.94306530727252
,10.545425270699987
