Y(hoy),Y(ayer)
6.834118262689678,7.761945014692259
7.629398335834743,7.231758299262211
7.099211620404702,6.834118262689678
7.761945014692259,6.834118262689678
7.3201227518338925,6.834118262689678
7.099211620404702,6.436478226117146
6.70157158383217,5.84001817125835
6.171384868402129,5.6411981529720805
6.70157158383217,4.91219141925577
6.171384868402129,5.442378134685818
6.171384868402129,4.91219141925577
5.574924813543326,4.382004703825729
5.707471492400835,3.719271309538172
5.508651474114572,3.5204512912519093
5.243558116399548,3.3879046123944008
4.713371400969507,2.8577178969643597
4.05063800668195,2.194984502676803
3.5204512912519093,1.664797787246755
2.3275311815343116,1.2671577506742295
1.7310711266755163,1.2008844112454682
1.5322511083892465,0.8695177141016899
1.2671577506742295,0.33933099867164174
1.2671577506742295,0.20678431981413326
1.2671577506742295,0.20678431981413326
1.1346110718167068,0.20678431981413326
0.5381510169579116,0.20678431981413326
0.20678431981413326,0.20678431981413326
0.14051098038538612,0.20678431981413326
-0.05830903790088371,0.20678431981413326
-0.45594907447342337,0.20678431981413326
-0.5884957533309318,-0.3234023956159007
-0.8535891110459488,-0.8535891110459488
-0.8535891110459488,-0.8535891110459488
-0.5884957533309318,-0.8535891110459488
-0.1466734904725655,-0.8535891110459488
0.20678431981413326,-0.8535891110459488
1.5322511083892465,-0.8535891110459488
2.8577178969643597,-0.8535891110459488
3.3879046123944008,-0.8535891110459488
3.6529979701094177,-0.8535891110459488
7.496851656977235,-0.8535891110459488
8.689771766694832,-0.8535891110459488
8.159585051264791,-0.8535891110459488
9.352505160982389,-0.8535891110459488
10.147785234127454,-0.8535891110459488
9.750145197554922,-1.648869184191014
15.052012351855353,-1.2512291476184885
14.389278957567804,-1.648869184191014
15.781019085571664,-0.8535891110459488
16.311205801001712,-0.8535891110459488
16.907665855860508,-0.8535891110459488
14.65437231528282,-0.8535891110459488
14.190458939281534,-0.8535891110459488
13.593998884422739,-0.8535891110459488
14.190458939281534,-0.8535891110459488
14.786918994140336,-0.8535891110459488
15.449652388427886,-0.8535891110459488
16.112385782715442,-0.45594907447342337
16.775119177003,0.20678431981413326
17.30530589243304,0.20678431981413326
18.36567932329313,0.20678431981413326
17.835492607863088,0.7369710352441814
19.558599433010727,1.2671577506742295
19.028412717580686,1.5322511083892465
20.79570176901416,2.0624378238192946
20.221332827298284,2.3275311815343116
22.07698633130343,2.7914445575355984
21.54679961587339,3.255357933536885
22.60717304673348,4.05063800668195
23.402453119878544,4.713371400969507
23.932639835308585,5.243558116399548
24.993013266168674,6.038838189544613
24.462826550738633,6.569024904974661
25.58947332102747,8.027038372407276
25.523199981598715,7.496851656977235
24.993013266168674,9.15368514269612
24.529099890167387,8.557225087837324
23.800093156451076,9.617598518697413
23.534999798736052,10.412878591842478
23.00481308330601,10.015238555269946
22.739719725590987,11.47325202270256
22.209533010160946,11.075611986130028
21.944439652445922,13.06381216899269
21.54679961587339,12.666172132420158
21.01661290044335,15.449652388427886
20.353879506155792,14.919465672997845
20.088786148440768,14.389278957567804
20.088786148440768,15.979839103857934
20.088786148440768,16.510025819287975
20.022512809012014,16.907665855860508
19.82369279072575,16.64257249814549
19.293506075295703,16.112385782715442
19.028412717580686,15.317105709570377
21.01661290044335,14.786918994140336
20.552699524442062,15.250832370141623
19.95623946958326,15.71474574614291
19.42605275415322,16.244932461572958
21.613072955302144,17.040212534718023
22.209533010160946,16.64257249814549
22.209533010160946,17.570399250148064
21.944439652445922,18.89586603872317
21.54679961587339,18.36567932329313
21.149159579300857,20.287606166727038
21.082886239872103,19.691146111868235
21.01661290044335,19.293506075295703
20.552699524442062,21.281706258158366
20.884066221585833,20.751519542728325
20.353879506155792,22.342079689018455
21.149159579300857,21.811892973588414
21.01661290044335,22.872266404448496
20.552699524442062,23.667546477593568
21.613072955302144,24.19773319302361
22.07698633130343,25.523199981598715
21.679346294730898,24.993013266168674
21.21543291872961,26.583573412458804
22.2758063495897,26.053386697028763
21.811892973588414,27.113760127888845
21.41425293701588,27.710220182747648
21.944439652445922,27.511400164461378
21.41425293701588,26.981213449031337
22.342079689018455,26.583573412458804
22.342079689018455,26.053386697028763
22.342079689018455,25.58947332102747
22.209533010160946,24.993013266168674
23.269906441021035,24.59537322959614
22.739719725590987,24.19773319302361
23.534999798736052,23.733819817022322
23.446635346164378,23.203633101592274
24.462826550738633,22.739719725590987
23.932639835308585,22.2758063495897
23.97682206159442,22.209533010160946
24.529099890167387,22.209533010160946
24.0651865141661,21.679346294730898
25.05928660559743,21.149159579300857
25.523199981598715,21.811892973588414
25.58947332102747,22.673446386162233
25.523199981598715,22.209533010160946
25.125559945026183,23.269906441021035
24.72791990845365,23.203633101592274
25.523199981598715,22.739719725590987
24.860466587311166,22.342079689018455
24.462826550738633,21.944439652445922
24.92673992673992,21.54679961587339
25.523199981598715,21.01661290044335
24.59537322959614,20.353879506155792
24.462826550738633,20.088786148440768
24.462826550738633,20.088786148440768
25.037195492454508,20.287606166727038
24.59537322959614,20.884066221585833
25.125559945026183,20.4864261850133
24.72791990845365,20.088786148440768
24.462826550738633,20.088786148440768
24.131459853594855,20.618972863870816
23.667546477593568,21.149159579300857
24.462826550738633,21.149159579300857
23.932639835308585,21.944439652445922
26.119660036457518,21.679346294730898
26.583573412458804,21.21543291872961
26.053386697028763,21.149159579300857
26.583573412458804,21.149159579300857
26.119660036457518,21.149159579300857
25.65574666045623,21.149159579300857
26.185933375886272,21.41425293701588
25.722019999884985,22.07698633130343
26.84866677017383,23.13735976216352
26.31848005474378,22.739719725590987
27.423035711889703,22.342079689018455
27.643946843318894,22.739719725590987
26.981213449031337,23.269906441021035
26.716120091316313,22.739719725590987
26.782393430745074,22.474626367875963
30.55997377818413,23.203633101592274
30.02978706275409,22.739719725590987
31.885440566759243,23.534999798736052
31.355253851329195,23.932639835308585
33.21090735533435,24.59537322959614
32.68072063990431,24.462826550738633
32.68072063990431,23.932639835308585
32.283080603331776,23.534999798736052
31.885440566759243,24.993013266168674
31.355253851329195,24.462826550738633
30.692520457041645,25.523199981598715
30.096060402182843,24.72791990845365
30.02978706275409,24.19773319302361
29.89724038389658,23.733819817022322
29.632147026181556,23.932639835308585
29.234506989609024,24.462826550738633
28.571773595321467,24.72791990845365
28.041586879891426,25.523199981598715
27.24630680674636,25.65574666045623
26.782393430745074,25.65574666045623
27.37885348560387,25.65574666045623
26.84866677017383,25.65574666045623
28.83686695303649,25.65574666045623
30.294880420469113,25.65574666045623
31.090160493614178,25.65574666045623
29.49960034732404,25.258106623883698
28.969413631894,24.72791990845365
28.43922691646396,24.59537322959614
27.90904020103391,25.324379963312452
27.37885348560387,24.772102134739484
26.914940109602583,25.258106623883698
26.31848005474378,24.72791990845365
25.78829333931374,24.59537322959614
25.125559945026183,25.05928660559743
24.462826550738633,25.523199981598715
23.932639835308585,26.053386697028763
23.269906441021035,26.451026733601296
22.60717304673348,25.78829333931374
21.944439652445922,25.65574666045623
21.41425293701588,25.125559945026183
20.751519542728325,24.661646569024896
20.221332827298284,25.854566678742493
19.691146111868235,25.258106623883698
19.160959396438194,26.981213449031337
18.498226002150638,26.31848005474378
18.23313264443562,28.704320274178976
17.702945929005573,28.174133558748935
17.106485874146777,30.294880420469113
16.510025819287975,29.89724038389658
15.847292425000418,31.62034720904422
15.184559030712869,31.090160493614178
14.65437231528282,30.692520457041645
14.65437231528282,32.415627282189284
15.250832370141623,32.01798724561675
15.847292425000418,32.81326731876182
15.228741256998703,32.15053392447426
14.786918994140336,31.62034720904422
15.317105709570377,31.090160493614178
14.786918994140336,30.55997377818413
15.582199067285401,30.02978706275409
14.919465672997845,29.565873686752802
15.847292425000418,29.035686971322754
15.052012351855353,28.83686695303649
14.65437231528282,28.83686695303649
15.184559030712869,28.43922691646396
14.786918994140336,27.975313540462672
15.71474574614291,27.776493522176402
15.582199067285401,27.776493522176402
15.184559030712869,27.90904020103391
14.85319233356909,28.969413631894
15.184559030712869,28.571773595321467
14.65437231528282,31.42152719075795
15.449652388427886,30.825067135899154
14.919465672997845,30.294880420469113
14.521825636425312,29.89724038389658
14.985739012426599,34.006187428479414
15.449652388427886,33.34345403419186
15.118285691284115,32.81326731876182
14.698554541568662,32.34935394276053
15.449652388427886,31.885440566759243
15.449652388427886,32.415627282189284
14.786918994140336,31.885440566759243
14.65437231528282,31.355253851329195
15.228741256998703,30.825067135899154
15.71474574614291,30.42742709932662
15.758927972428744,30.02978706275409
16.510025819287975,29.632147026181556
16.112385782715442,29.234506989609024
16.244932461572958,28.83686695303649
15.71474574614291,28.43922691646396
16.510025819287975,27.90904020103391
16.64257249814549,27.113760127888845
16.377479140430466,26.583573412458804
15.979839103857934,26.185933375886272
15.582199067285401,25.78829333931374
16.64257249814549,25.258106623883698
16.178659122144197,24.72791990845365
15.847292425000418,24.330279871881118
15.582199067285401,23.932639835308585
16.046112443286688,23.402453119878544
15.582199067285401,22.872266404448496
16.64257249814549,22.342079689018455
17.30530589243304,21.811892973588414
17.835492607863088,21.41425293701588
18.100585965578105,21.01661290044335
17.702945929005573,20.552699524442062
18.630772681008153,20.088786148440768
18.498226002150638,19.691146111868235
18.03431262614935,19.22723273586695
18.89586603872317,18.697046020436908
18.36567932329313,18.23313264443562
18.36567932329313,17.835492607863088
17.901765947291842,17.30530589243304
17.835492607863088,16.841392516431753
18.36567932329313,16.244932461572958
17.968039286720597,15.781019085571664
18.89586603872317,15.582199067285401
18.36567932329313,15.317105709570377
17.901765947291842,14.786918994140336
18.16685930500686,14.12418559985278
17.702945929005573,13.527725544993984
18.763319359865662,13.593998884422739
19.205141622724028,14.12418559985278
19.95623946958326,15.052012351855353
19.558599433010727,14.521825636425312
20.088786148440768,15.582199067285401
20.022512809012014,15.582199067285401
19.95623946958326,15.184559030712869
19.492326093581973,14.720645654711582
19.09468605700944,14.521825636425312
19.293506075295703,14.521825636425312
19.95623946958326,15.449652388427886
19.62487277243948,15.449652388427886
19.028412717580686,14.588098975854066
18.36567932329313,15.184559030712869
18.03431262614935,16.046112443286688
18.630772681008153,15.582199067285401
18.763319359865662,16.64257249814549
18.23313264443562,16.775119177003
17.968039286720597,16.64257249814549
19.757419451296997,16.244932461572958
19.160959396438194,15.781019085571664
18.630772681008153,15.847292425000418
20.618972863870816,16.841392516431753
20.221332827298284,16.377479140430466
20.68524620329957,17.30530589243304
20.221332827298284,17.901765947291842
21.149159579300857,17.901765947291842
19.293506075295703,17.570399250148064
18.962139378151925,16.97393919528926
18.564499341579392,17.040212534718023
18.100585965578105,17.702945929005573
17.769219268434327,17.968039286720597
17.835492607863088,17.968039286720597
17.835492607863088,17.968039286720597
17.17275921357553,17.968039286720597
16.775119177003,19.028412717580686
16.907665855860508,18.36567932329313
17.30530589243304,17.968039286720597
16.907665855860508,19.691146111868235
17.702945929005573,20.088786148440768
17.040212534718023,20.088786148440768
16.377479140430466,20.088786148440768
16.112385782715442,20.088786148440768
15.71474574614291,20.221332827298284
15.250832370141623,20.884066221585833
14.720645654711582,20.618972863870816
14.12418559985278,20.221332827298284
13.461452205565223,21.082886239872103
12.864992150706428,20.618972863870816
12.33480543527638,21.149159579300857
12.268532095847625,20.618972863870816
11.67207204098883,20.221332827298284
8.954865124409856,20.751519542728325
8.954865124409856,20.353879506155792
,21.149159579300857
,21.54679961587339
,22.143259670732192
,21.944439652445922
,21.347979597587127
,21.082886239872103
,20.552699524442062
,20.088786148440768
,20.287606166727038
,20.884066221585833
,20.4864261850133
,19.95623946958326
,19.492326093581973
,19.028412717580686
,19.492326093581973
,20.022512809012014
,20.088786148440768
,20.353879506155792
,21.01661290044335
,21.149159579300857
,21.149159579300857
,20.4864261850133
,19.82369279072575
,19.160959396438194
,18.36567932329313
,17.835492607863088
,17.30530589243304
,16.841392516431753
,16.377479140430466
,15.847292425000418
,15.582199067285401
,15.71474574614291
,16.244932461572958
,16.510025819287975
,16.046112443286688
,15.582199067285401
,15.184559030712869
,14.65437231528282
,14.190458939281534
,13.726545563280247
,13.328905526707715
,12.798718811277674
,12.401078774705141
,11.605798701560076
,11.075611986130028
,10.545425270699987
,9.88269187641243
,9.219958482124873
,9.219958482124873
,9.617598518697413
