Y(hoy),Y(ayer)
5.773744831829596,12.401078774705141
5.773744831829596,12.401078774705141
5.707471492400835,12.401078774705141
5.508651474114572,12.401078774705141
5.243558116399548,12.003438738132608
4.713371400969507,11.406978683273806
4.580824722111998,11.340705343845052
3.918091327824442,10.81051862841501
3.454177951823155,10.214058573556208
3.918091327824442,10.015238555269946
3.3879046123944008,9.418778500411143
4.580824722111998,8.888591784981102
4.05063800668195,8.557225087837324
3.5204512912519093,8.093311711836037
3.3879046123944008,7.894491693549767
3.1228112546793767,7.894491693549767
2.725171218106837,7.496851656977235
2.3938045209630587,7.032938280975948
2.46007786039182,6.834118262689678
2.0182555975334537,6.834118262689678
1.5322511083892465,6.436478226117146
1.2671577506742295,5.84001817125835
1.2671577506742295,5.773744831829596
1.2671577506742295,5.773744831829596
1.2008844112454682,5.773744831829596
1.1346110718167068,5.773744831829596
0.47187767752916443,5.707471492400835
0.20678431981413326,5.177284776970794
0.20678431981413326,4.713371400969507
0.20678431981413326,4.448278043254483
0.14051098038538612,3.8518179883956876
-0.05830903790088371,3.5204512912519093
-0.3234023956159007,3.5204512912519093
-0.7210424321884403,3.5204512912519093
-0.8535891110459488,3.5204512912519093
-0.8535891110459488,3.5204512912519093
-0.8535891110459488,3.255357933536885
-0.8535891110459488,2.5926245392493286
-0.8535891110459488,2.3938045209630587
-0.8535891110459488,2.3275311815343116
-0.8535891110459488,2.194984502676803
-0.8535891110459488,1.664797787246755
-0.9198624504747102,1.3334310901029767
-1.11868246876098,1.929891144961772
-1.383775826475997,1.5322511083892465
-1.7372336367626815,2.3275311815343116
-0.9861357899034573,2.3275311815343116
-1.5163225053335054,2.3275311815343116
-0.8535891110459488,2.3275311815343116
-0.8535891110459488,2.3275311815343116
-0.8535891110459488,2.2612578421055503
-0.8535891110459488,1.7310711266755163
-0.8535891110459488,1.2671577506742295
-0.8535891110459488,1.2671577506742295
-0.8535891110459488,1.2671577506742295
-0.8535891110459488,0.7369710352441814
-0.8535891110459488,0.20678431981413326
-0.9198624504747102,0.20678431981413326
-0.9861357899034573,0.20678431981413326
-1.5163225053335054,0.20678431981413326
-1.9802358813347922,0.14051098038538612
-1.7151425236197753,-0.1908557167583922
-2.179055899621062,-0.654769092759679
-1.2512291476184885,-0.1466734904725655
-1.383775826475997,-0.45594907447342337
-1.8476892024772837,-0.8535891110459488
-0.9861357899034573,-0.8535891110459488
-1.383775826475997,-0.8535891110459488
-0.8535891110459488,-0.8535891110459488
-0.8535891110459488,-0.45594907447342337
-0.5222224139021705,0.07423764095662477
0.14051098038538612,0.20678431981413326
-0.3234023956159007,0.20678431981413326
0.47187767752916443,0.20678431981413326
1.0020643929591984,0.2730576592428946
1.4438866558175647,0.9136999403875308
2.3275311815343116,0.6044243563866729
1.7973444661042635,0.14051098038538612
2.46007786039182,-0.3234023956159007
2.725171218106837,-0.654769092759679
2.3275311815343116,-0.05830903790088371
3.3879046123944008,0.20678431981413326
3.5867246306806635,0.20678431981413326
4.183184685539466,0.20678431981413326
4.845918079827015,0.4056043381004031
5.420287021542897,0.8695177141016899
5.707471492400835,1.2671577506742295
6.171384868402129,1.664797787246755
6.834118262689678,2.2612578421055503
7.541033883263069,2.3275311815343116
8.336313956408134,2.3938045209630587
9.617598518697413,2.3275311815343116
9.15368514269612,2.3275311815343116
10.722154175843329,2.3275311815343116
10.147785234127454,2.5926245392493286
12.047620964418442,3.255357933536885
11.47325202270256,3.918091327824442
12.842901037563507,4.514551382683237
13.638181110708572,4.713371400969507
15.449652388427886,5.243558116399548
14.919465672997845,4.713371400969507
14.389278957567804,5.773744831829596
16.775119177003,5.773744831829596
16.244932461572958,5.773744831829596
17.040212534718023,6.303931547259637
16.64257249814549,6.767844923260924
17.702945929005573,6.436478226117146
18.36567932329313,5.972564850115859
18.89586603872317,6.480660452402979
19.205141622724028,6.038838189544613
20.4864261850133,6.171384868402129
19.95623946958326,5.773744831829596
22.07698633130343,5.773744831829596
21.54679961587339,5.773744831829596
21.01661290044335,5.773744831829596
23.932639835308585,5.773744831829596
23.402453119878544,5.773744831829596
22.872266404448496,5.84001817125835
25.302288850169532,6.70157158383217
24.72791990845365,6.303931547259637
26.627755638744638,6.171384868402129
26.053386697028763,5.773744831829596
27.953222427319744,6.767844923260924
27.37885348560387,6.834118262689678
29.234506989609024,6.834118262689678
28.770593613607737,6.834118262689678
30.339062646754947,6.834118262689678
29.764693705039065,6.834118262689678
32.15053392447426,7.298031638690972
31.554073869615465,7.828218354121013
31.090160493614178,7.894491693549767
34.006187428479414,8.027038372407276
33.40972737362062,8.888591784981102
32.945813997619325,8.424678408979808
35.33165421705452,9.15368514269612
34.80146750162448,9.750145197554922
36.657121005629634,10.147785234127454
36.19320762962835,10.280331912984963
37.717494436489716,11.075611986130028
37.187307721059675,11.340705343845052
38.91041454620732,11.539525362131315
38.247681151919764,12.135985416990117
39.61733016678071,12.401078774705141
39.838241298209894,12.864992150706428
39.17550790392234,13.196358847850206
38.77786786734981,12.599898792991404
38.115134473062255,13.06381216899269
37.58494775763221,12.666172132420158
36.78966768448714,13.925365581566517
36.524574326772125,13.461452205565223
36.78966768448714,14.389278957567804
37.4524010787747,13.925365581566517
38.115134473062255,13.461452205565223
38.77786786734981,13.991638920995271
38.91041454620732,13.461452205565223
38.84414120677856,15.317105709570377
38.77786786734981,14.65437231528282
38.31395449134852,16.046112443286688
37.85004111534723,16.64257249814549
38.247681151919764,16.841392516431753
38.91041454620732,17.30530589243304
39.57314794049488,17.835492607863088
39.838241298209894,17.968039286720597
39.308054582779846,18.498226002150638
38.6453211884923,17.968039286720597
38.115134473062255,19.028412717580686
37.65122109706097,19.09468605700944
38.247681151919764,19.691146111868235
37.85004111534723,20.088786148440768
38.77786786734981,20.4864261850133
38.247681151919764,21.082886239872103
37.78376777591848,20.884066221585833
37.717494436489716,20.221332827298284
37.25358106048843,20.088786148440768
36.72339434505839,20.088786148440768
36.19320762962835,19.95623946958326
35.596747574769545,19.42605275415322
34.93401418048199,19.028412717580686
34.4701008044807,19.028412717580686
34.27128078619444,19.757419451296997
33.60854739190688,19.293506075295703
32.945813997619325,20.287606166727038
32.45980950847512,20.884066221585833
33.21090735533435,20.4864261850133
32.68072063990431,20.088786148440768
32.01798724561675,19.691146111868235
31.752893887901728,19.22723273586695
31.222707172471686,19.691146111868235
30.957613814756662,19.293506075295703
30.957613814756662,20.088786148440768
30.692520457041645,19.558599433010727
30.162333741611597,19.028412717580686
30.02978706275409,20.4864261850133
30.02978706275409,19.95623946958326
29.89724038389658,19.42605275415322
29.632147026181556,20.884066221585833
29.234506989609024,20.287606166727038
30.02978706275409,20.088786148440768
29.49960034732404,20.552699524442062
30.02978706275409,21.01661290044335
30.361153759897867,20.618972863870816
29.89724038389658,20.221332827298284
30.825067135899154,19.757419451296997
30.55997377818413,19.160959396438194
30.02978706275409,19.028412717580686
30.02978706275409,18.498226002150638
30.02978706275409,17.968039286720597
30.42742709932662,18.431952662721883
29.89724038389658,18.763319359865662
31.090160493614178,18.100585965578105
30.55997377818413,17.570399250148064
30.02978706275409,17.106485874146777
31.62034720904422,16.377479140430466
31.090160493614178,15.781019085571664
30.55997377818413,15.515925727856647
32.15053392447426,14.985739012426599
32.01798724561675,14.521825636425312
31.752893887901728,14.256732278710288
31.39943607761503,13.593998884422739
32.15053392447426,13.461452205565223
31.752893887901728,13.06381216899269
32.283080603331776,12.467352114133895
32.68072063990431,12.268532095847625
32.283080603331776,11.738345380417584
33.21090735533435,10.81051862841501
33.21090735533435,10.214058573556208
32.68072063990431,9.88269187641243
32.283080603331776,9.15368514269612
33.21090735533435,8.954865124409856
32.74699397933306,8.954865124409856
32.945813997619325,9.02113846383861
32.283080603331776,9.88269187641243
31.81916722733048,9.485051839839898
31.39943607761503,9.485051839839898
32.68072063990431,9.219958482124873
32.216807263903014,10.015238555269946
33.21090735533435,10.147785234127454
32.54817396104679,10.479151931271232
32.45980950847512,11.075611986130028
33.21090735533435,11.340705343845052
34.27128078619444,11.47325202270256
33.74109407076439,12.135985416990117
34.40382746505195,12.401078774705141
34.40382746505195,12.864992150706428
34.40382746505195,13.196358847850206
34.40382746505195,12.467352114133895
34.536374143909455,12.401078774705141
35.11074308562534,12.401078774705141
36.39202764791461,12.401078774705141
35.79556759305581,12.467352114133895
36.126934290199586,13.107994395278524
35.596747574769545,12.666172132420158
36.657121005629634,12.798718811277674
36.126934290199586,12.401078774705141
36.524574326772125,12.53362545356265
36.2594809690571,13.196358847850206
35.86184093248457,13.06381216899269
36.657121005629634,12.599898792991404
36.126934290199586,13.06381216899269
37.25358106048843,13.461452205565223
37.85004111534723,13.461452205565223
38.55695673592062,13.527725544993984
38.51277450963478,14.12418559985278
37.98258779420474,14.521825636425312
37.31985439991719,14.521825636425312
36.72339434505839,14.521825636425312
36.657121005629634,14.985739012426599
38.77786786734981,15.449652388427886
38.247681151919764,14.985739012426599
37.717494436489716,14.65437231528282
37.187307721059675,15.317105709570377
36.657121005629634,15.582199067285401
42.48917487536011,16.046112443286688
41.95898815993007,16.64257249814549
41.428801444500024,16.775119177003
40.898614729069976,17.040212534718023
40.36842801363994,17.570399250148064
39.838241298209894,17.17275921357553
39.308054582779846,16.907665855860508
43.68209498507771,17.702945929005573
43.019361590790155,17.968039286720597
44.34482837936527,18.16685930500686
44.34482837936527,18.763319359865662
44.34482837936527,19.028412717580686
43.68209498507771,19.42605275415322
43.41700162736269,20.022512809012014
43.019361590790155,20.287606166727038
42.48917487536011,20.751519542728325
41.95898815993007,21.613072955302144
41.428801444500024,21.149159579300857
41.03116140792749,22.143259670732192
40.898614729069976,22.209533010160946
40.36842801363994,22.209533010160946
40.037061316496164,22.673446386162233
39.90451463763865,23.269906441021035
39.838241298209894,23.269906441021035
39.37432792220861,22.695537499305154
38.77786786734981,24.0651865141661
38.247681151919764,23.402453119878544
37.916314454775986,23.00481308330601
38.51277450963478,23.932639835308585
39.61733016678071,23.534999798736052
39.04296122506483,23.13735976216352
40.898614729069976,22.60717304673348
40.43470135306869,23.733819817022322
41.428801444500024,23.13735976216352
41.95898815993007,24.0651865141661
41.428801444500024,23.402453119878544
40.898614729069976,22.938539743877257
40.36842801363994,22.474626367875963
39.705694619352386,23.534999798736052
39.44060126163736,22.872266404448496
39.04296122506483,24.19773319302361
38.51277450963478,23.733819817022322
38.048861133633494,23.269906441021035
37.4524010787747,22.872266404448496
36.92221436334465,22.40835302844721
36.458300987343364,22.40835302844721
35.86184093248457,23.00481308330601
35.19910753819701,22.872266404448496
34.66892082276697,22.342079689018455
34.40382746505195,21.878166313017168
34.006187428479414,21.41425293701588
33.60854739190688,20.884066221585833
33.21090735533435,20.353879506155792
33.21090735533435,19.691146111868235
32.68072063990431,19.160959396438194
32.15053392447426,18.89586603872317
31.62034720904422,18.36567932329313
31.156433833042932,17.901765947291842
30.626247117612884,17.570399250148064
30.02978706275409,17.106485874146777
29.49960034732404,16.57629915871673
28.969413631894,16.112385782715442
28.505500255892713,15.71474574614291
27.90904020103391,15.250832370141623
27.776493522176402,14.720645654711582
27.710220182747648,14.521825636425312
27.643946843318894,14.521825636425312
27.180033467317607,14.12418559985278
26.782393430745074,13.527725544993984
26.583573412458804,13.328905526707715
26.053386697028763,12.798718811277674
25.65574666045623,12.33480543527638
26.583573412458804,11.870892059275093
26.053386697028763,11.47325202270256
27.24630680674636,11.009338646701273
27.90904020103391,10.479151931271232
28.483409142749792,10.015238555269946
28.704320274178976,9.617598518697413
28.041586879891426,9.15368514269612
27.445126825032624,9.15368514269612
26.84866677017383,9.750145197554922
26.84866677017383,9.617598518697413
27.423035711889703,9.219958482124873
27.90904020103391,
28.483409142749792,
29.8088759313249,
29.234506989609024,
30.02978706275409,
30.02978706275409,
29.367053668466532,
28.969413631894,
29.013595858179833,
30.02978706275409,
29.49960034732404,
30.02978706275409,
30.294880420469113,
29.89724038389658,
30.825067135899154,
30.825067135899154,
30.294880420469113,
29.89724038389658,
31.355253851329195,
32.15053392447426,
32.945813997619325,
32.415627282189284,
34.27128078619444,
33.74109407076439,
34.006187428479414,
33.47600071304937,
33.34345403419186,
33.34345403419186,
33.40972737362062,
33.74109407076439,
33.34345403419186,
34.27128078619444,
33.74109407076439,
33.21090735533435,
32.68072063990431,
32.15053392447426,
31.62034720904422,
31.222707172471686,
33.21090735533435,
32.68072063990431,
32.15053392447426,
32.945813997619325,
32.415627282189284,
31.885440566759243,
31.355253851329195,
33.21090735533435,
32.68072063990431,
32.15053392447426,
32.945813997619325,
32.34935394276053,
34.27128078619444,
33.74109407076439,
34.27128078619444,
33.60854739190688,
33.34345403419186,
32.81326731876182,
32.15053392447426,
31.62034720904422,
31.28898051190044,
31.885440566759243,
31.885440566759243,
31.222707172471686,
30.692520457041645,
30.162333741611597,
32.15053392447426,
31.62034720904422,
31.090160493614178,
31.62034720904422,
30.957613814756662,
30.294880420469113,
29.632147026181556,
29.101960310751508,
28.43922691646396,
27.90904020103391,
28.969413631894,
29.89724038389658,
30.162333741611597,
30.825067135899154,
30.825067135899154,
30.162333741611597,
30.02978706275409,
29.49960034732404,
28.969413631894,
28.505500255892713,
27.90904020103391,
28.505500255892713,
28.969413631894,
28.969413631894,
28.969413631894,
28.306680237606443,
27.710220182747648,
27.113760127888845,
26.451026733601296,
25.920840018171248,
25.258106623883698,
24.72791990845365,
25.78829333931374,
26.583573412458804,
24.993013266168674,
26.716120091316313,
26.583573412458804,
26.053386697028763,
25.58947332102747,
24.993013266168674,
24.462826550738633,
23.932639835308585,
23.402453119878544,
23.402453119878544,
22.872266404448496,
22.342079689018455,
21.679346294730898,
21.01661290044335,
19.691146111868235,
19.028412717580686,
18.630772681008153,
18.100585965578105,
17.437852571290556,
17.17275921357553,
16.775119177003,
16.311205801001712,
15.781019085571664,
15.71474574614291,
15.250832370141623,
14.919465672997845,
14.389278957567804,
13.726545563280247,
13.638181110708572,
14.190458939281534,
13.991638920995271,
14.521825636425312,
13.196358847850206,
12.931265490135182,
12.53362545356265,
11.870892059275093,
11.605798701560076,
11.208158664987543,
10.545425270699987,
10.280331912984963,
9.750145197554922,
9.087411803267365,
8.424678408979808,
7.960765032978522,
7.894491693549767,
7.629398335834743,
7.364304978119726,
6.966664941547194,
6.70157158383217,
6.171384868402129,
5.84001817125835,
6.436478226117146,
