Y(hoy),Y(ayer)
12.401078774705141,11.340705343845052
12.401078774705141,10.94306530727252
12.33480543527638,10.479151931271232
12.135985416990117,10.147785234127454
11.870892059275093,10.147785234127454
11.340705343845052,10.280331912984963
11.340705343845052,10.81051862841501
11.208158664987543,10.280331912984963
11.075611986130028,9.750145197554922
10.81051862841501,9.15368514269612
10.280331912984963,8.954865124409856
10.147785234127454,8.689771766694832
9.551325179268652,8.2921317301223
9.15368514269612,7.828218354121013
8.822318445552341,7.364304978119726
8.358405069551054,6.9003916021184395
7.960765032978522,6.834118262689678
7.761945014692259,6.303931547259637
7.1654849598334565,5.773744831829596
6.834118262689678,5.773744831829596
6.70157158383217,5.508651474114572
6.105111528973374,5.1110114375420395
5.773744831829596,4.713371400969507
5.773744831829596,4.647098061540753
5.6411981529720805,4.315731364396974
4.978464758684531,3.7855446489669333
4.514551382683237,3.6529979701094177
4.647098061540753,4.315731364396974
4.713371400969507,3.918091327824442
3.3879046123944008,3.6529979701094177
3.5867246306806635,3.255357933536885
3.5204512912519093,2.725171218106837
3.078629028393536,2.3275311815343116
2.46007786039182,2.3275311815343116
2.46007786039182,2.3275311815343116
2.3275311815343116,1.929891144961772
1.929891144961772,1.4659777689604852
1.5985244478179936,1.2671577506742295
1.2671577506742295,1.2671577506742295
1.2671577506742295,1.2671577506742295
1.2008844112454682,1.2671577506742295
1.1346110718167068,1.2671577506742295
0.5381510169579116,1.2671577506742295
0.20678431981413326,1.2671577506742295
0.20678431981413326,1.2671577506742295
0.20678431981413326,0.8695177141016899
0.20678431981413326,0.2730576592428946
0.20678431981413326,0.4056043381004031
0.20678431981413326,0.8695177141016899
0.2730576592428946,1.2671577506742295
0.8695177141016899,1.2671577506742295
0.47187767752916443,0.8695177141016899
0.7369710352441814,0.4056043381004031
0.2730576592428946,0.20678431981413326
1.1346110718167068,0.20678431981413326
0.7369710352441814,0.6044243563866729
1.2671577506742295,1.0020643929591984
1.2671577506742295,0.33933099867164174
1.2671577506742295,0.20678431981413326
1.3334310901029767,0.20678431981413326
1.9961644843905333,0.20678431981413326
1.5322511083892465,0.33933099867164174
2.46007786039182,0.8695177141016899
2.46007786039182,1.2671577506742295
2.46007786039182,1.2671577506742295
3.255357933536885,1.2671577506742295
2.725171218106837,1.2671577506742295
3.255357933536885,1.2671577506742295
2.5926245392493286,1.2671577506742295
2.46007786039182,1.2671577506742295
2.5263511998205814,1.7310711266755163
3.0565379152506154,2.2612578421055503
3.5204512912519093,2.3275311815343116
3.5204512912519093,2.3275311815343116
4.05063800668195,2.7914445575355984
3.5204512912519093,3.255357933536885
4.580824722111998,2.7914445575355984
4.845918079827015,2.990264575821868
4.448278043254483,2.5926245392493286
5.508651474114572,3.454177951823155
5.707471492400835,3.8518179883956876
5.707471492400835,4.448278043254483
5.6411981529720805,4.713371400969507
5.1110114375420395,4.713371400969507
4.647098061540753,4.713371400969507
5.6411981529720805,4.713371400969507
5.1110114375420395,4.713371400969507
4.713371400969507,5.508651474114572
5.1110114375420395,4.978464758684531
4.647098061540753,5.773744831829596
4.845918079827015,6.237658207830883
4.448278043254483,6.767844923260924
5.420287021542897,7.032938280975948
5.243558116399548,7.496851656977235
4.779644740398261,8.027038372407276
5.6411981529720805,8.888591784981102
5.1110114375420395,8.424678408979808
5.773744831829596,8.954865124409856
5.773744831829596,8.954865124409856
5.84001817125835,8.557225087837324
6.237658207830883,8.093311711836037
5.773744831829596,7.894491693549767
6.70157158383217,7.894491693549767
6.834118262689678,7.364304978119726
6.767844923260924,6.834118262689678
6.70157158383217,8.358405069551054
6.237658207830883,7.761945014692259
5.84001817125835,7.231758299262211
5.972564850115859,8.888591784981102
6.569024904974661,9.418778500411143
7.231758299262211,9.88269187641243
7.761945014692259,9.418778500411143
7.298031638690972,9.617598518697413
6.9003916021184395,9.219958482124873
7.099211620404702,10.147785234127454
7.761945014692259,11.075611986130028
8.071220598693117,10.545425270699987
8.954865124409856,11.340705343845052
8.424678408979808,11.870892059275093
9.087411803267365,12.401078774705141
9.087411803267365,12.401078774705141
9.087411803267365,12.401078774705141
9.750145197554922,12.401078774705141
9.087411803267365,12.798718811277674
10.412878591842478,13.660272223851493
10.987247533558353,13.196358847850206
11.208158664987543,14.12418559985278
11.208158664987543,14.985739012426599
11.47325202270256,14.521825636425312
11.075611986130028,15.515925727856647
12.047620964418442,15.847292425000418
12.33480543527638,17.106485874146777
12.798718811277674,16.510025819287975
13.461452205565223,17.570399250148064
14.168367826138613,18.03431262614935
14.389278957567804,18.630772681008153
13.859092242137756,18.23313264443562
13.461452205565223,19.492326093581973
14.389278957567804,19.028412717580686
13.859092242137756,19.82369279072575
14.985739012426599,19.09468605700944
15.449652388427886,19.028412717580686
15.118285691284115,19.558599433010727
14.65437231528282,19.028412717580686
15.317105709570377,20.088786148440768
15.979839103857934,20.15505948786953
16.57629915871673,20.751519542728325
17.17275921357553,21.613072955302144
17.835492607863088,21.149159579300857
18.100585965578105,22.143259670732192
17.702945929005573,22.209533010160946
18.630772681008153,22.342079689018455
19.22723273586695,23.269906441021035
19.82369279072575,22.739719725590987
20.088786148440768,23.468726459307298
20.088786148440768,24.0651865141661
20.088786148440768,24.19773319302361
20.088786148440768,23.733819817022322
20.15505948786953,24.264006532452363
20.79570176901416,23.800093156451076
20.221332827298284,24.72791990845365
21.149159579300857,25.258106623883698
21.01661290044335,25.65574666045623
20.552699524442062,26.451026733601296
20.15505948786953,25.920840018171248
20.530608411299134,26.716120091316313
20.088786148440768,26.716120091316313
21.856075199874248,27.180033467317607
21.281706258158366,27.710220182747648
23.13735976216352,27.975313540462672
22.673446386162233,28.43922691646396
24.241915419309443,28.83686695303649
23.667546477593568,28.83686695303649
24.462826550738633,28.903140292465245
24.462826550738633,28.83686695303649
23.99891317473734,28.83686695303649
23.402453119878544,28.83686695303649
22.872266404448496,29.101960310751508
22.40835302844721,29.764693705039065
24.241915419309443,29.367053668466532
23.667546477593568,29.101960310751508
23.13735976216352,29.89724038389658
22.60717304673348,30.02978706275409
25.523199981598715,30.692520457041645
24.993013266168674,30.02978706275409
26.583573412458804,31.929622793045077
26.053386697028763,31.355253851329195
25.523199981598715,31.62034720904422
24.993013266168674,31.222707172471686
24.529099890167387,32.01798724561675
24.462826550738633,31.62034720904422
24.993013266168674,31.42152719075795
24.59537322959614,31.929622793045077
25.56738220788455,31.62034720904422
26.892848996459662,31.222707172471686
26.31848005474378,32.15053392447426
27.643946843318894,31.752893887901728
27.113760127888845,33.07836067647684
26.64984675188756,32.54817396104679
26.451026733601296,33.34345403419186
26.185933375886272,33.34345403419186
25.78829333931374,33.34345403419186
25.523199981598715,32.945813997619325
24.993013266168674,32.48190062161804
24.59537322959614,33.07836067647684
25.390653302741207,32.54817396104679
25.523199981598715,33.34345403419186
25.05928660559743,33.34345403419186
24.529099890167387,33.34345403419186
24.330279871881118,33.47600071304937
23.800093156451076,34.006187428479414
23.00481308330601,34.40382746505195
22.739719725590987,34.006187428479414
22.342079689018455,33.47600071304937
21.878166313017168,33.01208733704808
21.281706258158366,32.34935394276053
21.856075199874248,32.15053392447426
22.07698633130343,31.48780053018671
21.613072955302144,30.825067135899154
21.21543291872961,30.162333741611597
21.01661290044335,29.632147026181556
20.353879506155792,29.101960310751508
20.088786148440768,28.83686695303649
19.558599433010727,28.43922691646396
19.09468605700944,27.975313540462672
19.028412717580686,27.37885348560387
19.293506075295703,26.716120091316313
19.95623946958326,26.053386697028763
19.492326093581973,25.523199981598715
19.028412717580686,24.860466587311166
19.028412717580686,24.0651865141661
17.901765947291842,23.534999798736052
17.835492607863088,23.13735976216352
17.30530589243304,22.673446386162233
16.311205801001712,22.209533010160946
15.803110198714585,21.811892973588414
16.708845837574245,21.21543291872961
16.244932461572958,21.01661290044335
15.538016840999568,20.4864261850133
15.449652388427886,19.95623946958326
14.786918994140336,19.42605275415322
14.521825636425312,18.498226002150638
14.521825636425312,17.835492607863088
14.521825636425312,17.30530589243304
14.588098975854066,16.907665855860508
14.985739012426599,16.708845837574245
14.521825636425312,16.64257249814549
15.582199067285401,15.979839103857934
15.71474574614291,15.582199067285401
15.71474574614291,16.377479140430466
15.71474574614291,16.907665855860508
16.311205801001712,17.702945929005573
15.71474574614291,17.17275921357553
16.775119177003,17.968039286720597
17.106485874146777,18.100585965578105
16.64257249814549,18.763319359865662
17.702945929005573,19.028412717580686
17.835492607863088,20.022512809012014
17.835492607863088,19.42605275415322
17.835492607863088,21.01661290044335
18.36567932329313,20.552699524442062
17.968039286720597,20.287606166727038
18.89586603872317,20.884066221585833
19.028412717580686,21.149159579300857
19.293506075295703,21.613072955302144
19.95623946958326,22.07698633130343
20.088786148440768,21.613072955302144
20.4864261850133,21.281706258158366
20.088786148440768,21.811892973588414
21.590981842159223,22.342079689018455
21.01661290044335,23.269906441021035
22.872266404448496,22.739719725590987
22.342079689018455,23.402453119878544
24.241915419309443,23.402453119878544
23.800093156451076,23.402453119878544
25.523199981598715,23.667546477593568
25.05928660559743,24.330279871881118
26.583573412458804,24.330279871881118
26.053386697028763,23.733819817022322
26.716120091316313,24.19773319302361
26.583573412458804,23.800093156451076
26.053386697028763,23.932639835308585
25.65574666045623,23.468726459307298
26.583573412458804,23.402453119878544
26.119660036457518,23.667546477593568
25.920840018171248,24.19773319302361
25.65574666045623,23.667546477593568
25.65574666045623,23.203633101592274
26.053386697028763,22.651355273019313
25.65574666045623,23.269906441021035
26.583573412458804,23.402453119878544
26.716120091316313,23.667546477593568
26.583573412458804,24.330279871881118
26.119660036457518,24.330279871881118
25.65574666045623,23.733819817022322
24.993013266168674,24.330279871881118
24.462826550738633,23.800093156451076
25.390653302741207,24.59537322959614
25.125559945026183,24.59537322959614
24.72791990845365,25.125559945026183
24.462826550738633,25.65574666045623
24.462826550738633,25.65574666045623
23.99891317473734,25.78829333931374
23.402453119878544,26.451026733601296
23.402453119878544,26.31848005474378
23.33617978044979,25.78829333931374
23.402453119878544,25.65574666045623
23.99891317473734,25.390653302741207
23.402453119878544,24.72791990845365
24.462826550738633,24.0651865141661
24.330279871881118,23.667546477593568
24.0651865141661,24.330279871881118
23.534999798736052,24.59537322959614
23.402453119878544,25.125559945026183
23.402453119878544,25.722019999884985
22.739719725590987,26.451026733601296
22.342079689018455,25.920840018171248
22.342079689018455,26.053386697028763
22.342079689018455,25.65574666045623
22.209533010160946,26.053386697028763
21.944439652445922,26.914940109602583
21.54679961587339,26.451026733601296
21.104977353015023,27.37885348560387
21.01661290044335,27.776493522176402
20.4864261850133,27.643946843318894
19.82369279072575,27.180033467317607
19.293506075295703,26.716120091316313
19.028412717580686,26.716120091316313
19.95623946958326,26.716120091316313
19.492326093581973,26.716120091316313
19.42605275415322,26.31848005474378
18.763319359865662,25.722019999884985
18.100585965578105,25.523199981598715
17.769219268434327,24.993013266168674
17.835492607863088,24.59537322959614
17.30530589243304,24.59537322959614
16.775119177003,24.529099890167387
16.112385782715442,23.800093156451076
15.449652388427886,23.13735976216352
14.786918994140336,22.60717304673348
14.190458939281534,23.13735976216352
13.593998884422739,22.739719725590987
13.328905526707715,22.60717304673348
12.798718811277674,21.944439652445922
12.467352114133895,21.679346294730898
13.107994395278524,21.281706258158366
13.328905526707715,20.618972863870816
12.666172132420158,20.221332827298284
12.401078774705141,20.884066221585833
12.268532095847625,20.4864261850133
11.738345380417584,20.088786148440768
11.274432004416298,19.691146111868235
11.075611986130028,19.22723273586695
10.81051862841501,18.962139378151925
10.280331912984963,18.431952662721883
9.683871858126167,17.968039286720597
9.087411803267365,17.570399250148064
8.424678408979808,17.040212534718023
7.960765032978522,16.57629915871673
7.894491693549767,16.112385782715442
7.629398335834743,15.71474574614291
7.364304978119726,15.184559030712869
6.966664941547194,14.720645654711582
6.834118262689678,14.256732278710288
7.099211620404702,13.859092242137756
7.761945014692259,13.461452205565223
,13.527725544993984
,14.12418559985278
,13.726545563280247
