Y(hoy),Y(ayer)
,6.834118262689678
,6.834118262689678
,6.834118262689678
,6.834118262689678
,6.303931547259637
,5.773744831829596
,5.508651474114572
,4.845918079827015
,4.713371400969507
,4.713371400969507
,4.448278043254483
,3.719271309538172
,3.5204512912519093
,3.3879046123944008
,2.7914445575355984
,2.3275311815343116
,2.3275311815343116
,2.3275311815343116
,2.3275311815343116
,2.3275311815343116
,2.3275311815343116
,2.194984502676803
,1.7310711266755163
,1.2671577506742295
,1.2671577506742295
,1.2671577506742295
,1.2671577506742295
,1.2008844112454682
,0.8695177141016899
,0.4056043381004031
,0.8695177141016899
,1.2671577506742295
,0.8695177141016899
,0.2730576592428946
,0.20678431981413326
,0.20678431981413326
,0.20678431981413326
,0.20678431981413326
,0.20678431981413326
,0.20678431981413326
,0.20678431981413326
,0.07423764095662477
,-0.45594907447342337
,-0.8535891110459488
,-0.45594907447342337
,0.14051098038538612
,0.20678431981413326
,0.20678431981413326
,0.20678431981413326
,-0.1908557167583922
,-0.654769092759679
,-0.1466734904725655
,-0.5884957533309318
,-0.45594907447342337
,-0.8535891110459488
,-0.7873157716172017
,-0.1908557167583922
,-0.5884957533309318
,0.20678431981413326
,0.20678431981413326
,-0.1908557167583922
,-0.654769092759679
,-0.05830903790088371
,-0.5884957533309318
,-0.45594907447342337
,-0.8535891110459488
,-0.45594907447342337
,-0.05830903790088371
,-0.654769092759679
,-0.1908557167583922
,0.20678431981413326
,0.20678431981413326
,0.20678431981413326
,0.20678431981413326
,0.20678431981413326
,0.6044243563866729
,1.2008844112454682
,1.2671577506742295
,1.2671577506742295
,1.2671577506742295
,1.2671577506742295
,1.2671577506742295
,1.2671577506742295
,1.4659777689604852
,2.0624378238192946
,2.3275311815343116
,2.7914445575355984
,3.255357933536885
,4.183184685539466
,3.6529979701094177
,4.315731364396974
,3.8518179883956876
,3.5204512912519093
,3.5204512912519093
,3.5204512912519093
,3.7855446489669333
,4.448278043254483
,4.713371400969507
,5.243558116399548
,5.84001817125835
,6.569024904974661
,6.038838189544613
,6.834118262689678
,6.834118262689678
,7.231758299262211
,7.828218354121013
,7.629398335834743
,6.966664941547194
,6.834118262689678
,7.231758299262211
,7.828218354121013
,8.027038372407276
,8.822318445552341
,8.424678408979808
,8.2921317301223
,7.894491693549767
,8.888591784981102
,9.087411803267365
,9.948965215841184
,9.485051839839898
,10.412878591842478
,10.94306530727252
,11.870892059275093
,11.340705343845052
,12.33480543527638
,12.003438738132608
,11.47325202270256
,11.340705343845052
,11.340705343845052
,11.738345380417584
,12.33480543527638
,12.401078774705141
,12.467352114133895
,13.660272223851493
,13.06381216899269
,12.666172132420158
,14.720645654711582
,14.12418559985278
,15.317105709570377
,15.184559030712869
,14.786918994140336
,16.64257249814549
,15.979839103857934
,15.582199067285401
,16.64257249814549
,16.244932461572958
,15.781019085571664
,15.582199067285401
,15.582199067285401
,15.781019085571664
,16.244932461572958
,16.708845837574245
,17.63667258957682
,17.040212534718023
,18.763319359865662
,18.100585965578105
,19.028412717580686
,19.22723273586695
,19.691146111868235
,20.088786148440768
,20.4864261850133
,20.884066221585833
,20.287606166727038
,20.088786148440768
,20.088786148440768
,20.4864261850133
,21.01661290044335
,21.944439652445922
,21.41425293701588
,21.811892973588414
,21.281706258158366
,23.269906441021035
,22.60717304673348
,22.07698633130343
,23.402453119878544
,23.932639835308585
,23.534999798736052
,25.05928660559743
,24.462826550738633
,25.523199981598715
,24.993013266168674
,24.59537322959614
,25.58947332102747
,26.451026733601296
,26.053386697028763
,25.854566678742493
,26.451026733601296
,26.64984675188756
,26.053386697028763
,25.58947332102747
,24.993013266168674
,24.59537322959614
,26.583573412458804
,26.053386697028763
,25.523199981598715
,27.511400164461378
,27.04748678846009
,26.84866677017383
,27.37885348560387
,27.776493522176402
,27.37885348560387
,26.914940109602583
,27.511400164461378
,27.776493522176402
,28.24040689817769
,28.704320274178976
,28.24040689817769
,27.90904020103391
,28.505500255892713
,28.969413631894
,29.83096704446782
,29.367053668466532
,30.02978706275409
,30.096060402182843
,30.692520457041645
,30.42742709932662
,30.162333741611597
,30.957613814756662
,30.42742709932662
,31.222707172471686
,31.222707172471686
,31.355253851329195
,31.885440566759243
,32.216807263903014
,31.885440566759243
,31.42152719075795
,31.28898051190044
,31.885440566759243
,31.48780053018671
,32.216807263903014
,31.885440566759243
,31.355253851329195
,30.825067135899154
,30.162333741611597
,29.764693705039065
,29.300780329037778
,28.704320274178976
,28.041586879891426
,27.776493522176402
,27.37885348560387
,26.84866677017383
,26.384753394172535
,25.722019999884985
,25.523199981598715
,24.993013266168674
,24.462826550738633
,23.932639835308585
,23.402453119878544
,22.739719725590987
,22.474626367875963
,22.07698633130343
,21.41425293701588
,21.149159579300857
,20.751519542728325
,20.221332827298284
,20.088786148440768
,19.691146111868235
,19.22723273586695
,19.691146111868235
,19.293506075295703
,20.088786148440768
,19.691146111868235
,19.160959396438194
,18.697046020436908
,18.100585965578105
,17.63667258957682
,17.17275921357553
,16.775119177003
,16.244932461572958
,15.781019085571664
,15.515925727856647
,14.985739012426599
,14.65437231528282
,15.317105709570377
,15.515925727856647
,15.184559030712869
,14.786918994140336
,15.847292425000418
,16.510025819287975
,16.046112443286688
,16.244932461572958
,17.106485874146777
,16.64257249814549
,17.702945929005573
,17.968039286720597
,18.36567932329313
,19.22723273586695
,18.763319359865662
,19.82369279072575
,19.42605275415322
,19.028412717580686
,19.95623946958326
,19.558599433010727
,20.4864261850133
,21.082886239872103
,21.149159579300857
,21.613072955302144
,22.143259670732192
,22.209533010160946
,23.00481308330601
,22.474626367875963
,24.19773319302361
,23.667546477593568
,23.932639835308585
,23.468726459307298
,23.534999798736052
,24.0651865141661
,23.800093156451076
,23.534999798736052
,24.19773319302361
,25.125559945026183
,24.59537322959614
,25.58947332102747
,24.993013266168674
,24.59537322959614
,24.529099890167387
,24.19773319302361
,23.667546477593568
,23.00481308330601
,22.60717304673348
,23.203633101592274
,23.269906441021035
,22.651355273019313
,23.00481308330601
,22.40835302844721
,21.878166313017168
,21.480526276444635
,22.07698633130343
,21.679346294730898
,21.21543291872961
,21.149159579300857
,21.613072955302144
,22.143259670732192
,22.209533010160946
,21.811892973588414
,21.347979597587127
,23.269906441021035
,22.60717304673348
,22.07698633130343
,23.402453119878544
,23.402453119878544
,23.00481308330601
,22.40835302844721
,22.143259670732192
,21.613072955302144
,21.149159579300857
,21.149159579300857
,21.149159579300857
,21.149159579300857
,21.149159579300857
,21.149159579300857
,21.613072955302144
,22.07698633130343
,21.613072955302144
,21.281706258158366
,23.402453119878544
,22.872266404448496
,22.342079689018455
,21.811892973588414
,25.05928660559743
,24.462826550738633
,23.932639835308585
,26.119660036457518
,25.523199981598715
,26.583573412458804
,26.053386697028763
,25.65574666045623
,26.451026733601296
,26.185933375886272
,25.854566678742493
,26.31848005474378
,25.78829333931374
,25.258106623883698
,24.72791990845365
,24.330279871881118
,23.733819817022322
,23.00481308330601
,22.342079689018455
,21.679346294730898
,21.01661290044335
,20.353879506155792
,19.691146111868235
,19.22723273586695
,18.498226002150638
,17.968039286720597
,17.702945929005573
,17.17275921357553
,16.775119177003
,16.311205801001712
,15.91356576442918
,16.510025819287975
,16.046112443286688
,15.515925727856647
,14.919465672997845
,14.521825636425312
,14.256732278710288
,13.682363336994413
,14.12418559985278
,14.455552296996558
,14.12418559985278
,13.593998884422739
,12.931265490135182
,12.401078774705141
,12.268532095847625
,11.738345380417584
,11.274432004416298
,10.677971949557495
,10.214058573556208
,10.147785234127454
,10.015238555269946
,9.617598518697413
,9.15368514269612
,8.689771766694832
,8.2921317301223
,8.822318445552341
,8.424678408979808
,7.960765032978522
