Y(hoy),Y(ayer)
10.969517139061878,13.192908608921165
10.428692186933944,12.832358640835878
9.947958896153558,12.411717011403042
9.347042282678075,12.111258704665296
9.106675637287879,11.991075381970198
8.98649231459278,11.63052541388491
8.385575701117297,11.209883784452074
8.145209055727108,11.209883784452074
7.664475764946722,11.750708736580009
7.123650812818788,11.63052541388491
6.582825860690853,11.209883784452074
6.102092569910461,11.029608800409427
5.98190924721537,11.029608800409427
5.741542601825174,10.969517139061878
5.260809311044788,10.428692186933944
5.14062598834969,10.068142218848656
5.020442665654592,10.90942547771433
4.780076020264403,10.488783848281493
4.419526052179108,10.008050557501107
4.11906774544137,9.467225605373173
4.058976084093821,9.106675637287879
3.998884422746272,9.106675637287879
3.938792761398723,9.04658397594033
3.4580594706183376,8.565850685159944
3.1576011638805923,8.145209055727108
3.0374178411855013,7.784659087641813
2.9773261798379522,7.243834135513879
2.556684550405109,7.183742474166337
2.1961345823198215,7.303925796861428
2.7770206420127863,7.784659087641813
2.9773261798379522,7.303925796861428
2.9773261798379522,6.883284167428592
2.3764095663624687,6.402550876648206
2.1360429209722724,6.943375828776141
2.1360429209722724,6.462642537995755
2.1360429209722724,6.943375828776141
2.1360429209722724,6.222275892605559
2.1360429209722724,6.102092569910461
2.1360429209722724,6.102092569910461
2.1360429209722724,5.861725924520272
2.1360429209722724,5.421053741304917
2.0158595982771743,5.741542601825174
1.535126307496789,5.200717649697239
1.2346680007590507,5.020442665654592
1.8155540604520226,5.020442665654592
2.0759512596247234,5.080534327002141
2.0158595982771743,5.020442665654592
1.535126307496789,4.900259342959494
1.2346680007590507,4.419526052179108
1.7754929528869852,4.058976084093821
1.7754929528869852,4.058976084093821
1.2947596621065998,4.058976084093821
0.9943013553688544,4.058976084093821
1.094454124281441,4.419526052179108
1.8155540604520226,4.960351004307043
1.2947596621065998,4.780076020264403
2.0158595982771743,4.29934272948401
1.715401291539436,3.938792761398723
1.2947596621065998,3.4580594706183376
0.9943013553688544,3.0975095025330504
1.7754929528869852,3.818609438703625
1.2947596621065998,3.2777844865756904
2.0158595982771743,3.0975095025330504
1.4149429848016908,3.0975095025330504
1.0543930167164035,3.0975095025330504
1.1144846780639526,3.0975095025330504
1.535126307496789,3.0975095025330504
2.0158595982771743,3.0975095025330504
2.0158595982771743,3.818609438703625
1.535126307496789,3.3378761479232395
1.1144846780639526,3.698426116008534
1.8956762755820833,3.2777844865756904
1.2947596621065998,3.0975095025330504
2.1360429209722724,3.0975095025330504
2.0158595982771743,3.0975095025330504
1.4149429848016908,3.0975095025330504
0.9943013553688544,3.0975095025330504
1.535126307496789,3.0975095025330504
1.1745763394115016,3.1576011638805923
2.0158595982771743,3.698426116008534
2.1360429209722724,3.4580594706183376
2.1360429209722724,3.0975095025330504
2.1360429209722724,3.998884422746272
2.1360429209722724,4.058976084093821
2.1360429209722724,4.058976084093821
2.1360429209722724,4.11906774544137
2.536653996622597,4.780076020264403
2.857142857142854,4.29934272948401
3.3378761479232395,4.539709374874207
3.818609438703625,4.179159406788919
4.359434390831559,4.900259342959494
5.14062598834969,4.539709374874207
4.659892697569305,4.459587159744139
5.681450940477625,4.058976084093821
6.102092569910461,4.960351004307043
6.102092569910461,5.020442665654592
6.102092569910461,5.020442665654592
6.102092569910461,5.020442665654592
6.582825860690853,5.020442665654592
7.5843535498166545,5.080534327002141
7.063559151471239,5.200717649697239
6.222275892605559,5.741542601825174
8.385575701117297,6.102092569910461
8.98649231459278,5.501175956434977
9.527317266720715,5.260809311044788
9.988020003718589,5.98190924721537
10.66905883232414,6.102092569910461
10.188325541543747,6.102092569910461
12.351625350055492,6.102092569910461
11.8708920592751,6.703009183385944
11.390158768494715,6.222275892605559
13.072725286226067,6.8231925060810426
14.034191867786845,6.342459215300657
13.55345857700646,6.102092569910461
13.192908608921165,6.16218423125801
15.236025094737812,6.703009183385944
14.75529180395742,7.183742474166337
16.918591612469164,7.243834135513879
16.43785832168878,7.784659087641813
15.957125030908387,7.424109119556526
18.000241516725033,8.325484039769755
17.519508225944648,7.9048424103369115
18.12042483942013,8.746125669202591
17.519508225944648,9.106675637287879
17.158958257859354,9.467225605373173
19.802991357151484,9.82777557345846
19.3222580663711,9.286950621330526
18.841524775590706,9.707592250763362
20.524091293322066,9.347042282678075
21.00482458410245,10.068142218848656
21.725924520273026,10.068142218848656
21.24519122949264,9.707592250763362
24.12959097417496,9.347042282678075
23.588766022047025,9.707592250763362
23.16812439261419,9.347042282678075
22.687391101833803,10.068142218848656
22.206657811053418,10.428692186933944
26.292890782686705,10.969517139061878
25.812157491906312,11.149792123104525
25.331424201125927,11.63052541388491
24.85069091034554,12.051167043317747
28.69655723658863,12.351625350055492
28.095640623113148,12.832358640835878
27.73509065502786,12.411717011403042
27.254357364247475,12.952541963530976
26.77362407346709,12.471808672750583
29.477748834106762,13.192908608921165
30.018573786234697,13.192908608921165
30.61949039971018,13.613550238354001
31.58095698127095,14.034191867786845
31.100223690490566,14.875475126652518
33.263523499002304,14.394741835872132
32.782790208221925,14.51492515856723
32.30205691744153,14.154375190481943
34.02468454273792,14.75529180395742
35.907556598294434,15.115841772042714
35.30663998481895,15.776850046865746
34.94609001673366,15.356208417432903
34.46535672595327,16.197491676298583
34.10480675786798,16.918591612469164
38.07085640680617,16.55804164438387
37.59012311602579,16.47791942925381
37.1093898252454,17.27914158055445
36.628656534465016,17.880058194029935
40.474522860708106,17.4594165645971
39.87360624723262,17.940149855377484
39.513056279147335,17.519508225944648
39.03232298836694,18.42088314615787
38.551589697586564,18.841524775590706
42.03690605574437,18.36079148481032
41.556172764963975,19.38234972771864
41.19562279687869,18.841524775590706
41.67635608765907,20.34381630927942
41.19562279687869,19.802991357151484
42.157089378439466,20.884641261407353
41.79653941035417,20.524091293322066
42.157089378439466,20.16354132523677
42.157089378439466,20.524091293322066
41.556172764963975,21.30528289084019
40.9552561514885,20.884641261407353
40.474522860708106,21.725924520273026
40.11397289262282,22.507116117791156
41.01534781283604,22.08647448835832
40.474522860708106,22.98784940857154
41.476050549833914,23.408491038004385
42.03690605574437,23.88922432878477
41.43598944226888,23.468582699351927
40.9552561514885,23.648857683394574
40.35433953801301,23.288307715309287
40.11397289262282,24.430049280912705
40.17406455397037,24.00940765147987
40.594706183403204,24.85069091034554
40.11397289262282,24.249774296870058
41.19562279687869,23.648857683394574
41.67635608765907,23.288307715309287
42.03690605574437,24.97087423304064
41.375897780921335,24.369957619565156
40.9552561514885,26.112615798644057
40.35433953801301,25.571790846516123
39.87360624723262,26.05252413729651
39.27268963375714,25.571790846516123
39.0924146497145,25.091057555735738
39.03232298836694,24.610324264955345
38.551589697586564,24.12959097417496
38.07085640680617,23.648857683394574
37.59012311602579,23.288307715309287
37.2295731479405,25.812157491906312
38.07085640680617,25.391515862473476
37.710306438720885,24.85069091034554
38.07085640680617,24.490140942260254
37.59012311602579,25.331424201125927
36.9892065025503,24.730507587650443
36.50847321176992,24.12959097417496
36.26810656637973,23.648857683394574
35.907556598294434,23.10803273126664
35.42682330751405,23.468582699351927
34.94609001673366,24.00940765147987
34.46535672595327,24.12959097417496
34.10480675786798,24.369957619565156
34.94609001673366,24.85069091034554
34.52544838730083,24.610324264955345
34.46535672595327,24.249774296870058
33.864440112477794,25.091057555735738
33.6240734670876,24.730507587650443
33.263523499002304,25.631882507863672
32.66260688552683,26.05252413729651
32.42224024013663,25.451607523821025
31.941506949356246,25.812157491906312
31.70114030396605,27.07408238020483
31.380651443445792,26.533257428076894
32.06169027205134,26.172707459991607
31.58095698127095,28.035548961765606
30.980040367795475,27.49472400963767
30.73967372240528,28.275915607155795
30.37912375431999,28.69655723658863
29.778207140844508,28.215823945808246
29.53784049545431,27.614907332332763
29.177290527369024,27.254357364247475
28.69655723658863,28.035548961765606
28.275915607155795,27.614907332332763
28.936923881978828,28.095640623113148
28.51628225254599,27.975457300418057
28.69655723658863,27.49472400963767
28.215823945808246,27.01399071885728
28.336007268503344,26.533257428076894
28.936923881978828,26.112615798644057
28.396098929850893,25.571790846516123
27.85527397772296,25.21124087843083
27.374540686942574,25.93234081460141
27.134174041552377,25.571790846516123
27.975457300418057,25.091057555735738
27.614907332332763,24.610324264955345
28.155732284460697,24.12959097417496
28.456190591198443,23.648857683394574
28.095640623113148,23.16812439261419
28.97698498954386,22.567207779138705
29.177290527369024,22.32684113374851
28.57637391389354,22.927757747223993
27.975457300418057,22.507116117791156
27.554815670985214,21.846107842968124
27.01399071885728,21.24519122949264
26.413074105381796,20.824549600059804
27.975457300418057,20.34381630927942
27.49472400963767,19.923174679846582
27.01399071885728,19.562624711761288
26.533257428076894,19.14198308232845
26.172707459991607,18.781433114243164
27.73509065502786,18.36079148481032
27.254357364247475,17.940149855377484
28.255885053373277,17.39932490324955
27.73509065502786,17.098866596511805
28.936923881978828,17.880058194029935
28.936923881978828,17.4594165645971
28.336007268503344,17.158958257859354
28.215823945808246,16.678224967078968
28.736618344153662,16.257583337646132
28.81674055928373,16.077308353603485
28.336007268503344,16.077308353603485
29.8983904635396,16.49794998303632
29.357565511411664,16.077308353603485
28.936923881978828,16.918591612469164
28.456190591198443,16.43785832168878
29.8983904635396,16.017216692255936
29.297473850064115,15.516452847693031
29.057107204673926,15.115841772042714
29.057107204673926,16.017216692255936
28.81674055928373,16.077308353603485
28.456190591198443,16.077308353603485
27.85527397772296,15.5965750628231
27.374540686942574,15.115841772042714
30.61949039971018,16.798408289774066
30.138757108929795,16.197491676298583
29.71811547949696,15.716758385518197
29.177290527369024,17.4594165645971
28.69655723658863,17.880058194029935
28.215823945808246,17.39932490324955
27.73509065502786,16.978683273816713
27.254357364247475,16.43785832168878
31.100223690490566,17.519508225944648
30.980040367795475,16.918591612469164
30.499307077015082,18.12042483942013
30.018573786234697,18.841524775590706
31.380651443445792,18.48097480750542
30.859857045100377,18.36079148481032
30.37912375431999,17.759874871334837
32.06169027205134,17.339233241902
31.46077365857586,19.923174679846582
31.100223690490566,19.50253305041374
31.100223690490566,19.081891420980902
31.220407013185664,18.601158130200517
31.821323626661147,19.26216640502355
31.821323626661147,19.202074743676
31.340590335880762,19.3222580663711
30.73967372240528,20.103449663889222
30.499307077015082,19.682808034456386
30.138757108929795,20.524091293322066
29.71811547949696,21.06491624545
29.237382188716573,21.24519122949264
29.65802381814941,21.846107842968124
30.138757108929795,21.485557874882836
30.138757108929795,21.125007906797542
30.37912375431999,22.266749472400967
30.018573786234697,21.846107842968124
30.980040367795475,22.727452209398834
31.100223690490566,22.447024456443607
30.61949039971018,21.966291165663222
30.018573786234697,21.485557874882836
32.782790208221925,21.125007906797542
32.181873594746435,22.98784940857154
31.7612319653136,22.447024456443607
31.340590335880762,22.08647448835832
30.859857045100377,23.408491038004385
30.37912375431999,23.88922432878477
32.782790208221925,23.468582699351927
32.30205691744153,23.94931599013232
31.70114030396605,23.528674360699476
31.220407013185664,24.00940765147987
31.340590335880762,23.468582699351927
30.980040367795475,22.98784940857154
32.30205691744153,22.507116117791156
31.821323626661147,22.206657811053418
33.263523499002304,22.687391101833803
32.782790208221925,23.468582699351927
33.864440112477794,23.04794106991909
33.98462343517289,23.88922432878477
33.68416512843515,23.448552145569415
33.263523499002304,24.12959097417496
33.023156853612115,23.769041006089672
32.54242356283173,24.85069091034554
32.181873594746435,24.490140942260254
34.46535672595327,24.610324264955345
33.98462343517289,24.249774296870058
33.5038901443925,25.631882507863672
33.023156853612115,25.091057555735738
38.31122305219637,26.893807396162188
37.710306438720885,26.413074105381796
37.2295731479405,25.99243247594896
36.869023179855205,25.812157491906312
36.38828988907482,25.271332539778378
35.907556598294434,25.391515862473476
35.42682330751405,25.812157491906312
34.94609001673366,26.172707459991607
32.30205691744153,26.172707459991607
40.9552561514885,26.83371573481464
40.35433953801301,26.413074105381796
39.99378956992772,27.254357364247475
39.513056279147335,27.73509065502786
39.03232298836694,28.095640623113148
43.118555960000236,28.095640623113148
42.637822669219844,28.51628225254599
42.157089378439466,29.417657172759213
41.67635608765907,28.936923881978828
42.03690605574437,29.8983904635396
41.556172764963975,29.417657172759213
41.13553113553114,28.936923881978828
42.03690605574437,28.456190591198443
41.556172764963975,29.8983904635396
41.31580611957378,28.095640623113148
40.8350728287934,31.941506949356246
40.35433953801301,31.340590335880762
39.75342292453753,30.859857045100377
39.27268963375714,30.37912375431999
38.8520480043243,32.06169027205134
38.31122305219637,31.6410486426185
37.830489761415976,31.100223690490566
37.3497564706356,30.61949039971018
39.27268963375714,30.138757108929795
38.731864681629204,29.65802381814941
40.9552561514885,29.117198866021475
40.474522860708106,29.477748834106762
40.05388123127527,29.8983904635396
40.474522860708106,29.477748834106762
39.99378956992772,28.997015543326377
39.39287295645224,28.69655723658863
38.79195634297675,28.275915607155795
38.31122305219637,27.85527397772296
37.710306438720885,27.49472400963767
37.1093898252454,27.01399071885728
36.628656534465016,26.533257428076894
36.14792324368463,26.05252413729651
37.63018422359082,25.571790846516123
37.1093898252454,25.091057555735738
36.628656534465016,24.610324264955345
38.832017450541784,24.249774296870058
38.31122305219637,24.730507587650443
39.99378956992772,24.12959097417496
39.513056279147335,23.528674360699476
39.03232298836694,22.927757747223993
38.19103972950127,22.32684113374851
37.59012311602579,21.725924520273026
37.16948148659295,21.24519122949264
37.04929816389785,20.884641261407353
36.50847321176992,20.28372464793187
36.02773992098953,19.863083018499033
35.54700663020914,19.3222580663711
34.94609001673366,18.901616436938255
34.46535672595327,18.36079148481032
33.98462343517289,18.12042483942013
33.5038901443925,18.000241516725033
33.14334017630721,17.39932490324955
34.10480675786798,16.798408289774066
33.5038901443925,16.197491676298583
34.745784478908504,15.716758385518197
34.94609001673366,15.296116756085361
34.46535672595327,15.957125030908387
33.864440112477794,15.53648340147555
33.3837068216974,14.875475126652518
32.66260688552683,14.635108481262328
32.42224024013663,14.274558513177034
32.06169027205134,13.67364189970155
31.46077365857586,13.253000270268714
31.220407013185664,14.094283529134394
30.859857045100377,13.67364189970155
30.258940431624893,14.034191867786845
30.018573786234697,13.433275254311361
29.65802381814941,12.832358640835878
29.237382188716573,12.351625350055492
29.71811547949696,12.832358640835878
31.100223690490566,12.411717011403042
30.61949039971018,12.111258704665296
30.138757108929795,12.111258704665296
33.023156853612115,12.111258704665296
32.54242356283173,11.930983720622649
32.12178193339889,11.510342091189813
31.58095698127095,11.089700461756976
32.782790208221925,11.029608800409427
32.30205691744153,10.789242155019231
32.06169027205134,10.188325541543747
31.46077365857586,10.068142218848656
31.040132029143017,9.587408928068264
31.100223690490566,9.106675637287879
30.67958206105773,9.106675637287879
30.198848770277344,9.507286712938203
33.023156853612115,11.189853230669556
32.54242356283173,10.66905883232414
32.12178193339889,10.188325541543747
31.58095698127095,12.872419748400908
31.100223690490566,12.351625350055492
30.61949039971018,11.8708920592751
34.986151124298694,14.51492515856723
34.46535672595327,14.034191867786845
33.98462343517289,13.55345857700646
33.5038901443925,
35.06627333942876,
34.58554004864837,
33.864440112477794,
33.3837068216974,
32.782790208221925,
32.30205691744153,
32.181873594746435,
32.30205691744153,
32.84288186956947,
33.78431789734773,
33.263523499002304,
34.94609001673366,
34.46535672595327,
34.70572337134347,
34.22499008056308,
33.98462343517289,
33.3837068216974,
32.84288186956947,
32.34211802500656,
33.023156853612115,
34.02468454273792,
33.5038901443925,
34.70572337134347,
34.94609001673366,
34.46535672595327,
33.98462343517289,
33.3837068216974,
32.902973530917016,
32.66260688552683,
32.30205691744153,
32.54242356283173,
32.181873594746435,
33.023156853612115,
33.5038901443925,
33.14334017630721,
34.46535672595327,
33.98462343517289,
35.42682330751405,
34.94609001673366,
35.907556598294434,
35.3667316461665,
34.94609001673366,
34.34517340325817,
34.10480675786798,
33.744256789782696,
33.14334017630721,
32.902973530917016,
32.42224024013663,
32.06169027205134,
32.06169027205134,
31.58095698127095,
31.220407013185664,
32.06169027205134,
31.58095698127095,
32.30205691744153,
32.782790208221925,
33.023156853612115,
32.54242356283173,
32.06169027205134,
31.58095698127095,
31.140284798055596,
32.06169027205134,
31.58095698127095,
31.220407013185664,
33.14334017630721,
32.54242356283173,
33.78431789734773,
34.50541783351831,
35.66718995290424,
35.18645666212386,
36.14792324368463,
36.14792324368463,
35.66718995290424,
35.06627333942876,
34.58554004864837,
33.98462343517289,
33.5038901443925,
33.14334017630721,
34.46535672595327,
34.94609001673366,
34.10480675786798,
34.46535672595327,
33.98462343517289,
33.5038901443925,
32.902973530917016,
32.42224024013663,
32.181873594746435,
33.14334017630721,
32.54242356283173,
33.744256789782696,
33.98462343517289,
33.5038901443925,
32.902973530917016,
32.66260688552683,
32.30205691744153,
31.821323626661147,
31.380651443445792,
32.06169027205134,
33.023156853612115,
32.54242356283173,
31.70114030396605,
33.023156853612115,
32.54242356283173,
32.181873594746435,
33.98462343517289,
33.5038901443925,
33.023156853612115,
32.54242356283173,
32.24196525609399,
32.782790208221925,
31.821323626661147,
31.340590335880762,
30.73967372240528,
30.258940431624893,
30.018573786234697,
29.65802381814941,
29.057107204673926,
30.859857045100377,
30.258940431624893,
29.8983904635396,
29.417657172759213,
30.859857045100377,
30.37912375431999,
29.778207140844508,
29.297473850064115,
29.177290527369024,
28.57637391389354,
28.035548961765606,
27.49472400963767,
26.893807396162188,
26.292890782686705,
25.812157491906312,
25.371485308690957,
26.05252413729651,
25.571790846516123,
25.331424201125927,
24.730507587650443,
24.249774296870058,
23.648857683394574,
23.04794106991909,
22.567207779138705,
22.04641338079329,
21.966291165663222,
21.485557874882836,
20.884641261407353,
20.403907970626967,
19.802991357151484,
19.3222580663711,
19.021799759633353,
19.081891420980902,
18.48097480750542,
18.240608162115223,
17.759874871334837,
17.27914158055445,
16.55804164438387,
16.197491676298583,
16.077308353603485,
15.716758385518197,
15.476391740128001,
14.995658449347616,
14.51492515856723,
14.154375190481943,
15.957125030908387,
15.53648340147555,
14.995658449347616,
14.51492515856723,
15.957125030908387,
15.53648340147555,
14.995658449347616,
14.57501681991478,
13.914008545091747,
13.433275254311361,
13.072725286226067,
14.034191867786845,
13.55345857700646,
13.253000270268714,
12.832358640835878,
12.231442027360394,
11.991075381970198,
11.63052541388491,
11.209883784452074,
10.789242155019231,
10.308508864238846,
10.068142218848656,
8.746125669202591,
8.265392378422206,
8.145209055727108,
8.325484039769755,
8.746125669202591,
