Y(hoy),Y(ayer)
9.02113846383861,5.773744831829596
9.087411803267365,5.773744831829596
9.087411803267365,5.707471492400835
9.087411803267365,5.177284776970794
8.623498427266078,4.713371400969507
8.027038372407276,4.713371400969507
7.364304978119726,4.713371400969507
6.9003916021184395,4.315731364396974
6.767844923260924,3.8518179883956876
6.569024904974661,3.255357933536885
6.303931547259637,2.5926245392493286
5.773744831829596,2.2612578421055503
5.177284776970794,1.7973444661042635
4.580824722111998,1.3334310901029767
4.05063800668195,1.399704429531738
3.6529979701094177,2.194984502676803
4.315731364396974,1.7973444661042635
4.315731364396974,1.664797787246755
3.6529979701094177,1.2671577506742295
3.5204512912519093,1.2671577506742295
3.3879046123944008,1.2008844112454682
3.1228112546793767,0.67069769581542
2.725171218106837,0.20678431981413326
2.3938045209630587,0.20678431981413326
2.46007786039182,0.20678431981413326
1.929891144961772,0.20678431981413326
1.399704429531738,0.20678431981413326
1.5322511083892465,-0.1908557167583922
2.194984502676803,-0.654769092759679
2.194984502676803,-0.8535891110459488
1.5322511083892465,-0.8535891110459488
1.2671577506742295,-0.8535891110459488
1.1346110718167068,-0.8535891110459488
0.47187767752916443,-0.8535891110459488
0.20678431981413326,-0.8535891110459488
0.20678431981413326,-0.8535891110459488
0.33933099867164174,-0.8535891110459488
0.9136999403875308,-0.8535891110459488
1.1346110718167068,-0.8535891110459488
0.47187767752916443,-1.2512291476184885
0.20678431981413326,-1.7151425236197753
0.20678431981413326,-1.913962541906045
0.20678431981413326,-1.8476892024772837
0.20678431981413326,-1.2512291476184885
0.20678431981413326,-1.7151425236197753
0.14051098038538612,-1.913962541906045
0.07423764095662477,-1.913962541906045
-0.45594907447342337,-1.913962541906045
-0.8535891110459488,-1.450049165904744
0.07423764095662477,-0.9198624504747102
-0.389675735044662,-0.8535891110459488
-0.5222224139021705,-0.8535891110459488
-0.8535891110459488,-1.2512291476184885
-0.8535891110459488,-1.8476892024772837
-0.7873157716172017,-1.7151425236197753
-0.1466734904725655,-1.11868246876098
-0.7210424321884403,-0.8535891110459488
0.07423764095662477,-0.8535891110459488
-0.5222224139021705,-0.8535891110459488
-0.5222224139021705,-0.8535891110459488
0.07423764095662477,-0.8535891110459488
-0.45594907447342337,-0.8535891110459488
-0.45594907447342337,-0.8535891110459488
-0.8535891110459488,-0.8535891110459488
-0.5884957533309318,-0.8535891110459488
0.07423764095662477,-0.8535891110459488
0.20678431981413326,-0.7210424321884403
0.20678431981413326,-0.1908557167583922
0.20678431981413326,0.20678431981413326
0.20678431981413326,0.6044243563866729
0.20678431981413326,1.2008844112454682
0.20678431981413326,1.399704429531738
0.20678431981413326,1.929891144961772
0.20678431981413326,2.3275311815343116
0.20678431981413326,3.1228112546793767
0.2730576592428946,2.5926245392493286
0.6044243563866729,2.8577178969643597
0.20678431981413326,2.990264575821868
1.1346110718167068,3.5867246306806635
1.3334310901029767,4.183184685539466
1.5985244478179936,5.1110114375420395
2.23916672896263,5.906291510687105
2.5926245392493286,6.436478226117146
2.990264575821868,6.834118262689678
3.5204512912519093,7.231758299262211
3.6529979701094177,7.629398335834743
3.5867246306806635,9.087411803267365
4.05063800668195,8.689771766694832
4.580824722111998,10.147785234127454
5.707471492400835,9.750145197554922
6.171384868402129,11.47325202270256
7.894491693549767,10.94306530727252
7.231758299262211,12.798718811277674
6.569024904974661,13.859092242137756
10.412878591842478,15.184559030712869
10.015238555269946,16.510025819287975
11.47325202270256,16.112385782715442
17.570399250148064,18.100585965578105
18.630772681008153,17.570399250148064
18.23313264443562,18.962139378151925
18.630772681008153,18.498226002150638
18.100585965578105,19.160959396438194
19.160959396438194,19.82369279072575
18.763319359865662,21.54679961587339
21.01661290044335,21.01661290044335
22.342079689018455,20.618972863870816
21.811892973588414,23.13735976216352
24.19773319302361,22.60717304673348
23.667546477593568,22.07698633130343
26.31848005474378,24.993013266168674
25.78829333931374,24.462826550738633
25.390653302741207,23.932639835308585
29.035686971322754,27.37885348560387
28.43922691646396,26.84866677017383
27.90904020103391,26.31848005474378
27.37885348560387,25.920840018171248
30.55997377818413,29.764693705039065
30.02978706275409,29.234506989609024
29.49960034732404,28.704320274178976
31.885440566759243,28.174133558748935
31.355253851329195,31.090160493614178
30.957613814756662,30.55997377818413
33.07836067647684,30.162333741611597
36.39202764791461,31.885440566759243
35.99438761134208,31.48780053018671
38.247681151919764,33.21090735533435
37.717494436489716,32.81326731876182
40.10333465592491,34.66892082276697
39.57314794049488,34.13873410733692
41.95898815993007,36.92221436334465
41.428801444500024,36.39202764791461
43.32863717479101,35.86184093248457
44.079735021650244,38.77786786734981
43.48327496679144,38.247681151919764
43.81464166393522,37.717494436489716
43.28445494850518,40.63352137135496
42.62172155421762,40.10333465592491
42.3566281965026,39.57314794049488
41.95898815993007,42.75426823307514
41.296254765642516,42.22408151764509
41.03116140792749,41.69389480221505
40.63352137135496,41.296254765642516
40.10333465592491,44.411101718794015
39.90451463763865,43.81464166393522
39.838241298209894,43.41700162736269
39.37432792220861,44.87501509479531
38.976687885636075,45.40520181022535
38.38022783077727,46.200481883370415
37.717494436489716,45.80284184679789
37.054761042202166,45.9353885256554
36.458300987343364,45.40520181022535
35.86184093248457,44.74246841593779
36.524574326772125,44.079735021650244
35.86184093248457,43.41700162736269
36.657121005629634,43.28445494850518
35.99438761134208,43.019361590790155
35.53047423534079,42.55544821478887
35.53047423534079,41.95898815993007
35.0665608593395,41.296254765642516
34.536374143909455,40.76606805021247
34.006187428479414,40.36842801363994
33.47600071304937,39.90451463763865
32.945813997619325,39.44060126163736
32.283080603331776,39.10923456449358
31.752893887901728,39.639421279923624
31.28898051190044,40.16960799535367
32.15053392447426,40.63352137135496
31.62034720904422,41.03116140792749
32.283080603331776,40.898614729069976
32.283080603331776,40.43470135306869
32.216807263903014,39.9707879770674
32.15053392447426,39.838241298209894
31.62034720904422,39.17550790392234
31.090160493614178,38.91041454620732
30.42742709932662,38.51277450963478
29.963513723325335,37.98258779420474
29.89724038389658,37.31985439991719
29.632147026181556,36.92221436334465
29.101960310751508,37.58494775763221
28.83686695303649,37.054761042202166
28.969413631894,37.58494775763221
29.49960034732404,36.98848770277341
29.89724038389658,36.524574326772125
29.101960310751508,35.72929425362706
28.969413631894,35.0665608593395
28.571773595321467,34.60264748333822
27.776493522176402,33.873640749621906
28.174133558748935,33.34345403419186
27.776493522176402,32.945813997619325
28.704320274178976,32.48190062161804
28.174133558748935,32.283080603331776
28.748502500464816,32.283080603331776
28.174133558748935,31.752893887901728
28.969413631894,31.222707172471686
28.969413631894,30.957613814756662
29.234506989609024,30.294880420469113
28.83686695303649,29.89724038389658
29.89724038389658,29.234506989609024
30.55997377818413,27.643946843318894
31.090160493614178,27.113760127888845
30.42742709932662,27.710220182747648
29.963513723325335,27.776493522176402
30.294880420469113,27.776493522176402
29.89724038389658,27.776493522176402
30.825067135899154,27.37885348560387
30.55997377818413,26.914940109602583
30.096060402182843,27.37885348560387
31.222707172471686,26.981213449031337
30.692520457041645,28.24040689817769
31.929622793045077,27.776493522176402
31.885440566759243,28.704320274178976
31.355253851329195,28.24040689817769
31.023887154185417,27.776493522176402
31.090160493614178,27.24630680674636
31.134342719900012,26.84866677017383
31.929622793045077,28.571773595321467
31.48780053018671,27.90904020103391
31.752893887901728,27.37885348560387
31.28898051190044,28.770593613607737
32.15053392447426,28.24040689817769
31.62034720904422,27.90904020103391
31.156433833042932,28.571773595321467
30.648338230755805,28.306680237606443
29.89724038389658,27.90904020103391
31.885440566759243,28.770593613607737
31.355253851329195,28.306680237606443
32.68072063990431,29.035686971322754
33.21090735533435,29.565873686752802
32.74699397933306,30.02978706275409
32.34935394276053,30.825067135899154
32.98999622390516,30.42742709932662
33.21090735533435,30.42742709932662
32.68072063990431,30.162333741611597
32.01798724561675,30.7587937964704
31.48780053018671,30.02978706275409
31.222707172471686,30.361153759897867
32.283080603331776,30.825067135899154
31.62034720904422,30.339062646754947
32.98999622390516,30.825067135899154
33.21090735533435,31.090160493614178
32.68072063990431,30.42742709932662
32.283080603331776,30.162333741611597
33.21090735533435,30.957613814756662
32.68072063990431,31.222707172471686
33.34345403419186,31.222707172471686
33.21090735533435,31.355253851329195
32.68072063990431,31.885440566759243
32.283080603331776,32.216807263903014
34.27128078619444,31.752893887901728
33.80736741019315,31.355253851329195
34.867740841053234,32.45980950847512
35.464200895912036,31.885440566759243
35.72929425362706,33.21090735533435
36.39202764791461,32.15053392447426
36.2594809690571,31.62034720904422
35.72929425362706,31.222707172471686
36.657121005629634,32.15053392447426
36.126934290199586,31.752893887901728
37.25358106048843,33.07836067647684
37.717494436489716,32.54817396104679
37.717494436489716,33.34345403419186
37.25358106048843,33.34345403419186
36.72339434505839,33.74109407076439
36.657121005629634,34.66892082276697
37.187307721059675,34.13873410733692
37.85004111534723,35.92811427191332
38.55695673592062,35.33165421705452
39.308054582779846,36.2594809690571
43.019361590790155,35.6630209141983
42.48917487536011,35.19910753819701
45.40520181022535,34.80146750162448
44.87501509479531,35.39792755648328
44.411101718794015,36.92221436334465
43.81464166393522,36.458300987343364
43.41700162736269,35.86184093248457
44.87501509479531,35.464200895912036
44.411101718794015,39.04296122506483
44.34482837936527,38.51277450963478
43.68209498507771,37.98258779420474
43.28445494850518,37.4524010787747
43.28445494850518,41.428801444500024
43.81464166393522,40.76606805021247
44.34482837936527,39.705694619352386
43.68209498507771,42.48917487536011
43.085634930218916,42.09153483878758
42.55544821478887,43.28445494850518
42.22408151764509,43.019361590790155
41.69389480221505,42.55544821478887
41.296254765642516,42.09153483878758
40.898614729069976,41.56134812335753
40.36842801363994,41.16370808678501
40.23588133478243,42.02526149935882
40.76606805021247,41.56134812335753
40.898614729069976,42.48917487536011
40.43470135306869,43.019361590790155
39.838241298209894,42.55544821478887
39.2417812433511,42.02526149935882
38.51277450963478,41.428801444500024
37.98258779420474,41.03116140792749
37.31985439991719,40.63352137135496
36.657121005629634,40.037061316496164
36.126934290199586,40.23588133478243
35.72929425362706,41.95898815993007
35.0665608593395,41.49507478392878
34.66892082276697,41.03116140792749
33.60854739190688,40.63352137135496
33.2771806947631,39.9707879770674
32.74699397933306,39.44060126163736
32.15053392447426,38.976687885636075
30.957613814756662,38.51277450963478
29.49960034732404,37.98258779420474
28.969413631894,37.58494775763221
28.63804693475022,37.187307721059675
28.174133558748935,36.657121005629634
27.511400164461378,36.126934290199586
27.113760127888845,35.596747574769545
26.981213449031337,35.0665608593395
26.716120091316313,34.536374143909455
26.716120091316313,35.19910753819701
26.64984675188756,34.80146750162448
26.31848005474378,33.74109407076439
25.832475565599573,32.945813997619325
26.716120091316313,32.54817396104679
26.185933375886272,32.15053392447426
27.37885348560387,31.090160493614178
27.90904020103391,29.764693705039065
28.969413631894,29.234506989609024
28.174133558748935,28.571773595321467
27.37885348560387,27.90904020103391
26.84866677017383,27.37885348560387
26.84866677017383,26.84866677017383
27.37885348560387,26.185933375886272
27.842766861605156,25.65574666045623
28.483409142749792,26.053386697028763
29.764693705039065,26.583573412458804
29.16823365018027,26.981213449031337
29.49960034732404,27.37885348560387
28.969413631894,27.776493522176402
29.49960034732404,27.710220182747648
29.057778084465674,27.37885348560387
28.969413631894,26.981213449031337
28.969413631894,27.710220182747648
28.969413631894,27.24630680674636
28.969413631894,28.24040689817769
28.969413631894,28.704320274178976
28.969413631894,29.632147026181556
28.969413631894,29.101960310751508
29.54378257360988,29.49960034732404
30.825067135899154,28.969413631894
30.22860708104035,27.842766861605156
30.825067135899154,27.776493522176402
30.162333741611597,27.776493522176402
29.89724038389658,28.24040689817769
29.49960034732404,29.300780329037778
28.969413631894,28.704320274178976
29.565873686752802,30.361153759897867
30.02978706275409,29.764693705039065
30.02978706275409,30.825067135899154
30.02978706275409,30.55997377818413
30.02978706275409,30.162333741611597
29.69842036561031,30.02978706275409
29.101960310751508,30.294880420469113
28.969413631894,30.825067135899154
29.49960034732404,31.686620548472973
30.02978706275409,31.222707172471686
30.294880420469113,32.01798724561675
29.89724038389658,31.42152719075795
30.869249362184988,30.957613814756662
31.090160493614178,30.42742709932662
30.626247117612884,30.162333741611597
30.096060402182843,30.825067135899154
30.626247117612884,30.42742709932662
31.090160493614178,31.686620548472973
30.957613814756662,31.222707172471686
30.692520457041645,32.15053392447426
30.162333741611597,32.68072063990431
29.49960034732404,33.873640749621906
28.83686695303649,33.21090735533435
30.294880420469113,35.11074308562534
29.764693705039065,34.536374143909455
29.234506989609024,34.80146750162448
31.090160493614178,34.27128078619444
29.89724038389658,33.74109407076439
29.367053668466532,33.2771806947631
28.969413631894,32.68072063990431
29.89724038389658,32.283080603331776
29.234506989609024,32.81326731876182
31.090160493614178,32.283080603331776
30.55997377818413,34.050369654765255
31.951713906187997,33.47600071304937
32.283080603331776,33.74109407076439
32.216807263903014,33.34345403419186
32.01798724561675,32.945813997619325
31.752893887901728,32.34935394276053
31.222707172471686,32.283080603331776
30.55997377818413,32.74699397933306
30.096060402182843,32.283080603331776
30.692520457041645,33.21090735533435
33.74109407076439,33.74109407076439
34.27128078619444,34.33755412562319
34.27128078619444,34.40382746505195
33.74109407076439,34.27128078619444
33.07836067647684,33.80736741019315
32.81326731876182,33.34345403419186
32.415627282189284,33.34345403419186
31.885440566759243,33.2771806947631
31.355253851329195,32.74699397933306
32.15053392447426,32.283080603331776
31.62034720904422,32.01798724561675
31.222707172471686,31.355253851329195
32.15053392447426,30.891340475327908
31.48780053018671,30.294880420469113
30.891340475327908,32.01798724561675
30.294880420469113,31.355253851329195
29.632147026181556,30.825067135899154
28.969413631894,32.415627282189284
28.43922691646396,33.52018293933521
27.776493522176402,32.945813997619325
27.511400164461378,34.13873410733692
27.113760127888845,33.54227405247813
26.583573412458804,33.34345403419186
26.185933375886272,33.34345403419186
25.523199981598715,32.945813997619325
24.993013266168674,32.283080603331776
24.529099890167387,32.01798724561675
24.330279871881118,31.62034720904422
23.800093156451076,31.222707172471686
23.534999798736052,31.222707172471686
23.13735976216352,32.415627282189284
22.60717304673348,32.01798724561675
22.165350783875112,32.945813997619325
22.342079689018455,32.415627282189284
21.679346294730898,31.752893887901728
21.01661290044335,31.28898051190044
20.353879506155792,32.01798724561675
20.088786148440768,31.62034720904422
19.95623946958326,31.355253851329195
19.42605275415322,30.825067135899154
18.89586603872317,30.294880420469113
18.23313264443562,29.764693705039065
17.437852571290556,29.234506989609024
17.17275921357553,28.571773595321467
16.775119177003,27.90904020103391
16.112385782715442,28.770593613607737
15.847292425000418,28.306680237606443
15.317105709570377,29.234506989609024
15.052012351855353,29.89724038389658
14.65437231528282,29.89724038389658
13.991638920995271,29.49960034732404
13.527725544993984,28.969413631894
13.395178866136469,28.43922691646396
13.196358847850206,27.90904020103391
12.931265490135182,27.37885348560387
12.401078774705141,26.981213449031337
11.738345380417584,26.31848005474378
11.274432004416298,25.78829333931374
11.47325202270256,25.258106623883698
11.075611986130028,24.72791990845365
12.003438738132608,24.19773319302361
,23.733819817022322
,23.203633101592274
,22.739719725590987
,22.342079689018455
,21.679346294730898
,21.01661290044335
,20.353879506155792
,19.558599433010727
,19.028412717580686
,18.630772681008153
,18.100585965578105
,17.63667258957682
,16.907665855860508
,16.775119177003
,17.040212534718023
,17.570399250148064
,17.040212534718023
,16.377479140430466
,15.71474574614291
,15.250832370141623
,14.65437231528282
,14.190458939281534
,13.593998884422739
,13.461452205565223
,13.06381216899269
,12.467352114133895
,12.268532095847625
,11.804618719846339
,11.208158664987543
,10.545425270699987
,10.015238555269946
,9.396687387268223
,10.015238555269946
