Y(hoy),Y(ayer)
3.5867246306806635,3.3879046123944008
3.5204512912519093,2.990264575821868
2.990264575821868,2.5263511998205814
2.46007786039182,2.2612578421055503
2.46007786039182,1.7310711266755163
2.3275311815343116,1.2671577506742295
2.0624378238192946,1.2671577506742295
1.5985244478179936,1.2671577506742295
1.2671577506742295,0.7369710352441814
1.1346110718167068,0.20678431981413326
0.5381510169579116,0.20678431981413326
0.20678431981413326,0.20678431981413326
-0.8535891110459488,0.20678431981413326
-0.8535891110459488,0.20678431981413326
-0.9861357899034573,-0.3234023956159007
-1.9802358813347922,-0.8535891110459488
-2.179055899621062,-0.8535891110459488
-2.1127825601923007,-0.8535891110459488
-2.179055899621062,-0.8535891110459488
-1.5163225053335054,-0.8535891110459488
-0.9861357899034573,-1.2512291476184885
-0.5884957533309318,-1.8476892024772837
-0.05830903790088371,-1.913962541906045
2.8577178969643597,-1.7814158630485224
3.3879046123944008,-1.2512291476184885
3.6529979701094177,-1.7814158630485224
5.972564850115859,-1.913962541906045
5.508651474114572,-1.450049165904744
6.436478226117146,-0.9861357899034573
16.244932461572958,-1.5163225053335054
18.431952662721883,-1.913962541906045
17.30530589243304,-1.383775826475997
16.907665855860508,-1.913962541906045
18.962139378151925,-0.8535891110459488
19.293506075295703,-0.8535891110459488
21.54679961587339,-0.8535891110459488
23.402453119878544,-0.8535891110459488
22.872266404448496,-0.8535891110459488
25.258106623883698,-0.7210424321884403
24.72791990845365,0.07423764095662477
26.84866677017383,0.20678431981413326
26.451026733601296,0.8695177141016899
30.825067135899154,1.5322511083892465
30.42742709932662,2.0624378238192946
32.15053392447426,2.3275311815343116
31.752893887901728,2.7914445575355984
33.07836067647684,3.255357933536885
42.75426823307514,4.05063800668195
42.22408151764509,4.845918079827015
44.21228170050775,6.436478226117146
43.81464166393522,5.906291510687105
43.41700162736269,6.834118262689678
42.75426823307514,7.496851656977235
41.95898815993007,8.557225087837324
41.49507478392878,9.485051839839898
41.097434747356246,10.147785234127454
41.03116140792749,11.47325202270256
39.9707879770674,11.075611986130028
40.50097469249745,13.06381216899269
40.898614729069976,12.666172132420158
40.43470135306869,14.919465672997845
40.037061316496164,14.389278957567804
40.23588133478243,16.775119177003
40.898614729069976,16.244932461572958
40.43470135306869,17.570399250148064
40.94279695535582,17.17275921357553
41.95898815993007,17.968039286720597
41.428801444500024,18.36567932329313
40.10333465592491,19.160959396438194
38.77786786734981,19.82369279072575
38.247681151919764,22.342079689018455
37.78376777591848,21.811892973588414
37.717494436489716,21.281706258158366
37.25358106048843,20.884066221585833
36.72339434505839,24.19773319302361
36.657121005629634,23.667546477593568
36.126934290199586,23.13735976216352
35.464200895912036,26.053386697028763
35.19910753819701,25.523199981598715
34.80146750162448,24.993013266168674
34.27128078619444,27.113760127888845
33.60854739190688,28.174133558748935
33.34345403419186,29.49960034732404
33.2771806947631,30.825067135899154
33.21090735533435,30.42742709932662
32.74699397933306,31.885440566759243
32.54817396104679,31.48780053018671
32.01798724561675,33.60854739190688
32.283080603331776,33.07836067647684
29.963513723325335,32.54817396104679
30.02978706275409,35.33165421705452
29.49960034732404,34.80146750162448
28.969413631894,36.92221436334465
30.294880420469113,36.524574326772125
29.764693705039065,38.247681151919764
30.825067135899154,37.85004111534723
30.825067135899154,39.838241298209894
30.162333741611597,39.308054582779846
30.02978706275409,41.69389480221505
29.49960034732404,41.16370808678501
29.8088759313249,43.61582164564895
29.367053668466532,43.019361590790155
30.02978706275409,42.62172155421762
30.162333741611597,44.01346168222149
29.057778084465674,43.41700162736269
29.89724038389658,43.019361590790155
29.234506989609024,42.48917487536011
30.162333741611597,42.09153483878758
29.89724038389658,41.69389480221505
28.83686695303649,41.03116140792749
30.957613814756662,40.36842801363994
29.83096704446782,39.705694619352386
29.234506989609024,39.17550790392234
29.764693705039065,40.36842801363994
28.969413631894,39.838241298209894
30.02978706275409,40.898614729069976
31.090160493614178,40.50097469249745
31.156433833042932,39.9707879770674
30.648338230755805,39.57314794049488
30.55997377818413,38.976687885636075
31.090160493614178,39.10923456449358
30.957613814756662,39.57314794049488
30.42742709932662,39.9707879770674
30.096060402182843,40.23588133478243
29.632147026181556,40.898614729069976
31.090160493614178,40.10333465592491
30.55997377818413,38.976687885636075
30.096060402182843,38.38022783077727
28.83686695303649,37.85004111534723
30.42742709932662,37.4524010787747
29.89724038389658,36.78966768448714
31.090160493614178,36.59084766620087
31.090160493614178,36.2594809690571
31.62034720904422,35.72929425362706
31.222707172471686,35.33165421705452
32.15053392447426,34.93401418048199
32.15053392447426,34.536374143909455
31.62034720904422,34.13873410733692
31.222707172471686,33.74109407076439
31.023887154185417,33.21090735533435
31.134342719900012,32.68072063990431
32.283080603331776,32.283080603331776
32.74699397933306,32.283080603331776
33.21090735533435,32.283080603331776
33.40972737362062,32.283080603331776
33.80736741019315,31.090160493614178
33.34345403419186,30.361153759897867
34.40382746505195,30.825067135899154
35.0665608593395,30.294880420469113
35.72929425362706,29.764693705039065
36.39202764791461,29.101960310751508
35.68511202734122,29.54378257360988
36.39202764791461,29.234506989609024
34.93401418048199,28.704320274178976
34.4701008044807,28.174133558748935
34.80146750162448,27.776493522176402
34.40382746505195,28.770593613607737
35.86184093248457,28.306680237606443
35.33165421705452,28.83686695303649
38.247681151919764,28.83686695303649
37.717494436489716,29.300780329037778
40.36842801363994,29.764693705039065
39.838241298209894,29.101960310751508
39.308054582779846,28.306680237606443
43.41700162736269,27.776493522176402
41.03116140792749,28.43922691646396
40.43470135306869,29.300780329037778
39.57314794049488,28.83686695303649
39.04296122506483,29.764693705039065
39.9707879770674,29.101960310751508
39.44060126163736,30.02978706275409
40.63352137135496,29.632147026181556
40.96488806849874,30.692520457041645
40.50097469249745,30.294880420469113
40.10333465592491,30.825067135899154
39.57314794049488,30.339062646754947
39.17550790392234,30.692520457041645
39.838241298209894,30.162333741611597
39.308054582779846,30.02978706275409
38.51277450963478,29.89724038389658
37.98258779420474,29.49960034732404
37.717494436489716,29.101960310751508
38.77786786734981,29.69842036561031
38.247681151919764,29.234506989609024
39.44060126163736,29.89724038389658
39.838241298209894,29.632147026181556
39.308054582779846,29.16823365018027
38.77786786734981,29.89724038389658
38.38022783077727,30.02978706275409
34.80146750162448,30.692520457041645
34.40382746505195,30.02978706275409
34.006187428479414,31.355253851329195
33.60854739190688,32.01798724561675
34.27128078619444,31.554073869615465
33.80736741019315,32.216807263903014
33.74109407076439,31.752893887901728
32.15053392447426,32.15053392447426
31.62034720904422,31.48780053018671
31.090160493614178,31.885440566759243
30.55997377818413,32.216807263903014
30.02978706275409,31.885440566759243
29.49960034732404,31.42152719075795
29.764693705039065,31.951713906187997
29.367053668466532,31.48780053018671
30.294880420469113,32.415627282189284
31.156433833042932,32.945813997619325
31.090160493614178,33.74109407076439
30.42742709932662,33.34345403419186
29.764693705039065,34.27128078619444
29.234506989609024,35.19910753819701
28.83686695303649,34.66892082276697
31.090160493614178,34.93401418048199
30.55997377818413,34.13873410733692
29.632147026181556,33.74109407076439
31.686620548472973,33.21090735533435
32.283080603331776,32.74699397933306
32.98999622390516,32.415627282189284
33.21090735533435,34.006187428479414
32.54817396104679,33.47600071304937
32.283080603331776,32.945813997619325
32.415627282189284,35.596747574769545
32.98999622390516,35.0665608593395
33.47600071304937,34.536374143909455
33.07836067647684,39.04296122506483
34.050369654765255,38.51277450963478
35.33165421705452,37.98258779420474
34.80146750162448,37.4524010787747
35.0665608593395,40.898614729069976
34.536374143909455,40.36842801363994
35.33165421705452,39.705694619352386
34.867740841053234,42.48917487536011
34.66892082276697,41.95898815993007
34.40382746505195,43.15190826964766
34.4701008044807,42.48917487536011
35.11074308562534,41.428801444500024
34.536374143909455,40.36842801363994
35.596747574769545,39.9707879770674
35.596747574769545,40.43470135306869
35.0665608593395,40.96488806849874
34.536374143909455,40.96488806849874
35.0665608593395,40.36842801363994
35.464200895912036,39.57314794049488
35.90602315877041,39.04296122506483
37.4524010787747,38.38022783077727
36.524574326772125,37.916314454775986
38.77786786734981,38.51277450963478
38.247681151919764,38.91041454620732
37.85004111534723,39.44060126163736
37.187307721059675,40.43470135306869
36.78966768448714,40.898614729069976
36.43620987420045,40.43470135306869
35.86184093248457,39.838241298209894
35.464200895912036,39.308054582779846
36.657121005629634,38.77786786734981
35.99438761134208,38.247681151919764
35.72929425362706,36.92221436334465
35.19910753819701,36.39202764791461
35.26538087762577,35.0665608593395
34.867740841053234,34.536374143909455
35.33165421705452,34.006187428479414
34.80146750162448,33.40972737362062
35.596747574769545,33.34345403419186
35.19910753819701,33.34345403419186
36.657121005629634,32.81326731876182
36.126934290199586,31.752893887901728
36.78966768448714,31.222707172471686
35.72929425362706,30.55997377818413
34.60264748333822,30.02978706275409
35.33165421705452,29.49960034732404
34.867740841053234,28.969413631894
35.33165421705452,28.83686695303649
34.66892082276697,29.234506989609024
33.873640749621906,30.692520457041645
33.21090735533435,30.02978706275409
32.68072063990431,29.632147026181556
32.283080603331776,30.294880420469113
32.68072063990431,29.83096704446782
32.283080603331776,29.300780329037778
33.34345403419186,29.49960034732404
34.050369654765255,29.89724038389658
34.40382746505195,30.294880420469113
33.47600071304937,31.156433833042932
33.01208733704808,30.692520457041645
32.415627282189284,31.686620548472973
31.885440566759243,32.01798724561675
30.55997377818413,31.48780053018671
30.096060402182843,31.090160493614178
30.55997377818413,30.55997377818413
30.42742709932662,30.096060402182843
30.02978706275409,30.096060402182843
30.02978706275409,30.626247117612884
29.367053668466532,31.090160493614178
28.83686695303649,31.951713906187997
27.842766861605156,31.48780053018671
27.776493522176402,32.48190062161804
28.041586879891426,32.945813997619325
28.483409142749792,33.34345403419186
28.704320274178976,32.945813997619325
28.041586879891426,32.415627282189284
27.24630680674636,31.951713906187997
26.981213449031337,31.42152719075795
26.583573412458804,31.28898051190044
25.920840018171248,32.216807263903014
25.65574666045623,31.752893887901728
25.125559945026183,32.74699397933306
24.462826550738633,33.07836067647684
23.800093156451076,32.48190062161804
23.13735976216352,32.945813997619325
22.673446386162233,32.54817396104679
21.944439652445922,33.34345403419186
21.679346294730898,34.006187428479414
21.281706258158366,33.60854739190688
20.81779288215708,35.0665608593395
20.221332827298284,34.536374143909455
19.558599433010727,36.126934290199586
18.962139378151925,36.524574326772125
18.36567932329313,36.78966768448714
17.702945929005573,37.4524010787747
17.040212534718023,36.92221436334465
17.570399250148064,36.39202764791461
17.040212534718023,35.99438761134208
17.30530589243304,35.33165421705452
16.775119177003,34.80146750162448
16.64257249814549,34.4701008044807
16.377479140430466,35.0665608593395
15.979839103857934,34.66892082276697
15.317105709570377,34.13873410733692
15.052012351855353,33.60854739190688
14.65437231528282,35.26538087762577
14.190458939281534,34.80146750162448
13.593998884422739,34.40382746505195
13.06381216899269,34.536374143909455
12.401078774705141,34.40382746505195
11.738345380417584,34.66892082276697
11.274432004416298,35.19910753819701
11.208158664987543,35.86184093248457
10.74424528898625,36.524574326772125
10.214058573556208,36.126934290199586
9.683871858126167,35.19910753819701
9.087411803267365,34.66892082276697
8.954865124409856,34.006187428479414
8.689771766694832,33.54227405247813
8.336313956408134,34.13873410733692
8.822318445552341,33.873640749621906
8.2921317301223,33.47600071304937
,34.006187428479414
,34.40382746505195
,34.006187428479414
,33.47600071304937
,32.945813997619325
,32.15053392447426
,31.62034720904422
,31.222707172471686
,31.885440566759243
,32.74699397933306
,32.283080603331776
,33.21090735533435
,33.873640749621906
,34.13873410733692
,33.60854739190688
,33.21090735533435
,32.81326731876182
,32.415627282189284
,31.885440566759243
,31.222707172471686
,31.222707172471686
,31.222707172471686
,30.957613814756662
,30.294880420469113
,29.83096704446782
,29.234506989609024
,28.174133558748935
,27.445126825032624
,26.914940109602583
,26.716120091316313
,27.24630680674636
,27.37885348560387
,26.84866677017383
,26.384753394172535
,25.722019999884985
,25.523199981598715
,24.860466587311166
,24.19773319302361
,23.534999798736052
,22.872266404448496
,22.40835302844721
,21.811892973588414
,21.149159579300857
,20.618972863870816
,20.221332827298284
,19.757419451296997
,19.22723273586695
,18.763319359865662
,18.36567932329313
,17.901765947291842
,17.570399250148064
,17.040212534718023
,16.57629915871673
,15.979839103857934
,15.317105709570377
,14.588098975854066
,14.521825636425312
,13.991638920995271
,13.461452205565223
,13.06381216899269
,12.599898792991404
,12.135985416990117
,11.738345380417584
,11.208158664987543
,10.74424528898625
,10.214058573556208
,10.015238555269946
,9.352505160982389
,8.888591784981102
,8.557225087837324
,8.159585051264791
,7.761945014692259
,7.298031638690972
,6.966664941547194
,7.629398335834743
,7.894491693549767
