Y(hoy),Y(ayer)
2.0759512596247234,1.1745763394115016
1.535126307496789,1.1745763394115016
0.6337513872835672,0.45347640324092
0.21310975785073083,0.5736597259360181
0.5736597259360181,1.2947596621065998
1.1144846780639526,2.1360429209722724
1.1745763394115016,2.1360429209722724
1.8355846142345342,2.1360429209722724
1.535126307496789,2.1360429209722724
1.1144846780639526,2.1360429209722724
1.0543930167164035,2.1360429209722724
1.0543930167164035,2.496592889057567
1.3548513234541488,3.0374178411855013
0.9342096940213054,3.0975095025330504
1.8355846142345342,3.5782427933134358
2.2562262436673706,3.0975095025330504
2.797051195795305,4.419526052179108
3.4580594706183376,5.020442665654592
3.938792761398723,5.020442665654592
5.501175956434977,5.441084295087435
5.98190924721537,5.861725924520272
6.222275892605559,6.222275892605559
5.6213592791300755,6.582825860690853
5.200717649697239,7.303925796861428
5.861725924520272,8.746125669202591
5.380992633739886,8.265392378422206
6.462642537995755,9.106675637287879
8.325484039769755,9.347042282678075
7.9048424103369115,9.82777557345846
8.746125669202591,10.548875509629042
12.351625350055492,11.149792123104525
11.991075381970198,12.832358640835878
13.55345857700646,12.351625350055492
13.192908608921165,11.991075381970198
15.476391740128001,14.274558513177034
14.995658449347616,13.793825222396649
16.197491676298583,13.433275254311361
18.721341452895615,15.957125030908387
19.802991357151484,15.476391740128001
19.3222580663711,14.995658449347616
19.802991357151484,16.43785832168878
19.44244138906619,17.038774935164263
24.610324264955345,17.519508225944648
24.249774296870058,18.12042483942013
26.292890782686705,18.841524775590706
25.93234081460141,19.202074743676
30.37912375431999,20.524091293322066
32.30205691744153,20.043358002541673
31.941506949356246,22.206657811053418
37.950673084111074,21.725924520273026
40.23415621531791,24.85069091034554
39.75342292453753,24.369957619565156
44.3203891869512,23.88922432878477
46.96442228624333,26.533257428076894
46.48368899546294,25.93234081460141
46.00295570468255,27.49472400963767
45.52222241390217,28.936923881978828
45.161672445816876,28.57637391389354
46.72405564085314,30.859857045100377
46.243322350072745,30.37912375431999
45.76258905929236,32.54242356283173
45.281855768511974,32.06169027205134
44.68093915503649,31.70114030396605
44.200205864256105,33.744256789782696
43.479105928085524,35.18645666212386
42.93828097595759,36.628656534465016
42.437517131394685,36.14792324368463
42.99837263730514,38.31122305219637
42.397456023829655,37.830489761415976
41.91672273304927,40.7148895060983
41.31580611957378,40.23415621531791
40.7148895060983,39.75342292453753
40.23415621531791,39.39287295645224
39.75342292453753,43.59928925078062
39.39287295645224,43.118555960000236
39.99378956992772,42.637822669219844
39.513056279147335,44.56075583234139
39.99378956992772,45.04148912312178
39.513056279147335,44.68093915503649
40.11397289262282,44.3203891869512
39.99378956992772,43.95983921886591
39.39287295645224,43.59928925078062
38.8520480043243,43.238739282695335
38.31122305219637,42.87818931461004
37.830489761415976,42.397456023829655
37.40984813198314,41.556172764963975
36.869023179855205,40.9552561514885
36.14792324368463,40.474522860708106
36.9892065025503,39.99378956992772
36.50847321176992,39.63323960184243
35.42682330751405,39.2125979724096
34.46535672595327,39.39287295645224
34.10480675786798,39.81351458588507
34.044715096520434,39.2125979724096
33.5038901443925,38.91213966567185
32.902973530917016,38.37131471354392
32.54242356283173,38.79195634297675
32.181873594746435,39.15250631106204
32.181873594746435,38.79195634297675
32.06169027205134,38.37131471354392
31.58095698127095,37.950673084111074
31.220407013185664,37.59012311602579
30.859857045100377,36.869023179855205
30.37912375431999,36.38828988907482
29.8983904635396,35.907556598294434
29.297473850064115,35.42682330751405
28.57637391389354,35.907556598294434
27.73509065502786,36.50847321176992
27.254357364247475,36.9892065025503
26.533257428076894,36.628656534465016
26.172707459991607,36.02773992098953
26.893807396162188,35.54700663020914
26.352982444034247,34.94609001673366
26.77362407346709,34.46535672595327
25.812157491906312,33.98462343517289
25.331424201125927,33.3837068216974
26.05252413729651,32.782790208221925
25.571790846516123,32.24196525609399
26.172707459991607,31.70114030396605
26.172707459991607,31.100223690490566
26.533257428076894,30.61949039971018
26.172707459991607,30.37912375431999
27.01399071885728,30.980040367795475
26.83371573481464,31.100223690490566
26.332951890251735,30.61949039971018
26.77362407346709,30.138757108929795
26.292890782686705,29.778207140844508
26.653440750771992,29.417657172759213
26.232799121339156,29.057107204673926
26.77362407346709,28.69655723658863
28.035548961765606,28.215823945808246
28.095640623113148,28.035548961765606
28.155732284460697,27.614907332332763
28.81674055928373,26.77362407346709
28.456190591198443,26.292890782686705
28.095640623113148,27.434632348290123
28.57637391389354,27.85527397772296
28.215823945808246,27.314449025595025
29.057107204673926,27.134174041552377
28.456190591198443,27.554815670985214
28.81674055928373,28.035548961765606
28.095640623113148,28.095640623113148
27.614907332332763,28.095640623113148
27.134174041552377,28.095640623113148
27.975457300418057,27.614907332332763
27.49472400963767,27.134174041552377
28.456190591198443,27.134174041552377
28.936923881978828,27.554815670985214
28.63646557524109,27.975457300418057
28.255885053373277,27.554815670985214
29.457718280324244,28.51628225254599
28.936923881978828,27.975457300418057
30.018573786234697,28.997015543326377
29.417657172759213,29.117198866021475
28.81674055928373,29.417657172759213
28.255885053373277,29.8983904635396
28.97698498954386,29.417657172759213
29.65802381814941,29.477748834106762
29.297473850064115,29.8983904635396
29.057107204673926,29.417657172759213
29.177290527369024,29.117198866021475
29.177290527369024,29.477748834106762
29.177290527369024,30.018573786234697
31.42071255101083,30.198848770277344
31.140284798055596,30.73967372240528
31.861384734226178,31.220407013185664
31.340590335880762,30.859857045100377
31.941506949356246,30.439215415667533
32.24196525609399,29.8983904635396
32.782790208221925,29.417657172759213
33.744256789782696,30.980040367795475
33.263523499002304,30.499307077015082
34.70572337134347,31.220407013185664
34.22499008056308,31.100223690490566
35.06627333942876,30.499307077015082
34.28508174191063,30.258940431624893
33.6240734670876,30.859857045100377
33.20343183765476,30.258940431624893
33.864440112477794,30.018573786234697
34.94609001673366,29.59793215680186
34.46535672595327,29.297473850064115
36.38828988907482,30.138757108929795
35.907556598294434,31.340590335880762
35.42682330751405,32.181873594746435
39.03232298836694,32.30205691744153
38.551589697586564,32.902973530917016
38.19103972950127,32.782790208221925
41.43598944226888,32.36214857878908
44.3203891869512,33.023156853612115
44.80112247773158,32.66260688552683
42.157089378439466,34.22499008056308
41.67635608765907,33.744256789782696
41.23568390444372,33.3837068216974
41.91672273304927,35.006181678081205
41.43598944226888,34.58554004864837
41.07543947418359,35.06627333942876
42.637822669219844,34.22499008056308
42.27727270113456,33.6240734670876
43.479105928085524,33.263523499002304
43.118555960000236,33.744256789782696
42.87818931461004,34.16489841921553
42.397456023829655,35.42682330751405
41.91672273304927,34.94609001673366
41.43598944226888,34.46535672595327
40.9552561514885,37.1093898252454
40.474522860708106,36.628656534465016
40.11397289262282,36.14792324368463
39.99378956992772,35.787373275599336
39.63323960184243,39.513056279147335
39.15250631106204,39.03232298836694
42.27727270113456,38.551589697586564
40.7148895060983,38.19103972950127
40.23415621531791,41.67635608765907
39.513056279147335,41.31580611957378
39.03232298836694,40.8350728287934
38.431406374891466,43.358922605390426
38.19103972950127,42.87818931461004
37.830489761415976,44.62084749368894
37.469939793330695,45.10158078446933
37.1093898252454,45.161672445816876
36.628656534465016,43.83965589617081
35.18645666212386,43.358922605390426
34.825906694038565,42.27727270113456
33.5038901443925,42.637822669219844
33.14334017630721,42.27727270113456
31.821323626661147,43.83965589617081
31.340590335880762,43.479105928085524
32.06169027205134,44.140114202908556
31.70114030396605,43.83965589617081
32.902973530917016,43.479105928085524
33.14334017630721,43.118555960000236
30.61949039971018,42.637822669219844
30.018573786234697,42.21718103978701
29.417657172759213,41.67635608765907
29.8983904635396,41.19562279687869
29.177290527369024,40.7148895060983
30.859857045100377,40.23415621531791
30.37912375431999,39.75342292453753
30.018573786234697,39.27268963375714
29.65802381814941,39.15250631106204
29.177290527369024,39.63323960184243
29.057107204673926,40.35433953801301
28.81674055928373,41.49608110361643
28.456190591198443,41.07543947418359
28.095640623113148,41.91672273304927
29.057107204673926,40.9552561514885
29.65802381814941,40.594706183403204
30.258940431624893,39.99378956992772
29.53784049545431,39.513056279147335
28.936923881978828,39.15250631106204
28.336007268503344,38.79195634297675
28.095640623113148,38.31122305219637
27.73509065502786,37.950673084111074
27.49472400963767,37.59012311602579
27.134174041552377,37.1093898252454
27.73509065502786,36.628656534465016
29.177290527369024,35.907556598294434
28.81674055928373,35.42682330751405
30.078665447582246,34.94609001673366
29.65802381814941,34.22499008056308
28.69655723658863,33.744256789782696
28.095640623113148,33.263523499002304
27.614907332332763,32.30205691744153
27.194265702899926,33.023156853612115
27.85527397772296,33.14334017630721
27.975457300418057,33.14334017630721
27.49472400963767,32.66260688552683
27.134174041552377,31.941506949356246
28.275915607155795,31.340590335880762
27.85527397772296,30.980040367795475
28.57637391389354,30.459245969450052
28.155732284460697,31.58095698127095
28.456190591198443,31.100223690490566
28.095640623113148,32.06169027205134
29.057107204673926,31.340590335880762
29.65802381814941,30.859857045100377
29.177290527369024,30.138757108929795
31.220407013185664,29.958482124887148
30.61949039971018,29.53784049545431
30.138757108929795,29.177290527369024
32.902973530917016,28.496251698763473
32.30205691744153,29.65802381814941
31.821323626661147,29.177290527369024
33.98462343517289,30.018573786234697
33.5038901443925,29.65802381814941
35.18645666212386,29.177290527369024
34.70572337134347,28.936923881978828
36.14792324368463,28.456190591198443
35.54700663020914,28.095640623113148
34.94609001673366,29.417657172759213
34.46535672595327,28.936923881978828
34.10480675786798,29.8983904635396
33.744256789782696,29.53784049545431
33.263523499002304,28.997015543326377
32.902973530917016,28.51628225254599
32.30205691744153,28.81674055928373
31.941506949356246,28.69655723658863
31.46077365857586,28.336007268503344
30.138757108929795,28.81674055928373
29.65802381814941,29.417657172759213
29.057107204673926,29.8983904635396
28.456190591198443,29.53784049545431
27.73509065502786,29.177290527369024
27.254357364247475,28.51628225254599
26.77362407346709,28.095640623113148
26.05252413729651,30.138757108929795
25.571790846516123,29.65802381814941
25.091057555735738,29.297473850064115
25.571790846516123,28.81674055928373
25.21124087843083,31.821323626661147
26.172707459991607,31.340590335880762
26.77362407346709,30.859857045100377
27.254357364247475,30.499307077015082
28.035548961765606,33.263523499002304
27.434632348290123,32.782790208221925
24.97087423304064,32.30205691744153
24.490140942260254,34.46535672595327
24.12959097417496,33.98462343517289
25.091057555735738,33.6240734670876
24.730507587650443,35.66718995290424
24.12959097417496,35.18645666212386
23.528674360699476,34.825906694038565
22.08647448835832,36.74883985716011
22.507116117791156,36.14792324368463
23.04794106991909,36.628656534465016
23.16812439261419,36.26810656637973
23.04794106991909,35.907556598294434
22.927757747223993,35.42682330751405
22.206657811053418,34.94609001673366
21.846107842968124,34.46535672595327
19.682808034456386,33.98462343517289
19.3222580663711,33.5038901443925
19.081891420980902,32.782790208221925
18.781433114243164,32.30205691744153
18.240608162115223,31.941506949356246
18.000241516725033,31.340590335880762
18.12042483942013,30.61949039971018
17.519508225944648,29.778207140844508
16.918591612469164,29.297473850064115
16.37776666034123,28.936923881978828
16.31767499899368,28.51628225254599
17.219049919206903,28.095640623113148
16.798408289774066,27.73509065502786
18.000241516725033,27.254357364247475
17.519508225944648,26.893807396162188
16.918591612469164,26.533257428076894
16.077308353603485,26.172707459991607
15.957125030908387,27.07408238020483
15.356208417432903,26.533257428076894
15.115841772042714,26.172707459991607
15.236025094737812,27.975457300418057
15.756819493083228,27.49472400963767
15.957125030908387,28.736618344153662
15.356208417432903,28.336007268503344
14.75529180395742,28.69655723658863
14.274558513177034,28.215823945808246
13.67364189970155,27.194265702899926
13.072725286226067,26.893807396162188
12.471808672750583,26.413074105381796
11.8708920592751,25.812157491906312
11.390158768494715,25.21124087843083
10.66905883232414,25.091057555735738
5.14062598834969,24.369957619565156
4.539709374874207,24.85069091034554
4.29934272948401,24.369957619565156
3.998884422746272,23.88922432878477
3.5381816857484054,23.408491038004385
3.3378761479232395,22.687391101833803
3.0975095025330504,22.32684113374851
,22.687391101833803
,23.468582699351927
,23.04794106991909
,24.00940765147987
,24.12959097417496
,23.88922432878477
,23.468582699351927
,22.927757747223993
,22.447024456443607
,21.725924520273026
,20.764457938712255
,20.16354132523677
,20.103449663889222
,19.802991357151484
,19.44244138906619
,19.081891420980902
,18.661249791548066
,17.880058194029935
,17.39932490324955
,16.978683273816713
,16.55804164438387
,16.137400014951034
,16.197491676298583
,16.858499951121615
,16.31767499899368
,15.716758385518197
,15.296116756085361
,14.875475126652518
,14.51492515856723
,14.034191867786845
,13.613550238354001
,13.192908608921165
,13.192908608921165
,13.072725286226067
,12.591991995445682
,12.171350366012845
,11.991075381970198
,11.510342091189813
,11.149792123104525
,10.66905883232414
,10.068142218848656
,9.587408928068264
,8.86630899189769
,8.385575701117297
,7.9048424103369115
,7.183742474166337
,6.703009183385944
,6.102092569910461
,5.501175956434977
,4.900259342959494
,4.419526052179108
,4.058976084093821
,3.998884422746272
,3.4580594706183376
,3.0975095025330504
,3.0975095025330504
,3.0975095025330504
,3.698426116008534
,3.3378761479232395
