Y(hoy),Y(ayer)
14.455552296996558,3.5204512912519093
13.859092242137756,4.183184685539466
13.328905526707715,3.6529979701094177
12.798718811277674,4.05063800668195
12.268532095847625,3.5867246306806635
11.605798701560076,3.0565379152506154
11.141885325558782,2.5263511998205814
11.208158664987543,2.3275311815343116
10.545425270699987,2.3275311815343116
10.280331912984963,2.0624378238192946
9.88269187641243,1.399704429531738
9.219958482124873,1.2671577506742295
8.954865124409856,0.8695177141016899
8.557225087837324,0.2730576592428946
8.027038372407276,0.20678431981413326
7.496851656977235,0.20678431981413326
7.032938280975948,0.20678431981413326
6.436478226117146,0.14051098038538612
5.906291510687105,-0.45594907447342337
5.574924813543326,-0.8535891110459488
5.6411981529720805,-0.8535891110459488
4.978464758684531,-0.8535891110459488
4.713371400969507,-0.8535891110459488
4.183184685539466,-0.8535891110459488
3.5867246306806635,-0.8535891110459488
3.5204512912519093,-0.8535891110459488
2.8577178969643597,-0.8535891110459488
2.3938045209630587,-0.8535891110459488
2.3275311815343116,-1.2512291476184885
2.0624378238192946,-1.7151425236197753
1.5322511083892465,-2.0465092207635536
1.2671577506742295,-1.9802358813347922
1.2671577506742295,-1.2512291476184885
1.2671577506742295,-1.648869184191014
1.1346110718167068,-1.7814158630485224
0.47187767752916443,-1.913962541906045
0.20678431981413326,-1.2512291476184885
0.20678431981413326,-1.5825958447622668
0.07423764095662477,-0.9861357899034573
-0.5222224139021705,-1.383775826475997
-0.8535891110459488,-1.7814158630485224
-0.8535891110459488,-1.383775826475997
-0.8535891110459488,-0.8535891110459488
-0.8535891110459488,-1.2512291476184885
-0.8535891110459488,-1.7151425236197753
-0.8535891110459488,-1.648869184191014
-0.9861357899034573,-0.8535891110459488
-1.5163225053335054,-0.8535891110459488
-1.11868246876098,-0.8535891110459488
-1.648869184191014,-0.8535891110459488
-0.9861357899034573,-0.8535891110459488
-1.450049165904744,-0.8535891110459488
-1.648869184191014,-0.8535891110459488
-1.11868246876098,-0.3234023956159007
-0.9861357899034573,-0.1908557167583922
-1.450049165904744,-0.654769092759679
-1.2512291476184885,-0.12458237732964506
-1.648869184191014,0.33933099867164174
-0.9861357899034573,0.8695177141016899
-1.450049165904744,1.2671577506742295
-1.913962541906045,1.3334310901029767
-0.9861357899034573,1.929891144961772
-1.8476892024772837,1.5322511083892465
-2.179055899621062,2.46007786039182
-0.9198624504747102,3.1228112546793767
-1.383775826475997,3.5204512912519093
-0.8535891110459488,3.6529979701094177
-0.8535891110459488,4.05063800668195
-0.8535891110459488,5.6411981529720805
-0.45594907447342337,5.1110114375420395
0.07423764095662477,6.436478226117146
0.4056043381004031,6.038838189544613
1.0020643929591984,6.834118262689678
1.5322511083892465,7.761945014692259
1.9961644843905333,7.231758299262211
2.5926245392493286,9.087411803267365
3.299540159822719,8.557225087837324
2.5263511998205814,10.94306530727252
2.990264575821868,10.412878591842478
4.359913590682808,9.88269187641243
3.918091327824442,11.47325202270256
4.713371400969507,12.003438738132608
5.1110114375420395,13.06381216899269
7.099211620404702,12.666172132420158
6.171384868402129,14.12418559985278
5.773744831829596,15.052012351855353
8.2921317301223,15.71474574614291
7.761945014692259,17.30530589243304
9.617598518697413,16.775119177003
9.087411803267365,17.901765947291842
10.147785234127454,18.23313264443562
10.412878591842478,18.763319359865662
10.015238555269946,20.4864261850133
11.208158664987543,19.95623946958326
10.81051862841501,19.42605275415322
16.775119177003,23.402453119878544
17.30530589243304,22.872266404448496
19.160959396438194,22.342079689018455
18.763319359865662,21.811892973588414
17.702945929005573,25.78829333931374
20.221332827298284,25.258106623883698
22.342079689018455,24.72791990845365
21.811892973588414,24.19773319302361
24.993013266168674,27.37885348560387
24.462826550738633,26.981213449031337
23.932639835308585,29.234506989609024
23.534999798736052,28.704320274178976
32.15053392447426,30.55997377818413
31.62034720904422,30.162333741611597
31.090160493614178,32.48190062161804
30.55997377818413,31.885440566759243
27.113760127888845,31.355253851329195
26.583573412458804,33.60854739190688
34.006187428479414,32.945813997619325
33.47600071304937,35.33165421705452
32.945813997619325,34.80146750162448
35.86184093248457,34.27128078619444
35.39792755648328,37.98258779420474
34.80146750162448,37.4524010787747
37.98258779420474,36.92221436334465
37.4524010787747,36.39202764791461
36.92221436334465,35.86184093248457
36.39202764791461,39.04296122506483
39.08714345135067,38.51277450963478
38.51277450963478,39.57314794049488
39.838241298209894,42.09153483878758
41.428801444500024,41.428801444500024
40.96488806849874,40.898614729069976
40.36842801363994,40.36842801363994
43.15190826964766,39.9707879770674
42.48917487536011,43.81464166393522
41.95898815993007,43.28445494850518
43.81464166393522,42.75426823307514
44.609921737080285,44.477375058222776
45.18429067879617,45.9353885256554
45.97957075194123,45.40520181022535
47.30503754051634,44.87501509479531
46.73066859880046,44.477375058222776
46.33302856222792,48.58632210280561
44.34482837936527,48.05613538737557
43.28445494850518,47.52594867194553
42.886814911932646,46.99576195651548
42.22408151764509,46.46557524108544
43.59373053250604,45.9353885256554
44.21228170050775,45.27265513136784
43.61582164564895,44.74246841593779
42.820541572503885,44.477375058222776
42.22408151764509,46.200481883370415
41.69389480221505,45.80284184679789
41.03116140792749,44.87501509479531
38.77786786734981,44.34482837936527
37.98258779420474,43.94718834279273
39.838241298209894,43.15190826964766
39.308054582779846,42.75426823307514
38.77786786734981,42.157808178216335
38.247681151919764,42.3566281965026
37.85004111534723,43.019361590790155
39.04296122506483,42.53335710164595
38.51277450963478,43.15190826964766
37.98258779420474,42.886814911932646
37.51867441820345,42.62172155421762
36.92221436334465,42.22408151764509
36.2594809690571,41.56134812335753
35.72929425362706,40.63352137135496
35.0665608593395,39.44060126163736
34.27128078619444,39.705694619352386
33.74109407076439,39.44060126163736
33.07836067647684,39.04296122506483
32.68072063990431,37.98258779420474
31.885440566759243,37.31985439991719
31.48780053018671,36.657121005629634
31.355253851329195,35.99438761134208
32.283080603331776,35.464200895912036
30.55997377818413,35.0665608593395
30.162333741611597,34.536374143909455
30.825067135899154,34.006187428479414
31.355253851329195,33.47600071304937
32.15053392447426,32.945813997619325
31.62034720904422,32.415627282189284
31.090160493614178,32.216807263903014
29.764693705039065,31.62034720904422
29.234506989609024,30.825067135899154
28.83686695303649,30.22860708104035
30.02978706275409,31.686620548472973
29.632147026181556,33.07836067647684
31.023887154185417,32.54817396104679
31.222707172471686,32.15053392447426
31.48780053018671,31.39943607761503
32.216807263903014,32.01798724561675
33.2771806947631,31.355253851329195
31.885440566759243,31.355253851329195
31.355253851329195,33.21090735533435
30.692520457041645,32.68072063990431
30.162333741611597,32.01798724561675
29.632147026181556,35.596747574769545
29.101960310751508,34.93401418048199
30.869249362184988,34.40382746505195
30.294880420469113,34.006187428479414
29.764693705039065,36.39202764791461
29.234506989609024,34.536374143909455
31.664529435330053,34.006187428479414
31.885440566759243,33.47600071304937
31.355253851329195,32.945813997619325
30.891340475327908,32.415627282189284
30.339062646754947,31.885440566759243
29.89724038389658,31.48780053018671
32.15053392447426,30.825067135899154
31.62034720904422,30.294880420469113
31.090160493614178,31.686620548472973
33.07836067647684,32.15053392447426
32.54817396104679,31.62034720904422
31.885440566759243,31.090160493614178
31.355253851329195,30.626247117612884
30.825067135899154,30.162333741611597
30.294880420469113,31.951713906187997
29.89724038389658,31.355253851329195
32.15053392447426,30.825067135899154
31.62034720904422,32.415627282189284
31.090160493614178,33.144634015905595
30.692520457041645,32.81326731876182
32.283080603331776,32.54817396104679
32.283080603331776,33.54227405247813
32.68072063990431,33.07836067647684
32.283080603331776,34.006187428479414
33.2771806947631,33.47600071304937
33.74109407076439,32.945813997619325
34.27128078619444,32.415627282189284
33.74109407076439,32.415627282189284
33.21090735533435,33.80736741019315
32.74699397933306,33.21090735533435
32.34935394276053,32.81326731876182
32.68072063990431,34.33755412562319
32.283080603331776,35.33165421705452
33.21090735533435,34.80146750162448
32.87954065819057,34.40382746505195
32.415627282189284,36.524574326772125
32.945813997619325,35.86184093248457
34.13873410733692,37.717494436489716
33.47600071304937,37.187307721059675
34.27128078619444,38.6453211884923
33.74109407076439,38.115134473062255
32.945813997619325,37.4524010787747
32.415627282189284,36.92221436334465
33.74109407076439,36.39202764791461
33.21090735533435,35.86184093248457
34.27128078619444,35.19910753819701
33.74109407076439,34.735194162195725
33.34345403419186,34.40382746505195
34.13873410733692,35.53047423534079
36.657121005629634,36.78966768448714
36.19320762962835,36.126934290199586
37.717494436489716,35.72929425362706
37.187307721059675,37.4524010787747
37.717494436489716,36.98848770277341
37.187307721059675,36.524574326772125
36.524574326772125,35.99438761134208
35.99438761134208,35.72929425362706
35.464200895912036,36.39202764791461
35.00028751991075,35.92811427191332
34.66892082276697,35.19910753819701
37.4524010787747,34.93401418048199
36.92221436334465,34.536374143909455
37.717494436489716,34.006187428479414
37.187307721059675,33.60854739190688
37.054761042202166,35.39792755648328
37.717494436489716,34.93401418048199
37.31985439991719,35.33165421705452
36.524574326772125,34.867740841053234
38.77786786734981,34.27128078619444
38.247681151919764,33.80736741019315
39.57314794049488,35.39792755648328
39.17550790392234,34.80146750162448
40.898614729069976,35.464200895912036
40.36842801363994,35.0665608593395
40.63352137135496,34.66892082276697
40.10333465592491,35.33165421705452
39.838241298209894,35.39792755648328
39.308054582779846,34.867740841053234
48.58632210280561,34.40382746505195
47.989862047946815,34.006187428479414
47.52594867194553,33.54227405247813
50.972162322240806,35.596747574769545
50.441975606810765,35.0665608593395
49.91178889138072,34.27128078619444
49.381602175950675,36.39202764791461
48.851415460520634,35.92811427191332
49.6466955336657,35.86184093248457
48.05613538737557,36.39202764791461
47.65849535080304,37.054761042202166
49.1606910445215,37.58494775763221
48.58632210280561,36.92221436334465
49.779242212523215,37.4524010787747
48.98396213937815,37.98258779420474
48.32122874509059,38.51277450963478
47.791042029660545,38.77786786734981
47.32712865365926,38.51277450963478
46.73066859880046,38.115134473062255
46.266755222799176,37.717494436489716
45.670295167940374,37.25358106048843
47.260855314230504,36.78966768448714
48.58632210280561,37.717494436489716
48.05613538737557,37.187307721059675
47.923588708518054,38.6453211884923
47.52594867194553,38.181407812491
47.52594867194553,38.51277450963478
46.99576195651548,37.98258779420474
46.46557524108544,43.28445494850518
46.06793520451291,42.75426823307514
43.019361590790155,42.22408151764509
42.3566281965026,41.69389480221505
44.34482837936527,41.16370808678501
43.81464166393522,46.200481883370415
43.35072828793393,47.260855314230504
44.079735021650244,46.53184858051419
43.48327496679144,45.9353885256554
43.15190826964766,45.53774848908286
44.91919732108114,46.774850825086304
46.86321527765797,47.52594867194553
46.200481883370415,46.99576195651548
45.670295167940374,46.46557524108544
48.58632210280561,45.9353885256554
48.05613538737557,45.27265513136784
47.52594867194553,45.00756177365282
46.99576195651548,44.609921737080285
46.33302856222792,43.94718834279273
45.14010845251033,43.48327496679144
44.477375058222776,45.20638179193909
44.477375058222776,44.609921737080285
43.5495483062202,44.079735021650244
43.15190826964766,47.260855314230504
42.22408151764509,46.73066859880046
41.69389480221505,46.266755222799176
40.36842801363994,45.670295167940374
39.838241298209894,46.200481883370415
39.37432792220861,45.73656850736913
38.91041454620732,46.200481883370415
40.898614729069976,44.87501509479531
40.36842801363994,44.34482837936527
40.037061316496164,43.15190826964766
39.90451463763865,42.48917487536011
39.838241298209894,42.02526149935882
39.17550790392234,41.49507478392878
38.91041454620732,41.16370808678501
38.51277450963478,41.82644148107256
37.98258779420474,43.59373053250604
37.65122109706097,43.019361590790155
37.717494436489716,42.48917487536011
37.187307721059675,45.40520181022535
36.72339434505839,44.87501509479531
37.4524010787747,44.34482837936527
36.78966768448714,46.200481883370415
36.19320762962835,45.80284184679789
36.657121005629634,45.14010845251033
35.464200895912036,44.609921737080285
34.93401418048199,43.5495483062202
34.66892082276697,43.019361590790155
35.86184093248457,42.22408151764509
35.33165421705452,41.69389480221505
34.93401418048199,41.16370808678501
36.96639658963049,40.63352137135496
36.39202764791461,39.57314794049488
37.58494775763221,39.04296122506483
36.92221436334465,38.51277450963478
36.39202764791461,37.98258779420474
35.86184093248457,37.4524010787747
35.464200895912036,36.98848770277341
37.4524010787747,37.4524010787747
36.92221436334465,36.78966768448714
36.39202764791461,36.657121005629634
38.77786786734981,36.39202764791461
38.247681151919764,35.72929425362706
37.916314454775986,35.0665608593395
38.51277450963478,34.536374143909455
39.838241298209894,33.873640749621906
39.308054582779846,33.34345403419186
37.85004111534723,34.867740841053234
38.77786786734981,34.27128078619444
38.247681151919764,33.74109407076439
39.705694619352386,35.19910753819701
37.717494436489716,34.60264748333822
37.187307721059675,34.40382746505195
36.524574326772125,34.536374143909455
35.99438761134208,35.0665608593395
35.72929425362706,34.80146750162448
35.19910753819701,34.27128078619444
34.93401418048199,33.74109407076439
34.536374143909455,33.07836067647684
35.99438761134208,32.81326731876182
35.33165421705452,32.415627282189284
36.78966768448714,32.945813997619325
37.4524010787747,35.11074308562534
38.02677002049058,34.536374143909455
38.77786786734981,34.006187428479414
38.247681151919764,33.47600071304937
37.717494436489716,36.524574326772125
36.126934290199586,35.86184093248457
35.596747574769545,36.524574326772125
35.464200895912036,36.126934290199586
36.126934290199586,35.596747574769545
35.72929425362706,35.13283419876826
36.126934290199586,34.40382746505195
37.76167666277556,33.80736741019315
37.187307721059675,33.47600071304937
38.51277450963478,34.006187428479414
38.77786786734981,35.33165421705452
38.247681151919764,34.80146750162448
37.85004111534723,36.126934290199586
36.657121005629634,35.72929425362706
36.126934290199586,36.657121005629634
34.60264748333822,37.51867441820345
34.536374143909455,37.054761042202166
35.0665608593395,36.92221436334465
35.6630209141983,36.39202764791461
36.19320762962835,35.86184093248457
37.717494436489716,36.98848770277341
37.25358106048843,36.39202764791461
36.657121005629634,37.4524010787747
39.838241298209894,36.78966768448714
39.308054582779846,36.126934290199586
38.77786786734981,35.596747574769545
38.31395449134852,35.0665608593395
39.308054582779846,34.66892082276697
38.77786786734981,36.126934290199586
38.115134473062255,35.72929425362706
37.717494436489716,36.98848770277341
37.717494436489716,37.4524010787747
38.291863378205605,36.657121005629634
37.717494436489716,36.126934290199586
39.57314794049488,35.596747574769545
39.04296122506483,35.13283419876826
40.36842801363994,34.536374143909455
40.96488806849874,36.39202764791461
41.428801444500024,35.86184093248457
41.95898815993007,35.464200895912036
41.428801444500024,36.72339434505839
40.898614729069976,37.78376777591848
40.36842801363994,37.187307721059675
39.57314794049488,38.77786786734981
39.04296122506483,38.247681151919764
38.51277450963478,39.308054582779846
39.37432792220861,40.16960799535367
38.77786786734981,39.705694619352386
39.9707879770674,40.76606805021247
40.6777035976408,40.36842801363994
41.16370808678501,39.838241298209894
40.898614729069976,39.37432792220861
40.36842801363994,38.91041454620732
39.9707879770674,39.308054582779846
41.95898815993007,39.90451463763865
41.428801444500024,39.9707879770674
40.898614729069976,40.43470135306869
41.428801444500024,40.898614729069976
40.36842801363994,40.36842801363994
39.838241298209894,39.838241298209894
38.247681151919764,39.04296122506483
37.78376777591848,38.51277450963478
37.31985439991719,37.85004111534723
37.85004111534723,37.98258779420474
36.524574326772125,38.51277450963478
35.99438761134208,38.976687885636075
35.53047423534079,40.50097469249745
35.92811427191332,39.838241298209894
35.464200895912036,39.308054582779846
36.39202764791461,41.428801444500024
35.72929425362706,44.079735021650244
35.464200895912036,43.5495483062202
35.86184093248457,43.019361590790155
35.464200895912036,42.62172155421762
36.39202764791461,40.898614729069976
35.596747574769545,40.36842801363994
35.0665608593395,39.838241298209894
34.536374143909455,39.308054582779846
33.873640749621906,38.91041454620732
33.34345403419186,38.38022783077727
32.87954065819057,37.85004111534723
32.45980950847512,39.308054582779846
33.74109407076439,38.77786786734981
33.21090735533435,38.247681151919764
34.27128078619444,39.838241298209894
33.60854739190688,38.6453211884923
32.945813997619325,38.115134473062255
32.283080603331776,37.85004111534723
31.62034720904422,40.898614729069976
31.090160493614178,40.36842801363994
30.626247117612884,39.838241298209894
29.89724038389658,39.308054582779846
29.632147026181556,39.04296122506483
29.234506989609024,38.51277450963478
28.704320274178976,38.115134473062255
28.174133558748935,37.38612773934594
28.704320274178976,36.92221436334465
27.776493522176402,38.57904784906354
29.764693705039065,37.98258779420474
29.234506989609024,37.4524010787747
28.306680237606443,39.04296122506483
28.903140292465245,39.90451463763865
28.43922691646396,39.44060126163736
27.776493522176402,40.36842801363994
27.113760127888845,40.96488806849874
26.583573412458804,40.76606805021247
25.523199981598715,40.23588133478243
24.860466587311166,39.838241298209894
24.330279871881118,39.17550790392234
23.534999798736052,38.51277450963478
23.269906441021035,37.85004111534723
22.872266404448496,37.187307721059675
22.209533010160946,36.657121005629634
21.944439652445922,35.99438761134208
21.41425293701588,35.33165421705452
21.149159579300857,34.80146750162448
21.082886239872103,34.40382746505195
20.4864261850133,35.92811427191332
19.95623946958326,36.2594809690571
19.293506075295703,35.6630209141983
19.028412717580686,35.13283419876826
18.498226002150638,34.735194162195725
17.835492607863088,35.33165421705452
17.30530589243304,34.867740841053234
16.775119177003,34.27128078619444
16.775119177003,33.74109407076439
17.30530589243304,33.21090735533435
16.775119177003,32.74699397933306
17.835492607863088,32.15053392447426
17.30530589243304,31.48780053018671
16.64257249814549,30.692520457041645
15.979839103857934,30.22860708104035
15.317105709570377,30.825067135899154
14.786918994140336,30.294880420469113
13.991638920995271,29.632147026181556
13.726545563280247,28.969413631894
13.06381216899269,28.306680237606443
12.666172132420158,28.041586879891426
12.268532095847625,27.643946843318894
11.738345380417584,27.113760127888845
11.208158664987543,26.716120091316313
10.677971949557495,26.31848005474378
10.147785234127454,25.920840018171248
11.075611986130028,25.258106623883698
10.545425270699987,24.794193247882404
10.147785234127454,24.19773319302361
9.683871858126167,23.534999798736052
9.087411803267365,22.872266404448496
8.954865124409856,22.342079689018455
8.689771766694832,21.811892973588414
8.2921317301223,21.281706258158366
8.822318445552341,20.751519542728325
8.2921317301223,20.221332827298284
,19.82369279072575
,19.558599433010727
,19.160959396438194
,18.498226002150638
,17.835492607863088
,17.30530589243304
,16.841392516431753
,16.377479140430466
,15.979839103857934
,15.515925727856647
,14.919465672997845
,14.256732278710288
,13.726545563280247
,14.985739012426599
,14.389278957567804
,15.515925727856647
,15.449652388427886
,14.919465672997845
,14.455552296996558
,14.12418559985278
,13.593998884422739
,12.931265490135182
,12.53362545356265
,13.06381216899269
,12.53362545356265
,12.135985416990117
,11.738345380417584
,11.208158664987543
,10.677971949557495
,10.214058573556208
,9.485051839839898
,8.954865124409856
,8.888591784981102
,8.557225087837324
,8.027038372407276
,7.894491693549767
,7.496851656977235
,7.032938280975948
,7.496851656977235
