Y(hoy),Y(ayer)
7.894491693549767,5.243558116399548
7.761945014692259,4.713371400969507
7.231758299262211,5.773744831829596
6.834118262689678,5.707471492400835
7.761945014692259,5.177284776970794
7.298031638690972,4.647098061540753
7.496851656977235,4.183184685539466
6.966664941547194,3.6529979701094177
6.966664941547194,3.5204512912519093
7.541033883263069,3.1228112546793767
7.761945014692259,2.5263511998205814
7.099211620404702,2.3275311815343116
6.436478226117146,2.3938045209630587
5.906291510687105,2.3275311815343116
5.773744831829596,2.194984502676803
5.773744831829596,1.664797787246755
6.038838189544613,1.2671577506742295
6.70157158383217,1.2008844112454682
6.70157158383217,0.8695177141016899
6.171384868402129,0.33933099867164174
5.773744831829596,0.20678431981413326
5.707471492400835,0.20678431981413326
5.6411981529720805,-0.1908557167583922
4.978464758684531,-0.654769092759679
4.448278043254483,-0.1466734904725655
3.6529979701094177,-0.5884957533309318
3.3879046123944008,-0.45594907447342337
3.5204512912519093,-0.8535891110459488
3.3879046123944008,-0.8535891110459488
3.1228112546793767,-0.8535891110459488
2.5926245392493286,-0.8535891110459488
2.46007786039182,-0.8535891110459488
2.46007786039182,-0.9198624504747102
2.46007786039182,-1.2512291476184885
2.46007786039182,-1.7151425236197753
1.929891144961772,-1.2512291476184885
1.399704429531738,-0.8535891110459488
1.1346110718167068,-0.8535891110459488
0.6044243563866729,-0.9861357899034573
0.20678431981413326,-1.5163225053335054
0.20678431981413326,-1.913962541906045
0.20678431981413326,-1.913962541906045
0.14051098038538612,-1.913962541906045
0.07423764095662477,-1.913962541906045
-0.5222224139021705,-1.913962541906045
-0.8535891110459488,-1.913962541906045
-0.8535891110459488,-1.913962541906045
-0.8535891110459488,-1.913962541906045
-0.8535891110459488,-1.913962541906045
-0.8535891110459488,-1.383775826475997
-0.8535891110459488,-0.9861357899034573
-0.8535891110459488,-1.648869184191014
-0.8535891110459488,-1.913962541906045
-0.8535891110459488,-1.2512291476184885
-0.8535891110459488,-1.8476892024772837
-0.8535891110459488,-1.913962541906045
-0.8535891110459488,-1.913962541906045
-0.8535891110459488,-1.913962541906045
-0.8535891110459488,-1.8476892024772837
-0.8535891110459488,-1.5163225053335054
-0.8535891110459488,-0.8535891110459488
-0.8535891110459488,-0.8535891110459488
-0.8535891110459488,-0.8535891110459488
-0.7210424321884403,-0.8535891110459488
-0.05830903790088371,-0.8535891110459488
0.20678431981413326,-0.7210424321884403
0.20678431981413326,-0.1908557167583922
0.20678431981413326,0.20678431981413326
0.20678431981413326,0.6044243563866729
0.20678431981413326,1.2008844112454682
0.2730576592428946,1.2671577506742295
1.0020643929591984,1.7310711266755163
0.33933099867164174,2.194984502676803
1.4438866558175647,3.1228112546793767
2.194984502676803,2.5926245392493286
1.7973444661042635,3.5204512912519093
1.929891144961772,3.5204512912519093
1.399704429531738,3.5867246306806635
2.46007786039182,4.1169113461107045
2.0624378238192946,4.580824722111998
2.7914445575355984,5.442378134685818
2.3275311815343116,4.978464758684531
3.3879046123944008,5.972564850115859
3.5204512912519093,6.436478226117146
3.5204512912519093,7.828218354121013
3.5204512912519093,7.231758299262211
3.5204512912519093,6.834118262689678
3.564633517537743,8.888591784981102
4.315731364396974,8.2921317301223
3.7855446489669333,9.352505160982389
4.978464758684531,8.954865124409856
5.6411981529720805,10.479151931271232
5.773744831829596,9.88269187641243
5.773744831829596,11.539525362131315
6.480660452402979,10.94306530727252
5.906291510687105,12.069712077561363
7.761945014692259,13.660272223851493
7.231758299262211,13.06381216899269
7.894491693549767,12.53362545356265
7.761945014692259,15.758927972428744
7.298031638690972,15.184559030712869
6.70157158383217,14.65437231528282
6.171384868402129,14.12418559985278
5.773744831829596,17.570399250148064
5.773744831829596,17.040212534718023
5.84001817125835,16.510025819287975
6.569024904974661,18.630772681008153
5.906291510687105,18.100585965578105
7.231758299262211,19.028412717580686
7.761945014692259,19.558599433010727
7.894491693549767,20.79570176901416
8.159585051264791,20.221332827298284
8.822318445552341,20.4864261850133
9.352505160982389,20.088786148440768
10.015238555269946,20.4864261850133
10.677971949557495,23.181541988449354
11.208158664987543,22.60717304673348
11.738345380417584,22.07698633130343
12.268532095847625,21.54679961587339
11.605798701560076,21.01661290044335
11.141885325558782,25.523199981598715
11.738345380417584,24.993013266168674
11.340705343845052,24.462826550738633
12.268532095847625,23.932639835308585
11.738345380417584,28.21831578503477
11.406978683273806,27.643946843318894
12.047620964418442,27.113760127888845
12.33480543527638,26.583573412458804
12.798718811277674,26.053386697028763
13.328905526707715,30.162333741611597
13.461452205565223,29.49960034732404
14.12418559985278,28.969413631894
13.660272223851493,31.951713906187997
15.184559030712869,31.355253851329195
14.65437231528282,30.825067135899154
15.71474574614291,34.006187428479414
16.244932461572958,33.47600071304937
15.71474574614291,32.945813997619325
16.64257249814549,32.415627282189284
16.046112443286688,35.72929425362706
15.648472406714156,35.0665608593395
15.979839103857934,34.536374143909455
15.582199067285401,37.054761042202166
16.510025819287975,36.39202764791461
15.71474574614291,38.247681151919764
15.184559030712869,37.717494436489716
14.588098975854066,39.44060126163736
16.024021330143768,38.77786786734981
16.775119177003,41.20789031307084
17.570399250148064,40.63352137135496
17.040212534718023,40.10333465592491
16.64257249814549,43.063543817075995
18.674954907293987,42.48917487536011
18.100585965578105,41.95898815993007
19.492326093581973,45.44938403651119
19.95623946958326,44.87501509479531
19.42605275415322,44.34482837936527
20.751519542728325,43.81464166393522
20.221332827298284,47.85731536908931
19.691146111868235,47.260855314230504
19.160959396438194,46.73066859880046
21.54679961587339,46.200481883370415
22.07698633130343,48.98396213937815
21.74561963415966,48.32122874509059
21.281706258158366,49.51414885480819
21.856075199874248,48.851415460520634
21.944439652445922,48.32122874509059
21.41425293701588,47.791042029660545
23.13735976216352,49.6466955336657
22.540899707304725,49.11650881823566
22.07698633130343,48.58632210280561
21.54679961587339,48.12240872680432
22.872266404448496,47.39340199308802
22.342079689018455,47.12830863537299
22.872266404448496,46.73066859880046
22.342079689018455,46.200481883370415
24.72791990845365,45.670295167940374
24.19773319302361,45.14010845251033
23.667546477593568,44.54364839765153
25.523199981598715,44.21228170050775
26.053386697028763,43.68209498507771
25.65574666045623,43.28445494850518
26.64984675188756,42.75426823307514
27.180033467317607,42.09153483878758
27.776493522176402,41.82644148107256
28.704320274178976,41.428801444500024
28.24040689817769,40.898614729069976
27.776493522176402,40.36842801363994
30.825067135899154,39.838241298209894
30.162333741611597,39.308054582779846
29.69842036561031,38.91041454620732
29.234506989609024,39.90451463763865
30.55997377818413,39.44060126163736
30.02978706275409,40.36842801363994
29.49960034732404,41.229981426213755
28.969413631894,40.76606805021247
31.090160493614178,41.82644148107256
30.55997377818413,41.69389480221505
30.02978706275409,41.229981426213755
29.69842036561031,40.76606805021247
29.234506989609024,40.36842801363994
28.83686695303649,39.90451463763865
29.764693705039065,39.308054582779846
30.339062646754947,38.77786786734981
31.090160493614178,38.247681151919764
30.55997377818413,37.717494436489716
30.02978706275409,37.054761042202166
29.49960034732404,36.78966768448714
28.903140292465245,36.39202764791461
30.339062646754947,35.86184093248457
31.090160493614178,35.19910753819701
31.090160493614178,34.60264748333822
31.62034720904422,34.40382746505195
31.222707172471686,34.80146750162448
32.15053392447426,35.6630209141983
31.62034720904422,35.19910753819701
31.28898051190044,36.2594809690571
32.01798724561675,36.524574326772125
32.216807263903014,35.72929425362706
32.15053392447426,35.0665608593395
31.62034720904422,34.60264748333822
31.156433833042932,33.873640749621906
31.42152719075795,33.34345403419186
30.957613814756662,33.07836067647684
32.01798724561675,32.415627282189284
32.283080603331776,32.283080603331776
32.415627282189284,32.74699397933306
32.98999622390516,33.07836067647684
33.21090735533435,32.415627282189284
32.68072063990431,31.951713906187997
32.283080603331776,31.28898051190044
33.2771806947631,30.957613814756662
32.68072063990431,30.294880420469113
33.80736741019315,29.632147026181556
34.27128078619444,29.367053668466532
34.27128078619444,28.969413631894
33.60854739190688,28.43922691646396
33.34345403419186,28.041586879891426
33.21090735533435,29.764693705039065
32.68072063990431,29.300780329037778
34.050369654765255,28.903140292465245
33.47600071304937,29.300780329037778
32.945813997619325,29.89724038389658
32.415627282189284,30.162333741611597
34.27128078619444,30.692520457041645
33.60854739190688,30.42742709932662
33.07836067647684,30.162333741611597
32.415627282189284,30.957613814756662
32.084260585045506,30.957613814756662
31.62034720904422,30.361153759897867
32.15053392447426,30.957613814756662
31.090160493614178,30.42742709932662
30.55997377818413,31.222707172471686
30.02978706275409,31.222707172471686
29.367053668466532,31.686620548472973
29.101960310751508,32.01798724561675
28.704320274178976,31.355253851329195
28.174133558748935,31.222707172471686
27.710220182747648,31.752893887901728
27.180033467317607,32.34935394276053
26.64984675188756,33.07836067647684
26.053386697028763,32.54817396104679
25.390653302741207,33.34345403419186
24.72791990845365,34.33755412562319
24.0651865141661,33.74109407076439
23.534999798736052,35.33165421705452
22.739719725590987,34.80146750162448
22.342079689018455,34.27128078619444
22.342079689018455,33.78527629705023
21.878166313017168,33.34345403419186
21.54679961587339,34.536374143909455
21.01661290044335,35.33165421705452
20.4864261850133,34.867740841053234
20.088786148440768,34.27128078619444
21.01661290044335,33.80736741019315
20.4864261850133,33.21090735533435
19.95623946958326,32.68072063990431
19.492326093581973,32.283080603331776
18.89586603872317,34.31546301248027
18.23313264443562,33.74109407076439
17.702945929005573,35.6630209141983
17.106485874146777,35.0665608593395
16.57629915871673,36.17111651648543
15.979839103857934,35.86184093248457
15.317105709570377,35.33165421705452
14.720645654711582,34.66892082276697
14.521825636425312,34.40382746505195
14.521825636425312,34.60264748333822
14.521825636425312,35.0665608593395
14.256732278710288,35.596747574769545
13.991638920995271,36.39202764791461
13.638181110708572,35.99438761134208
14.521825636425312,35.72929425362706
13.991638920995271,35.464200895912036
14.786918994140336,36.524574326772125
15.493834614713727,35.86184093248457
15.71474574614291,35.464200895912036
15.184559030712869,38.31395449134852
14.698554541568662,37.717494436489716
16.024021330143768,37.187307721059675
15.449652388427886,38.77786786734981
16.64257249814549,38.247681151919764
15.979839103857934,37.85004111534723
16.64257249814549,37.31985439991719
15.979839103857934,36.92221436334465
17.30530589243304,39.08714345135067
17.968039286720597,38.51277450963478
18.674954907293987,37.98258779420474
19.028412717580686,37.4524010787747
19.95623946958326,39.705694619352386
19.42605275415322,39.10923456449358
19.95623946958326,39.57314794049488
19.42605275415322,39.9707879770674
20.751519542728325,40.69979471078371
20.221332827298284,40.23588133478243
19.691146111868235,41.229981426213755
19.160959396438194,41.69389480221505
21.54679961587339,40.898614729069976
22.12116855758927,40.36842801363994
22.342079689018455,39.705694619352386
21.878166313017168,39.17550790392234
21.370070710730047,38.91041454620732
22.07698633130343,41.95898815993007
24.19773319302361,41.428801444500024
23.534999798736052,40.898614729069976
23.071086422734766,40.50097469249745
22.60717304673348,41.69389480221505
21.54679961587339,41.229981426213755
24.19773319302361,40.63352137135496
23.534999798736052,40.10333465592491
23.00481308330601,45.40520181022535
22.474626367875963,44.94128843422406
24.462826550738633,44.34482837936527
23.932639835308585,43.81464166393522
23.402453119878544,43.28445494850518
23.00481308330601,42.75426823307514
24.462826550738633,42.22408151764509
23.99891317473734,48.58632210280561
23.269906441021035,48.05613538737557
22.739719725590987,47.52594867194553
22.342079689018455,46.99576195651548
23.269906441021035,46.46557524108544
22.60717304673348,45.9353885256554
23.402453119878544,51.76744239538587
23.99891317473734,51.23725567995583
24.462826550738633,50.70706896452579
24.72791990845365,50.17688224909574
24.330279871881118,49.6466955336657
25.390653302741207,49.11650881823566
25.523199981598715,49.381602175950675
24.993013266168674,48.851415460520634
24.462826550738633,48.32122874509059
23.932639835308585,47.791042029660545
23.468726459307298,47.260855314230504
22.872266404448496,46.79694193822922
22.2758063495897,50.57452228566828
23.667546477593568,50.04433557023823
24.72791990845365,49.51414885480819
24.19773319302361,49.24905549709317
25.302288850169532,49.11650881823566
25.258106623883698,48.718868781663126
24.72791990845365,49.18278215766441
24.39655321130987,49.6466955336657
24.507008777024467,49.11650881823566
25.390653302741207,48.4537754239481
24.72791990845365,47.791042029660545
25.58947332102747,47.32712865365926
25.65574666045623,46.73066859880046
25.78829333931374,46.06793520451291
26.384753394172535,45.670295167940374
27.423035711889703,46.244664109656256
26.84866677017383,45.9353885256554
28.704320274178976,45.53774848908286
28.174133558748935,45.27265513136784
27.643946843318894,44.69828618965196
26.892848996459662,45.44938403651119
28.174133558748935,47.30503754051634
27.710220182747648,46.73066859880046
28.83686695303649,46.200481883370415
28.83686695303649,46.99576195651548
28.571773595321467,46.53184858051419
28.174133558748935,45.9353885256554
27.776493522176402,45.27265513136784
28.83686695303649,44.609921737080285
28.306680237606443,43.94718834279273
28.83686695303649,43.28445494850518
28.571773595321467,42.820541572503885
28.174133558748935,42.22408151764509
27.776493522176402,41.69389480221505
28.748502500464816,41.229981426213755
28.174133558748935,40.63352137135496
28.969413631894,40.10333465592491
29.035686971322754,39.44060126163736
29.632147026181556,39.17550790392234
30.294880420469113,38.77786786734981
30.957613814756662,38.247681151919764
31.62034720904422,37.78376777591848
32.283080603331776,37.187307721059675
31.42152719075795,36.72339434505839
29.89724038389658,35.99438761134208
33.144634015905595,35.19910753819701
32.415627282189284,34.536374143909455
31.81916722733048,34.006187428479414
30.957613814756662,33.40972737362062
33.21090735533435,33.21090735533435
32.68072063990431,32.54817396104679
32.15053392447426,31.885440566759243
31.62034720904422,31.222707172471686
31.090160493614178,30.55997377818413
31.090160493614178,29.89724038389658
30.55997377818413,29.234506989609024
29.89724038389658,28.770593613607737
29.300780329037778,28.24040689817769
28.704320274178976,27.90904020103391
28.21831578503477,28.43922691646396
28.704320274178976,29.300780329037778
28.174133558748935,28.83686695303649
27.90904020103391,29.764693705039065
27.37885348560387,29.234506989609024
26.716120091316313,28.704320274178976
26.053386697028763,28.24040689817769
25.390653302741207,27.643946843318894
25.125559945026183,27.113760127888845
24.72791990845365,26.716120091316313
24.19773319302361,27.511400164461378
23.667546477593568,26.914940109602583
23.402453119878544,26.451026733601296
24.462826550738633,26.053386697028763
23.932639835308585,25.65574666045623
23.269906441021035,27.180033467317607
22.739719725590987,26.583573412458804
22.07698633130343,28.704320274178976
21.41425293701588,28.24040689817769
21.149159579300857,27.643946843318894
20.618972863870816,28.21831578503477
20.221332827298284,27.776493522176402
20.088786148440768,28.571773595321467
19.691146111868235,27.997404653605592
19.95623946958326,29.035686971322754
19.293506075295703,28.43922691646396
19.028412717580686,30.162333741611597
18.89586603872317,29.49960034732404
18.36567932329313,30.825067135899154
17.835492607863088,30.383244873040788
17.371579231861794,31.885440566759243
16.907665855860508,31.222707172471686
17.570399250148064,30.692520457041645
17.128576987289698,30.22860708104035
16.775119177003,29.764693705039065
16.775119177003,29.234506989609024
16.112385782715442,28.571773595321467
15.515925727856647,28.10786021932018
14.919465672997845,29.764693705039065
14.256732278710288,29.300780329037778
13.593998884422739,28.704320274178976
13.06381216899269,31.355253851329195
12.401078774705141,30.825067135899154
11.738345380417584,30.294880420469113
11.274432004416298,32.15053392447426
10.81051862841501,31.090160493614178
10.214058573556208,30.55997377818413
10.147785234127454,29.89724038389658
10.280331912984963,29.367053668466532
9.750145197554922,29.764693705039065
,29.367053668466532
,30.692520457041645
,30.162333741611597
,31.156433833042932
,30.55997377818413
,30.162333741611597
,30.02978706275409
,29.89724038389658
,29.300780329037778
,29.83096704446782
,29.367053668466532
,30.891340475327908
,30.294880420469113
,31.885440566759243
,31.355253851329195
,30.891340475327908
,30.294880420469113
,31.48780053018671
,30.825067135899154
,32.216807263903014
,32.15053392447426
,31.62034720904422
,31.222707172471686
,31.885440566759243
,32.216807263903014
,31.885440566759243
,31.355253851329195
,33.07836067647684
,32.415627282189284
,32.01798724561675
,33.34345403419186
,33.80736741019315
,34.13873410733692
,33.47600071304937
,32.945813997619325
,32.415627282189284
,34.006187428479414
,33.34345403419186
,33.07836067647684
,32.54817396104679
,32.283080603331776
,31.885440566759243
,31.355253851329195
,30.825067135899154
,30.162333741611597
,30.604156004469964
,30.02978706275409
,32.45980950847512
,31.885440566759243
,31.355253851329195
,33.21090735533435
,32.68072063990431
,32.01798724561675
,31.48780053018671
,31.222707172471686
,32.945813997619325
,32.415627282189284
,32.01798724561675
,33.2771806947631
,32.945813997619325
,32.415627282189284
,31.752893887901728
,31.222707172471686
,31.355253851329195
,31.885440566759243
,32.283080603331776
,32.283080603331776
,32.283080603331776
,32.283080603331776
,31.885440566759243
,31.48780053018671
,30.493700438755376
,30.162333741611597
,30.692520457041645
,30.096060402182843
,29.764693705039065
,29.234506989609024
,28.770593613607737
,28.306680237606443
,27.842766861605156
,27.90904020103391
,28.704320274178976
,28.174133558748935
,27.511400164461378
,26.782393430745074
,26.583573412458804
,26.053386697028763
,25.523199981598715
,24.993013266168674
,24.462826550738633
,23.932639835308585
,23.534999798736052
,24.0651865141661
,23.402453119878544
,22.739719725590987
,21.944439652445922
,21.347979597587127
,21.149159579300857
,20.751519542728325
,20.221332827298284
,19.757419451296997
,19.160959396438194
,18.697046020436908
,18.16685930500686
,17.968039286720597
,17.968039286720597
,17.702945929005573
,17.040212534718023
,16.377479140430466
,15.71474574614291
,15.184559030712869
,14.720645654711582
,14.455552296996558
,13.925365581566517
,13.196358847850206
,12.53362545356265
,11.870892059275093
,11.340705343845052
,11.274432004416298
,10.94306530727252
,10.412878591842478
,9.750145197554922
,9.219958482124873
,9.617598518697413
