Y(hoy),Y(ayer)
4.647098061540753,3.5204512912519093
4.580824722111998,3.5204512912519093
4.580824722111998,3.3879046123944008
4.580824722111998,2.990264575821868
4.1169113461107045,2.5926245392493286
3.5867246306806635,2.194984502676803
3.5204512912519093,1.7310711266755163
2.8577178969643597,1.2671577506742295
2.194984502676803,1.1346110718167068
1.5985244478179936,0.6044243563866729
1.2671577506742295,0.20678431981413326
0.67069769581542,0.20678431981413326
0.47187767752916443,-0.1908557167583922
0.20678431981413326,-0.654769092759679
0.07423764095662477,-0.8535891110459488
-0.389675735044662,-0.8535891110459488
-0.5884957533309318,-0.8535891110459488
-1.1849558081897271,-0.8535891110459488
-1.6930514104768548,-0.8535891110459488
-2.0465092207635536,-1.11868246876098
-1.450049165904744,-1.7151425236197753
-0.9861357899034573,-1.913962541906045
-0.8535891110459488,-1.913962541906045
-0.9198624504747102,-1.913962541906045
-0.9861357899034573,-1.913962541906045
-1.5163225053335054,-1.913962541906045
-1.2070469213326476,-1.913962541906045
-1.648869184191014,-1.7814158630485224
-0.9861357899034573,-1.2512291476184885
-1.4279580527618378,-0.8535891110459488
-1.9802358813347922,-0.8535891110459488
-1.383775826475997,-0.8535891110459488
-1.11868246876098,-0.8535891110459488
-0.7210424321884403,-0.8535891110459488
-0.05830903790088371,-0.45594907447342337
0.38351322495748263,0.4056043381004031
1.1346110718167068,-0.05830903790088371
0.7369710352441814,1.0020643929591984
1.3334310901029767,1.2671577506742295
1.664797787246755,1.7310711266755163
1.2671577506742295,2.2612578421055503
2.23916672896263,2.3275311815343116
2.46007786039182,2.725171218106837
2.5926245392493286,3.3879046123944008
3.255357933536885,3.5204512912519093
3.8518179883956876,3.918091327824442
4.448278043254483,5.243558116399548
5.1110114375420395,4.580824722111998
5.707471492400835,5.972564850115859
6.303931547259637,6.436478226117146
6.966664941547194,6.834118262689678
7.563124996405989,7.231758299262211
8.601407314123158,8.159585051264791
8.027038372407276,7.629398335834743
9.88269187641243,9.485051839839898
9.352505160982389,8.822318445552341
10.479151931271232,10.147785234127454
11.47325202270256,11.009338646701273
10.94306530727252,10.545425270699987
13.328905526707715,12.666172132420158
12.798718811277674,12.003438738132608
12.268532095847625,11.47325202270256
14.919465672997845,14.521825636425312
14.389278957567804,13.859092242137756
13.859092242137756,13.328905526707715
16.244932461572958,15.781019085571664
15.781019085571664,15.184559030712869
16.775119177003,16.841392516431753
17.17275921357553,16.244932461572958
16.64257249814549,17.30530589243304
17.835492607863088,18.498226002150638
18.498226002150638,17.835492607863088
19.205141622724028,19.82369279072575
19.95623946958326,19.160959396438194
21.679346294730898,20.088786148440768
21.01661290044335,20.4864261850133
20.4864261850133,20.088786148440768
23.534999798736052,22.342079689018455
22.872266404448496,21.811892973588414
22.342079689018455,21.281706258158366
25.324379963312452,20.884066221585833
24.72791990845365,24.19773319302361
24.19773319302361,23.667546477593568
26.84866677017383,23.13735976216352
26.31848005474378,22.739719725590987
25.78829333931374,26.053386697028763
28.174133558748935,25.523199981598715
27.643946843318894,24.993013266168674
27.24630680674636,24.59537322959614
30.294880420469113,27.37885348560387
29.764693705039065,26.84866677017383
29.234506989609024,26.451026733601296
31.885440566759243,28.704320274178976
31.355253851329195,28.174133558748935
30.957613814756662,31.090160493614178
33.47600071304937,30.55997377818413
32.945813997619325,30.02978706275409
32.415627282189284,29.49960034732404
35.596747574769545,33.54227405247813
35.0665608593395,32.945813997619325
34.536374143909455,32.415627282189284
34.006187428479414,31.885440566759243
37.49658330506054,31.48780053018671
36.92221436334465,34.536374143909455
36.39202764791461,34.006187428479414
38.822050093635646,36.78966768448714
38.247681151919764,36.126934290199586
40.63352137135496,35.596747574769545
40.10333465592491,35.0665608593395
39.57314794049488,39.04296122506483
41.95898815993007,38.51277450963478
41.428801444500024,37.98258779420474
41.03116140792749,37.4524010787747
44.34482837936527,40.10333465592491
44.34482837936527,39.57314794049488
44.34482837936527,40.898614729069976
43.81464166393522,40.50097469249745
43.28445494850518,42.22408151764509
42.75426823307514,41.69389480221505
42.22408151764509,41.296254765642516
42.22408151764509,43.81464166393522
42.157808178216335,43.41700162736269
41.82644148107256,45.80284184679789
41.56134812335753,45.14010845251033
41.03116140792749,44.74246841593779
40.43470135306869,46.53184858051419
40.037061316496164,46.73066859880046
40.23588133478243,47.52594867194553
40.898614729069976,47.06203529594424
40.43470135306869,46.33302856222792
40.898614729069976,46.06793520451291
39.9707879770674,45.670295167940374
41.95898815993007,45.14010845251033
41.428801444500024,44.54364839765153
40.36842801363994,44.477375058222776
43.28445494850518,44.34482837936527
42.75426823307514,43.68209498507771
42.22408151764509,43.019361590790155
41.69389480221505,42.55544821478887
41.03116140792749,43.15190826964766
40.76606805021247,42.62172155421762
40.23588133478243,43.28445494850518
39.9707879770674,43.28445494850518
39.57314794049488,43.5495483062202
38.91041454620732,44.21228170050775
38.247681151919764,44.21228170050775
37.916314454775986,43.5495483062202
38.55695673592062,43.15190826964766
38.77786786734981,42.79845045936097
38.115134473062255,42.3566281965026
37.85004111534723,43.019361590790155
37.4524010787747,42.3566281965026
36.92221436334465,41.69389480221505
36.458300987343364,41.229981426213755
36.06066095077084,41.229981426213755
35.596747574769545,41.73807702850088
35.0665608593395,41.428801444500024
34.66892082276697,40.898614729069976
34.07246076790817,40.36842801363994
33.52018293933521,39.838241298209894
34.006187428479414,39.308054582779846
33.60854739190688,38.84414120677856
35.6630209141983,38.446501170206034
35.26538087762577,37.98258779420474
34.66892082276697,37.4524010787747
34.07246076790817,36.92221436334465
33.47600071304937,36.39202764791461
32.81326731876182,35.92811427191332
32.34935394276053,35.33165421705452
32.45980950847512,34.80146750162448
33.21090735533435,34.40382746505195
32.68072063990431,34.536374143909455
31.885440566759243,35.19910753819701
31.355253851329195,34.536374143909455
31.156433833042932,34.07246076790817
31.48780053018671,33.47600071304937
31.885440566759243,33.01208733704808
31.885440566759243,32.48190062161804
31.48780053018671,32.283080603331776
30.55997377818413,31.752893887901728
30.096060402182843,31.222707172471686
30.55997377818413,30.957613814756662
30.55997377818413,30.361153759897867
30.096060402182843,30.825067135899154
31.48780053018671,30.42742709932662
30.825067135899154,30.55997377818413
32.15053392447426,30.162333741611597
31.62034720904422,30.825067135899154
31.090160493614178,31.222707172471686
32.01798724561675,31.090160493614178
32.68072063990431,30.692520457041645
33.21090735533435,30.361153759897867
32.81326731876182,30.825067135899154
32.87954065819057,30.55997377818413
32.415627282189284,30.162333741611597
33.34345403419186,30.825067135899154
32.283080603331776,31.62034720904422
32.74699397933306,32.283080603331776
33.34345403419186,31.752893887901728
32.68072063990431,31.222707172471686
32.283080603331776,32.15053392447426
33.21090735533435,31.62034720904422
33.34345403419186,33.2771806947631
33.34345403419186,32.81326731876182
33.74109407076439,33.34345403419186
34.27128078619444,32.81326731876182
34.40382746505195,32.415627282189284
34.40382746505195,32.945813997619325
34.33755412562319,33.34345403419186
33.74109407076439,32.68072063990431
33.34345403419186,32.15053392447426
32.283080603331776,31.664529435330053
32.72490286619014,31.222707172471686
33.60854739190688,32.415627282189284
34.80146750162448,32.01798724561675
34.27128078619444,32.945813997619325
35.6630209141983,32.68072063990431
36.126934290199586,32.283080603331776
36.657121005629634,32.415627282189284
36.524574326772125,33.07836067647684
36.2594809690571,33.2771806947631
35.86184093248457,32.74699397933306
35.464200895912036,32.283080603331776
36.458300987343364,32.68072063990431
37.98258779420474,33.07836067647684
36.92221436334465,32.48190062161804
38.55695673592062,32.81326731876182
38.84414120677856,33.34345403419186
46.774850825086304,33.07836067647684
46.200481883370415,32.415627282189284
45.80284184679789,32.81326731876182
49.6466955336657,34.27128078619444
48.98396213937815,33.74109407076439
48.4537754239481,33.34345403419186
47.989862047946815,36.39202764791461
47.52594867194553,35.86184093248457
48.851415460520634,35.39792755648328
48.32122874509059,34.80146750162448
47.791042029660545,34.93401418048199
47.65849535080304,34.66892082276697
47.52594867194553,35.39792755648328
47.06203529594424,35.86184093248457
46.6643952593717,35.464200895912036
46.06793520451291,37.31985439991719
46.598121919942955,36.657121005629634
45.670295167940374,36.2594809690571
45.27265513136784,37.054761042202166
44.87501509479531,36.78966768448714
44.34482837936527,37.58494775763221
43.68209498507771,37.717494436489716
43.28445494850518,37.187307721059675
42.75426823307514,36.78966768448714
42.29035485707385,38.247681151919764
41.82644148107256,37.717494436489716
43.68209498507771,38.6453211884923
44.079735021650244,38.048861133633494
43.68209498507771,39.17550790392234
42.75426823307514,38.6453211884923
42.22408151764509,42.22408151764509
41.428801444500024,41.69389480221505
40.898614729069976,41.16370808678501
40.10333465592491,44.609921737080285
39.57314794049488,44.21228170050775
39.17550790392234,45.9353885256554
38.77786786734981,45.53774848908286
38.247681151919764,46.53184858051419
37.58494775763221,46.53184858051419
37.31985439991719,46.200481883370415
36.92221436334465,45.73656850736913
36.2594809690571,45.14010845251033
35.72929425362706,44.676195076509046
35.0665608593395,44.079735021650244
34.27128078619444,43.48327496679144
33.60854739190688,45.14010845251033
32.81326731876182,44.609921737080285
32.54817396104679,44.21228170050775
32.15053392447426,45.80284184679789
31.48780053018671,46.33302856222792
31.222707172471686,45.670295167940374
30.825067135899154,45.14010845251033
30.162333741611597,44.34482837936527
29.101960310751508,43.68209498507771
29.587964799895722,43.019361590790155
30.02978706275409,42.48917487536011
29.632147026181556,41.95898815993007
30.02978706275409,41.296254765642516
29.49960034732404,42.22408151764509
28.969413631894,41.82644148107256
29.565873686752802,43.15190826964766
30.02978706275409,43.019361590790155
30.02978706275409,42.48917487536011
29.632147026181556,41.95898815993007
28.969413631894,41.428801444500024
31.090160493614178,40.63352137135496
29.49960034732404,40.10333465592491
32.15053392447426,39.308054582779846
31.62034720904422,38.77786786734981
30.162333741611597,38.31395449134852
32.216807263903014,37.717494436489716
32.15053392447426,37.054761042202166
31.62034720904422,36.39202764791461
30.55997377818413,35.99438761134208
30.162333741611597,35.596747574769545
30.692520457041645,34.93401418048199
31.48780053018671,35.33165421705452
31.951713906187997,34.93401418048199
32.54817396104679,34.536374143909455
33.21090735533435,34.07246076790817
33.21090735533435,33.60854739190688
32.81326731876182,33.21090735533435
31.885440566759243,32.68072063990431
31.355253851329195,32.216807263903014
31.885440566759243,31.62034720904422
33.07836067647684,31.090160493614178
32.945813997619325,30.692520457041645
32.48190062161804,29.632147026181556
32.34935394276053,28.969413631894
34.27128078619444,28.83686695303649
33.74109407076439,28.704320274178976
32.945813997619325,28.24040689817769
35.464200895912036,27.842766861605156
34.80146750162448,28.43922691646396
36.78966768448714,28.041586879891426
34.735194162195725,28.969413631894
35.37583644334036,29.632147026181556
35.596747574769545,30.294880420469113
35.464200895912036,31.023887154185417
35.0665608593395,31.222707172471686
34.80146750162448,30.825067135899154
32.415627282189284,30.42742709932662
34.536374143909455,29.49960034732404
32.945813997619325,29.101960310751508
35.72929425362706,30.825067135899154
35.0665608593395,30.294880420469113
36.43620987420045,31.42152719075795
36.657121005629634,31.929622793045077
36.126934290199586,31.62034720904422
35.6630209141983,31.222707172471686
35.0665608593395,33.07836067647684
34.536374143909455,32.61444730047555
35.33165421705452,32.34935394276053
34.867740841053234,32.54817396104679
34.80146750162448,33.21090735533435
34.40382746505195,33.34345403419186
35.37583644334036,33.07836067647684
35.72929425362706,32.48190062161804
33.52018293933521,32.945813997619325
34.33755412562319,33.34345403419186
33.873640749621906,34.536374143909455
34.27128078619444,34.006187428479414
33.674820731335636,33.60854739190688
29.89724038389658,35.33165421705452
30.02978706275409,34.93401418048199
29.565873686752802,36.126934290199586
28.83686695303649,36.524574326772125
28.306680237606443,36.126934290199586
27.776493522176402,34.80146750162448
26.84866677017383,34.33755412562319
27.180033467317607,34.006187428479414
26.716120091316313,33.54227405247813
27.643946843318894,34.006187428479414
27.113760127888845,34.40382746505195
26.451026733601296,34.40382746505195
25.854566678742493,33.873640749621906
25.523199981598715,32.61444730047555
24.993013266168674,33.07836067647684
24.59537322959614,33.74109407076439
23.932639835308585,35.0665608593395
23.534999798736052,34.66892082276697
17.835492607863088,35.464200895912036
16.775119177003,35.0665608593395
16.907665855860508,34.536374143909455
16.64257249814549,34.006187428479414
16.377479140430466,33.47600071304937
15.979839103857934,33.34345403419186
15.317105709570377,33.34345403419186
13.06381216899269,34.40382746505195
12.268532095847625,33.74109407076439
11.804618719846339,33.34345403419186
11.274432004416298,35.13283419876826
11.208158664987543,34.66892082276697
10.74424528898625,33.873640749621906
10.280331912984963,33.21090735533435
8.159585051264791,32.54817396104679
,33.2771806947631
,32.81326731876182
,33.74109407076439
,34.07246076790817
,33.54227405247813
,33.34345403419186
,32.945813997619325
,31.885440566759243
,30.825067135899154
,30.294880420469113
,30.957613814756662
,30.957613814756662
,30.42742709932662
,29.49960034732404
,28.83686695303649
,28.174133558748935
,27.776493522176402
,26.84866677017383
,26.185933375886272
,25.65574666045623
,26.119660036457518
,25.65574666045623
,26.451026733601296
,25.78829333931374
,25.324379963312452
,24.72791990845365
,24.330279871881118
,23.667546477593568
,22.342079689018455
,21.811892973588414
,20.884066221585833
,20.353879506155792
,19.558599433010727
,18.23313264443562
,17.570399250148064
,17.040212534718023
,17.437852571290556
,16.775119177003
,15.847292425000418
,15.847292425000418
,16.510025819287975
,16.112385782715442
,15.71474574614291
,15.184559030712869
,13.991638920995271
,13.06381216899269
,12.53362545356265
,12.003438738132608
,11.47325202270256
,10.94306530727252
,10.280331912984963
,10.147785234127454
,10.015238555269946
,9.485051839839898
,8.689771766694832
,8.027038372407276
,7.894491693549767
