Y(hoy),Y(ayer)
-1.648869184191014,-1.913962541906045
-1.2512291476184885,-2.179055899621062
-1.2512291476184885,-2.70924261505111
-1.648869184191014,-2.3116025784785705
-1.9802358813347922,-2.70924261505111
-1.913962541906045,-2.444149257336079
-1.9802358813347922,-2.8417892939086187
-1.913962541906045,-2.3116025784785705
-2.0465092207635536,-2.7755159544798573
-2.0465092207635536,-2.8417892939086187
-1.9802358813347922,-2.3116025784785705
-1.648869184191014,-1.913962541906045
-1.2070469213326476,-1.913962541906045
-0.9198624504747102,-1.383775826475997
-0.8535891110459488,-1.913962541906045
-0.5884957533309318,-0.8535891110459488
-0.05830903790088371,-0.8535891110459488
0.47187767752916443,-0.8535891110459488
5.3761047952570635,-0.7210424321884403
6.70157158383217,0.20678431981413326
6.171384868402129,0.33933099867164174
5.773744831829596,1.0020643929591984
7.099211620404702,1.664797787246755
7.761945014692259,2.3275311815343116
8.2921317301223,2.5926245392493286
10.412878591842478,3.1228112546793767
10.015238555269946,4.05063800668195
11.47325202270256,4.713371400969507
15.847292425000418,5.3761047952570635
16.244932461572958,5.906291510687105
17.040212534718023,6.436478226117146
16.64257249814549,7.231758299262211
17.835492607863088,8.027038372407276
21.41425293701588,7.629398335834743
23.13735976216352,8.424678408979808
22.60717304673348,9.087411803267365
22.07698633130343,10.94306530727252
28.969413631894,10.412878591842478
28.43922691646396,10.015238555269946
24.993013266168674,11.738345380417584
24.462826550738633,12.798718811277674
24.0651865141661,14.12418559985278
33.47600071304937,15.184559030712869
31.62034720904422,15.582199067285401
31.222707172471686,16.046112443286688
34.66892082276697,17.040212534718023
35.19910753819701,16.510025819287975
37.187307721059675,17.437852571290556
36.78966768448714,16.907665855860508
39.838241298209894,17.437852571290556
39.308054582779846,19.42605275415322
42.22408151764509,18.89586603872317
46.244664109656256,22.07698633130343
45.80284184679789,21.54679961587339
46.99576195651548,21.01661290044335
48.58632210280561,20.618972863870816
48.05613538737557,23.932639835308585
47.52594867194553,23.402453119878544
48.58632210280561,22.872266404448496
47.989862047946815,22.474626367875963
45.9353885256554,25.258106623883698
44.87501509479531,24.72791990845365
44.477375058222776,26.84866677017383
44.34482837936527,26.451026733601296
43.81464166393522,29.234506989609024
43.41700162736269,28.704320274178976
42.75426823307514,28.306680237606443
42.22408151764509,31.885440566759243
41.428801444500024,31.355253851329195
40.76606805021247,30.825067135899154
40.10333465592491,32.54817396104679
40.898614729069976,33.60854739190688
40.50097469249745,35.596747574769545
40.36842801363994,35.0665608593395
38.91041454620732,34.536374143909455
39.308054582779846,34.13873410733692
39.838241298209894,37.717494436489716
38.51277450963478,37.187307721059675
37.4524010787747,36.657121005629634
36.78966768448714,40.10333465592491
36.19320762962835,39.57314794049488
35.53047423534079,39.04296122506483
36.2594809690571,42.48917487536011
35.79556759305581,41.95898815993007
33.873640749621906,41.56134812335753
33.34345403419186,44.87501509479531
33.21090735533435,44.34482837936527
32.68072063990431,43.94718834279273
31.885440566759243,45.53774848908286
29.963513723325335,46.266755222799176
30.02978706275409,45.80284184679789
30.02978706275409,46.73066859880046
29.49960034732404,47.260855314230504
28.969413631894,46.200481883370415
28.571773595321467,45.80284184679789
27.776493522176402,45.14010845251033
27.37885348560387,44.609921737080285
28.969413631894,43.5495483062202
28.174133558748935,43.019361590790155
27.511400164461378,42.48917487536011
26.981213449031337,41.95898815993007
26.716120091316313,41.56134812335753
28.174133558748935,41.16370808678501
27.643946843318894,40.63352137135496
28.969413631894,40.23588133478243
28.10786021932018,39.838241298209894
27.776493522176402,39.308054582779846
30.825067135899154,38.91041454620732
30.294880420469113,39.57314794049488
29.764693705039065,39.9707879770674
29.367053668466532,39.44060126163736
28.571773595321467,38.6453211884923
29.963513723325335,38.115134473062255
30.096060402182843,38.51277450963478
30.02978706275409,39.308054582779846
29.49960034732404,38.91041454620732
29.89724038389658,39.705694619352386
29.3228714421807,38.77786786734981
29.49960034732404,38.247681151919764
28.969413631894,37.717494436489716
30.02978706275409,36.92221436334465
30.55997377818413,36.524574326772125
31.090160493614178,36.126934290199586
32.01798724561675,35.6630209141983
31.48780053018671,35.86184093248457
29.89724038389658,36.72339434505839
30.02978706275409,36.2594809690571
29.49960034732404,37.231489947345516
28.83686695303649,36.92221436334465
28.174133558748935,36.126934290199586
27.776493522176402,35.72929425362706
28.704320274178976,34.33755412562319
30.339062646754947,33.74109407076439
29.764693705039065,32.68072063990431
29.234506989609024,32.283080603331776
31.090160493614178,31.752893887901728
32.01798724561675,31.222707172471686
31.752893887901728,30.55997377818413
31.355253851329195,30.294880420469113
30.957613814756662,30.957613814756662
29.89724038389658,30.957613814756662
32.15053392447426,30.361153759897867
31.62034720904422,29.89724038389658
31.222707172471686,29.49960034732404
32.283080603331776,28.969413631894
31.62034720904422,28.43922691646396
31.090160493614178,28.041586879891426
30.55997377818413,30.825067135899154
30.096060402182843,30.294880420469113
30.692520457041645,29.764693705039065
32.283080603331776,29.234506989609024
32.74699397933306,28.83686695303649
32.283080603331776,28.969413631894
33.21090735533435,28.43922691646396
33.34345403419186,27.90904020103391
34.66892082276697,27.24630680674636
34.006187428479414,26.981213449031337
33.60854739190688,28.306680237606443
36.39202764791461,28.83686695303649
35.86184093248457,28.24040689817769
35.33165421705452,28.704320274178976
37.717494436489716,29.764693705039065
37.187307721059675,29.234506989609024
36.7454854582013,28.24040689817769
36.657121005629634,27.776493522176402
36.78966768448714,28.83686695303649
36.657121005629634,29.49960034732404
38.91041454620732,29.101960310751508
43.5495483062202,30.825067135899154
43.15190826964766,30.42742709932662
45.14010845251033,30.294880420469113
44.609921737080285,29.764693705039065
46.46557524108544,29.234506989609024
45.9353885256554,28.83686695303649
45.53774848908286,29.367053668466532
46.06793520451291,30.02978706275409
46.200481883370415,30.294880420469113
45.73656850736913,30.825067135899154
47.30503754051634,31.686620548472973
46.73066859880046,31.222707172471686
46.200481883370415,32.01798724561675
48.58632210280561,31.355253851329195
48.05613538737557,31.28898051190044
47.65849535080304,31.951713906187997
46.6643952593717,31.48780053018671
47.59222201137428,31.48780053018671
47.06203529594424,30.692520457041645
46.598121919942955,30.294880420469113
45.80284184679789,30.957613814756662
43.81464166393522,30.957613814756662
43.019361590790155,30.42742709932662
42.3566281965026,30.02978706275409
42.09153483878758,29.49960034732404
42.3566281965026,29.101960310751508
43.019361590790155,30.825067135899154
43.68209498507771,32.15053392447426
45.40520181022535,31.686620548472973
44.87501509479531,31.222707172471686
44.433192831936935,30.957613814756662
42.29035485707385,30.383244873040788
41.69389480221505,31.885440566759243
42.09153483878758,31.48780053018671
41.16370808678501,31.355253851329195
40.63352137135496,30.891340475327908
38.77786786734981,30.383244873040788
38.247681151919764,31.355253851329195
37.187307721059675,30.825067135899154
36.657121005629634,32.283080603331776
35.99438761134208,31.885440566759243
33.74109407076439,31.28898051190044
33.21090735533435,31.355253851329195
32.54817396104679,33.07836067647684
31.752893887901728,32.415627282189284
31.222707172471686,33.47600071304937
29.89724038389658,34.66892082276697
28.704320274178976,34.006187428479414
28.041586879891426,35.39792755648328
29.764693705039065,35.33165421705452
29.234506989609024,34.867740841053234
28.704320274178976,34.27128078619444
28.174133558748935,33.873640749621906
29.89724038389658,33.07836067647684
28.83686695303649,32.68072063990431
28.903140292465245,32.283080603331776
28.505500255892713,33.80736741019315
27.953222427319744,33.21090735533435
28.704320274178976,35.39792755648328
30.339062646754947,34.80146750162448
29.764693705039065,34.27128078619444
29.234506989609024,35.464200895912036
31.090160493614178,35.99438761134208
30.162333741611597,36.39202764791461
29.89724038389658,35.86184093248457
30.02978706275409,35.53047423534079
29.367053668466532,36.126934290199586
29.101960310751508,40.36842801363994
28.571773595321467,39.838241298209894
28.041586879891426,39.308054582779846
27.776493522176402,38.77786786734981
28.704320274178976,38.38022783077727
28.24040689817769,43.5495483062202
28.43922691646396,43.019361590790155
27.975313540462672,44.87501509479531
29.367053668466532,44.34482837936527
28.704320274178976,43.94718834279273
30.162333741611597,45.47147514965411
31.222707172471686,46.86321527765797
29.89724038389658,46.200481883370415
30.162333741611597,47.52594867194553
29.035686971322754,46.99576195651548
28.43922691646396,46.46557524108544
27.90904020103391,45.27265513136784
27.643946843318894,44.87501509479531
27.180033467317607,44.477375058222776
26.451026733601296,46.200481883370415
25.920840018171248,45.670295167940374
26.583573412458804,46.99576195651548
26.053386697028763,47.52594867194553
25.65574666045623,47.12830863537299
27.15794235417468,46.46557524108544
27.953222427319744,45.9353885256554
28.83686695303649,45.14010845251033
29.49960034732404,44.079735021650244
30.692520457041645,43.68209498507771
30.02978706275409,43.35072828793393
31.355253851329195,43.81464166393522
34.27128078619444,44.21228170050775
33.74109407076439,44.079735021650244
33.34345403419186,43.68209498507771
32.15053392447426,42.886814911932646
31.752893887901728,42.3566281965026
34.006187428479414,41.69389480221505
33.60854739190688,40.898614729069976
33.21090735533435,40.36842801363994
32.61444730047555,39.04296122506483
32.01798724561675,38.51277450963478
31.62034720904422,37.98258779420474
32.15053392447426,37.4524010787747
31.090160493614178,37.054761042202166
30.55997377818413,36.657121005629634
30.02978706275409,36.126934290199586
29.49960034732404,35.6630209141983
29.035686971322754,34.93401418048199
28.969413631894,34.66892082276697
30.02978706275409,35.19910753819701
29.49960034732404,33.873640749621906
30.55997377818413,33.47600071304937
30.55997377818413,33.07836067647684
30.02978706275409,32.68072063990431
31.023887154185417,32.15053392447426
30.692520457041645,31.62034720904422
28.770593613607737,31.090160493614178
28.174133558748935,29.764693705039065
28.041586879891426,29.300780329037778
28.83686695303649,30.02978706275409
28.174133558748935,29.632147026181556
28.748502500464816,30.825067135899154
29.89724038389658,30.42742709932662
29.367053668466532,30.55997377818413
28.704320274178976,29.764693705039065
28.174133558748935,29.300780329037778
27.643946843318894,30.294880420469113
27.180033467317607,29.764693705039065
31.023887154185417,30.692520457041645
31.090160493614178,30.02978706275409
29.764693705039065,29.367053668466532
29.234506989609024,29.101960310751508
27.113760127888845,31.090160493614178
26.583573412458804,30.55997377818413
24.993013266168674,30.02978706275409
24.59537322959614,29.49960034732404
23.402453119878544,32.945813997619325
22.872266404448496,32.415627282189284
21.679346294730898,31.885440566759243
20.884066221585833,31.48780053018671
20.221332827298284,33.2771806947631
19.691146111868235,32.945813997619325
19.160959396438194,32.48190062161804
18.630772681008153,31.885440566759243
17.968039286720597,31.42152719075795
17.30530589243304,30.825067135899154
16.64257249814549,30.162333741611597
16.112385782715442,29.89724038389658
15.71474574614291,29.300780329037778
15.979839103857934,29.49960034732404
17.30530589243304,30.02978706275409
17.835492607863088,30.825067135899154
17.17275921357553,30.294880420469113
16.510025819287975,29.367053668466532
15.979839103857934,30.825067135899154
13.461452205565223,30.294880420469113
13.395178866136469,29.89724038389658
13.328905526707715,30.55997377818413
12.864992150706428,30.096060402182843
12.467352114133895,29.764693705039065
11.870892059275093,29.234506989609024
11.208158664987543,28.571773595321467
10.677971949557495,27.975313540462672
9.88269187641243,28.43922691646396
7.099211620404702,28.903140292465245
6.569024904974661,30.02978706275409
2.5926245392493286,29.49960034732404
1.5322511083892465,31.090160493614178
0.47187767752916443,30.55997377818413
,31.62034720904422
,32.283080603331776
,32.81326731876182
,33.34345403419186
,32.945813997619325
,32.283080603331776
,31.62034720904422
,31.222707172471686
,32.15053392447426
,32.01798724561675
,31.554073869615465
,32.15053392447426
,33.07836067647684
,32.61444730047555
,32.415627282189284
,32.01798724561675
,31.62034720904422
,31.090160493614178
,30.604156004469964
,30.162333741611597
,31.156433833042932
,31.686620548472973
,32.216807263903014
,32.15053392447426
,31.62034720904422
,30.825067135899154
,30.42742709932662
,29.367053668466532
,29.101960310751508
,29.632147026181556
,28.969413631894
,27.842766861605156
,27.710220182747648
,27.24630680674636
,26.782393430745074
,26.716120091316313
,27.24630680674636
,28.174133558748935
,29.49960034732404
,29.101960310751508
,30.42742709932662
,30.957613814756662
,31.62034720904422
,32.15053392447426
,31.62034720904422
,31.090160493614178
,30.55997377818413
,29.764693705039065
,29.234506989609024
,28.704320274178976
,27.37885348560387
,26.84866677017383
,26.31848005474378
,25.920840018171248
,24.993013266168674
,24.462826550738633
,23.932639835308585
,23.13735976216352
,22.60717304673348
,22.209533010160946
,21.811892973588414
,21.347979597587127
,20.751519542728325
,20.221332827298284
,19.691146111868235
,18.89586603872317
,18.498226002150638
,18.100585965578105
,17.570399250148064
,17.106485874146777
,16.64257249814549
,16.244932461572958
,15.71474574614291
,15.184559030712869
,14.65437231528282
,15.979839103857934
,15.449652388427886
,16.64257249814549
,16.510025819287975
,15.979839103857934
,15.317105709570377
,14.720645654711582
,15.317105709570377
,14.389278957567804
,13.991638920995271
,12.931265490135182
,12.401078774705141
,12.401078774705141
,12.268532095847625
,11.738345380417584
,11.274432004416298
,10.81051862841501
,10.412878591842478
,9.750145197554922
,9.219958482124873
,8.027038372407276
,6.9003916021184395
,6.569024904974661
,6.038838189544613
,5.508651474114572
,4.713371400969507
,4.183184685539466
,3.5204512912519093
,2.8577178969643597
,2.194984502676803
,1.399704429531738
,1.2671577506742295
,0.33933099867164174
,0.20678431981413326
,0.20678431981413326
