Y(hoy),Y(ayer)
9.02113846383861,7.894491693549767
9.617598518697413,7.894491693549767
10.147785234127454,8.093311711836037
10.412878591842478,8.689771766694832
10.015238555269946,8.557225087837324
10.94306530727252,8.159585051264791
10.346605252413717,7.761945014692259
9.88269187641243,7.298031638690972
9.219958482124873,6.834118262689678
8.954865124409856,6.834118262689678
9.087411803267365,6.70157158383217
8.954865124409856,6.171384868402129
8.689771766694832,5.707471492400835
8.159585051264791,5.177284776970794
7.496851656977235,4.713371400969507
6.966664941547194,4.448278043254483
6.834118262689678,3.7855446489669333
6.70157158383217,4.448278043254483
6.038838189544613,3.918091327824442
5.773744831829596,4.315731364396974
5.6411981529720805,3.8518179883956876
5.177284776970794,3.5204512912519093
5.177284776970794,3.3879046123944008
4.713371400969507,2.5926245392493286
5.6411981529720805,2.3275311815343116
5.707471492400835,1.929891144961772
5.6411981529720805,1.3334310901029767
5.177284776970794,1.2671577506742295
4.647098061540753,1.3334310901029767
4.580824722111998,2.0624378238192946
3.918091327824442,1.5322511083892465
3.5204512912519093,2.3275311815343116
3.5204512912519093,2.3275311815343116
4.05063800668195,1.7973444661042635
4.580824722111998,1.2008844112454682
4.05063800668195,0.8695177141016899
3.5204512912519093,0.4056043381004031
3.5204512912519093,0.8695177141016899
3.5204512912519093,1.2671577506742295
3.0565379152506154,1.2008844112454682
2.5263511998205814,0.8695177141016899
2.46007786039182,0.4056043381004031
2.46007786039182,0.8695177141016899
2.46007786039182,1.2671577506742295
2.46007786039182,0.8695177141016899
2.46007786039182,0.2730576592428946
2.46007786039182,0.33933099867164174
2.46007786039182,0.8695177141016899
2.1287111632480418,1.2671577506742295
1.664797787246755,0.8695177141016899
2.194984502676803,0.2730576592428946
1.664797787246755,0.33933099867164174
2.194984502676803,0.8695177141016899
1.5985244478179936,0.6044243563866729
1.2671577506742295,0.20678431981413326
1.2671577506742295,0.2730576592428946
1.2671577506742295,0.8695177141016899
1.4659777689604852,1.2671577506742295
1.9961644843905333,0.8695177141016899
2.46007786039182,0.4056043381004031
2.46007786039182,1.0020643929591984
1.929891144961772,0.8695177141016899
1.5322511083892465,0.33933099867164174
1.929891144961772,0.20678431981413326
2.46007786039182,0.20678431981413326
2.3275311815343116,0.20678431981413326
2.0624378238192946,0.33933099867164174
1.664797787246755,1.1346110718167068
1.2671577506742295,0.7369710352441814
2.3275311815343116,0.6486065826724996
1.7973444661042635,0.20678431981413326
2.3275311815343116,1.2008844112454682
2.0624378238192946,1.2671577506742295
1.664797787246755,1.2671577506742295
1.2671577506742295,1.2671577506742295
2.23916672896263,1.3334310901029767
1.664797787246755,1.929891144961772
2.46007786039182,2.3275311815343116
2.46007786039182,2.3275311815343116
2.46007786039182,2.5926245392493286
2.46007786039182,3.1228112546793767
2.46007786039182,3.5867246306806635
2.46007786039182,4.1169113461107045
2.46007786039182,4.580824722111998
2.5926245392493286,5.1110114375420395
2.990264575821868,5.707471492400835
3.3879046123944008,6.303931547259637
2.8577178969643597,5.773744831829596
4.05063800668195,6.834118262689678
4.647098061540753,6.834118262689678
5.243558116399548,7.496851656977235
5.906291510687105,8.027038372407276
6.569024904974661,8.822318445552341
6.834118262689678,8.424678408979808
6.303931547259637,9.352505160982389
5.906291510687105,9.88269187641243
6.502751565545907,12.53362545356265
5.906291510687105,12.003438738132608
7.496851656977235,11.47325202270256
8.822318445552341,11.075611986130028
8.2921317301223,13.328905526707715
9.485051839839898,12.864992150706428
10.147785234127454,13.328905526707715
11.738345380417584,12.798718811277674
14.455552296996558,12.401078774705141
13.859092242137756,14.919465672997845
13.461452205565223,14.389278957567804
14.919465672997845,13.859092242137756
17.570399250148064,16.244932461572958
18.89586603872317,17.570399250148064
18.498226002150638,17.17275921357553
18.630772681008153,19.160959396438194
18.03431262614935,18.630772681008153
17.702945929005573,20.4864261850133
19.95623946958326,19.95623946958326
19.42605275415322,19.558599433010727
21.281706258158366,21.811892973588414
20.751519542728325,21.281706258158366
20.353879506155792,22.209533010160946
21.811892973588414,21.811892973588414
22.60717304673348,21.41425293701588
23.13735976216352,23.932639835308585
28.174133558748935,23.402453119878544
27.776493522176402,22.872266404448496
30.55997377818413,22.342079689018455
30.02978706275409,21.811892973588414
29.49960034732404,26.31848005474378
28.969413631894,25.78829333931374
31.885440566759243,27.90904020103391
31.355253851329195,27.511400164461378
30.957613814756662,29.49960034732404
33.47600071304937,28.969413631894
32.945813997619325,28.571773595321467
32.54817396104679,31.355253851329195
35.86184093248457,30.825067135899154
35.33165421705452,30.294880420469113
34.80146750162448,32.945813997619325
34.27128078619444,32.415627282189284
33.873640749621906,32.01798724561675
38.115134473062255,34.27128078619444
37.4524010787747,33.74109407076439
36.92221436334465,33.34345403419186
36.39202764791461,37.054761042202166
39.308054582779846,36.39202764791461
38.77786786734981,35.86184093248457
40.63352137135496,35.33165421705452
40.10333465592491,34.80146750162448
45.40520181022535,38.77786786734981
44.87501509479531,38.247681151919764
44.34482837936527,37.717494436489716
43.81464166393522,41.428801444500024
43.28445494850518,40.898614729069976
42.886814911932646,40.36842801363994
41.69389480221505,39.44060126163736
41.296254765642516,42.09153483878758
47.260855314230504,44.079735021650244
46.73066859880046,43.5495483062202
46.200481883370415,43.019361590790155
45.80284184679789,42.48917487536011
48.63050432909145,47.30503754051634
48.05613538737557,46.73066859880046
48.98396213937815,46.200481883370415
49.6466955336657,45.670295167940374
50.17688224909574,45.14010845251033
51.10470900109832,44.74246841593779
50.57452228566828,47.06203529594424
49.91178889138072,46.598121919942955
49.381602175950675,48.12240872680432
48.32122874509059,47.52594867194553
49.91178889138072,49.18278215766441
49.44787551537944,48.58632210280561
48.851415460520634,50.17688224909574
50.972162322240806,49.6466955336657
50.441975606810765,50.70706896452579
50.972162322240806,49.381602175950675
50.309428927953256,48.91768879994939
50.04433557023823,48.718868781663126
49.6466955336657,48.32122874509059
48.98396213937815,47.65849535080304
48.32122874509059,47.65849535080304
47.923588708518054,47.65849535080304
48.32122874509059,47.260855314230504
48.58632210280561,46.79694193822922
48.05613538737557,46.266755222799176
47.65849535080304,45.73656850736913
46.73066859880046,46.266755222799176
45.14010845251033,47.260855314230504
44.609921737080285,46.73066859880046
44.079735021650244,47.65849535080304
43.5495483062202,46.73066859880046
43.019361590790155,45.60402182851162
42.3566281965026,45.40520181022535
42.09153483878758,44.87501509479531
42.09153483878758,44.477375058222776
41.82644148107256,44.079735021650244
41.428801444500024,43.41700162736269
41.82644148107256,43.28445494850518
41.296254765642516,43.019361590790155
41.03116140792749,42.62172155421762
40.50097469249745,42.22408151764509
39.9707879770674,41.69389480221505
39.44060126163736,41.229981426213755
38.77786786734981,40.63352137135496
38.247681151919764,39.9707879770674
37.58494775763221,39.308054582779846
37.054761042202166,38.91041454620732
36.657121005629634,38.51277450963478
36.657121005629634,38.048861133633494
36.524574326772125,37.85004111534723
35.99438761134208,37.31985439991719
35.72929425362706,36.78966768448714
35.33165421705452,37.78376777591848
34.80146750162448,37.187307721059675
34.27128078619444,38.6453211884923
33.74109407076439,38.181407812491
33.34345403419186,37.85004111534723
34.27128078619444,37.31985439991719
33.74109407076439,36.72339434505839
34.27128078619444,36.2594809690571
33.74109407076439,35.90602315877041
33.07836067647684,36.2594809690571
32.81326731876182,35.596747574769545
32.415627282189284,34.93401418048199
31.885440566759243,34.13873410733692
31.355253851329195,33.56436516562104
33.21090735533435,34.33755412562319
32.68072063990431,35.39792755648328
32.15053392447426,34.80146750162448
31.62034720904422,35.464200895912036
32.68072063990431,34.93401418048199
32.15053392447426,34.40382746505195
31.62034720904422,35.0665608593395
31.28898051190044,35.464200895912036
32.01798724561675,35.464200895912036
32.216807263903014,35.0665608593395
32.15053392447426,34.536374143909455
31.62034720904422,36.2594809690571
31.156433833042932,35.596747574769545
31.090160493614178,35.0665608593395
32.15053392447426,36.126934290199586
31.62034720904422,35.72929425362706
31.222707172471686,35.33165421705452
33.21090735533435,34.867740841053234
32.68072063990431,35.33165421705452
32.15053392447426,36.39202764791461
31.62034720904422,35.99438761134208
31.222707172471686,35.33165421705452
32.15053392447426,34.84564972791032
31.752893887901728,36.2594809690571
32.68072063990431,35.596747574769545
32.283080603331776,37.58494775763221
33.21090735533435,36.92221436334465
34.006187428479414,37.717494436489716
33.40972737362062,37.25358106048843
36.78966768448714,36.524574326772125
35.33165421705452,35.99438761134208
35.596747574769545,37.58494775763221
35.0665608593395,36.92221436334465
34.4701008044807,36.39202764791461
35.33165421705452,38.84414120677856
34.867740841053234,38.247681151919764
34.536374143909455,39.705694619352386
36.39202764791461,39.17550790392234
35.79556759305581,38.57904784906354
35.33165421705452,38.048861133633494
34.80146750162448,38.57904784906354
34.40382746505195,39.04296122506483
37.717494436489716,39.57314794049488
37.187307721059675,38.84414120677856
36.524574326772125,38.31395449134852
36.2594809690571,37.85004111534723
35.72929425362706,38.77786786734981
35.464200895912036,39.838241298209894
36.43620987420045,39.838241298209894
35.86184093248457,39.308054582779846
35.464200895912036,38.91041454620732
37.717494436489716,39.705694619352386
37.187307721059675,39.17550790392234
36.657121005629634,40.43470135306869
37.187307721059675,39.838241298209894
36.126934290199586,40.76606805021247
35.53047423534079,40.10333465592491
38.51277450963478,39.9707879770674
37.98258779420474,39.57314794049488
39.57314794049488,39.04296122506483
39.04296122506483,37.98258779420474
38.51277450963478,37.98258779420474
37.98258779420474,39.838241298209894
37.51867441820345,39.44060126163736
36.92221436334465,41.03116140792749
36.39202764791461,41.03116140792749
35.86184093248457,41.56134812335753
35.464200895912036,42.09153483878758
37.98258779420474,42.55544821478887
37.4524010787747,43.019361590790155
38.976687885636075,43.94718834279273
38.51277450963478,43.41700162736269
38.57904784906354,44.54364839765153
37.98258779420474,45.27265513136784
38.77786786734981,44.74246841593779
38.247681151919764,45.53774848908286
37.85004111534723,46.53184858051419
38.115134473062255,45.9353885256554
37.85004111534723,47.52594867194553
38.77786786734981,46.99576195651548
38.247681151919764,46.46557524108544
41.03116140792749,45.670295167940374
40.63352137135496,49.91178889138072
40.10333465592491,49.381602175950675
41.56134812335753,48.851415460520634
40.63352137135496,48.32122874509059
43.019361590790155,47.791042029660545
42.42290153593136,52.29762911081592
42.09153483878758,51.76744239538587
43.019361590790155,51.23725567995583
42.62172155421762,50.8396156433833
41.56134812335753,54.02073593596356
41.296254765642516,53.35800254167601
40.898614729069976,52.82781582624596
40.36842801363994,55.27992938510991
39.90451463763865,54.683469330251114
39.308054582779846,56.40657615539875
38.91041454620732,55.7438427611112
41.69389480221505,56.40657615539875
41.16370808678501,56.00893611882623
40.69979471078371,55.54502274282493
40.10333465592491,54.94856268796614
43.28445494850518,54.28582929367858
42.75426823307514,53.623095899391025
42.22408151764509,53.092909183960984
43.85882389022106,52.562722468530936
43.94718834279273,52.16508243195841
43.41700162736269,53.092909183960984
44.34482837936527,53.22545586281849
43.81464166393522,53.22545586281849
44.34482837936527,53.092909183960984
45.14010845251033,52.6289958079597
44.609921737080285,51.899989074243386
44.21228170050775,51.23725567995583
45.670295167940374,50.70706896452579
48.851415460520634,50.17688224909574
48.32122874509059,49.6466955336657
47.791042029660545,49.11650881823566
47.39340199308802,50.309428927953256
51.502349037670854,52.07671797938673
50.972162322240806,51.502349037670854
50.441975606810765,50.972162322240806
50.04433557023823,53.93237148339188
53.092909183960984,53.35800254167601
52.562722468530936,52.82781582624596
52.16508243195841,53.623095899391025
52.82781582624596,53.092909183960984
52.29762911081592,52.562722468530936
53.092909183960984,52.032535753100895
52.562722468530936,51.502349037670854
52.032535753100895,50.8396156433833
51.502349037670854,50.57452228566828
50.8396156433833,50.17688224909574
50.57452228566828,49.6466955336657
50.17688224909574,49.11650881823566
51.76744239538587,48.4537754239481
51.23725567995583,47.791042029660545
50.70706896452579,47.12830863537299
49.779242212523215,46.46557524108544
52.29762911081592,46.00166186508415
52.82781582624596,45.40520181022535
51.76744239538587,44.74246841593779
51.23725567995583,44.21228170050775
50.77334230395454,43.41700162736269
50.17688224909574,43.15190826964766
49.6466955336657,42.75426823307514
49.11650881823566,42.29035485707385
48.58632210280561,42.02526149935882
48.05613538737557,41.428801444500024
47.52594867194553,40.96488806849874
46.99576195651548,40.36842801363994
46.46557524108544,39.9707879770674
45.9353885256554,39.9707879770674
45.40520181022535,40.10333465592491
44.87501509479531,40.898614729069976
44.21228170050775,40.43470135306869
43.68209498507771,39.90451463763865
43.15190826964766,39.308054582779846
42.62172155421762,38.91041454620732
42.3566281965026,39.838241298209894
41.252072539356675,39.37432792220861
41.95898815993007,38.77786786734981
41.428801444500024,38.247681151919764
41.95898815993007,37.98258779420474
41.097434747356246,38.51277450963478
40.63352137135496,41.20789031307084
39.9707879770674,40.63352137135496
39.308054582779846,40.10333465592491
39.838241298209894,39.57314794049488
38.91041454620732,39.04296122506483
41.95898815993007,43.019361590790155
41.428801444500024,42.55544821478887
40.898614729069976,41.95898815993007
40.43470135306869,42.48917487536011
39.308054582779846,42.02526149935882
41.95898815993007,41.69389480221505
41.428801444500024,41.229981426213755
40.898614729069976,40.96488806849874
40.36842801363994,40.43470135306869
39.9707879770674,39.9707879770674
39.9707879770674,41.56134812335753
40.14751688221075,40.898614729069976
40.898614729069976,40.36842801363994
40.36842801363994,42.886814911932646
39.838241298209894,42.22408151764509
39.308054582779846,44.079735021650244
38.84414120677856,43.5495483062202
38.247681151919764,42.886814911932646
37.717494436489716,42.22408151764509
37.054761042202166,41.69389480221505
36.524574326772125,41.229981426213755
35.99438761134208,41.229981426213755
35.596747574769545,41.69389480221505
35.596747574769545,41.097434747356246
36.126934290199586,40.63352137135496
36.524574326772125,39.9707879770674
35.79556759305581,39.44060126163736
35.33165421705452,39.04296122506483
34.66892082276697,40.96488806849874
34.13873410733692,40.36842801363994
33.47600071304937,39.838241298209894
32.81326731876182,41.428801444500024
32.283080603331776,42.29035485707385
31.62034720904422,41.82644148107256
30.957613814756662,42.75426823307514
30.42742709932662,43.218181609076424
30.162333741611597,43.61582164564895
29.764693705039065,44.079735021650244
29.234506989609024,45.47147514965411
28.704320274178976,44.87501509479531
28.041586879891426,44.477375058222776
27.776493522176402,46.53184858051419
27.90904020103391,45.9353885256554
28.571773595321467,46.79694193822922
29.234506989609024,47.260855314230504
29.764693705039065,47.65849535080304
30.42742709932662,47.52594867194553
31.090160493614178,46.99576195651548
30.55997377818413,46.53184858051419
29.89724038389658,45.9353885256554
31.885440566759243,45.53774848908286
31.222707172471686,45.73656850736913
30.7587937964704,46.33302856222792
30.294880420469113,45.9353885256554
31.885440566759243,45.53774848908286
31.355253851329195,46.53184858051419
30.825067135899154,46.06793520451291
30.294880420469113,46.33302856222792
29.764693705039065,45.73656850736913
29.300780329037778,45.27265513136784
28.571773595321467,44.87501509479531
27.90904020103391,44.477375058222776
29.013595858179833,46.46557524108544
28.43922691646396,45.9353885256554
30.825067135899154,45.40520181022535
30.294880420469113,48.58632210280561
29.83096704446782,48.12240872680432
34.006187428479414,47.52594867194553
33.47600071304937,46.99576195651548
32.945813997619325,48.05613538737557
32.415627282189284,47.65849535080304
31.885440566759243,48.4537754239481
31.355253851329195,47.791042029660545
35.596747574769545,49.6466955336657
35.13283419876826,49.11650881823566
34.536374143909455,48.58632210280561
35.53047423534079,47.923588708518054
34.93401418048199,47.65849535080304
34.66892082276697,47.260855314230504
34.13873410733692,46.73066859880046
33.60854739190688,46.06793520451291
33.34345403419186,45.60402182851162
34.27128078619444,46.46557524108544
33.873640749621906,47.260855314230504
34.4701008044807,46.73066859880046
35.596747574769545,46.73066859880046
35.0665608593395,46.06793520451291
34.536374143909455,45.53774848908286
37.4524010787747,45.00756177365282
36.78966768448714,44.54364839765153
36.2594809690571,47.52594867194553
35.79556759305581,46.99576195651548
36.39202764791461,46.46557524108544
35.33165421705452,45.9353885256554
34.66892082276697,45.27265513136784
34.40382746505195,45.00756177365282
34.80146750162448,44.609921737080285
34.40382746505195,44.079735021650244
36.39202764791461,43.5495483062202
35.72929425362706,43.085634930218916
35.33165421705452,42.62172155421762
36.2594809690571,42.22408151764509
35.72929425362706,41.56134812335753
35.19910753819701,40.898614729069976
34.66892082276697,40.36842801363994
34.40382746505195,41.428801444500024
37.717494436489716,39.9707879770674
37.187307721059675,43.15190826964766
36.72339434505839,42.48917487536011
36.126934290199586,41.95898815993007
35.596747574769545,41.03116140792749
37.187307721059675,43.94718834279273
36.657121005629634,44.079735021650244
36.524574326772125,43.61582164564895
36.2594809690571,44.079735021650244
35.86184093248457,43.61582164564895
36.43620987420045,43.019361590790155
35.464200895912036,42.48917487536011
37.717494436489716,41.95898815993007
37.187307721059675,41.296254765642516
36.72339434505839,40.50097469249745
37.187307721059675,40.10333465592491
38.77786786734981,40.76606805021247
38.31395449134852,40.63352137135496
37.717494436489716,40.16960799535367
37.31985439991719,39.705694619352386
40.898614729069976,39.308054582779846
40.36842801363994,38.84414120677856
39.90451463763865,38.446501170206034
39.308054582779846,37.98258779420474
40.63352137135496,37.4524010787747
40.10333465592491,36.78966768448714
40.10333465592491,36.524574326772125
40.6777035976408,36.126934290199586
40.898614729069976,35.596747574769545
40.23588133478243,34.93401418048199
40.10333465592491,34.40382746505195
41.20789031307084,33.74109407076439
40.63352137135496,33.07836067647684
41.95898815993007,32.81326731876182
41.428801444500024,32.34935394276053
40.76606805021247,34.580556370195296
40.50097469249745,34.006187428479414
40.10333465592491,33.47600071304937
39.44060126163736,32.945813997619325
39.04296122506483,32.415627282189284
38.91041454620732,36.39202764791461
38.77786786734981,35.86184093248457
38.247681151919764,35.33165421705452
40.36842801363994,34.66892082276697
39.90451463763865,34.40382746505195
39.308054582779846,34.006187428479414
38.77786786734981,33.60854739190688
38.247681151919764,32.81326731876182
37.85004111534723,32.415627282189284
41.95898815993007,32.01798724561675
41.428801444500024,31.355253851329195
40.898614729069976,30.825067135899154
43.019361590790155,29.764693705039065
42.3566281965026,29.234506989609024
41.69389480221505,27.643946843318894
41.16370808678501,27.113760127888845
40.63352137135496,26.716120091316313
40.16960799535367,26.716120091316313
39.57314794049488,26.31848005474378
39.04296122506483,25.523199981598715
38.51277450963478,25.125559945026183
37.98258779420474,24.19773319302361
40.36842801363994,23.667546477593568
39.838241298209894,23.00481308330601
39.308054582779846,22.474626367875963
38.91041454620732,21.679346294730898
41.95898815993007,21.149159579300857
41.428801444500024,21.944439652445922
40.898614729069976,21.54679961587339
41.95898815993007,21.01661290044335
41.428801444500024,20.552699524442062
40.76606805021247,19.82369279072575
40.23588133478243,19.160959396438194
39.9707879770674,18.630772681008153
40.898614729069976,18.100585965578105
40.36842801363994,17.702945929005573
39.90451463763865,17.30530589243304
39.308054582779846,16.907665855860508
38.77786786734981,16.775119177003
38.247681151919764,16.244932461572958
37.717494436489716,15.71474574614291
37.187307721059675,15.184559030712869
36.657121005629634,14.65437231528282
36.524574326772125,14.521825636425312
36.2594809690571,14.389278957567804
35.86184093248457,13.859092242137756
37.187307721059675,13.328905526707715
36.657121005629634,12.931265490135182
38.77786786734981,12.467352114133895
38.247681151919764,12.401078774705141
37.717494436489716,12.931265490135182
37.25358106048843,
37.717494436489716,
36.657121005629634,
36.126934290199586,
35.6630209141983,
36.657121005629634,
38.77786786734981,
38.247681151919764,
37.717494436489716,
37.187307721059675,
36.126934290199586,
35.72929425362706,
36.72339434505839,
37.717494436489716,
37.187307721059675,
35.99438761134208,
35.464200895912036,
34.66892082276697,
34.13873410733692,
33.47600071304937,
34.07246076790817,
34.66892082276697,
35.33165421705452,
34.80146750162448,
34.13873410733692,
33.60854739190688,
33.34345403419186,
34.27128078619444,
33.74109407076439,
33.21090735533435,
32.74699397933306,
32.01798724561675,
31.355253851329195,
31.885440566759243,
33.21090735533435,
32.81326731876182,
33.34345403419186,
32.81326731876182,
33.34345403419186,
32.15053392447426,
31.62034720904422,
30.825067135899154,
29.101960310751508,
27.90904020103391,
27.24630680674636,
27.643946843318894,
27.113760127888845,
26.84866677017383,
26.451026733601296,
24.462826550738633,
23.932639835308585,
23.13735976216352,
22.43044414159013,
23.269906441021035,
22.60717304673348,
23.402453119878544,
22.739719725590987,
22.07698633130343,
21.54679961587339,
20.884066221585833,
20.618972863870816,
20.221332827298284,
19.889966130154505,
19.293506075295703,
19.028412717580686,
18.630772681008153,
17.968039286720597,
17.702945929005573,
17.30530589243304,
16.841392516431753,
16.244932461572958,
15.758927972428744,
16.510025819287975,
15.91356576442918,
15.979839103857934,
15.449652388427886,
14.786918994140336,
14.521825636425312,
13.991638920995271,
13.328905526707715,
12.864992150706428,
12.401078774705141,
