Y(hoy),Y(ayer)
0.20678431981413326,2.3275311815343116
0.20678431981413326,2.3275311815343116
0.20678431981413326,2.3275311815343116
0.14051098038538612,2.3275311815343116
0.07423764095662477,2.3275311815343116
-0.389675735044662,2.3275311815343116
-0.8535891110459488,1.929891144961772
-0.8535891110459488,1.4659777689604852
-0.8535891110459488,1.2671577506742295
-0.8535891110459488,1.2671577506742295
-0.8535891110459488,1.2671577506742295
-0.8535891110459488,0.8695177141016899
-0.9861357899034573,0.4056043381004031
-1.450049165904744,1.1346110718167068
-1.9802358813347922,0.7369710352441814
-1.7814158630485224,0.6044243563866729
-2.179055899621062,0.20678431981413326
-1.11868246876098,0.20678431981413326
-0.9861357899034573,0.14051098038538612
-1.450049165904744,-0.389675735044662
-1.913962541906045,-0.8535891110459488
-1.450049165904744,-0.45594907447342337
-0.9861357899034573,-0.05830903790088371
-1.2512291476184885,-0.654769092759679
-1.7814158630485224,-0.8535891110459488
-2.1127825601923007,-0.8535891110459488
-2.0465092207635536,-0.8535891110459488
-2.0465092207635536,-0.8535891110459488
-2.0465092207635536,-0.8535891110459488
-2.0465092207635536,-0.8535891110459488
-2.0465092207635536,-0.8535891110459488
-2.0465092207635536,-0.8535891110459488
-2.0465092207635536,-0.8535891110459488
-2.0465092207635536,-1.11868246876098
-2.0465092207635536,-1.7151425236197753
-2.0465092207635536,-1.7151425236197753
-2.0465092207635536,-1.2512291476184885
-2.1127825601923007,-0.8535891110459488
-2.179055899621062,-1.2512291476184885
-2.1127825601923007,-1.7151425236197753
-2.0465092207635536,-1.7814158630485224
-2.1127825601923007,-1.2070469213326476
-2.0465092207635536,-1.5163225053335054
-2.0465092207635536,-1.913962541906045
-2.0465092207635536,-1.913962541906045
-2.0465092207635536,-1.450049165904744
-2.0465092207635536,-1.11868246876098
-2.0465092207635536,-1.7151425236197753
-2.0465092207635536,-1.913962541906045
-2.0465092207635536,-1.383775826475997
-2.0465092207635536,-0.8535891110459488
-2.0465092207635536,-0.8535891110459488
-2.0465092207635536,-0.8535891110459488
-2.0465092207635536,-0.8535891110459488
-2.0465092207635536,-0.8535891110459488
-1.5163225053335054,-0.8535891110459488
-1.913962541906045,-0.8535891110459488
-0.9861357899034573,-0.8535891110459488
-0.8535891110459488,-0.8535891110459488
-0.8535891110459488,-0.8535891110459488
-0.8535891110459488,-0.3234023956159007
-0.8535891110459488,0.20678431981413326
-0.8535891110459488,0.20678431981413326
-0.8535891110459488,0.20678431981413326
-0.45594907447342337,0.20678431981413326
0.07423764095662477,0.6044243563866729
0.20678431981413326,1.0020643929591984
0.20678431981413326,0.4056043381004031
0.20678431981413326,0.8695177141016899
0.20678431981413326,0.47187767752916443
0.20678431981413326,1.2671577506742295
0.20678431981413326,1.3334310901029767
0.20678431981413326,2.0624378238192946
0.20678431981413326,1.5322511083892465
0.47187767752916443,2.3275311815343116
1.1346110718167068,2.5926245392493286
1.2671577506742295,3.255357933536885
1.2671577506742295,2.725171218106837
1.2671577506742295,2.3275311815343116
1.1346110718167068,2.3938045209630587
0.47187767752916443,2.5263511998205814
0.20678431981413326,3.1228112546793767
0.20678431981413326,3.6529979701094177
0.20678431981413326,4.315731364396974
0.2730576592428946,3.918091327824442
0.67069769581542,5.177284776970794
0.20678431981413326,4.713371400969507
1.1346110718167068,5.508651474114572
0.6044243563866729,4.91219141925577
0.2730576592428946,5.508651474114572
1.0020643929591984,4.978464758684531
1.2671577506742295,5.773744831829596
1.2671577506742295,5.773744831829596
1.2671577506742295,6.171384868402129
1.1346110718167068,6.569024904974661
0.6044243563866729,5.972564850115859
0.20678431981413326,5.773744831829596
1.1346110718167068,5.243558116399548
0.6044243563866729,4.713371400969507
1.2671577506742295,4.713371400969507
1.2671577506742295,4.91219141925577
1.2671577506742295,5.508651474114572
1.2671577506742295,5.773744831829596
1.2671577506742295,6.038838189544613
1.4438866558175647,7.298031638690972
2.23916672896263,6.70157158383217
1.664797787246755,7.828218354121013
2.46007786039182,8.358405069551054
2.46007786039182,7.894491693549767
2.46007786039182,8.822318445552341
2.46007786039182,9.352505160982389
2.46007786039182,9.88269187641243
2.46007786039182,9.485051839839898
2.504260086677661,9.02113846383861
3.5204512912519093,9.418778500411143
2.990264575821868,9.88269187641243
3.5204512912519093,9.418778500411143
3.5204512912519093,9.02113846383861
3.5204512912519093,9.948965215841184
3.5204512912519093,9.485051839839898
3.5204512912519093,10.280331912984963
3.5204512912519093,10.94306530727252
3.5204512912519093,11.340705343845052
3.5204512912519093,12.135985416990117
3.7855446489669333,11.605798701560076
3.3879046123944008,12.401078774705141
4.448278043254483,12.864992150706428
4.580824722111998,13.196358847850206
4.580824722111998,12.53362545356265
4.580824722111998,12.069712077561363
4.580824722111998,11.539525362131315
5.1110114375420395,12.047620964418442
4.713371400969507,11.605798701560076
5.6411981529720805,11.738345380417584
5.1110114375420395,11.340705343845052
4.713371400969507,11.47325202270256
5.3761047952570635,12.047620964418442
5.3761047952570635,11.605798701560076
4.845918079827015,11.340705343845052
4.514551382683237,12.33480543527638
5.420287021542897,11.870892059275093
4.845918079827015,12.798718811277674
5.6411981529720805,13.395178866136469
4.978464758684531,13.196358847850206
4.580824722111998,12.599898792991404
4.647098061540753,13.06381216899269
5.1110114375420395,13.461452205565223
5.6411981529720805,13.06381216899269
5.1110114375420395,12.599898792991404
4.779644740398261,14.256732278710288
5.420287021542897,13.593998884422739
5.3761047952570635,13.06381216899269
4.845918079827015,14.455552296996558
4.514551382683237,13.925365581566517
5.1110114375420395,13.593998884422739
4.713371400969507,14.256732278710288
5.6411981529720805,14.12418559985278
5.1110114375420395,13.660272223851493
4.647098061540753,14.12418559985278
5.6411981529720805,14.521825636425312
5.1110114375420395,14.521825636425312
4.713371400969507,14.588098975854066
5.1110114375420395,15.317105709570377
4.647098061540753,16.64257249814549
4.845918079827015,15.979839103857934
4.448278043254483,16.64257249814549
5.420287021542897,16.377479140430466
5.6411981529720805,15.979839103857934
5.177284776970794,15.449652388427886
4.713371400969507,14.786918994140336
5.1110114375420395,14.521825636425312
5.6411981529720805,14.12418559985278
4.978464758684531,13.593998884422739
4.514551382683237,15.317105709570377
4.580824722111998,14.65437231528282
5.1110114375420395,16.046112443286688
4.713371400969507,16.510025819287975
5.6411981529720805,15.979839103857934
5.1110114375420395,15.515925727856647
4.713371400969507,14.963647899283679
5.508651474114572,15.847292425000418
5.6411981529720805,16.64257249814549
5.177284776970794,16.377479140430466
4.647098061540753,15.781019085571664
4.580824722111998,15.582199067285401
4.580824722111998,15.781019085571664
4.580824722111998,16.377479140430466
4.580824722111998,16.112385782715442
4.580824722111998,15.847292425000418
3.918091327824442,16.510025819287975
3.5204512912519093,16.046112443286688
3.5204512912519093,15.515925727856647
3.5204512912519093,14.963647899283679
3.5204512912519093,14.521825636425312
3.5204512912519093,15.71474574614291
3.5204512912519093,15.317105709570377
3.5204512912519093,16.510025819287975
2.8577178969643597,16.112385782715442
2.3938045209630587,15.847292425000418
2.46007786039182,15.781019085571664
2.7914445575355984,16.377479140430466
2.3275311815343116,16.112385782715442
3.255357933536885,15.847292425000418
2.5926245392493286,16.510025819287975
2.3275311815343116,16.112385782715442
2.3275311815343116,15.979839103857934
2.0624378238192946,15.582199067285401
1.664797787246755,15.515925727856647
2.3275311815343116,14.919465672997845
1.664797787246755,14.521825636425312
2.46007786039182,13.991638920995271
2.46007786039182,13.461452205565223
2.46007786039182,15.317105709570377
2.46007786039182,14.65437231528282
1.929891144961772,14.12418559985278
1.399704429531738,15.515925727856647
1.9961644843905333,14.985739012426599
2.46007786039182,14.521825636425312
2.46007786039182,14.455552296996558
2.46007786039182,13.859092242137756
1.929891144961772,13.328905526707715
1.399704429531738,12.864992150706428
1.2671577506742295,12.401078774705141
1.3334310901029767,12.135985416990117
1.7310711266755163,11.605798701560076
1.2671577506742295,11.208158664987543
2.3275311815343116,10.677971949557495
2.3275311815343116,10.214058573556208
2.0624378238192946,10.147785234127454
1.664797787246755,10.147785234127454
1.2671577506742295,10.479151931271232
2.23916672896263,10.94306530727252
1.664797787246755,10.677971949557495
2.46007786039182,10.280331912984963
1.9961644843905333,9.88269187641243
1.929891144961772,9.418778500411143
1.399704429531738,8.954865124409856
2.46007786039182,8.557225087837324
2.0624378238192946,7.960765032978522
2.46007786039182,8.358405069551054
2.46007786039182,7.894491693549767
2.46007786039182,8.822318445552341
2.46007786039182,8.358405069551054
2.46007786039182,7.828218354121013
2.5926245392493286,7.099211620404702
3.255357933536885,6.502751565545907
3.1228112546793767,5.972564850115859
2.5926245392493286,6.767844923260924
3.3879046123944008,6.303931547259637
2.725171218106837,7.298031638690972
3.5204512912519093,7.629398335834743
3.3879046123944008,7.032938280975948
3.1228112546793767,7.496851656977235
2.5926245392493286,7.894491693549767
2.46007786039182,7.761945014692259
2.990264575821868,7.298031638690972
3.3879046123944008,6.834118262689678
2.725171218106837,7.032938280975948
3.299540159822719,7.629398335834743
2.725171218106837,7.231758299262211
3.5204512912519093,6.834118262689678
3.5204512912519093,7.761945014692259
3.5204512912519093,7.364304978119726
3.8518179883956876,7.032938280975948
3.3879046123944008,7.629398335834743
4.448278043254483,7.496851656977235
4.580824722111998,6.966664941547194
4.845918079827015,6.834118262689678
4.448278043254483,6.834118262689678
5.420287021542897,6.966664941547194
5.3761047952570635,7.761945014692259
4.845918079827015,7.364304978119726
4.514551382683237,7.231758299262211
4.580824722111998,6.834118262689678
4.580824722111998,7.629398335834743
4.580824722111998,7.099211620404702
4.647098061540753,7.364304978119726
5.1110114375420395,6.966664941547194
5.6411981529720805,7.761945014692259
4.978464758684531,7.364304978119726
4.514551382683237,7.231758299262211
4.580824722111998,6.834118262689678
4.580824722111998,6.834118262689678
4.580824722111998,6.834118262689678
4.1169113461107045,7.231758299262211
4.580824722111998,7.828218354121013
3.608815743823584,7.894491693549767
3.5204512912519093,7.761945014692259
3.5204512912519093,7.231758299262211
2.990264575821868,6.834118262689678
2.5263511998205814,7.629398335834743
3.255357933536885,7.099211620404702
2.725171218106837,7.828218354121013
3.255357933536885,7.231758299262211
2.5926245392493286,6.834118262689678
2.3275311815343116,7.828218354121013
2.46007786039182,7.364304978119726
2.46007786039182,7.894491693549767
2.46007786039182,7.496851656977235
2.46007786039182,7.032938280975948
1.929891144961772,7.496851656977235
1.399704429531738,7.894491693549767
1.9740733712476128,7.894491693549767
2.194984502676803,7.496851656977235
1.5322511083892465,7.032938280975948
1.3334310901029767,8.689771766694832
1.2671577506742295,8.027038372407276
1.2671577506742295,7.629398335834743
1.2671577506742295,8.954865124409856
1.2671577506742295,8.954865124409856
1.2671577506742295,8.689771766694832
1.2671577506742295,8.115402824978958
1.2008844112454682,8.888591784981102
0.8032443746729285,8.424678408979808
0.33933099867164174,8.954865124409856
0.20678431981413326,8.954865124409856
0.20678431981413326,9.418778500411143
0.14051098038538612,9.88269187641243
0.07423764095662477,9.418778500411143
-0.389675735044662,8.888591784981102
-0.8535891110459488,8.358405069551054
-0.8535891110459488,7.894491693549767
,8.557225087837324
,8.954865124409856
,8.822318445552341
,8.358405069551054
,7.894491693549767
,7.828218354121013
,7.231758299262211
,6.834118262689678
,6.436478226117146
,5.972564850115859
,6.569024904974661
,6.834118262689678
,6.834118262689678
,6.436478226117146
,5.84001817125835
,5.773744831829596
,5.773744831829596
,5.773744831829596
,5.773744831829596
,5.773744831829596
,5.773744831829596
,5.3761047952570635
,4.978464758684531
,5.707471492400835
,5.773744831829596
,5.707471492400835
,5.3761047952570635
,4.91219141925577
,4.713371400969507
,4.183184685539466
,3.5867246306806635
,3.5204512912519093
,3.3879046123944008
,2.990264575821868
,2.5263511998205814
,2.2612578421055503
,1.7310711266755163
,1.399704429531738
,2.0624378238192946
,2.3275311815343116
