Y(hoy),Y(ayer)
5.044738098113285,4.448278043254483
5.6411981529720805,3.918091327824442
5.1110114375420395,3.5204512912519093
3.7855446489669333,3.5204512912519093
3.255357933536885,3.5204512912519093
2.725171218106837,3.5204512912519093
2.194984502676803,3.3879046123944008
1.664797787246755,2.7914445575355984
1.2008844112454682,2.3938045209630587
0.6044243563866729,2.2612578421055503
0.07423764095662477,1.664797787246755
-0.45594907447342337,1.2671577506742295
-0.9861357899034573,1.2008844112454682
-1.5163225053335054,0.8695177141016899
-2.0465092207635536,0.33933099867164174
-2.5766959361935875,0.20678431981413326
-2.974335972766127,0.6044243563866729
-2.974335972766127,1.2008844112454682
-2.974335972766127,1.2671577506742295
-2.974335972766127,1.2671577506742295
-2.974335972766127,1.2671577506742295
-2.974335972766127,1.2008844112454682
-2.974335972766127,0.8695177141016899
-2.974335972766127,0.33933099867164174
-2.974335972766127,0.20678431981413326
-2.974335972766127,0.20678431981413326
-2.974335972766127,0.20678431981413326
-2.974335972766127,0.47187767752916443
-2.974335972766127,0.8695177141016899
-2.974335972766127,1.2671577506742295
-2.974335972766127,0.8695177141016899
-2.974335972766127,0.33933099867164174
-2.974335972766127,0.6044243563866729
-2.974335972766127,1.1346110718167068
-2.974335972766127,0.67069769581542
-0.9861357899034573,0.20678431981413326
-1.5825958447622668,0.20678431981413326
-2.0465092207635536,0.20678431981413326
-2.5766959361935875,0.20678431981413326
-2.974335972766127,0.20678431981413326
-0.12458237732964506,-0.05830903790088371
0.20678431981413326,-0.45594907447342337
0.20678431981413326,-0.8535891110459488
0.20678431981413326,-0.1908557167583922
0.20678431981413326,0.20678431981413326
0.20678431981413326,1.0020643929591984
0.20678431981413326,0.47187767752916443
1.399704429531738,0.8695177141016899
0.8695177141016899,0.33933099867164174
0.47187767752916443,0.20678431981413326
4.580824722111998,0.20678431981413326
4.05063800668195,0.20678431981413326
3.5204512912519093,0.20678431981413326
2.990264575821868,0.20678431981413326
2.46007786039182,0.20678431981413326
1.929891144961772,0.2730576592428946
6.70157158383217,0.8695177141016899
6.237658207830883,1.2671577506742295
5.6411981529720805,1.2671577506742295
5.1110114375420395,1.2671577506742295
8.822318445552341,1.2671577506742295
8.2921317301223,1.2671577506742295
7.761945014692259,0.8695177141016899
7.231758299262211,0.2730576592428946
8.822318445552341,0.20678431981413326
8.159585051264791,0.7369710352441814
7.894491693549767,0.8695177141016899
10.015238555269946,0.4056043381004031
9.485051839839898,0.9357910535304512
8.954865124409856,1.5322511083892465
8.689771766694832,2.0624378238192946
8.159585051264791,2.725171218106837
7.629398335834743,3.3879046123944008
6.966664941547194,3.6529979701094177
6.436478226117146,4.05063800668195
5.906291510687105,4.647098061540753
5.3761047952570635,5.1110114375420395
4.91219141925577,5.508651474114572
4.315731364396974,4.91219141925577
3.7855446489669333,5.442378134685818
3.255357933536885,5.972564850115859
2.725171218106837,6.436478226117146
2.194984502676803,7.298031638690972
1.7310711266755163,6.834118262689678
0.8695177141016899,7.761945014692259
0.38351322495748263,8.2921317301223
0.8695177141016899,9.352505160982389
1.2671577506742295,8.822318445552341
1.2671577506742295,10.412878591842478
1.2671577506742295,9.88269187641243
1.3334310901029767,11.47325202270256
2.46007786039182,11.075611986130028
3.0565379152506154,11.870892059275093
3.3879046123944008,12.666172132420158
3.918091327824442,13.196358847850206
4.514551382683237,14.12418559985278
4.580824722111998,15.184559030712869
3.918091327824442,16.311205801001712
3.454177951823155,15.847292425000418
4.315731364396974,16.775119177003
3.8518179883956876,17.437852571290556
3.3879046123944008,18.100585965578105
5.420287021542897,19.42605275415322
4.845918079827015,20.088786148440768
6.171384868402129,21.54679961587339
6.834118262689678,21.01661290044335
7.496851656977235,23.667546477593568
8.159585051264791,23.13735976216352
8.822318445552341,22.739719725590987
10.147785234127454,27.113760127888845
9.617598518697413,26.31848005474378
9.219958482124873,25.78829333931374
11.208158664987543,25.258106623883698
10.677971949557495,28.041586879891426
11.870892059275093,28.571773595321467
15.449652388427886,30.02978706275409
15.052012351855353,29.49960034732404
16.775119177003,31.885440566759243
16.244932461572958,31.355253851329195
19.42605275415322,33.21090735533435
21.01661290044335,32.81326731876182
20.4864261850133,34.27128078619444
20.088786148440768,35.0665608593395
21.149159579300857,34.66892082276697
23.402453119878544,35.86184093248457
23.00481308330601,35.464200895912036
20.088786148440768,37.187307721059675
26.185933375886272,36.657121005629634
27.90904020103391,36.2594809690571
27.37885348560387,39.04296122506483
28.571773595321467,38.51277450963478
29.89724038389658,37.98258779420474
34.27128078619444,37.58494775763221
31.62034720904422,41.69389480221505
31.222707172471686,41.16370808678501
35.72929425362706,40.76606805021247
35.0665608593395,42.157808178216335
36.39202764791461,42.75426823307514
37.4524010787747,42.3566281965026
36.92221436334465,43.41700162736269
38.77786786734981,44.01346168222149
38.38022783077727,43.5495483062202
42.3566281965026,42.75426823307514
42.820541572503885,42.09153483878758
43.35072828793393,41.49507478392878
44.079735021650244,41.03116140792749
45.40520181022535,41.16370808678501
44.87501509479531,41.69389480221505
44.477375058222776,42.55544821478887
44.609921737080285,42.09153483878758
44.079735021650244,43.15190826964766
43.28445494850518,43.085634930218916
43.019361590790155,42.62172155421762
42.48917487536011,42.22408151764509
42.09153483878758,41.7601681416438
44.12391724793608,41.252072539356675
43.5495483062202,42.48917487536011
43.019361590790155,41.95898815993007
42.48917487536011,44.079735021650244
45.40520181022535,43.5495483062202
44.87501509479531,43.019361590790155
46.46557524108544,43.28445494850518
45.9353885256554,42.820541572503885
45.40520181022535,42.22408151764509
44.94128843422406,41.7601681416438
44.411101718794015,41.16370808678501
44.21228170050775,40.69979471078371
43.94718834279273,40.23588133478243
43.41700162736269,39.838241298209894
43.28445494850518,39.308054582779846
44.34482837936527,38.84414120677856
43.88091500336398,38.247681151919764
43.5495483062202,37.58494775763221
43.019361590790155,36.96639658963049
42.3566281965026,37.78376777591848
42.09153483878758,37.4524010787747
41.56134812335753,37.054761042202166
41.03116140792749,36.126934290199586
40.23588133478243,35.596747574769545
39.9707879770674,35.0665608593395
39.44060126163736,34.536374143909455
38.976687885636075,34.40382746505195
39.57314794049488,33.74109407076439
40.14751688221075,34.27128078619444
40.898614729069976,36.39202764791461
40.36842801363994,35.86184093248457
39.705694619352386,35.39792755648328
39.17550790392234,33.74109407076439
38.91041454620732,32.81326731876182
38.51277450963478,32.415627282189284
37.98258779420474,32.01798724561675
37.58494775763221,31.48780053018671
37.187307721059675,30.825067135899154
36.126934290199586,30.339062646754947
35.596747574769545,30.825067135899154
35.26538087762577,31.222707172471686
34.735194162195725,31.48780053018671
34.27128078619444,31.885440566759243
32.68072063990431,32.283080603331776
32.216807263903014,32.283080603331776
31.48780053018671,33.21090735533435
30.957613814756662,32.68072063990431
30.42742709932662,35.33165421705452
30.02978706275409,34.80146750162448
32.216807263903014,34.33755412562319
30.825067135899154,33.74109407076439
30.294880420469113,34.536374143909455
31.62034720904422,34.006187428479414
31.28898051190044,33.47600071304937
31.885440566759243,33.34345403419186
32.15053392447426,32.81326731876182
31.554073869615465,32.415627282189284
31.023887154185417,34.050369654765255
31.090160493614178,33.47600071304937
31.090160493614178,32.945813997619325
31.090160493614178,33.74109407076439
31.090160493614178,33.40972737362062
31.090160493614178,34.867740841053234
31.090160493614178,34.27128078619444
31.62034720904422,33.74109407076439
31.222707172471686,35.19910753819701
32.15053392447426,34.60264748333822
32.216807263903014,34.40382746505195
32.01798724561675,34.536374143909455
31.48780053018671,35.19910753819701
30.957613814756662,35.0665608593395
30.294880420469113,34.60264748333822
29.764693705039065,34.40382746505195
29.234506989609024,34.40382746505195
30.825067135899154,34.40382746505195
28.83686695303649,34.536374143909455
32.15053392447426,35.39792755648328
31.62034720904422,34.93401418048199
30.02978706275409,35.6630209141983
33.47600071304937,36.2594809690571
32.945813997619325,36.126934290199586
34.13873410733692,35.53047423534079
34.27128078619444,35.464200895912036
33.60854739190688,35.53047423534079
32.945813997619325,36.126934290199586
32.45980950847512,35.72929425362706
33.21090735533435,36.59084766620087
32.74699397933306,36.657121005629634
32.68072063990431,36.657121005629634
32.283080603331776,37.187307721059675
33.74109407076439,36.78966768448714
33.21090735533435,38.048861133633494
34.27128078619444,37.58494775763221
33.93991408905066,38.6453211884923
33.52018293933521,38.91041454620732
34.80146750162448,38.38022783077727
34.27128078619444,37.85004111534723
35.33165421705452,39.308054582779846
34.66892082276697,38.77786786734981
34.07246076790817,38.38022783077727
33.52018293933521,39.705694619352386
34.27128078619444,39.04296122506483
33.873640749621906,39.04296122506483
34.66892082276697,40.6777035976408
35.33165421705452,40.10333465592491
34.80146750162448,39.57314794049488
34.006187428479414,41.95898815993007
33.47600071304937,41.49507478392878
34.27128078619444,41.097434747356246
33.873640749621906,40.898614729069976
34.60264748333822,40.23588133478243
35.19910753819701,39.44060126163736
35.86184093248457,40.63352137135496
36.524574326772125,40.16960799535367
36.657121005629634,39.57314794049488
37.31985439991719,42.3566281965026
38.6453211884923,41.69389480221505
38.115134473062255,41.16370808678501
37.85004111534723,44.079735021650244
37.58494775763221,43.5495483062202
37.717494436489716,43.019361590790155
37.717494436489716,45.9353885256554
38.247681151919764,45.40520181022535
39.705694619352386,44.87501509479531
39.2417812433511,44.477375058222776
38.77786786734981,48.32122874509059
38.91041454620732,47.791042029660545
40.898614729069976,47.260855314230504
40.23588133478243,46.86321527765797
39.77196795878114,50.70706896452579
39.308054582779846,50.17688224909574
38.91041454620732,49.712968873094454
43.41700162736269,49.11650881823566
42.75426823307514,49.91178889138072
42.22408151764509,49.381602175950675
41.69389480221505,48.98396213937815
45.14010845251033,48.4537754239481
44.609921737080285,47.923588708518054
44.079735021650244,47.260855314230504
47.260855314230504,46.79694193822922
46.73066859880046,46.598121919942955
46.33302856222792,47.59222201137428
48.851415460520634,46.99576195651548
48.38750208451935,48.58632210280561
47.791042029660545,48.05613538737557
47.12830863537299,47.39340199308802
46.33302856222792,46.79694193822922
45.80284184679789,47.260855314230504
45.53774848908286,46.73066859880046
45.14010845251033,46.200481883370415
44.609921737080285,45.73656850736913
44.079735021650244,45.00756177365282
43.61582164564895,44.477375058222776
43.218181609076424,43.94718834279273
44.34482837936527,43.5495483062202
43.81464166393522,45.670295167940374
43.28445494850518,45.14010845251033
45.40520181022535,44.609921737080285
44.87501509479531,44.079735021650244
44.609921737080285,43.68209498507771
44.146008361079,46.79694193822922
43.5495483062202,46.200481883370415
42.886814911932646,47.260855314230504
42.22408151764509,47.59222201137428
41.69389480221505,47.260855314230504
41.16370808678501,46.73066859880046
40.63352137135496,46.200481883370415
40.037061316496164,45.670295167940374
41.428801444500024,45.14010845251033
42.09153483878758,44.609921737080285
41.03116140792749,44.146008361079
42.79845045936097,43.5495483062202
42.22408151764509,43.019361590790155
44.079735021650244,42.48917487536011
43.48327496679144,41.95898815993007
43.81464166393522,41.16370808678501
43.15190826964766,40.63352137135496
42.62172155421762,39.9707879770674
41.69389480221505,39.308054582779846
41.296254765642516,38.91041454620732
40.36842801363994,40.898614729069976
39.838241298209894,40.36842801363994
39.44060126163736,39.838241298209894
38.51277450963478,39.308054582779846
37.85004111534723,38.6453211884923
37.31985439991719,38.38022783077727
36.78966768448714,37.98258779420474
36.657121005629634,37.31985439991719
35.99438761134208,36.8559410239159
35.53047423534079,37.717494436489716
35.596747574769545,37.4524010787747
35.0665608593395,36.92221436334465
34.536374143909455,36.39202764791461
34.006187428479414,35.92811427191332
33.21090735533435,35.33165421705452
32.54817396104679,34.80146750162448
32.283080603331776,34.27128078619444
31.885440566759243,33.52018293933521
31.42152719075795,35.64092980105538
33.21090735533435,35.0665608593395
32.68072063990431,34.536374143909455
32.15053392447426,34.13873410733692
31.62034720904422,36.2594809690571
31.222707172471686,35.79556759305581
34.40382746505195,36.39202764791461
33.74109407076439,35.92811427191332
34.80146750162448,35.464200895912036
34.40382746505195,34.13873410733692
35.33165421705452,33.674820731335636
34.40382746505195,34.27128078619444
33.34345403419186,33.80736741019315
33.07836067647684,33.21090735533435
32.54817396104679,32.81326731876182
32.81326731876182,32.34935394276053
34.050369654765255,33.21090735533435
33.47600071304937,32.68072063990431
34.80146750162448,34.27128078619444
36.126934290199586,33.74109407076439
35.72929425362706,35.19910753819701
36.657121005629634,34.66892082276697
36.657121005629634,34.93401418048199
36.126934290199586,34.536374143909455
35.596747574769545,34.07246076790817
35.0665608593395,33.34345403419186
34.536374143909455,32.74699397933306
34.93401418048199,32.34935394276053
36.2594809690571,33.54227405247813
35.596747574769545,32.945813997619325
37.4524010787747,34.006187428479414
36.92221436334465,34.93401418048199
38.77786786734981,35.596747574769545
38.247681151919764,36.39202764791461
37.717494436489716,35.92811427191332
36.78966768448714,35.596747574769545
36.524574326772125,34.93401418048199
36.657121005629634,34.66892082276697
35.99438761134208,35.19910753819701
35.596747574769545,34.536374143909455
35.596747574769545,34.07246076790817
37.717494436489716,33.56436516562104
37.187307721059675,34.84564972791032
36.657121005629634,34.27128078619444
36.126934290199586,36.126934290199586
39.838241298209894,35.596747574769545
39.308054582779846,36.59084766620087
38.84414120677856,36.2594809690571
38.247681151919764,35.86184093248457
39.308054582779846,36.92221436334465
38.77786786734981,36.39202764791461
38.115134473062255,37.31985439991719
37.4524010787747,36.78966768448714
36.59084766620087,37.717494436489716
36.524574326772125,37.187307721059675
37.31985439991719,38.77786786734981
38.51277450963478,38.38022783077727
37.98258779420474,39.308054582779846
39.308054582779846,40.23588133478243
39.838241298209894,40.76606805021247
39.37432792220861,40.36842801363994
38.91041454620732,39.838241298209894
39.17550790392234,39.308054582779846
40.63352137135496,38.51277450963478
40.10333465592491,37.916314454775986
39.705694619352386,39.838241298209894
40.898614729069976,40.63352137135496
40.36842801363994,40.10333465592491
39.57314794049488,42.02526149935882
39.04296122506483,41.428801444500024
38.51277450963478,42.09153483878758
37.98258779420474,41.69389480221505
40.23588133478243,41.16370808678501
39.57314794049488,40.69979471078371
39.04296122506483,40.10333465592491
38.6453211884923,39.308054582779846
40.898614729069976,38.91041454620732
40.23588133478243,39.57314794049488
39.9707879770674,39.9707879770674
39.705694619352386,41.49507478392878
39.04296122506483,40.898614729069976
38.51277450963478,42.02526149935882
37.98258779420474,41.95898815993007
37.58494775763221,41.428801444500024
37.98258779420474,40.898614729069976
40.23588133478243,40.23588133478243
39.57314794049488,39.57314794049488
39.04296122506483,39.04296122506483
38.51277450963478,38.51277450963478
40.898614729069976,37.4524010787747
39.9707879770674,36.98848770277341
39.308054582779846,37.717494436489716
38.91041454620732,37.187307721059675
37.98258779420474,38.6453211884923
37.58494775763221,38.247681151919764
38.6453211884923,37.85004111534723
37.85004111534723,37.187307721059675
37.054761042202166,36.657121005629634
36.657121005629634,36.126934290199586
36.325754308485855,35.596747574769545
35.72929425362706,35.0665608593395
35.72929425362706,34.536374143909455
37.4524010787747,34.07246076790817
36.92221436334465,33.47600071304937
36.39202764791461,33.47600071304937
38.77786786734981,35.19910753819701
38.247681151919764,34.536374143909455
37.85004111534723,34.006187428479414
36.78966768448714,36.39202764791461
36.524574326772125,35.86184093248457
36.657121005629634,37.054761042202166
36.126934290199586,37.717494436489716
35.596747574769545,38.51277450963478
35.0665608593395,38.115134473062255
34.536374143909455,37.58494775763221
34.006187428479414,36.92221436334465
33.47600071304937,36.39202764791461
32.81326731876182,35.99438761134208
32.34935394276053,35.596747574769545
32.415627282189284,34.93401418048199
32.945813997619325,34.33755412562319
32.945813997619325,34.006187428479414
32.415627282189284,33.54227405247813
31.885440566759243,33.07836067647684
31.355253851329195,32.54817396104679
33.2771806947631,31.885440566759243
31.885440566759243,31.355253851329195
32.68072063990431,30.825067135899154
32.15053392447426,30.02978706275409
31.62034720904422,28.969413631894
31.222707172471686,27.776493522176402
30.825067135899154,27.24630680674636
28.10786021932018,26.716120091316313
28.704320274178976,27.113760127888845
28.174133558748935,27.511400164461378
27.776493522176402,26.914940109602583
27.113760127888845,26.64984675188756
26.451026733601296,26.053386697028763
26.185933375886272,25.523199981598715
25.78829333931374,24.860466587311166
25.125559945026183,24.19773319302361
24.860466587311166,23.667546477593568
24.462826550738633,23.13735976216352
23.667546477593568,22.739719725590987
23.13735976216352,22.2758063495897
22.60717304673348,21.811892973588414
22.07698633130343,21.01661290044335
21.54679961587339,19.95623946958326
20.884066221585833,19.558599433010727
20.353879506155792,19.028412717580686
20.088786148440768,18.630772681008153
21.54679961587339,17.968039286720597
21.149159579300857,17.17275921357553
19.028412717580686,16.775119177003
17.30530589243304,16.244932461572958
16.775119177003,15.582199067285401
17.835492607863088,15.317105709570377
17.30530589243304,15.052012351855353
16.775119177003,14.521825636425312
15.979839103857934,16.64257249814549
14.919465672997845,15.979839103857934
14.389278957567804,15.582199067285401
13.859092242137756,17.30530589243304
13.328905526707715,18.431952662721883
12.864992150706428,18.89586603872317
12.401078774705141,18.36567932329313
12.33480543527638,17.835492607863088
12.135985416990117,17.30530589243304
11.870892059275093,16.907665855860508
11.340705343845052,16.510025819287975
11.208158664987543,15.979839103857934
10.74424528898625,15.582199067285401
10.015238555269946,15.052012351855353
9.750145197554922,14.65437231528282
9.352505160982389,14.12418559985278
8.954865124409856,13.06381216899269
9.88269187641243,12.401078774705141
,11.870892059275093
,11.406978683273806
,11.208158664987543
,10.677971949557495
,10.214058573556208
,9.683871858126167
,9.219958482124873
,8.822318445552341
,8.358405069551054
,7.894491693549767
,7.894491693549767
