Y(hoy),Y(ayer)
2.3938045209630587,3.1228112546793767
2.3275311815343116,2.5926245392493286
2.5926245392493286,2.194984502676803
1.929891144961772,1.399704429531738
1.5322511083892465,1.2671577506742295
2.3275311815343116,0.6044243563866729
1.5985244478179936,0.20678431981413326
0.47187767752916443,0.20678431981413326
0.07423764095662477,0.20678431981413326
-0.45594907447342337,0.20678431981413326
-0.8535891110459488,-0.3234023956159007
-0.8535891110459488,-0.8535891110459488
-1.1849558081897271,-0.8535891110459488
-1.6930514104768548,-0.8535891110459488
-2.0465092207635536,-0.8535891110459488
-1.11868246876098,-1.648869184191014
-1.648869184191014,-1.2512291476184885
-0.8535891110459488,-1.648869184191014
-0.9198624504747102,-0.8535891110459488
-0.9861357899034573,-0.8535891110459488
-1.5825958447622668,-1.2512291476184885
-1.450049165904744,-1.7814158630485224
-0.9861357899034573,-1.913962541906045
-0.9861357899034573,-1.913962541906045
-1.450049165904744,-1.913962541906045
-1.5163225053335054,-1.913962541906045
-0.8535891110459488,-1.913962541906045
-0.1908557167583922,-1.913962541906045
0.07423764095662477,-1.913962541906045
-0.45594907447342337,-1.913962541906045
-1.11868246876098,-1.7814158630485224
-1.5163225053335054,-1.2070469213326476
-2.0465092207635536,-1.5163225053335054
-2.179055899621062,-1.913962541906045
-1.450049165904744,-1.5163225053335054
-0.9198624504747102,-0.9861357899034573
-0.5884957533309318,-0.8535891110459488
-0.05830903790088371,-0.8535891110459488
0.47187767752916443,-0.8535891110459488
1.0020643929591984,-0.7210424321884403
1.399704429531738,0.07423764095662477
1.9961644843905333,0.20678431981413326
2.8577178969643597,0.33933099867164174
3.3879046123944008,0.8695177141016899
3.6529979701094177,1.664797787246755
3.3879046123944008,2.2612578421055503
3.8518179883956876,2.3275311815343116
4.448278043254483,2.7914445575355984
5.1110114375420395,3.255357933536885
5.906291510687105,4.05063800668195
5.508651474114572,4.91219141925577
10.015238555269946,4.448278043254483
13.726545563280247,5.3761047952570635
12.53362545356265,6.038838189544613
12.135985416990117,6.569024904974661
14.65437231528282,7.099211620404702
14.12418559985278,7.629398335834743
15.317105709570377,9.087411803267365
15.979839103857934,8.689771766694832
16.57629915871673,10.015238555269946
17.614581476433898,10.94306530727252
17.040212534718023,10.412878591842478
18.89586603872317,13.06381216899269
18.431952662721883,12.53362545356265
21.01661290044335,12.135985416990117
18.630772681008153,13.461452205565223
18.100585965578105,13.859092242137756
26.583573412458804,14.720645654711582
26.185933375886272,14.256732278710288
27.511400164461378,15.184559030712869
30.692520457041645,16.046112443286688
33.21090735533435,15.582199067285401
32.68072063990431,16.510025819287975
32.15053392447426,17.570399250148064
34.580556370195296,17.040212534718023
34.006187428479414,18.630772681008153
35.33165421705452,19.95623946958326
36.39202764791461,19.558599433010727
35.86184093248457,21.54679961587339
42.22408151764509,21.01661290044335
41.82644148107256,24.72791990845365
42.75426823307514,24.19773319302361
43.81464166393522,23.667546477593568
43.41700162736269,23.269906441021035
41.95898815993007,26.981213449031337
41.56134812335753,26.451026733601296
39.9707879770674,27.511400164461378
39.308054582779846,28.43922691646396
38.91041454620732,28.041586879891426
39.90451463763865,29.764693705039065
39.506874601066116,29.367053668466532
39.04296122506483,30.825067135899154
38.51277450963478,32.15053392447426
37.98258779420474,31.62034720904422
37.4524010787747,33.01208733704808
36.92221436334465,32.54817396104679
36.524574326772125,34.60264748333822
35.99438761134208,34.006187428479414
37.717494436489716,33.47600071304937
37.25358106048843,36.657121005629634
35.464200895912036,36.126934290199586
38.77786786734981,35.596747574769545
38.247681151919764,35.0665608593395
37.98258779420474,39.57314794049488
37.187307721059675,39.04296122506483
37.76167666277556,38.51277450963478
38.51277450963478,38.115134473062255
37.78376777591848,43.15190826964766
38.77786786734981,42.48917487536011
38.247681151919764,41.95898815993007
37.187307721059675,41.428801444500024
36.72339434505839,43.41700162736269
36.2594809690571,43.81464166393522
35.596747574769545,44.477375058222776
35.0665608593395,44.079735021650244
34.536374143909455,43.5495483062202
34.006187428479414,42.22408151764509
33.47600071304937,41.69389480221505
34.84564972791032,41.296254765642516
34.27128078619444,40.76606805021247
35.596747574769545,40.23588133478243
35.13283419876826,39.44060126163736
35.596747574769545,38.77786786734981
34.735194162195725,38.247681151919764
34.27128078619444,37.85004111534723
33.47600071304937,37.4524010787747
32.945813997619325,36.92221436334465
32.15053392447426,36.39202764791461
31.62034720904422,35.86184093248457
31.090160493614178,35.464200895912036
30.493700438755376,35.86184093248457
30.096060402182843,36.39202764791461
29.49960034732404,37.187307721059675
28.505500255892713,36.78966768448714
27.90904020103391,37.58494775763221
27.24630680674636,37.054761042202166
26.782393430745074,36.39202764791461
28.748502500464816,35.86184093248457
31.090160493614178,36.2594809690571
30.55997377818413,35.596747574769545
30.162333741611597,35.13283419876826
28.704320274178976,34.66892082276697
26.31848005474378,34.27128078619444
25.78829333931374,33.60854739190688
25.258106623883698,32.945813997619325
24.72791990845365,32.415627282189284
26.64984675188756,32.54817396104679
25.258106623883698,33.21090735533435
24.860466587311166,34.33755412562319
25.920840018171248,33.74109407076439
25.390653302741207,34.27128078619444
25.78829333931374,33.74109407076439
26.64984675188756,32.945813997619325
26.185933375886272,32.415627282189284
25.78829333931374,31.885440566759243
25.390653302741207,31.355253851329195
26.583573412458804,30.957613814756662
25.920840018171248,30.55997377818413
25.65574666045623,30.02978706275409
26.716120091316313,29.89724038389658
27.113760127888845,29.49960034732404
26.716120091316313,29.101960310751508
27.643946843318894,29.234506989609024
27.113760127888845,29.764693705039065
26.31848005474378,28.969413631894
25.78829333931374,28.571773595321467
25.258106623883698,27.113760127888845
24.72791990845365,26.64984675188756
24.462826550738633,26.053386697028763
26.583573412458804,25.258106623883698
26.053386697028763,24.794193247882404
25.523199981598715,25.390653302741207
24.993013266168674,26.053386697028763
26.981213449031337,26.451026733601296
27.776493522176402,25.523199981598715
27.776493522176402,25.125559945026183
27.643946843318894,24.72791990845365
27.113760127888845,25.258106623883698
26.716120091316313,27.643946843318894
27.37885348560387,27.113760127888845
26.981213449031337,26.583573412458804
27.776493522176402,26.185933375886272
29.035686971322754,28.571773595321467
29.101960310751508,28.041586879891426
28.83686695303649,27.37885348560387
30.162333741611597,26.84866677017383
28.571773595321467,26.053386697028763
27.90904020103391,25.65574666045623
27.445126825032624,27.180033467317607
26.84866677017383,26.31848005474378
28.505500255892713,25.78829333931374
28.041586879891426,28.704320274178976
27.37885348560387,28.174133558748935
29.035686971322754,27.710220182747648
29.101960310751508,27.113760127888845
28.704320274178976,26.782393430745074
28.306680237606443,27.511400164461378
30.02978706275409,27.113760127888845
29.49960034732404,26.716120091316313
31.156433833042932,28.571773595321467
30.55997377818413,27.90904020103391
30.42742709932662,29.764693705039065
30.02978706275409,29.300780329037778
29.49960034732404,28.969413631894
28.969413631894,28.505500255892713
31.090160493614178,27.975313540462672
30.55997377818413,27.90904020103391
29.89724038389658,28.571773595321467
29.49960034732404,28.21831578503477
29.764693705039065,27.776493522176402
29.234506989609024,28.83686695303649
29.632147026181556,28.21831578503477
29.101960310751508,29.764693705039065
29.963513723325335,29.300780329037778
29.49960034732404,28.174133558748935
28.969413631894,27.90904020103391
28.571773595321467,28.43922691646396
28.041586879891426,27.776493522176402
28.041586879891426,27.37885348560387
31.39943607761503,26.84866677017383
30.825067135899154,28.174133558748935
30.294880420469113,29.764693705039065
29.89724038389658,29.234506989609024
32.15053392447426,28.83686695303649
32.01798724561675,30.55997377818413
31.554073869615465,30.162333741611597
30.55997377818413,29.764693705039065
30.096060402182843,29.367053668466532
32.15053392447426,28.704320274178976
31.62034720904422,28.174133558748935
30.692520457041645,27.643946843318894
32.81326731876182,27.113760127888845
33.873640749621906,26.716120091316313
34.40382746505195,28.770593613607737
32.415627282189284,28.174133558748935
31.885440566759243,27.776493522176402
31.355253851329195,28.83686695303649
32.283080603331776,28.43922691646396
38.247681151919764,27.975313540462672
37.717494436489716,27.445126825032624
39.308054582779846,26.937031222745503
38.91041454620732,27.710220182747648
39.838241298209894,28.704320274178976
39.308054582779846,28.174133558748935
38.91041454620732,29.234506989609024
37.717494436489716,29.632147026181556
37.054761042202166,28.969413631894
36.524574326772125,28.43922691646396
36.524574326772125,28.041586879891426
38.115134473062255,31.885440566759243
38.91041454620732,31.222707172471686
37.717494436489716,30.825067135899154
36.92221436334465,30.294880420469113
36.524574326772125,29.89724038389658
35.33165421705452,29.764693705039065
38.51277450963478,29.101960310751508
39.838241298209894,28.571773595321467
39.308054582779846,28.10786021932018
38.91041454620732,30.096060402182843
37.98258779420474,29.49960034732404
37.58494775763221,29.101960310751508
37.187307721059675,30.55997377818413
36.657121005629634,30.957613814756662
35.99438761134208,31.28898051190044
35.53047423534079,31.885440566759243
35.53047423534079,32.945813997619325
35.464200895912036,32.415627282189284
32.15053392447426,33.873640749621906
31.752893887901728,34.27128078619444
30.825067135899154,33.873640749621906
30.162333741611597,33.07836067647684
29.632147026181556,32.68072063990431
29.101960310751508,32.283080603331776
31.090160493614178,31.355253851329195
30.55997377818413,30.825067135899154
30.02978706275409,30.294880420469113
29.367053668466532,34.80146750162448
28.903140292465245,34.27128078619444
29.89724038389658,33.74109407076439
29.367053668466532,33.21090735533435
28.770593613607737,38.77786786734981
28.306680237606443,38.247681151919764
28.704320274178976,37.717494436489716
28.306680237606443,37.31985439991719
27.643946843318894,40.898614729069976
27.113760127888845,40.36842801363994
26.716120091316313,39.838241298209894
28.969413631894,39.44060126163736
28.571773595321467,39.838241298209894
30.825067135899154,39.308054582779846
30.42742709932662,40.898614729069976
31.222707172471686,40.43470135306869
29.764693705039065,41.95898815993007
29.234506989609024,41.296254765642516
30.02978706275409,40.63352137135496
29.49960034732404,40.10333465592491
28.83686695303649,39.57314794049488
28.372953577035204,38.77786786734981
28.041586879891426,38.247681151919764
28.748502500464816,37.717494436489716
30.55997377818413,37.187307721059675
30.02978706275409,36.78966768448714
29.49960034732404,37.58494775763221
33.21090735533435,38.115134473062255
32.68072063990431,38.51277450963478
32.15053392447426,37.58494775763221
31.62034720904422,37.187307721059675
31.090160493614178,36.78966768448714
32.15053392447426,38.51277450963478
31.62034720904422,37.98258779420474
31.090160493614178,37.4524010787747
30.55997377818413,36.92221436334465
30.02978706275409,35.464200895912036
30.162333741611597,34.80146750162448
30.825067135899154,36.126934290199586
30.22860708104035,37.717494436489716
30.692520457041645,38.51277450963478
29.764693705039065,38.115134473062255
29.101960310751508,37.4524010787747
32.15053392447426,36.92221436334465
31.62034720904422,36.458300987343364
31.156433833042932,35.99438761134208
30.55997377818413,35.596747574769545
30.162333741611597,35.0665608593395
31.62034720904422,32.945813997619325
30.957613814756662,32.415627282189284
30.692520457041645,31.885440566759243
30.162333741611597,30.825067135899154
29.632147026181556,30.294880420469113
29.101960310751508,31.752893887901728
30.825067135899154,31.090160493614178
30.22860708104035,31.48780053018671
29.764693705039065,32.15053392447426
29.234506989609024,31.48780053018671
30.825067135899154,31.222707172471686
30.294880420469113,30.55997377818413
29.89724038389658,30.162333741611597
31.885440566759243,29.764693705039065
31.355253851329195,29.234506989609024
33.74109407076439,30.692520457041645
33.2771806947631,30.162333741611597
32.68072063990431,30.294880420469113
34.867740841053234,29.83096704446782
34.27128078619444,29.300780329037778
35.86184093248457,30.626247117612884
35.33165421705452,30.02978706275409
35.596747574769545,31.090160493614178
35.596747574769545,30.825067135899154
35.26538087762577,30.294880420469113
34.735194162195725,29.632147026181556
34.536374143909455,28.969413631894
35.596747574769545,28.43922691646396
35.0665608593395,27.90904020103391
36.524574326772125,27.776493522176402
35.99438761134208,28.306680237606443
35.33165421705452,28.704320274178976
34.80146750162448,27.643946843318894
34.27128078619444,26.981213449031337
33.74109407076439,28.43922691646396
33.34345403419186,31.885440566759243
34.27128078619444,31.355253851329195
33.74109407076439,30.825067135899154
35.39792755648328,30.294880420469113
36.39202764791461,29.764693705039065
35.86184093248457,29.234506989609024
35.0665608593395,31.090160493614178
34.536374143909455,29.764693705039065
33.873640749621906,29.234506989609024
34.33755412562319,28.571773595321467
33.873640749621906,28.041586879891426
33.47600071304937,28.704320274178976
33.07836067647684,28.174133558748935
32.15053392447426,27.710220182747648
29.49960034732404,27.24630680674636
28.969413631894,26.782393430745074
29.764693705039065,27.445126825032624
29.367053668466532,26.84866677017383
31.62034720904422,28.483409142749792
31.222707172471686,27.90904020103391
32.15053392447426,28.174133558748935
31.48780053018671,27.776493522176402
31.090160493614178,27.37885348560387
30.692520457041645,26.914940109602583
30.02978706275409,26.185933375886272
29.49960034732404,25.523199981598715
27.90904020103391,24.860466587311166
27.511400164461378,24.59537322959614
26.981213449031337,27.643946843318894
26.583573412458804,27.180033467317607
26.053386697028763,26.583573412458804
24.462826550738633,26.053386697028763
23.932639835308585,27.15794235417468
23.269906441021035,26.716120091316313
23.00481308330601,27.975313540462672
22.60717304673348,27.511400164461378
24.462826550738633,28.43922691646396
23.932639835308585,28.903140292465245
23.00481308330601,29.234506989609024
24.993013266168674,30.294880420469113
25.523199981598715,29.764693705039065
24.59537322959614,31.48780053018671
24.993013266168674,30.825067135899154
23.667546477593568,33.74109407076439
23.13735976216352,33.2771806947631
22.540899707304725,32.68072063990431
22.60717304673348,32.15053392447426
22.07698633130343,36.98848770277341
21.54679961587339,35.86184093248457
21.082886239872103,35.33165421705452
20.618972863870816,34.80146750162448
19.42605275415322,34.27128078619444
18.763319359865662,37.4524010787747
18.100585965578105,35.86184093248457
17.50412591071931,35.33165421705452
17.040212534718023,34.66892082276697
18.89586603872317,34.006187428479414
18.36567932329313,33.34345403419186
17.835492607863088,32.72490286619014
17.30530589243304,32.283080603331776
16.841392516431753,33.60854739190688
16.377479140430466,34.33755412562319
15.317105709570377,34.13873410733692
14.65437231528282,33.74109407076439
13.726545563280247,33.34345403419186
13.726545563280247,34.27128078619444
14.389278957567804,33.80736741019315
14.389278957567804,33.07836067647684
13.726545563280247,32.34935394276053
13.130085508421452,32.415627282189284
12.53362545356265,32.945813997619325
12.003438738132608,33.873640749621906
11.539525362131315,33.34345403419186
11.075611986130028,35.596747574769545
8.822318445552341,35.0665608593395
8.424678408979808,36.39202764791461
8.822318445552341,35.99438761134208
8.225858390693546,35.464200895912036
7.629398335834743,35.0665608593395
6.70157158383217,34.536374143909455
6.237658207830883,34.006187428479414
6.834118262689678,32.54817396104679
,32.01798724561675
,31.48780053018671
,31.222707172471686
,34.27128078619444
,33.74109407076439
,33.21090735533435
,32.68072063990431
,32.283080603331776
,31.48780053018671
,30.957613814756662
,30.42742709932662
,30.162333741611597
,35.33165421705452
,34.80146750162448
,34.27128078619444
,33.74109407076439
,33.34345403419186
,32.945813997619325
,32.415627282189284
,31.885440566759243
,31.48780053018671
,30.02978706275409
,29.49960034732404
,28.969413631894
,28.505500255892713
,27.90904020103391
,27.445126825032624
,26.914940109602583
,28.483409142749792
,27.90904020103391
,27.37885348560387
,30.361153759897867
,29.764693705039065
,29.234506989609024
,30.825067135899154
,30.162333741611597
,30.02978706275409
,30.55997377818413
,29.764693705039065
,29.234506989609024
,28.43922691646396
,27.90904020103391
,26.362662281029614
,25.920840018171248
,27.710220182747648
,27.113760127888845
,26.31848005474378
,25.78829333931374
,25.125559945026183
,24.59537322959614
,24.19773319302361
,23.667546477593568
,23.667546477593568
,24.0651865141661
,23.534999798736052
,22.60717304673348
,21.811892973588414
,21.347979597587127
,20.884066221585833
,20.4864261850133
,19.691146111868235
,19.160959396438194
,18.630772681008153
,17.040212534718023
,16.377479140430466
,15.91356576442918
,16.377479140430466
,15.449652388427886
,14.389278957567804
,13.859092242137756
,13.461452205565223
,13.991638920995271
,13.196358847850206
,12.467352114133895
,12.401078774705141
,13.130085508421452
,12.53362545356265
,14.12418559985278
,13.593998884422739
,13.593998884422739
,13.130085508421452
,12.53362545356265
,11.870892059275093
,11.340705343845052
,10.94306530727252
,10.545425270699987
,9.617598518697413
,8.2921317301223
,7.894491693549767
,7.894491693549767
,7.496851656977235
,7.099211620404702
,6.436478226117146
,5.906291510687105
,5.773744831829596
,6.171384868402129
,7.099211620404702
,7.496851656977235
