Y(hoy),Y(ayer)
10.015238555269946,10.015238555269946
9.485051839839898,9.352505160982389
8.954865124409856,8.954865124409856
9.88269187641243,8.888591784981102
9.485051839839898,8.557225087837324
9.88269187641243,8.027038372407276
9.352505160982389,7.894491693549767
9.087411803267365,7.496851656977235
9.087411803267365,7.032938280975948
9.087411803267365,7.629398335834743
8.954865124409856,7.231758299262211
8.689771766694832,6.70157158383217
8.159585051264791,6.237658207830883
7.894491693549767,5.773744831829596
7.761945014692259,5.508651474114572
7.231758299262211,4.845918079827015
6.9003916021184395,5.420287021542897
6.767844923260924,4.978464758684531
6.70157158383217,4.779644740398261
6.237658207830883,4.448278043254483
5.6411981529720805,4.05063800668195
5.044738098113285,3.5867246306806635
4.647098061540753,3.5204512912519093
4.580824722111998,3.3216312729656394
4.580824722111998,2.8577178969643597
3.918091327824442,2.3938045209630587
3.5204512912519093,2.3275311815343116
3.5204512912519093,2.3275311815343116
3.5204512912519093,2.2612578421055503
3.5204512912519093,1.929891144961772
2.990264575821868,1.4659777689604852
2.65889787867809,1.2671577506742295
3.255357933536885,1.2671577506742295
2.990264575821868,1.2671577506742295
2.46007786039182,1.2671577506742295
2.46007786039182,1.2671577506742295
2.46007786039182,1.2671577506742295
2.46007786039182,1.2671577506742295
2.46007786039182,1.2671577506742295
2.46007786039182,1.2671577506742295
2.46007786039182,1.2671577506742295
1.9961644843905333,0.8695177141016899
1.5322511083892465,0.4056043381004031
1.2671577506742295,0.8695177141016899
1.2671577506742295,1.2671577506742295
1.2008844112454682,0.8695177141016899
1.1346110718167068,0.2730576592428946
0.67069769581542,0.20678431981413326
0.9136999403875308,0.20678431981413326
0.47187767752916443,0.20678431981413326
1.2671577506742295,0.20678431981413326
1.2671577506742295,0.20678431981413326
1.1346110718167068,0.20678431981413326
0.67069769581542,0.20678431981413326
0.47187767752916443,0.20678431981413326
1.1346110718167068,0.20678431981413326
0.67069769581542,0.20678431981413326
0.8695177141016899,0.20678431981413326
0.47187767752916443,0.20678431981413326
0.5381510169579116,0.20678431981413326
1.1346110718167068,0.20678431981413326
0.67069769581542,0.20678431981413326
0.7369710352441814,0.20678431981413326
0.20678431981413326,0.20678431981413326
0.6486065826724996,0.20678431981413326
1.0020643929591984,0.20678431981413326
1.2671577506742295,0.20678431981413326
1.2671577506742295,0.20678431981413326
1.2671577506742295,0.20678431981413326
1.2671577506742295,0.8695177141016899
1.2671577506742295,1.2671577506742295
1.4438866558175647,1.2671577506742295
2.23916672896263,1.2671577506742295
1.664797787246755,1.2671577506742295
2.46007786039182,1.2671577506742295
2.990264575821868,1.7310711266755163
3.5204512912519093,2.2612578421055503
3.3879046123944008,2.3275311815343116
3.5204512912519093,2.3275311815343116
3.5204512912519093,2.3275311815343116
4.183184685539466,2.3275311815343116
3.6529979701094177,2.3938045209630587
4.625006948397832,3.3216312729656394
5.3761047952570635,2.8577178969643597
4.978464758684531,3.5867246306806635
6.237658207830883,4.183184685539466
6.767844923260924,4.315731364396974
7.761945014692259,3.8518179883956876
7.231758299262211,4.448278043254483
6.569024904974661,3.918091327824442
6.303931547259637,4.713371400969507
5.906291510687105,4.713371400969507
5.243558116399548,4.91219141925577
4.978464758684531,5.508651474114572
4.580824722111998,5.773744831829596
4.580824722111998,5.773744831829596
4.05063800668195,6.171384868402129
3.5204512912519093,6.569024904974661
3.5204512912519093,7.364304978119726
3.8518179883956876,7.894491693549767
3.3879046123944008,8.358405069551054
4.448278043254483,8.822318445552341
4.580824722111998,8.424678408979808
4.580824722111998,7.960765032978522
4.91219141925577,7.894491693549767
4.448278043254483,7.894491693549767
5.508651474114572,7.960765032978522
5.950473736972938,8.557225087837324
6.70157158383217,8.159585051264791
6.303931547259637,9.087411803267365
6.834118262689678,10.015238555269946
6.767844923260924,9.485051839839898
6.70157158383217,10.147785234127454
6.237658207830883,10.147785234127454
5.773744831829596,10.412878591842478
5.773744831829596,11.009338646701273
5.773744831829596,11.47325202270256
5.84001817125835,12.33480543527638
6.436478226117146,11.870892059275093
5.906291510687105,12.864992150706428
7.099211620404702,13.196358847850206
7.761945014692259,12.599898792991404
7.298031638690972,12.467352114133895
7.761945014692259,13.328905526707715
6.834118262689678,12.931265490135182
7.298031638690972,12.798718811277674
7.761945014692259,12.401078774705141
7.960765032978522,12.599898792991404
8.2921317301223,13.130085508421452
7.894491693549767,13.593998884422739
8.866500671838182,14.455552296996558
9.087411803267365,13.991638920995271
9.219958482124873,14.919465672997845
9.926874102698264,15.449652388427886
10.147785234127454,14.985739012426599
10.214058573556208,14.65437231528282
10.74424528898625,15.184559030712869
11.208158664987543,16.046112443286688
11.208158664987543,15.582199067285401
12.268532095847625,16.64257249814549
11.738345380417584,17.901765947291842
11.340705343845052,17.30530589243304
13.328905526707715,18.763319359865662
12.798718811277674,18.299405983864375
13.461452205565223,18.100585965578105
13.726545563280247,17.63667258957682
14.389278957567804,17.128576987289698
14.521825636425312,18.630772681008153
14.65437231528282,18.03431262614935
15.317105709570377,17.570399250148064
15.979839103857934,17.835492607863088
16.64257249814549,17.30530589243304
16.775119177003,16.907665855860508
16.907665855860508,17.570399250148064
17.614581476433898,18.03431262614935
17.835492607863088,18.763319359865662
17.901765947291842,18.23313264443562
18.431952662721883,19.028412717580686
18.89586603872317,19.160959396438194
18.89586603872317,19.757419451296997
18.36567932329313,20.287606166727038
17.901765947291842,20.751519542728325
18.89586603872317,21.149159579300857
18.36567932329313,21.54679961587339
19.160959396438194,21.944439652445922
19.691146111868235,21.54679961587339
20.353879506155792,21.149159579300857
21.01661290044335,21.149159579300857
20.552699524442062,21.54679961587339
21.01661290044335,22.143259670732192
20.15505948786953,22.938539743877257
20.088786148440768,22.342079689018455
20.088786148440768,23.99891317473734
20.4864261850133,23.402453119878544
20.088786148440768,24.529099890167387
21.01661290044335,25.125559945026183
21.149159579300857,24.59537322959614
21.149159579300857,25.722019999884985
21.21543291872961,26.451026733601296
21.613072955302144,25.920840018171248
21.149159579300857,26.716120091316313
22.209533010160946,26.716120091316313
22.342079689018455,26.716120091316313
22.916448630734337,26.84866677017383
22.342079689018455,27.643946843318894
24.19773319302361,27.24630680674636
23.601273138164807,27.113760127888845
24.19773319302361,26.716120091316313
23.667546477593568,27.975313540462672
24.72791990845365,27.511400164461378
23.269906441021035,28.483409142749792
25.523199981598715,28.174133558748935
24.860466587311166,27.643946843318894
24.19773319302361,27.113760127888845
23.534999798736052,26.716120091316313
23.402453119878544,27.643946843318894
23.932639835308585,27.24630680674636
24.462826550738633,28.174133558748935
23.800093156451076,28.571773595321467
23.33617978044979,27.997404653605592
23.402453119878544,28.704320274178976
23.402453119878544,28.306680237606443
22.872266404448496,28.21831578503477
22.342079689018455,29.101960310751508
22.209533010160946,29.89724038389658
21.944439652445922,29.89724038389658
21.41425293701588,29.367053668466532
20.751519542728325,29.101960310751508
20.221332827298284,29.89724038389658
19.95623946958326,29.367053668466532
19.42605275415322,30.096060402182843
18.763319359865662,30.55997377818413
18.100585965578105,31.156433833042932
17.769219268434327,31.222707172471686
17.835492607863088,32.216807263903014
17.835492607863088,31.62034720904422
17.17275921357553,31.222707172471686
16.708845837574245,33.2771806947631
16.775119177003,32.68072063990431
16.775119177003,33.34345403419186
16.775119177003,33.34345403419186
16.775119177003,32.81326731876182
16.377479140430466,32.283080603331776
15.781019085571664,32.283080603331776
15.781019085571664,32.15053392447426
15.582199067285401,31.62034720904422
14.190458939281534,31.156433833042932
13.726545563280247,30.692520457041645
13.461452205565223,30.339062646754947
13.527725544993984,30.825067135899154
13.859092242137756,30.42742709932662
13.461452205565223,30.02978706275409
14.389278957567804,29.49960034732404
13.925365581566517,28.83686695303649
13.527725544993984,28.174133558748935
13.726545563280247,27.643946843318894
14.389278957567804,26.981213449031337
13.925365581566517,26.185933375886272
14.389278957567804,25.65574666045623
13.461452205565223,25.523199981598715
13.925365581566517,25.05928660559743
14.389278957567804,24.462826550738633
14.786918994140336,23.932639835308585
15.493834614713727,23.402453119878544
15.71474574614291,22.938539743877257
15.184559030712869,22.40835302844721
14.65437231528282,21.944439652445922
14.588098975854066,21.54679961587339
14.919465672997845,21.082886239872103
14.521825636425312,20.618972863870816
15.515925727856647,20.221332827298284
16.112385782715442,19.691146111868235
16.775119177003,19.22723273586695
16.775119177003,19.691146111868235
16.64257249814549,19.160959396438194
16.377479140430466,18.89586603872317
15.979839103857934,18.36567932329313
16.775119177003,17.968039286720597
16.244932461572958,17.968039286720597
17.30530589243304,17.835492607863088
17.702945929005573,17.17275921357553
16.97393919528926,16.510025819287975
16.510025819287975,15.582199067285401
15.979839103857934,15.052012351855353
15.582199067285401,14.65437231528282
16.64257249814549,15.184559030712869
15.979839103857934,15.582199067285401
16.775119177003,15.052012351855353
16.907665855860508,14.521825636425312
17.570399250148064,14.521825636425312
18.14476819186394,14.720645654711582
18.89586603872317,15.184559030712869
21.01661290044335,16.046112443286688
20.420152845584546,15.582199067285401
19.95623946958326,16.510025819287975
19.42605275415322,16.024021330143768
23.13735976216352,16.775119177003
22.739719725590987,16.377479140430466
21.811892973588414,17.570399250148064
23.468726459307298,17.17275921357553
23.99891317473734,17.30530589243304
24.462826550738633,16.907665855860508
24.330279871881118,17.968039286720597
24.0651865141661,18.630772681008153
23.667546477593568,18.188950418149787
24.462826550738633,19.492326093581973
23.932639835308585,18.89586603872317
24.72791990845365,18.36567932329313
24.330279871881118,20.022512809012014
25.390653302741207,20.088786148440768
25.58947332102747,20.4864261850133
25.65574666045623,20.884066221585833
25.65574666045623,20.287606166727038
25.920840018171248,20.751519542728325
26.583573412458804,21.149159579300857
26.119660036457518,21.21543291872961
25.611564434170397,21.944439652445922
25.523199981598715,21.41425293701588
24.92673992673992,21.811892973588414
23.932639835308585,21.347979597587127
23.468726459307298,21.149159579300857
24.462826550738633,21.347979597587127
23.932639835308585,21.944439652445922
24.462826550738633,22.209533010160946
23.932639835308585,22.209533010160946
23.468726459307298,22.209533010160946
24.19773319302361,22.209533010160946
23.667546477593568,22.209533010160946
23.932639835308585,22.209533010160946
23.468726459307298,22.209533010160946
23.534999798736052,22.143259670732192
24.19773319302361,21.811892973588414
23.601273138164807,21.41425293701588
24.19773319302361,23.13735976216352
23.13735976216352,22.673446386162233
22.60717304673348,22.209533010160946
21.944439652445922,22.60717304673348
21.679346294730898,22.209533010160946
21.281706258158366,21.811892973588414
21.149159579300857,21.347979597587127
21.01661290044335,21.149159579300857
20.353879506155792,21.347979597587127
19.691146111868235,22.474626367875963
19.028412717580686,21.811892973588414
18.36567932329313,23.269906441021035
17.835492607863088,23.733819817022322
17.17275921357553,24.19773319302361
16.708845837574245,23.932639835308585
16.64257249814549,23.468726459307298
16.377479140430466,23.534999798736052
15.847292425000418,23.932639835308585
15.582199067285401,24.462826550738633
15.582199067285401,24.72791990845365
15.317105709570377,25.258106623883698
14.919465672997845,25.58947332102747
14.588098975854066,25.258106623883698
14.389278957567804,24.794193247882404
13.726545563280247,25.390653302741207
13.461452205565223,24.860466587311166
13.461452205565223,25.65574666045623
13.328905526707715,25.65574666045623
12.666172132420158,25.65574666045623
12.003438738132608,25.65574666045623
11.47325202270256,25.258106623883698
11.141885325558782,24.72791990845365
11.208158664987543,24.264006532452363
10.545425270699987,23.733819817022322
10.0815118946987,24.330279871881118
10.147785234127454,23.800093156451076
10.147785234127454,24.330279871881118
10.147785234127454,23.667546477593568
10.147785234127454,23.203633101592274
9.485051839839898,22.673446386162233
9.087411803267365,22.209533010160946
9.087411803267365,22.209533010160946
9.087411803267365,22.143259670732192
8.424678408979808,21.613072955302144
7.761945014692259,21.281706258158366
7.231758299262211,21.944439652445922
6.767844923260924,21.811892973588414
6.569024904974661,21.41425293701588
6.303931547259637,21.01661290044335
5.906291510687105,20.552699524442062
5.773744831829596,20.022512809012014
5.773744831829596,19.691146111868235
,19.22723273586695
,18.630772681008153
,18.16685930500686
,17.570399250148064
,17.040212534718023
,17.570399250148064
,17.040212534718023
,16.57629915871673
,15.847292425000418
,15.71474574614291
,16.57629915871673
,16.112385782715442
,16.775119177003
,16.57629915871673
,16.112385782715442
,15.648472406714156
,15.449652388427886
,14.919465672997845
,14.389278957567804
,13.859092242137756
,13.395178866136469
,12.798718811277674
,12.401078774705141
,12.401078774705141
,12.268532095847625
,11.804618719846339
,11.340705343845052
,11.274432004416298
,11.340705343845052
