Y(hoy),Y(ayer)
7.894491693549767,10.147785234127454
7.894491693549767,10.214058573556208
7.761945014692259,10.94306530727252
7.099211620404702,10.479151931271232
6.70157158383217,10.147785234127454
6.237658207830883,9.617598518697413
5.707471492400835,9.15368514269612
5.6411981529720805,9.15368514269612
4.978464758684531,9.661780744983247
4.713371400969507,9.617598518697413
4.183184685539466,9.087411803267365
3.5867246306806635,8.424678408979808
3.5204512912519093,7.894491693549767
3.3879046123944008,8.888591784981102
3.1228112546793767,8.424678408979808
2.725171218106837,8.888591784981102
3.255357933536885,8.424678408979808
2.725171218106837,7.960765032978522
2.990264575821868,8.027038372407276
2.3275311815343116,8.822318445552341
1.7310711266755163,8.358405069551054
1.3334310901029767,7.828218354121013
1.2008844112454682,7.231758299262211
1.0020643929591984,6.834118262689678
0.7369710352441814,6.767844923260924
0.33933099867164174,6.171384868402129
0.20678431981413326,5.6411981529720805
0.20678431981413326,5.177284776970794
0.14051098038538612,4.713371400969507
0.07423764095662477,5.177284776970794
-0.45594907447342337,5.508651474114572
-0.8535891110459488,4.91219141925577
-0.8535891110459488,4.713371400969507
-0.8535891110459488,4.448278043254483
-0.8535891110459488,3.6529979701094177
-0.8535891110459488,3.5204512912519093
-0.8535891110459488,3.5204512912519093
-0.9861357899034573,3.255357933536885
-1.5163225053335054,2.7914445575355984
-1.8476892024772837,3.1228112546793767
-1.2070469213326476,2.5926245392493286
-0.9198624504747102,2.990264575821868
-0.8535891110459488,2.5263511998205814
-0.9198624504747102,2.3275311815343116
-0.9861357899034573,2.3275311815343116
-1.648869184191014,2.3275311815343116
-2.0465092207635536,2.3275311815343116
-2.0465092207635536,2.194984502676803
-2.0465092207635536,1.7310711266755163
-2.0465092207635536,2.0624378238192946
-2.0465092207635536,1.5322511083892465
-2.0465092207635536,1.929891144961772
-1.450049165904744,1.4659777689604852
-1.913962541906045,1.2671577506742295
-0.9861357899034573,1.2671577506742295
-0.9198624504747102,1.2671577506742295
-0.9861357899034573,1.2671577506742295
-1.450049165904744,1.2671577506742295
-1.9802358813347922,1.2671577506742295
-2.0465092207635536,1.2008844112454682
-2.0465092207635536,0.7369710352441814
-2.0465092207635536,0.33933099867164174
-1.450049165904744,1.2008844112454682
-1.913962541906045,0.7369710352441814
-0.9861357899034573,1.2671577506742295
-0.8535891110459488,0.8695177141016899
-0.8535891110459488,0.4056043381004031
-0.8535891110459488,0.20678431981413326
-0.8535891110459488,0.20678431981413326
-0.8535891110459488,0.20678431981413326
-0.8535891110459488,0.20678431981413326
-0.8535891110459488,0.20678431981413326
-0.8535891110459488,0.20678431981413326
-0.41176684818758247,0.20678431981413326
-0.8535891110459488,0.20678431981413326
-0.05830903790088371,0.20678431981413326
0.47187767752916443,0.20678431981413326
1.0020643929591984,0.20678431981413326
1.4438866558175647,0.20678431981413326
2.46007786039182,0.20678431981413326
1.929891144961772,0.20678431981413326
3.0565379152506154,0.20678431981413326
3.5204512912519093,0.20678431981413326
3.5204512912519093,0.20678431981413326
3.5204512912519093,0.6044243563866729
3.5204512912519093,1.2008844112454682
4.315731364396974,1.0020643929591984
3.7855446489669333,0.33933099867164174
5.420287021542897,0.20678431981413326
4.845918079827015,0.6044243563866729
6.70157158383217,1.2008844112454682
6.237658207830883,1.2671577506742295
7.806127240978093,1.2671577506742295
7.231758299262211,1.3334310901029767
9.087411803267365,2.0624378238192946
8.557225087837324,1.5322511083892465
9.683871858126167,1.7973444661042635
10.677971949557495,1.399704429531738
10.214058573556208,2.2612578421055503
12.798718811277674,1.7973444661042635
12.202258756418871,2.3275311815343116
11.738345380417584,2.3275311815343116
11.208158664987543,2.3938045209630587
13.726545563280247,2.194984502676803
14.389278957567804,1.7310711266755163
15.493834614713727,1.7973444661042635
14.919465672997845,2.46007786039182
16.819301403288833,2.990264575821868
16.244932461572958,3.3879046123944008
18.100585965578105,3.5867246306806635
17.570399250148064,3.454177951823155
18.89586603872317,3.5204512912519093
18.36567932329313,3.5204512912519093
17.901765947291842,3.5204512912519093
18.630772681008153,3.5204512912519093
18.100585965578105,3.5204512912519093
18.498226002150638,3.5204512912519093
18.03431262614935,3.5204512912519093
19.42605275415322,3.5204512912519093
18.89586603872317,3.5867246306806635
18.498226002150638,4.183184685539466
21.281706258158366,4.713371400969507
20.81779288215708,4.779644740398261
20.221332827298284,5.773744831829596
22.916448630734337,5.243558116399548
22.342079689018455,6.569024904974661
21.811892973588414,5.906291510687105
24.19773319302361,5.243558116399548
23.733819817022322,4.713371400969507
25.302288850169532,4.845918079827015
24.72791990845365,5.3761047952570635
26.627755638744638,4.91219141925577
26.053386697028763,5.707471492400835
27.953222427319744,5.773744831829596
27.37885348560387,6.237658207830883
29.234506989609024,5.773744831829596
28.770593613607737,6.70157158383217
30.339062646754947,7.629398335834743
29.764693705039065,7.099211620404702
32.15053392447426,7.894491693549767
31.554073869615465,7.894491693549767
31.090160493614178,8.2921317301223
34.006187428479414,8.888591784981102
33.40972737362062,8.888591784981102
32.945813997619325,8.159585051264791
34.580556370195296,7.894491693549767
36.92221436334465,8.027038372407276
36.325754308485855,8.689771766694832
35.86184093248457,8.954865124409856
35.33165421705452,8.954865124409856
38.822050093635646,9.418778500411143
38.247681151919764,10.015238555269946
37.717494436489716,10.280331912984963
39.57314794049488,10.677971949557495
38.84414120677856,11.274432004416298
39.838241298209894,11.47325202270256
39.308054582779846,12.003438738132608
38.247681151919764,12.33480543527638
37.717494436489716,12.003438738132608
37.187307721059675,11.539525362131315
36.72339434505839,13.107994395278524
37.717494436489716,12.53362545356265
37.187307721059675,12.003438738132608
36.72339434505839,12.798718811277674
36.126934290199586,12.401078774705141
35.596747574769545,13.328905526707715
35.13283419876826,12.931265490135182
34.536374143909455,14.256732278710288
34.006187428479414,13.726545563280247
33.47600071304937,14.12418559985278
33.21090735533435,13.593998884422739
32.68072063990431,13.461452205565223
32.283080603331776,13.925365581566517
34.27128078619444,14.389278957567804
33.74109407076439,15.317105709570377
33.21090735533435,14.786918994140336
32.68072063990431,15.582199067285401
34.006187428479414,16.046112443286688
33.34345403419186,16.510025819287975
33.07836067647684,17.040212534718023
32.54817396104679,17.570399250148064
32.01798724561675,17.040212534718023
31.752893887901728,16.377479140430466
31.355253851329195,15.847292425000418
32.945813997619325,16.244932461572958
32.415627282189284,17.106485874146777
31.885440566759243,16.64257249814549
33.21090735533435,17.570399250148064
32.68072063990431,16.907665855860508
32.283080603331776,16.244932461572958
34.31546301248027,15.847292425000418
33.74109407076439,16.64257249814549
33.21090735533435,16.377479140430466
35.11074308562534,15.91356576442918
35.19910753819701,16.64257249814549
34.66892082276697,16.775119177003
35.33165421705452,16.377479140430466
34.80146750162448,15.91356576442918
34.27128078619444,16.510025819287975
33.80736741019315,16.112385782715442
33.21090735533435,15.979839103857934
32.54817396104679,15.648472406714156
32.283080603331776,16.57629915871673
32.415627282189284,16.112385782715442
32.945813997619325,17.040212534718023
32.945813997619325,17.570399250148064
32.415627282189284,17.084394761003857
31.885440566759243,17.901765947291842
31.355253851329195,17.901765947291842
32.15053392447426,17.570399250148064
31.62034720904422,16.907665855860508
31.62034720904422,16.775119177003
31.156433833042932,16.775119177003
31.355253851329195,17.040212534718023
30.957613814756662,17.570399250148064
31.885440566759243,17.040212534718023
31.752893887901728,16.377479140430466
31.28898051190044,15.847292425000418
32.15053392447426,16.244932461572958
31.62034720904422,17.106485874146777
30.957613814756662,16.64257249814549
30.692520457041645,17.570399250148064
30.294880420469113,16.907665855860508
29.764693705039065,16.64257249814549
29.101960310751508,16.244932461572958
28.969413631894,15.847292425000418
29.49960034732404,16.377479140430466
30.02978706275409,15.781019085571664
29.89724038389658,15.250832370141623
29.632147026181556,14.720645654711582
29.234506989609024,14.521825636425312
28.903140292465245,14.521825636425312
28.969413631894,14.12418559985278
28.43922691646396,13.660272223851493
27.90904020103391,13.196358847850206
27.975313540462672,12.798718811277674
28.571773595321467,12.401078774705141
29.234506989609024,12.33480543527638
29.89724038389658,12.003438738132608
30.073969289039923,11.539525362131315
31.355253851329195,12.047620964418442
30.7587937964704,11.605798701560076
32.15053392447426,11.738345380417584
31.62034720904422,11.340705343845052
31.090160493614178,10.94306530727252
30.42742709932662,10.479151931271232
29.89724038389658,10.0815118946987
29.367053668466532,9.485051839839898
28.969413631894,9.219958482124873
30.825067135899154,9.88269187641243
30.22860708104035,9.485051839839898
29.764693705039065,10.81051862841501
29.234506989609024,10.280331912984963
30.825067135899154,10.94306530727252
30.162333741611597,10.479151931271232
29.89724038389658,10.147785234127454
29.49960034732404,10.015238555269946
28.83686695303649,9.396687387268223
31.885440566759243,10.015238555269946
31.222707172471686,10.479151931271232
30.692520457041645,10.94306530727252
30.22860708104035,10.412878591842478
29.764693705039065,9.948965215841184
29.234506989609024,9.396687387268223
31.885440566759243,10.147785234127454
31.355253851329195,9.750145197554922
30.825067135899154,10.94306530727252
30.294880420469113,10.545425270699987
29.764693705039065,10.545425270699987
29.234506989609024,10.280331912984963
28.83686695303649,11.075611986130028
31.090160493614178,11.340705343845052
30.55997377818413,11.539525362131315
30.02978706275409,12.047620964418442
29.632147026181556,11.738345380417584
31.090160493614178,11.340705343845052
31.355253851329195,11.340705343845052
30.957613814756662,11.539525362131315
32.01798724561675,12.135985416990117
32.283080603331776,12.401078774705141
32.15053392447426,12.401078774705141
31.686620548472973,12.401078774705141
30.957613814756662,12.53362545356265
30.692520457041645,13.395178866136469
30.294880420469113,12.931265490135182
29.89724038389658,13.859092242137756
30.891340475327908,14.256732278710288
31.929622793045077,13.660272223851493
31.355253851329195,13.527725544993984
33.21090735533435,14.12418559985278
32.68072063990431,14.521825636425312
32.01798724561675,14.588098975854066
31.48780053018671,15.184559030712869
30.825067135899154,14.786918994140336
30.22860708104035,15.582199067285401
29.89724038389658,15.648472406714156
32.15053392447426,17.17275921357553
31.686620548472973,16.510025819287975
33.21090735533435,15.979839103857934
32.68072063990431,17.835492607863088
32.34935394276053,18.630772681008153
31.752893887901728,18.23313264443562
31.222707172471686,18.100585965578105
30.55997377818413,17.570399250148064
30.096060402182843,17.040212534718023
31.090160493614178,17.570399250148064
32.15053392447426,17.106485874146777
31.62034720904422,16.907665855860508
32.15053392447426,17.702945929005573
31.48780053018671,17.17275921357553
31.023887154185417,17.968039286720597
31.090160493614178,17.968039286720597
31.752893887901728,18.498226002150638
31.222707172471686,17.968039286720597
32.415627282189284,19.691146111868235
33.01208733704808,19.09468605700944
33.60854739190688,18.89586603872317
34.27128078619444,18.23313264443562
33.93991408905066,17.968039286720597
33.34345403419186,19.82369279072575
32.68072063990431,21.082886239872103
34.27128078619444,20.4864261850133
33.74109407076439,21.01661290044335
33.21090735533435,20.552699524442062
32.74699397933306,19.95623946958326
32.283080603331776,19.42605275415322
34.27128078619444,20.4864261850133
33.74109407076439,19.028412717580686
33.21090735533435,22.07698633130343
32.68072063990431,21.613072955302144
32.15053392447426,21.01661290044335
31.62034720904422,21.54679961587339
31.222707172471686,21.149159579300857
33.21090735533435,20.618972863870816
32.68072063990431,20.221332827298284
32.15053392447426,21.944439652445922
31.752893887901728,21.281706258158366
33.80736741019315,20.751519542728325
34.27128078619444,22.209533010160946
33.74109407076439,22.209533010160946
33.40972737362062,22.342079689018455
34.27128078619444,23.203633101592274
33.74109407076439,22.739719725590987
33.34345403419186,23.269906441021035
35.33165421705452,22.60717304673348
34.80146750162448,22.143259670732192
34.27128078619444,21.54679961587339
33.47600071304937,21.149159579300857
34.07246076790817,22.673446386162233
36.126934290199586,22.07698633130343
35.596747574769545,23.00481308330601
35.13283419876826,22.40835302844721
34.536374143909455,21.878166313017168
39.308054582779846,21.480526276444635
38.77786786734981,22.07698633130343
38.31395449134852,21.613072955302144
37.717494436489716,20.884066221585833
37.187307721059675,20.287606166727038
36.657121005629634,20.751519542728325
41.428801444500024,21.149159579300857
40.898614729069976,21.149159579300857
40.36842801363994,21.21543291872961
39.838241298209894,21.811892973588414
43.019361590790155,21.41425293701588
42.3566281965026,22.209533010160946
41.89271482050131,22.07698633130343
42.22408151764509,21.54679961587339
41.69389480221505,21.082886239872103
41.16370808678501,20.552699524442062
40.898614729069976,20.088786148440768
40.43470135306869,21.54679961587339
39.838241298209894,21.01661290044335
39.308054582779846,20.552699524442062
38.6453211884923,22.07698633130343
38.38022783077727,19.95623946958326
38.02677002049058,19.42605275415322
38.91041454620732,18.89586603872317
38.247681151919764,18.36567932329313
39.57314794049488,17.968039286720597
38.84414120677856,21.01661290044335
39.838241298209894,20.4864261850133
39.308054582779846,19.95623946958326
38.247681151919764,19.42605275415322
37.717494436489716,19.691146111868235
37.187307721059675,19.293506075295703
36.657121005629634,18.100585965578105
36.19320762962835,17.702945929005573
35.6630209141983,16.907665855860508
36.126934290199586,17.040212534718023
36.524574326772125,17.702945929005573
35.86184093248457,17.702945929005573
36.657121005629634,17.040212534718023
39.04296122506483,16.64257249814549
38.51277450963478,16.046112443286688
37.98258779420474,16.510025819287975
37.4524010787747,16.112385782715442
35.86184093248457,15.71474574614291
41.69389480221505,15.184559030712869
41.03116140792749,14.389278957567804
40.63352137135496,13.859092242137756
40.10333465592491,13.461452205565223
39.57314794049488,13.196358847850206
44.079735021650244,12.666172132420158
43.41700162736269,12.268532095847625
42.886814911932646,11.804618719846339
42.3566281965026,11.340705343845052
43.019361590790155,11.274432004416298
42.48917487536011,11.340705343845052
41.95898815993007,
41.296254765642516,
40.76606805021247,
39.9707879770674,
39.705694619352386,
39.308054582779846,
38.77786786734981,
38.115134473062255,
37.4524010787747,
36.78966768448714,
36.2594809690571,
35.72929425362706,
35.0665608593395,
34.536374143909455,
34.006187428479414,
33.47600071304937,
32.945813997619325,
32.415627282189284,
33.21090735533435,
32.68072063990431,
32.68072063990431,
32.01798724561675,
31.48780053018671,
30.825067135899154,
30.162333741611597,
29.632147026181556,
28.969413631894,
28.969413631894,
28.306680237606443,
27.776493522176402,
26.981213449031337,
26.716120091316313,
26.31848005474378,
25.65574666045623,
25.390653302741207,
24.993013266168674,
24.462826550738633,
23.932639835308585,
23.468726459307298,
24.264006532452363,
23.667546477593568,
24.772102134739484,
25.523199981598715,
24.993013266168674,
24.330279871881118,
23.800093156451076,
23.534999798736052,
23.13735976216352,
22.60717304673348,
22.209533010160946,
23.711728703879402,
24.330279871881118,
23.667546477593568,
24.507008777024467,
23.932639835308585,
23.534999798736052,
26.31848005474378,
25.78829333931374,
25.258106623883698,
27.643946843318894,
27.113760127888845,
27.113760127888845,
26.451026733601296,
25.854566678742493,
25.258106623883698,
24.772102134739484,
25.523199981598715,
24.993013266168674,
24.993013266168674,
24.529099890167387,
25.78829333931374,
25.191833284454937,
24.72791990845365,
24.330279871881118,
27.643946843318894,
27.113760127888845,
26.583573412458804,
26.252206715315026,
26.84866677017383,
25.78829333931374,
26.362662281029614,
26.583573412458804,
26.583573412458804,
26.053386697028763,
25.65574666045623,
27.643946843318894,
27.113760127888845,
26.583573412458804,
27.776493522176402,
27.643946843318894,
27.113760127888845,
26.716120091316313,
27.776493522176402,
27.113760127888845,
28.483409142749792,
28.704320274178976,
28.174133558748935,
29.764693705039065,
29.101960310751508,
27.90904020103391,
33.21090735533435,
32.68072063990431,
32.15053392447426,
31.62034720904422,
31.090160493614178,
30.55997377818413,
28.571773595321467,
32.945813997619325,
32.415627282189284,
31.885440566759243,
31.355253851329195,
30.891340475327908,
30.294880420469113,
29.764693705039065,
29.234506989609024,
28.704320274178976,
28.174133558748935,
27.776493522176402,
30.294880420469113,
29.69842036561031,
29.234506989609024,
31.090160493614178,
31.48780053018671,
30.957613814756662,
32.15053392447426,
32.15053392447426,
31.62034720904422,
30.957613814756662,
30.692520457041645,
30.294880420469113,
29.764693705039065,
29.101960310751508,
28.505500255892713,
27.90904020103391,
28.969413631894,
28.43922691646396,
30.02978706275409,
29.49960034732404,
30.294880420469113,
29.89724038389658,
30.825067135899154,
31.48780053018671,
32.15053392447426,
31.48780053018671,
30.957613814756662,
30.294880420469113,
29.89724038389658,
30.869249362184988,
31.090160493614178,
30.42742709932662,
29.89724038389658,
29.234506989609024,
28.571773595321467,
28.041586879891426,
27.776493522176402,
30.02978706275409,
32.15053392447426,
31.62034720904422,
31.090160493614178,
30.55997377818413,
29.49960034732404,
30.02978706275409,
30.55997377818413,
29.49960034732404,
28.83686695303649,
28.306680237606443,
27.511400164461378,
26.981213449031337,
27.643946843318894,
27.113760127888845,
28.24040689817769,
28.83686695303649,
29.49960034732404,
29.89724038389658,
29.16823365018027,
28.704320274178976,
28.041586879891426,
29.764693705039065,
29.101960310751508,
28.704320274178976,
28.174133558748935,
29.234506989609024,
28.704320274178976,
28.041586879891426,
27.776493522176402,
27.37885348560387,
26.892848996459662,
28.21831578503477,
27.643946843318894,
28.83686695303649,
28.041586879891426,
27.37885348560387,
26.84866677017383,
26.583573412458804,
26.053386697028763,
25.390653302741207,
25.125559945026183,
24.72791990845365,
24.264006532452363,
23.667546477593568,
24.462826550738633,
23.932639835308585,
23.534999798736052,
24.993013266168674,
25.523199981598715,
25.523199981598715,
24.860466587311166,
24.462826550738633,
24.462826550738633,
23.932639835308585,
23.402453119878544,
22.872266404448496,
22.342079689018455,
22.342079689018455,
22.342079689018455,
21.679346294730898,
20.4864261850133,
20.088786148440768,
19.293506075295703,
16.775119177003,
16.244932461572958,
15.781019085571664,
17.702945929005573,
17.17275921357553,
16.244932461572958,
15.847292425000418,
18.36567932329313,
18.89586603872317,
18.89586603872317,
18.36567932329313,
17.968039286720597,
16.907665855860508,
15.582199067285401,
15.184559030712869,
14.65437231528282,
14.12418559985278,
13.461452205565223,
12.798718811277674,
12.268532095847625,
11.738345380417584,
11.340705343845052,
12.135985416990117,
11.605798701560076,
10.81051862841501,
10.280331912984963,
9.683871858126167,
9.087411803267365,
9.087411803267365,
9.352505160982389,
8.954865124409856,
9.88269187641243,
