Y(hoy),Y(ayer)
3.5204512912519093,8.954865124409856
3.5204512912519093,8.954865124409856
3.189084594108131,8.954865124409856
2.5926245392493286,8.954865124409856
2.46007786039182,8.954865124409856
2.3275311815343116,8.954865124409856
2.0624378238192946,8.822318445552341
1.664797787246755,8.159585051264791
1.3334310901029767,7.496851656977235
1.2008844112454682,7.032938280975948
1.1346110718167068,6.834118262689678
0.67069769581542,7.298031638690972
0.2730576592428946,7.629398335834743
0.20678431981413326,6.966664941547194
0.20678431981413326,6.303931547259637
0.20678431981413326,5.773744831829596
0.14051098038538612,6.480660452402979
0.07423764095662477,6.171384868402129
-0.5884957533309318,5.773744831829596
-0.8535891110459488,5.773744831829596
-0.8535891110459488,5.773744831829596
-0.8535891110459488,5.243558116399548
-0.8535891110459488,4.713371400969507
-0.8535891110459488,4.448278043254483
-0.9198624504747102,3.7855446489669333
-0.9861357899034573,3.5204512912519093
-1.648869184191014,3.5204512912519093
-2.1127825601923007,3.3216312729656394
-1.5163225053335054,2.8577178969643597
-1.913962541906045,2.3938045209630587
-0.9861357899034573,2.3275311815343116
-0.8535891110459488,2.3275311815343116
-0.9198624504747102,2.3275311815343116
-1.11868246876098,2.3275311815343116
-1.383775826475997,2.2612578421055503
-1.913962541906045,1.7310711266755163
-2.0465092207635536,1.2671577506742295
-2.0465092207635536,1.2671577506742295
-2.0465092207635536,1.2671577506742295
-1.5163225053335054,1.2671577506742295
-1.913962541906045,1.2671577506742295
-0.9861357899034573,1.2671577506742295
-1.648869184191014,1.2671577506742295
-2.1127825601923007,0.8695177141016899
-2.0465092207635536,0.2730576592428946
-2.0465092207635536,0.20678431981413326
-2.0465092207635536,0.20678431981413326
-2.0465092207635536,0.2730576592428946
-2.0465092207635536,1.0020643929591984
-2.0465092207635536,0.47187767752916443
-2.0465092207635536,0.8695177141016899
-2.0465092207635536,0.33933099867164174
-2.0465092207635536,0.20678431981413326
-2.0465092207635536,0.20678431981413326
-2.0465092207635536,0.20678431981413326
-2.0465092207635536,0.20678431981413326
-2.0465092207635536,0.20678431981413326
-2.0465092207635536,0.20678431981413326
-2.0465092207635536,0.20678431981413326
-2.0465092207635536,0.20678431981413326
-1.450049165904744,0.20678431981413326
-1.913962541906045,0.20678431981413326
-0.9861357899034573,0.20678431981413326
-0.8535891110459488,0.20678431981413326
-0.8535891110459488,0.20678431981413326
-0.8535891110459488,0.20678431981413326
-0.8535891110459488,0.20678431981413326
-0.8535891110459488,0.20678431981413326
-0.6768602059025994,0.20678431981413326
-0.12458237732964506,0.20678431981413326
0.47187767752916443,0.20678431981413326
1.0020643929591984,0.20678431981413326
1.4438866558175647,0.2730576592428946
2.3275311815343116,0.9136999403875308
1.7973444661042635,0.6044243563866729
2.46007786039182,0.20678431981413326
2.725171218106837,0.2730576592428946
2.3275311815343116,0.8695177141016899
3.3879046123944008,0.47187767752916443
3.5204512912519093,1.2671577506742295
3.6529979701094177,1.2671577506742295
4.315731364396974,1.2671577506742295
4.978464758684531,1.2671577506742295
5.6411981529720805,1.7310711266755163
6.70157158383217,2.2612578421055503
6.171384868402129,2.3275311815343116
7.761945014692259,2.0624378238192946
7.231758299262211,1.4880688821034056
8.336313956408134,2.194984502676803
7.894491693549767,1.7973444661042635
9.617598518697413,1.7973444661042635
9.087411803267365,2.3275311815343116
10.457060818128312,2.46007786039182
11.208158664987543,3.3879046123944008
12.798718811277674,2.8577178969643597
12.268532095847625,3.5867246306806635
11.738345380417584,4.1169113461107045
14.65437231528282,4.647098061540753
14.12418559985278,4.713371400969507
13.593998884422739,4.713371400969507
16.510025819287975,4.713371400969507
15.979839103857934,4.580824722111998
15.449652388427886,4.05063800668195
17.968039286720597,3.5867246306806635
17.30530589243304,3.5204512912519093
18.630772681008153,3.6529979701094177
19.22723273586695,4.05063800668195
19.82369279072575,4.647098061540753
20.265515053584117,4.713371400969507
22.07698633130343,4.713371400969507
21.41425293701588,4.713371400969507
21.01661290044335,4.779644740398261
20.618972863870816,5.3761047952570635
24.462826550738633,5.773744831829596
23.932639835308585,5.773744831829596
23.402453119878544,5.773744831829596
22.872266404448496,5.773744831829596
26.097568923314597,5.773744831829596
25.523199981598715,5.773744831829596
24.993013266168674,5.773744831829596
27.423035711889703,5.773744831829596
26.84866677017383,6.171384868402129
29.764693705039065,6.70157158383217
29.16823365018027,7.231758299262211
28.704320274178976,7.828218354121013
28.174133558748935,8.2921317301223
32.15053392447426,8.888591784981102
31.62034720904422,8.954865124409856
31.090160493614178,8.954865124409856
30.55997377818413,8.954865124409856
32.81326731876182,8.954865124409856
33.52018293933521,8.954865124409856
34.80146750162448,8.954865124409856
34.27128078619444,9.418778500411143
36.92221436334465,10.015238555269946
36.2594809690571,10.280331912984963
35.86184093248457,10.677971949557495
35.33165421705452,11.274432004416298
39.308054582779846,11.47325202270256
38.77786786734981,12.33480543527638
38.247681151919764,11.870892059275093
37.717494436489716,12.864992150706428
41.428801444500024,13.196358847850206
40.83234138964123,12.599898792991404
40.36842801363994,13.06381216899269
39.838241298209894,12.666172132420158
43.28445494850518,13.461452205565223
42.687994893646376,13.461452205565223
42.22408151764509,14.190458939281534
45.14010845251033,13.726545563280247
44.676195076509046,14.65437231528282
44.079735021650244,15.184559030712869
46.774850825086304,16.046112443286688
46.200481883370415,15.582199067285401
45.670295167940374,16.64257249814549
48.05613538737557,16.841392516431753
47.52594867194553,17.30530589243304
48.58632210280561,17.835492607863088
48.05613538737557,17.968039286720597
47.39340199308802,18.498226002150638
46.86321527765797,17.968039286720597
46.46557524108544,19.028412717580686
46.00166186508415,19.028412717580686
45.493566262797025,19.028412717580686
45.40520181022535,18.498226002150638
44.74246841593779,18.03431262614935
44.079735021650244,19.293506075295703
43.41700162736269,18.630772681008153
43.28445494850518,20.022512809012014
42.62172155421762,20.088786148440768
42.157808178216335,20.088786148440768
42.22408151764509,20.088786148440768
42.62172155421762,20.15505948786953
42.09153483878758,20.751519542728325
43.28445494850518,21.149159579300857
43.81464166393522,21.149159579300857
44.21228170050775,20.751519542728325
43.48327496679144,20.287606166727038
43.019361590790155,20.751519542728325
42.3566281965026,20.353879506155792
41.82644148107256,21.149159579300857
41.16370808678501,21.54679961587339
40.83234138964123,22.143259670732192
40.36842801363994,22.342079689018455
39.838241298209894,23.203633101592274
39.37432792220861,22.739719725590987
38.77786786734981,23.733819817022322
38.115134473062255,24.330279871881118
37.717494436489716,24.59537322959614
37.717494436489716,24.59537322959614
37.717494436489716,24.0651865141661
37.25358106048843,23.601273138164807
36.72339434505839,24.19773319302361
36.19320762962835,23.733819817022322
35.596747574769545,23.13735976216352
34.93401418048199,22.739719725590987
34.33755412562319,24.0651865141661
33.74109407076439,23.402453119878544
33.07836067647684,23.932639835308585
32.45980950847512,23.468726459307298
33.21090735533435,23.00481308330601
32.74699397933306,22.474626367875963
32.68072063990431,22.209533010160946
32.15053392447426,21.811892973588414
31.48780053018671,21.347979597587127
30.891340475327908,20.884066221585833
30.294880420469113,20.4864261850133
29.963513723325335,19.95623946958326
30.02978706275409,19.492326093581973
29.49960034732404,18.763319359865662
28.969413631894,18.16685930500686
28.43922691646396,17.901765947291842
27.842766861605156,17.17275921357553
29.278689215894858,16.510025819287975
30.02978706275409,15.847292425000418
29.89724038389658,15.250832370141623
29.632147026181556,14.521825636425312
29.101960310751508,13.991638920995271
28.969413631894,13.527725544993984
29.101960310751508,13.461452205565223
29.8088759313249,13.328905526707715
30.02978706275409,12.864992150706428
30.55997377818413,12.401078774705141
31.090160493614178,12.003438738132608
30.42742709932662,11.406978683273806
29.83096704446782,11.340705343845052
29.234506989609024,11.340705343845052
29.764693705039065,11.340705343845052
29.234506989609024,11.340705343845052
29.49960034732404,11.340705343845052
28.969413631894,11.274432004416298
29.101960310751508,11.870892059275093
29.764693705039065,12.467352114133895
29.632147026181556,13.130085508421452
29.101960310751508,12.666172132420158
29.764693705039065,13.593998884422739
29.367053668466532,14.389278957567804
29.764693705039065,13.991638920995271
29.16823365018027,13.859092242137756
28.83686695303649,13.461452205565223
30.55997377818413,14.720645654711582
30.957613814756662,14.256732278710288
30.22860708104035,15.317105709570377
30.162333741611597,15.184559030712869
29.89724038389658,14.786918994140336
30.55997377818413,16.64257249814549
30.096060402182843,15.979839103857934
31.090160493614178,15.582199067285401
30.55997377818413,16.775119177003
29.89724038389658,16.775119177003
29.632147026181556,16.775119177003
29.234506989609024,17.437852571290556
28.83686695303649,16.907665855860508
29.764693705039065,17.968039286720597
30.42742709932662,17.968039286720597
31.090160493614178,17.968039286720597
30.55997377818413,18.431952662721883
30.096060402182843,18.962139378151925
30.692520457041645,18.89586603872317
31.355253851329195,18.36567932329313
31.885440566759243,17.968039286720597
31.28898051190044,19.95623946958326
31.885440566759243,19.492326093581973
30.825067135899154,18.89586603872317
30.162333741611597,19.09468605700944
32.15053392447426,19.22723273586695
31.62034720904422,19.691146111868235
31.090160493614178,20.088786148440768
31.62034720904422,20.4864261850133
31.156433833042932,20.884066221585833
31.48780053018671,20.618972863870816
30.957613814756662,20.088786148440768
32.15053392447426,21.944439652445922
32.283080603331776,21.281706258158366
32.415627282189284,22.143259670732192
33.07836067647684,21.613072955302144
33.34345403419186,21.281706258158366
33.34345403419186,21.878166313017168
33.74109407076439,22.342079689018455
33.34345403419186,23.00481308330601
35.33165421705452,22.739719725590987
34.80146750162448,22.474626367875963
34.27128078619444,23.13735976216352
35.33165421705452,22.673446386162233
34.66892082276697,22.872266404448496
34.13873410733692,22.474626367875963
33.60854739190688,23.33617978044979
33.34345403419186,23.402453119878544
35.37583644334036,23.468726459307298
34.80146750162448,24.0651865141661
34.27128078619444,23.932639835308585
35.596747574769545,23.468726459307298
35.86184093248457,23.00481308330601
35.464200895912036,22.651355273019313
36.39202764791461,23.269906441021035
36.2594809690571,23.402453119878544
35.72929425362706,23.402453119878544
35.464200895912036,23.13735976216352
36.657121005629634,22.673446386162233
36.126934290199586,22.209533010160946
38.247681151919764,21.679346294730898
37.717494436489716,21.149159579300857
37.25358106048843,21.149159579300857
36.657121005629634,21.149159579300857
41.428801444500024,21.082886239872103
40.898614729069976,20.751519542728325
40.43470135306869,20.287606166727038
39.838241298209894,21.01661290044335
39.308054582779846,20.618972863870816
38.77786786734981,20.530608411299134
44.079735021650244,20.088786148440768
43.48327496679144,21.01661290044335
43.019361590790155,20.552699524442062
42.48917487536011,19.95623946958326
41.95898815993007,19.293506075295703
46.46557524108544,18.498226002150638
45.9353885256554,17.968039286720597
45.47147514965411,17.702945929005573
44.87501509479531,17.106485874146777
45.9353885256554,16.64257249814549
45.53774848908286,16.244932461572958
46.46557524108544,15.781019085571664
45.9353885256554,15.515925727856647
45.40520181022535,15.052012351855353
44.87501509479531,14.588098975854066
44.34482837936527,14.521825636425312
43.88091500336398,14.389278957567804
43.35072828793393,13.859092242137756
43.81464166393522,13.395178866136469
44.34482837936527,12.798718811277674
43.68209498507771,12.401078774705141
43.218181609076424,13.196358847850206
43.28445494850518,12.931265490135182
43.28445494850518,12.53362545356265
42.75426823307514,11.870892059275093
42.22408151764509,11.340705343845052
41.69389480221505,11.274432004416298
41.16370808678501,10.94306530727252
41.097434747356246,10.479151931271232
41.73807702850088,9.948965215841184
41.16370808678501,9.485051839839898
43.019361590790155,9.02113846383861
42.42290153593136,9.418778500411143
42.75426823307514,9.88269187641243
42.22408151764509,9.418778500411143
41.56134812335753,8.954865124409856
40.898614729069976,8.557225087837324
40.23588133478243,7.960765032978522
39.44060126163736,7.894491693549767
38.91041454620732,7.629398335834743
38.6453211884923,7.231758299262211
38.247681151919764,7.761945014692259
37.58494775763221,7.364304978119726
37.054761042202166,6.569024904974661
36.657121005629634,5.906291510687105
36.657121005629634,5.773744831829596
35.99438761134208,5.3761047952570635
35.33165421705452,4.91219141925577
34.80146750162448,4.713371400969507
34.13873410733692,
33.873640749621906,
33.47600071304937,
33.144634015905595,
32.54817396104679,
32.283080603331776,
31.885440566759243,
31.355253851329195,
30.692520457041645,
30.42742709932662,
30.02978706275409,
30.294880420469113,
29.89724038389658,
30.957613814756662,
31.090160493614178,
31.090160493614178,
30.42742709932662,
29.764693705039065,
29.234506989609024,
30.02978706275409,
29.49960034732404,
29.101960310751508,
31.090160493614178,
30.55997377818413,
32.283080603331776,
31.62034720904422,
32.945813997619325,
33.21090735533435,
32.68072063990431,
32.15053392447426,
31.62034720904422,
31.090160493614178,
31.090160493614178,
31.090160493614178,
31.62034720904422,
32.945813997619325,
32.415627282189284,
33.74109407076439,
34.27128078619444,
33.60854739190688,
33.34345403419186,
32.945813997619325,
32.415627282189284,
32.283080603331776,
32.54817396104679,
33.21090735533435,
33.80736741019315,
34.27128078619444,
34.27128078619444,
33.60854739190688,
33.34345403419186,
33.52018293933521,
34.84564972791032,
34.27128078619444,
33.873640749621906,
36.126934290199586,
35.596747574769545,
36.92221436334465,
37.4524010787747,
37.4524010787747,
36.78966768448714,
36.524574326772125,
36.126934290199586,
35.64092980105538,
36.39202764791461,
36.39202764791461,
35.86184093248457,
36.92221436334465,
35.464200895912036,
38.77786786734981,
38.247681151919764,
37.78376777591848,
38.247681151919764,
37.717494436489716,
37.25358106048843,
36.657121005629634,
35.99438761134208,
35.464200895912036,
34.66892082276697,
34.40382746505195,
34.27128078619444,
33.80736741019315,
33.34345403419186,
33.873640749621906,
34.536374143909455,
35.19910753819701,
35.64092980105538,
36.39202764791461,
35.72929425362706,
35.0665608593395,
34.27128078619444,
33.60854739190688,
33.34345403419186,
33.34345403419186,
33.21090735533435,
32.54817396104679,
32.283080603331776,
32.15053392447426,
31.62034720904422,
31.090160493614178,
30.626247117612884,
29.89724038389658,
29.234506989609024,
28.903140292465245,
29.367053668466532,
28.83686695303649,
30.073969289039923,
31.355253851329195,
30.825067135899154,
32.15053392447426,
31.48780053018671,
31.023887154185417,
31.090160493614178,
30.42742709932662,
30.162333741611597,
29.764693705039065,
29.101960310751508,
28.83686695303649,
28.306680237606443,
27.842766861605156,
27.842766861605156,
28.174133558748935,
27.776493522176402,
28.704320274178976,
28.041586879891426,
27.511400164461378,
26.716120091316313,
26.185933375886272,
25.523199981598715,
24.860466587311166,
24.330279871881118,
23.667546477593568,
23.00481308330601,
22.739719725590987,
22.342079689018455,
21.811892973588414,
21.347979597587127,
22.209533010160946,
21.54679961587339,
22.872266404448496,
23.402453119878544,
23.269906441021035,
22.739719725590987,
21.944439652445922,
21.41425293701588,
20.618972863870816,
20.353879506155792,
19.95623946958326,
19.293506075295703,
19.028412717580686,
18.630772681008153,
18.100585965578105,
17.63667258957682,
16.907665855860508,
16.64257249814549,
16.64257249814549,
15.979839103857934,
15.317105709570377,
14.65437231528282,
14.389278957567804,
13.859092242137756,
13.328905526707715,
12.666172132420158,
12.401078774705141,
12.401078774705141,
12.798718811277674,
12.401078774705141,
13.328905526707715,
12.798718811277674,
12.135985416990117,
11.870892059275093,
11.47325202270256,
10.94306530727252,
10.479151931271232,
10.0815118946987,
10.147785234127454,
9.485051839839898,
8.954865124409856,
8.225858390693546,
7.364304978119726,
7.894491693549767,
6.038838189544613,
5.773744831829596,
5.773744831829596,
