Y(hoy),Y(ayer)
,8.954865124409856
,8.954865124409856
,8.954865124409856
,8.888591784981102
,8.358405069551054
,8.689771766694832
,8.159585051264791
,8.557225087837324
,8.093311711836037
,7.894491693549767
,7.894491693549767
,7.496851656977235
,6.9003916021184395
,6.834118262689678
,6.70157158383217
,6.237658207830883
,5.773744831829596
,5.773744831829596
,5.6411981529720805
,5.1110114375420395
,4.713371400969507
,4.647098061540753
,4.315731364396974
,3.7855446489669333
,3.5204512912519093
,3.3879046123944008
,2.7914445575355984
,2.3938045209630587
,2.3275311815343116
,2.2612578421055503
,1.7310711266755163
,1.399704429531738
,2.0624378238192946
,1.929891144961772
,1.4659777689604852
,1.2671577506742295
,1.2671577506742295
,1.2671577506742295
,1.7310711266755163
,1.2671577506742295
,2.194984502676803
,1.7310711266755163
,1.2008844112454682
,0.8695177141016899
,0.4056043381004031
,0.20678431981413326
,0.20678431981413326
,0.6044243563866729
,1.0020643929591984
,0.4056043381004031
,0.20678431981413326
,0.20678431981413326
,0.4056043381004031
,1.0020643929591984
,0.8695177141016899
,0.33933099867164174
,0.20678431981413326
,0.20678431981413326
,0.20678431981413326
,0.20678431981413326
,0.20678431981413326
,0.20678431981413326
,0.20678431981413326
,0.20678431981413326
,0.20678431981413326
,0.20678431981413326
,0.20678431981413326
,0.20678431981413326
,0.2730576592428946
,1.0020643929591984
,0.47187767752916443
,0.6044243563866729
,0.20678431981413326
,0.2730576592428946
,1.0020643929591984
,0.47187767752916443
,1.2671577506742295
,1.2671577506742295
,1.2671577506742295
,1.2671577506742295
,1.7310711266755163
,2.194984502676803
,1.7310711266755163
,1.399704429531738
,2.0624378238192946
,1.7973444661042635
,1.399704429531738
,2.2612578421055503
,1.7973444661042635
,2.5263511998205814
,2.990264575821868
,3.5204512912519093
,4.448278043254483
,3.918091327824442
,4.713371400969507
,4.713371400969507
,4.713371400969507
,4.713371400969507
,4.713371400969507
,5.1110114375420395
,5.707471492400835
,5.773744831829596
,6.237658207830883
,5.773744831829596
,6.767844923260924
,7.032938280975948
,7.496851656977235
,7.894491693549767
,7.761945014692259
,7.298031638690972
,6.834118262689678
,7.231758299262211
,7.828218354121013
,7.629398335834743
,6.966664941547194
,6.834118262689678
,7.032938280975948
,7.563124996405989
,8.027038372407276
,8.557225087837324
,8.954865124409856
,8.954865124409856
,9.418778500411143
,10.545425270699987
,9.88269187641243
,11.274432004416298
,12.135985416990117
,11.47325202270256
,13.395178866136469
,12.798718811277674
,13.859092242137756
,14.256732278710288
,13.660272223851493
,14.256732278710288
,13.726545563280247
,13.859092242137756
,13.395178866136469
,12.864992150706428
,12.401078774705141
,12.798718811277674
,13.196358847850206
,12.599898792991404
,13.06381216899269
,13.925365581566517
,13.461452205565223
,14.389278957567804
,15.317105709570377
,14.786918994140336
,15.71474574614291
,16.377479140430466
,17.702945929005573
,17.040212534718023
,18.962139378151925
,18.36567932329313
,19.95623946958326
,19.42605275415322
,20.4864261850133
,20.884066221585833
,20.287606166727038
,20.884066221585833
,22.07698633130343
,21.54679961587339
,20.884066221585833
,20.618972863870816
,20.221332827298284
,19.558599433010727
,19.09468605700944
,20.287606166727038
,19.82369279072575
,20.884066221585833
,21.149159579300857
,22.143259670732192
,21.54679961587339
,23.13735976216352
,22.673446386162233
,22.60717304673348
,22.2758063495897
,23.00481308330601
,24.19773319302361
,23.667546477593568
,23.932639835308585
,23.534999798736052
,24.529099890167387
,25.390653302741207
,24.92673992673992
,24.794193247882404
,25.390653302741207
,25.65574666045623
,25.920840018171248
,27.24630680674636
,26.583573412458804
,27.90904020103391
,28.43922691646396
,28.903140292465245
,29.234506989609024
,30.096060402182843
,29.632147026181556
,30.55997377818413
,31.090160493614178
,31.42152719075795
,31.885440566759243
,32.74699397933306
,32.283080603331776
,33.07836067647684
,32.415627282189284
,31.752893887901728
,31.090160493614178
,30.55997377818413
,30.294880420469113
,30.825067135899154
,30.294880420469113
,31.48780053018671
,30.825067135899154
,32.216807263903014
,32.15053392447426
,31.48780053018671
,31.222707172471686
,32.216807263903014
,31.752893887901728
,32.68072063990431
,33.54227405247813
,33.07836067647684
,34.13873410733692
,34.006187428479414
,33.47600071304937
,35.33165421705452
,34.80146750162448
,34.33755412562319
,33.74109407076439
,33.21090735533435
,32.74699397933306
,32.15053392447426
,31.554073869615465
,31.222707172471686
,33.52018293933521
,32.945813997619325
,34.33755412562319
,34.867740841053234
,35.39792755648328
,35.464200895912036
,35.464200895912036
,35.92811427191332
,36.524574326772125
,36.524574326772125
,35.86184093248457
,35.464200895912036
,36.458300987343364
,35.86184093248457
,37.4524010787747
,36.92221436334465
,36.92221436334465
,36.458300987343364
,35.92811427191332
,37.31985439991719
,36.657121005629634
,36.126934290199586
,38.048861133633494
,38.51277450963478
,37.85004111534723
,37.187307721059675
,36.78966768448714
,38.115134473062255
,38.77786786734981
,38.247681151919764
,37.717494436489716
,37.054761042202166
,36.39202764791461
,35.92811427191332
,35.33165421705452
,34.66892082276697
,34.40382746505195
,34.006187428479414
,33.47600071304937
,33.01208733704808
,32.415627282189284
,31.752893887901728
,31.090160493614178
,30.55997377818413
,30.02978706275409
,29.565873686752802
,29.035686971322754
,28.571773595321467
,28.174133558748935
,27.643946843318894
,27.113760127888845
,26.583573412458804
,25.920840018171248
,25.65574666045623
,25.258106623883698
,24.72791990845365
,24.264006532452363
,23.755910930165243
,25.258106623883698
,24.661646569024896
,24.19773319302361
,24.462826550738633
,23.932639835308585
,23.468726459307298
,23.203633101592274
,22.739719725590987
,22.342079689018455
,21.679346294730898
,21.01661290044335
,20.353879506155792
,20.088786148440768
,20.088786148440768
,19.82369279072575
,19.22723273586695
,19.73532833815407
,19.42605275415322
,19.028412717580686
,19.22723273586695
,19.757419451296997
,20.353879506155792
,21.01661290044335
,20.4864261850133
,19.95623946958326
,19.42605275415322
,18.89586603872317
,18.36567932329313
,17.835492607863088
,17.30530589243304
,16.775119177003
,16.244932461572958
,15.71474574614291
,15.184559030712869
,14.65437231528282
,14.12418559985278
,13.593998884422739
,13.06381216899269
,12.53362545356265
,12.003438738132608
,11.47325202270256
,10.94306530727252
,10.412878591842478
,9.88269187641243
,9.352505160982389
,8.822318445552341
,8.2921317301223
,7.761945014692259
,7.298031638690972
,6.70157158383217
,6.038838189544613
,5.508651474114572
,4.978464758684531
,4.448278043254483
,3.918091327824442
,3.3879046123944008
,2.8577178969643597
,2.3275311815343116
,1.7973444661042635
,1.2671577506742295
,0.7369710352441814
,0.20678431981413326
,-0.3234023956159007
,-0.7873157716172017
,-1.2512291476184885
,-1.7814158630485224
,-2.3116025784785705
,-2.8417892939086187
,14.919465672997845
,14.389278957567804
,13.859092242137756
,13.328905526707715
,12.798718811277674
,12.268532095847625
,11.804618719846339
,11.208158664987543
,10.677971949557495
,10.147785234127454
,9.617598518697413
,9.087411803267365
,8.557225087837324
,8.027038372407276
,7.496851656977235
,22.40835302844721
,21.811892973588414
,21.281706258158366
,20.751519542728325
,20.221332827298284
,19.691146111868235
,19.160959396438194
,18.630772681008153
,18.100585965578105
,17.570399250148064
,17.040212534718023
,16.510025819287975
,15.979839103857934
,15.449652388427886
,23.00481308330601
,22.739719725590987
,22.474626367875963
,23.269906441021035
,23.269906441021035
,22.872266404448496
,22.60717304673348
,24.330279871881118
,23.667546477593568
,23.13735976216352
,24.330279871881118
,23.733819817022322
,23.932639835308585
,23.534999798736052
,24.794193247882404
,24.330279871881118
,25.390653302741207
,25.65574666045623
,25.920840018171248
,27.180033467317607
,26.583573412458804
,27.511400164461378
,26.84866677017383
,26.716120091316313
,26.31848005474378
,25.78829333931374
,25.258106623883698
,24.794193247882404
,24.59537322959614
,24.59537322959614
,25.125559945026183
,25.722019999884985
,26.384753394172535
,25.920840018171248
,28.041586879891426
,27.37885348560387
,26.84866677017383
,29.764693705039065
,29.234506989609024
,28.770593613607737
,28.704320274178976
,28.174133558748935
,27.776493522176402
,29.300780329037778
,29.89724038389658
,29.764693705039065
,29.101960310751508
,28.43922691646396
,27.975313540462672
,27.776493522176402
,27.975313540462672
,28.43922691646396
,29.300780329037778
,28.83686695303649
,29.764693705039065
,29.101960310751508
,28.83686695303649
,28.43922691646396
,27.975313540462672
,29.764693705039065
,29.234506989609024
,28.704320274178976
,29.101960310751508
,29.300780329037778
,28.83686695303649
,30.294880420469113
,29.764693705039065
,30.825067135899154
,29.764693705039065
,29.234506989609024
,28.704320274178976
,28.174133558748935
,27.643946843318894
,27.113760127888845
,26.716120091316313
,28.704320274178976
,28.24040689817769
,27.776493522176402
,28.174133558748935
,27.776493522176402
,27.37885348560387
,26.914940109602583
,27.37885348560387
,26.981213449031337
,27.776493522176402
,28.174133558748935
,28.704320274178976
,28.306680237606443
,27.842766861605156
,27.643946843318894
,27.113760127888845
,26.716120091316313
,26.716120091316313
,26.716120091316313
,26.716120091316313
,26.451026733601296
,25.78829333931374
,25.324379963312452
,24.794193247882404
,25.390653302741207
,25.65574666045623
,26.119660036457518
,26.451026733601296
,25.78829333931374
,25.324379963312452
,24.661646569024896
,24.794193247882404
,25.258106623883698
,24.462826550738633
,23.99891317473734
,23.402453119878544
,22.872266404448496
,22.209533010160946
,21.613072955302144
,21.149159579300857
,20.884066221585833
,20.309697279869958
,21.01661290044335
,20.552699524442062
,19.82369279072575
,19.09468605700944
,19.028412717580686
,19.160959396438194
,19.95623946958326
,19.492326093581973
,18.763319359865662
,18.100585965578105
,17.63667258957682
,17.106485874146777
,17.570399250148064
,17.106485874146777
,16.510025819287975
,15.979839103857934
,15.449652388427886
,14.786918994140336
,14.521825636425312
,14.256732278710288
,13.660272223851493
,13.06381216899269
,12.599898792991404
,12.003438738132608
,11.406978683273806
,11.274432004416298
,11.340705343845052
