Y(hoy),Y(ayer)
5.707471492400835,4.713371400969507
5.1110114375420395,4.315731364396974
5.3761047952570635,3.8518179883956876
4.845918079827015,3.5204512912519093
5.3761047952570635,3.255357933536885
4.845918079827015,2.725171218106837
4.183184685539466,2.3275311815343116
3.5867246306806635,2.2612578421055503
3.564633517537743,1.929891144961772
4.315731364396974,1.399704429531738
3.719271309538172,1.2671577506742295
3.7855446489669333,1.2671577506742295
3.255357933536885,0.8695177141016899
2.725171218106837,0.4056043381004031
2.3938045209630587,0.20678431981413326
2.46007786039182,0.20678431981413326
2.1287111632480418,0.20678431981413326
1.5322511083892465,0.07423764095662477
1.3334310901029767,-0.45594907447342337
1.2671577506742295,-0.8535891110459488
1.2671577506742295,-0.8535891110459488
1.1346110718167068,-0.8535891110459488
0.47187767752916443,-0.8535891110459488
0.20678431981413326,-0.8535891110459488
0.20678431981413326,-0.8535891110459488
0.20678431981413326,-0.8535891110459488
0.07423764095662477,-0.8535891110459488
-0.5222224139021705,-0.8535891110459488
-0.5222224139021705,-0.8535891110459488
0.07423764095662477,-0.8535891110459488
-0.389675735044662,-0.8535891110459488
-0.5884957533309318,-0.8535891110459488
-1.1849558081897271,-0.8535891110459488
-1.7151425236197753,-0.8535891110459488
-2.1127825601923007,-1.11868246876098
-1.2512291476184885,-1.7814158630485224
-1.648869184191014,-1.913962541906045
-0.9861357899034573,-1.913962541906045
-1.5825958447622668,-1.383775826475997
-1.5163225053335054,-0.9861357899034573
-0.9861357899034573,-1.648869184191014
-0.8535891110459488,-1.2512291476184885
-0.8535891110459488,-0.8535891110459488
-0.45594907447342337,-0.8535891110459488
0.07423764095662477,-0.8535891110459488
0.20678431981413326,-0.8535891110459488
0.47187767752916443,-0.8535891110459488
1.0020643929591984,-0.8535891110459488
1.5322511083892465,-0.8535891110459488
4.580824722111998,-0.8535891110459488
4.183184685539466,-0.45594907447342337
5.6411981529720805,0.07423764095662477
5.243558116399548,0.33933099867164174
6.303931547259637,0.8695177141016899
7.099211620404702,1.5322511083892465
8.822318445552341,2.0624378238192946
10.147785234127454,2.5926245392493286
9.617598518697413,3.1228112546793767
11.47325202270256,3.6529979701094177
10.94306530727252,5.1110114375420395
12.798718811277674,4.580824722111998
12.401078774705141,5.906291510687105
16.64257249814549,5.508651474114572
17.17275921357553,6.303931547259637
16.64257249814549,6.834118262689678
17.702945929005573,7.099211620404702
18.100585965578105,7.629398335834743
18.630772681008153,9.352505160982389
20.4864261850133,8.822318445552341
19.95623946958326,10.677971949557495
22.342079689018455,10.147785234127454
21.811892973588414,12.003438738132608
23.534999798736052,11.47325202270256
28.43922691646396,11.075611986130028
29.49960034732404,12.798718811277674
28.969413631894,13.859092242137756
30.294880420469113,14.786918994140336
35.86184093248457,15.582199067285401
37.717494436489716,17.17275921357553
37.187307721059675,16.510025819287975
38.247681151919764,17.901765947291842
39.57314794049488,17.968039286720597
39.17550790392234,18.36567932329313
40.23588133478243,19.293506075295703
40.898614729069976,18.763319359865662
40.23588133478243,21.01661290044335
39.705694619352386,20.4864261850133
39.04296122506483,19.95623946958326
38.247681151919764,22.60717304673348
36.92221436334465,22.07698633130343
36.458300987343364,21.679346294730898
35.86184093248457,23.402453119878544
35.464200895912036,24.993013266168674
37.717494436489716,24.59537322959614
37.25358106048843,26.84866677017383
38.77786786734981,26.451026733601296
38.247681151919764,28.969413631894
37.85004111534723,28.43922691646396
36.92221436334465,28.041586879891426
36.524574326772125,30.02978706275409
36.524574326772125,29.49960034732404
37.85004111534723,30.42742709932662
37.187307721059675,31.090160493614178
36.72339434505839,32.945813997619325
38.51277450963478,32.54817396104679
37.98258779420474,34.80146750162448
37.4524010787747,35.86184093248457
39.838241298209894,37.187307721059675
39.308054582779846,36.657121005629634
39.57314794049488,38.51277450963478
39.04296122506483,37.98258779420474
38.91041454620732,37.58494775763221
37.98258779420474,38.91041454620732
37.4524010787747,38.84414120677856
36.92221436334465,38.115134473062255
35.464200895912036,37.58494775763221
34.80146750162448,36.92221436334465
35.33165421705452,36.78966768448714
34.27128078619444,37.187307721059675
33.74109407076439,37.58494775763221
33.2771806947631,37.187307721059675
33.21090735533435,36.78966768448714
32.74699397933306,37.4524010787747
32.15053392447426,37.717494436489716
31.686620548472973,37.31985439991719
30.957613814756662,36.98848770277341
30.692520457041645,37.58494775763221
30.162333741611597,37.85004111534723
29.89724038389658,38.38022783077727
30.02978706275409,37.98258779420474
30.02978706275409,37.4524010787747
29.49960034732404,36.92221436334465
28.969413631894,36.524574326772125
28.83686695303649,35.99438761134208
28.571773595321467,35.19910753819701
28.041586879891426,34.80146750162448
27.90904020103391,35.596747574769545
27.445126825032624,36.39202764791461
27.423035711889703,35.92811427191332
26.981213449031337,35.596747574769545
27.643946843318894,35.0665608593395
27.04748678846009,34.60264748333822
26.31848005474378,34.40382746505195
25.832475565599573,34.006187428479414
26.716120091316313,33.47600071304937
26.185933375886272,33.01208733704808
27.37885348560387,32.54817396104679
27.37885348560387,32.15053392447426
26.914940109602583,31.62034720904422
26.84866677017383,31.222707172471686
27.445126825032624,30.957613814756662
28.704320274178976,30.361153759897867
28.174133558748935,29.89724038389658
28.43922691646396,29.49960034732404
28.041586879891426,28.903140292465245
28.969413631894,28.704320274178976
28.571773595321467,28.174133558748935
28.969413631894,27.643946843318894
28.969413631894,27.113760127888845
28.505500255892713,26.716120091316313
30.162333741611597,26.716120091316313
30.02978706275409,26.716120091316313
29.565873686752802,27.180033467317607
29.49960034732404,27.710220182747648
29.101960310751508,27.776493522176402
30.162333741611597,27.776493522176402
30.825067135899154,27.776493522176402
30.825067135899154,27.776493522176402
30.361153759897867,27.37885348560387
30.02978706275409,26.914940109602583
30.162333741611597,27.37885348560387
30.22860708104035,26.981213449031337
31.222707172471686,27.776493522176402
29.89724038389658,27.776493522176402
30.957613814756662,28.704320274178976
30.096060402182843,29.632147026181556
30.626247117612884,29.035686971322754
30.162333741611597,28.83686695303649
31.090160493614178,28.306680237606443
31.090160493614178,27.776493522176402
31.090160493614178,29.300780329037778
30.626247117612884,28.704320274178976
30.55997377818413,28.174133558748935
30.162333741611597,29.83096704446782
30.957613814756662,29.764693705039065
30.294880420469113,29.101960310751508
30.825067135899154,28.43922691646396
31.929622793045077,28.041586879891426
31.355253851329195,29.764693705039065
32.283080603331776,29.234506989609024
32.34935394276053,28.83686695303649
33.01208733704808,29.89724038389658
32.415627282189284,29.49960034732404
34.31546301248027,29.101960310751508
33.74109407076439,30.294880420469113
35.11074308562534,29.764693705039065
35.6630209141983,30.825067135899154
35.464200895912036,30.361153759897867
34.4701008044807,30.957613814756662
34.33755412562319,30.825067135899154
34.40382746505195,29.764693705039065
33.674820731335636,29.234506989609024
33.34345403419186,29.764693705039065
34.536374143909455,29.300780329037778
34.13873410733692,28.903140292465245
40.36842801363994,29.83096704446782
41.95898815993007,29.367053668466532
41.428801444500024,29.764693705039065
40.36842801363994,29.300780329037778
39.57314794049488,29.49960034732404
39.04296122506483,29.101960310751508
41.16370808678501,30.02978706275409
40.63352137135496,30.692520457041645
40.10333465592491,31.156433833042932
42.09153483878758,31.752893887901728
39.57314794049488,31.222707172471686
39.04296122506483,33.07836067647684
40.30215467421118,32.54817396104679
39.57314794049488,33.34345403419186
40.898614729069976,33.34345403419186
40.36842801363994,33.60854739190688
39.92660575078156,34.80146750162448
39.838241298209894,34.27128078619444
39.308054582779846,35.33165421705452
38.91041454620732,34.536374143909455
38.115134473062255,33.873640749621906
37.31985439991719,33.47600071304937
36.657121005629634,33.34345403419186
36.126934290199586,33.34345403419186
38.51277450963478,33.74109407076439
39.838241298209894,34.80146750162448
39.308054582779846,34.40382746505195
38.91041454620732,37.187307721059675
39.57314794049488,36.657121005629634
39.04296122506483,36.2594809690571
33.74109407076439,39.17550790392234
33.34345403419186,38.6453211884923
33.2771806947631,40.36842801363994
32.74699397933306,39.9707879770674
33.21090735533435,41.296254765642516
32.01798724561675,42.02526149935882
31.62034720904422,42.09153483878758
28.43922691646396,41.16370808678501
27.90904020103391,40.76606805021247
27.113760127888845,39.9707879770674
26.451026733601296,39.9707879770674
25.78829333931374,39.57314794049488
25.65574666045623,38.976687885636075
25.65574666045623,38.6453211884923
25.58947332102747,38.115134473062255
25.523199981598715,37.4524010787747
24.860466587311166,36.92221436334465
24.39655321130987,36.126934290199586
24.794193247882404,35.596747574769545
24.330279871881118,35.72929425362706
25.324379963312452,36.657121005629634
26.914940109602583,36.2594809690571
26.451026733601296,37.717494436489716
27.90904020103391,38.38022783077727
27.37885348560387,38.84414120677856
28.483409142749792,38.51277450963478
28.704320274178976,37.85004111534723
28.041586879891426,36.92221436334465
27.776493522176402,36.524574326772125
27.37885348560387,35.596747574769545
26.981213449031337,35.19910753819701
27.113760127888845,34.006187428479414
26.716120091316313,33.47600071304937
28.571773595321467,32.81326731876182
27.90904020103391,32.415627282189284
29.234506989609024,32.283080603331776
29.89724038389658,31.885440566759243
30.02978706275409,31.28898051190044
29.367053668466532,30.957613814756662
28.903140292465245,30.02978706275409
28.969413631894,29.632147026181556
29.367053668466532,29.035686971322754
28.83686695303649,28.704320274178976
30.073969289039923,28.174133558748935
31.39943607761503,27.643946843318894
30.825067135899154,27.113760127888845
32.15053392447426,26.716120091316313
32.15053392447426,26.782393430745074
31.686620548472973,27.643946843318894
31.28898051190044,27.24630680674636
30.692520457041645,27.113760127888845
30.096060402182843,26.716120091316313
30.55997377818413,26.451026733601296
31.355253851329195,25.78829333931374
31.885440566759243,25.78829333931374
32.48190062161804,26.583573412458804
33.07836067647684,26.451026733601296
33.74109407076439,25.854566678742493
34.27128078619444,26.31848005474378
33.74109407076439,25.920840018171248
33.21090735533435,26.716120091316313
32.54817396104679,26.185933375886272
32.283080603331776,25.78829333931374
32.283080603331776,26.84866677017383
32.34935394276053,26.31848005474378
32.74699397933306,27.90904020103391
32.283080603331776,27.37885348560387
33.21090735533435,28.43922691646396
32.68072063990431,28.83686695303649
32.01798724561675,28.704320274178976
31.355253851329195,28.24040689817769
31.023887154185417,27.776493522176402
31.090160493614178,27.776493522176402
31.090160493614178,28.24040689817769
31.664529435330053,28.704320274178976
32.945813997619325,29.234506989609024
32.415627282189284,29.764693705039065
32.945813997619325,29.367053668466532
32.48190062161804,28.969413631894
31.686620548472973,28.704320274178976
31.090160493614178,28.21831578503477
30.42742709932662,29.632147026181556
29.89724038389658,28.969413631894
31.156433833042932,30.825067135899154
31.090160493614178,30.294880420469113
30.42742709932662,31.222707172471686
29.764693705039065,31.156433833042932
29.234506989609024,30.825067135899154
28.43922691646396,30.162333741611597
29.300780329037778,30.02978706275409
28.83686695303649,29.632147026181556
29.89724038389658,29.101960310751508
30.294880420469113,30.073969289039923
30.869249362184988,29.49960034732404
31.090160493614178,30.957613814756662
31.090160493614178,31.090160493614178
30.55997377818413,30.626247117612884
30.02978706275409,30.02978706275409
29.49960034732404,29.367053668466532
28.903140292465245,29.101960310751508
30.294880420469113,28.571773595321467
29.764693705039065,28.10786021932018
30.825067135899154,29.101960310751508
30.02978706275409,28.43922691646396
29.565873686752802,30.294880420469113
28.83686695303649,29.764693705039065
27.776493522176402,30.825067135899154
28.306680237606443,31.28898051190044
28.704320274178976,31.885440566759243
28.24040689817769,31.48780053018671
25.920840018171248,32.283080603331776
26.84866677017383,31.885440566759243
26.31848005474378,31.355253851329195
27.643946843318894,30.957613814756662
27.113760127888845,30.42742709932662
26.451026733601296,30.957613814756662
26.185933375886272,30.55997377818413
25.78829333931374,30.096060402182843
24.993013266168674,29.632147026181556
24.462826550738633,29.101960310751508
23.932639835308585,28.83686695303649
23.402453119878544,28.43922691646396
23.00481308330601,27.776493522176402
22.60717304673348,28.24040689817769
22.07698633130343,28.704320274178976
21.41425293701588,29.234506989609024
21.149159579300857,29.764693705039065
20.751519542728325,29.89724038389658
20.088786148440768,29.49960034732404
19.42605275415322,29.035686971322754
18.763319359865662,28.571773595321467
18.16685930500686,28.174133558748935
17.570399250148064,27.643946843318894
16.907665855860508,27.180033467317607
16.775119177003,26.84866677017383
16.112385782715442,27.445126825032624
15.449652388427886,27.975313540462672
14.919465672997845,28.571773595321467
14.12418559985278,28.174133558748935
13.660272223851493,27.776493522176402
14.190458939281534,27.776493522176402
13.726545563280247,26.84866677017383
14.985739012426599,26.451026733601296
15.582199067285401,25.65574666045623
15.847292425000418,25.65574666045623
13.593998884422739,25.58947332102747
12.931265490135182,25.125559945026183
12.268532095847625,24.72791990845365
10.280331912984963,24.19773319302361
9.88269187641243,23.800093156451076
9.087411803267365,23.402453119878544
9.131594029553199,22.872266404448496
9.88269187641243,22.342079689018455
9.352505160982389,21.811892973588414
,21.281706258158366
,20.751519542728325
,20.287606166727038
,19.558599433010727
,19.028412717580686
,18.630772681008153
,18.100585965578105
,17.63667258957682
,17.17275921357553
,16.775119177003
,16.311205801001712
,15.781019085571664
,15.515925727856647
,14.919465672997845
,14.521825636425312
,14.521825636425312
,14.521825636425312
,14.919465672997845
,15.449652388427886
,14.919465672997845
,14.521825636425312
,13.593998884422739
,13.06381216899269
,12.666172132420158
,12.003438738132608
,10.94306530727252
,10.545425270699987
,9.88269187641243
,9.352505160982389
,8.822318445552341
,8.159585051264791
,7.894491693549767
,7.894491693549767
