Y(hoy),Y(ayer)
-2.5766959361935875,-1.913962541906045
-2.974335972766127,-1.913962541906045
-2.5104225967648404,-1.913962541906045
-2.5766959361935875,-1.913962541906045
-2.974335972766127,-1.913962541906045
-2.5766959361935875,-1.913962541906045
-2.974335972766127,-1.913962541906045
-2.70924261505111,-1.913962541906045
-2.974335972766127,-1.913962541906045
-2.974335972766127,-1.913962541906045
-2.5766959361935875,-1.913962541906045
-2.70924261505111,-1.913962541906045
-2.974335972766127,-1.913962541906045
-2.974335972766127,-1.913962541906045
-2.5766959361935875,-1.913962541906045
-2.5766959361935875,-1.913962541906045
-2.974335972766127,-1.913962541906045
-2.974335972766127,-1.913962541906045
-2.974335972766127,-1.913962541906045
-2.974335972766127,-2.179055899621062
-2.5766959361935875,-2.7755159544798573
-2.974335972766127,-2.179055899621062
-2.5766959361935875,-1.913962541906045
-2.974335972766127,-1.913962541906045
-2.974335972766127,-1.913962541906045
-2.974335972766127,-1.913962541906045
-2.5766959361935875,-1.913962541906045
-2.70924261505111,-1.913962541906045
-2.974335972766127,-1.913962541906045
-2.974335972766127,-1.913962541906045
-2.974335972766127,-1.913962541906045
-2.974335972766127,-1.913962541906045
-2.70924261505111,-1.913962541906045
-1.913962541906045,-1.913962541906045
-2.5766959361935875,-1.913962541906045
-2.974335972766127,-1.913962541906045
-2.5766959361935875,-1.913962541906045
-2.5766959361935875,-1.913962541906045
-2.974335972766127,-1.913962541906045
-2.5766959361935875,-1.450049165904744
-2.974335972766127,-0.9198624504747102
-2.5766959361935875,-0.8535891110459488
-2.974335972766127,-0.8535891110459488
-2.5766959361935875,-0.8535891110459488
-2.908062633337366,-0.7873157716172017
-2.974335972766127,-0.1908557167583922
-2.5766959361935875,-0.5884957533309318
-2.5766959361935875,0.20678431981413326
-2.974335972766127,0.20678431981413326
-2.5104225967648404,0.20678431981413326
-2.5104225967648404,0.20678431981413326
-2.974335972766127,0.7369710352441814
-2.974335972766127,1.2671577506742295
-2.974335972766127,1.2671577506742295
-2.974335972766127,1.2671577506742295
-2.5766959361935875,1.2008844112454682
-2.974335972766127,0.67069769581542
-2.70924261505111,0.33933099867164174
-2.974335972766127,1.0020643929591984
-2.974335972766127,1.2671577506742295
-2.974335972766127,1.2671577506742295
-2.5104225967648404,1.2671577506742295
-2.1127825601923007,1.2671577506742295
-2.0465092207635536,1.2671577506742295
-2.0465092207635536,1.2671577506742295
-2.0465092207635536,1.2671577506742295
-2.0465092207635536,0.8695177141016899
-2.0465092207635536,0.4056043381004031
-2.0465092207635536,0.20678431981413326
-2.0023269944777127,0.20678431981413326
-1.2070469213326476,0.20678431981413326
-1.7814158630485224,0.20678431981413326
-0.9198624504747102,0.67069769581542
-0.8535891110459488,0.20678431981413326
-0.8535891110459488,1.1346110718167068
-0.8535891110459488,0.7369710352441814
-0.8535891110459488,0.4056043381004031
-0.8535891110459488,1.0020643929591984
-0.7873157716172017,0.7369710352441814
0.07423764095662477,0.33933099867164174
-0.389675735044662,0.8695177141016899
-0.3234023956159007,1.2671577506742295
-0.7873157716172017,0.8695177141016899
0.07423764095662477,0.4056043381004031
-0.3234023956159007,0.8695177141016899
0.20678431981413326,0.47187767752916443
0.14051098038538612,1.2671577506742295
0.07423764095662477,1.2671577506742295
-0.389675735044662,0.8695177141016899
-0.7873157716172017,0.4056043381004031
-0.8535891110459488,1.0020643929591984
-0.8535891110459488,0.6044243563866729
-0.8535891110459488,0.20678431981413326
-0.8535891110459488,0.20678431981413326
-0.8535891110459488,0.20678431981413326
-0.8535891110459488,0.20678431981413326
-0.8535891110459488,0.67069769581542
-0.8535891110459488,1.1346110718167068
-0.8535891110459488,0.7369710352441814
-0.8535891110459488,0.2730576592428946
-0.8535891110459488,0.20678431981413326
-0.8535891110459488,0.20678431981413326
-0.8535891110459488,0.20678431981413326
-0.8535891110459488,0.20678431981413326
-0.8535891110459488,0.20678431981413326
-0.8535891110459488,0.20678431981413326
-0.8535891110459488,0.20678431981413326
-0.8535891110459488,0.20678431981413326
-0.8535891110459488,0.20678431981413326
-0.9861357899034573,0.20678431981413326
-1.3175024870472356,0.2730576592428946
-1.7372336367626815,0.8695177141016899
-0.9861357899034573,0.47187767752916443
-1.383775826475997,1.2671577506742295
-0.9861357899034573,1.2671577506742295
-1.5163225053335054,0.8695177141016899
-1.9802358813347922,0.4056043381004031
-0.9861357899034573,0.8695177141016899
-1.5163225053335054,0.47187767752916443
-0.9198624504747102,1.2671577506742295
-0.9861357899034573,1.2671577506742295
-1.648869184191014,1.2671577506742295
-2.0465092207635536,1.2671577506742295
-2.0465092207635536,1.2671577506742295
-1.9802358813347922,1.2671577506742295
-1.450049165904744,1.2671577506742295
-0.9861357899034573,1.2671577506742295
-0.9198624504747102,1.2671577506742295
-0.9861357899034573,1.2671577506742295
-1.450049165904744,1.2671577506742295
-1.913962541906045,1.2671577506742295
-1.450049165904744,1.2671577506742295
-0.9861357899034573,1.2671577506742295
-0.8535891110459488,1.2671577506742295
-0.9198624504747102,1.2671577506742295
-0.9861357899034573,1.2671577506742295
-1.5163225053335054,1.2671577506742295
-1.8476892024772837,1.2671577506742295
-1.2070469213326476,1.2671577506742295
-1.383775826475997,1.664797787246755
-1.8476892024772837,2.194984502676803
-0.9861357899034573,1.7310711266755163
-1.5163225053335054,1.2671577506742295
-0.8535891110459488,1.929891144961772
-0.8535891110459488,2.3275311815343116
-0.8535891110459488,2.194984502676803
-0.8535891110459488,1.7310711266755163
-0.8535891110459488,1.399704429531738
-0.8535891110459488,2.0624378238192946
-0.8535891110459488,1.929891144961772
-0.8535891110459488,1.4659777689604852
-0.8535891110459488,1.2671577506742295
-0.8535891110459488,1.4659777689604852
-0.8535891110459488,2.0624378238192946
-0.8535891110459488,2.3275311815343116
-0.8535891110459488,2.3275311815343116
-0.8535891110459488,2.5263511998205814
-0.8535891110459488,3.1228112546793767
-0.8535891110459488,3.3879046123944008
-0.8535891110459488,2.990264575821868
-0.8535891110459488,2.5263511998205814
-0.8535891110459488,2.5263511998205814
-0.8535891110459488,3.1228112546793767
-0.8535891110459488,2.990264575821868
-0.8535891110459488,2.3938045209630587
-0.7210424321884403,2.3938045209630587
-0.1466734904725655,2.3275311815343116
0.07423764095662477,1.929891144961772
-0.45594907447342337,1.3334310901029767
-0.8535891110459488,1.2671577506742295
0.07423764095662477,1.2671577506742295
-0.389675735044662,1.2671577506742295
-0.45594907447342337,1.2008844112454682
-0.8535891110459488,0.6044243563866729
0.14051098038538612,0.20678431981413326
-0.3234023956159007,0.20678431981413326
0.20678431981413326,0.20678431981413326
0.20678431981413326,0.20678431981413326
0.20678431981413326,0.20678431981413326
0.20678431981413326,0.20678431981413326
0.20678431981413326,0.20678431981413326
0.20678431981413326,0.20678431981413326
0.20678431981413326,-0.1908557167583922
0.20678431981413326,-0.7873157716172017
0.20678431981413326,-0.8535891110459488
0.20678431981413326,-0.389675735044662
0.20678431981413326,-0.05830903790088371
0.07423764095662477,-0.7210424321884403
-0.389675735044662,-0.8535891110459488
-0.7873157716172017,-0.8535891110459488
-0.8535891110459488,-0.8535891110459488
-0.8535891110459488,-0.8535891110459488
-0.8535891110459488,-0.8535891110459488
-0.9198624504747102,-0.8535891110459488
-0.9861357899034573,-0.8535891110459488
-1.648869184191014,-0.8535891110459488
-2.1127825601923007,-0.8535891110459488
-1.5163225053335054,-0.8535891110459488
-1.913962541906045,-0.8535891110459488
-0.9861357899034573,-0.8535891110459488
-0.9198624504747102,-0.8535891110459488
-0.9861357899034573,-0.45594907447342337
-1.5163225053335054,-0.05830903790088371
-1.913962541906045,-0.7210424321884403
-0.9861357899034573,-0.8535891110459488
-1.5163225053335054,-0.8535891110459488
-1.5163225053335054,-0.45594907447342337
-1.9802358813347922,0.14051098038538612
-1.7814158630485224,0.07423764095662477
-2.179055899621062,-0.45594907447342337
-1.1849558081897271,-0.05830903790088371
-1.1849558081897271,-0.3234023956159007
-1.5163225053335054,-0.654769092759679
-1.913962541906045,-0.05830903790088371
-1.2512291476184885,0.14051098038538612
-1.7814158630485224,-0.389675735044662
-2.1127825601923007,-0.8535891110459488
-1.4721402790476645,-0.05830903790088371
-1.913962541906045,-0.5884957533309318
-1.383775826475997,0.20678431981413326
-1.7814158630485224,0.20678431981413326
-2.0023269944777127,0.20678431981413326
-1.2512291476184885,0.20678431981413326
-1.648869184191014,0.20678431981413326
-1.5163225053335054,0.20678431981413326
-1.913962541906045,0.14051098038538612
-1.1849558081897271,-0.1908557167583922
-1.1849558081897271,-0.654769092759679
-1.5825958447622668,-0.1908557167583922
-2.0465092207635536,0.20678431981413326
-1.7814158630485224,0.20678431981413326
-2.179055899621062,0.20678431981413326
-1.2512291476184885,0.20678431981413326
-1.6930514104768548,0.20678431981413326
-1.383775826475997,0.20678431981413326
-1.913962541906045,0.20678431981413326
-0.9861357899034573,0.20678431981413326
-0.8535891110459488,-0.1908557167583922
-0.8535891110459488,-0.7873157716172017
-0.8535891110459488,-0.8535891110459488
-0.8535891110459488,-0.389675735044662
-0.8535891110459488,-0.05830903790088371
-0.8535891110459488,-0.7210424321884403
-0.7873157716172017,-0.1908557167583922
-0.1908557167583922,-0.45594907447342337
-0.5884957533309318,-0.8535891110459488
-0.5884957533309318,-0.8535891110459488
-0.8535891110459488,-0.8535891110459488
-0.8535891110459488,-0.8535891110459488
-0.8535891110459488,-0.8535891110459488
-0.8535891110459488,-0.8535891110459488
-0.8535891110459488,-0.8535891110459488
-0.8535891110459488,-0.8535891110459488
-0.8535891110459488,-0.8535891110459488
-0.3234023956159007,-0.8535891110459488
-0.3234023956159007,-0.8535891110459488
-0.7210424321884403,-0.8535891110459488
-0.1908557167583922,-0.9198624504747102
-0.7210424321884403,-1.7814158630485224
-0.3234023956159007,
-0.7873157716172017,
-0.1908557167583922,
-0.654769092759679,
-0.8535891110459488,
-0.8535891110459488,
-0.8535891110459488,
-0.8535891110459488,
-0.5884957533309318,
-0.1466734904725655,
-0.5884957533309318,
0.07423764095662477,
-0.5222224139021705,
-1.11868246876098,
-1.2512291476184885,
-1.7814158630485224,
-0.9861357899034573,
-1.5163225053335054,
