Y(hoy),Y(ayer)
7.894491693549767,6.834118262689678
7.894491693549767,6.436478226117146
7.761945014692259,5.972564850115859
7.099211620404702,5.773744831829596
6.834118262689678,5.773744831829596
6.70157158383217,5.773744831829596
6.038838189544613,5.3761047952570635
5.6411981529720805,4.779644740398261
5.309831455828302,4.713371400969507
4.845918079827015,4.183184685539466
4.514551382683237,3.5867246306806635
4.580824722111998,3.5204512912519093
4.05063800668195,3.3879046123944008
3.255357933536885,2.990264575821868
2.8577178969643597,2.2612578421055503
3.5204512912519093,1.664797787246755
2.990264575821868,1.2671577506742295
2.3275311815343116,1.7973444661042635
1.8636178055330248,2.3275311815343116
2.46007786039182,1.7973444661042635
1.7973444661042635,0.7369710352441814
2.3275311815343116,0.20678431981413326
1.2671577506742295,0.20678431981413326
1.2671577506742295,0.20678431981413326
1.2671577506742295,0.20678431981413326
1.2671577506742295,0.20678431981413326
1.2008844112454682,0.20678431981413326
1.1346110718167068,-0.3234023956159007
0.5381510169579116,-0.8535891110459488
0.20678431981413326,-0.8535891110459488
0.20678431981413326,-0.8535891110459488
0.20678431981413326,-0.8535891110459488
0.20678431981413326,-0.8535891110459488
0.20678431981413326,-0.8535891110459488
0.20678431981413326,-0.8535891110459488
0.07423764095662477,-0.8535891110459488
-0.36758462190174157,-0.8535891110459488
-0.5884957533309318,-0.8535891110459488
-0.8535891110459488,-0.8535891110459488
-0.8535891110459488,-0.8535891110459488
-0.5222224139021705,-1.2512291476184885
0.07423764095662477,-1.7151425236197753
-0.389675735044662,-1.5163225053335054
-0.5884957533309318,-0.8535891110459488
-0.45594907447342337,-0.8535891110459488
0.07423764095662477,-0.8535891110459488
0.20678431981413326,-0.8535891110459488
0.20678431981413326,-0.8535891110459488
0.20678431981413326,-0.8535891110459488
0.20678431981413326,-0.8535891110459488
0.5381510169579116,-0.8535891110459488
1.1787932981025477,-0.8535891110459488
0.7369710352441814,-0.8535891110459488
1.5322511083892465,-0.8535891110459488
2.23916672896263,-0.8535891110459488
2.5926245392493286,-0.654769092759679
3.829726875252767,-0.12458237732964506
3.3879046123944008,-0.45594907447342337
2.3275311815343116,-0.8535891110459488
4.580824722111998,-0.45594907447342337
4.580824722111998,0.07423764095662477
4.580824722111998,0.20678431981413326
4.625006948397832,0.20678431981413326
5.442378134685818,0.2730576592428946
4.845918079827015,0.9357910535304512
6.480660452402979,0.47187767752916443
5.906291510687105,1.399704429531738
7.761945014692259,1.929891144961772
7.298031638690972,2.3275311815343116
8.159585051264791,2.8577178969643597
9.352505160982389,3.3879046123944008
8.954865124409856,3.5204512912519093
10.147785234127454,3.5204512912519093
9.750145197554922,3.5867246306806635
13.991638920995271,4.05063800668195
12.53362545356265,3.6529979701094177
12.135985416990117,4.91219141925577
15.847292425000418,4.448278043254483
15.184559030712869,5.3761047952570635
14.65437231528282,6.502751565545907
17.17275921357553,5.906291510687105
16.510025819287975,7.496851656977235
17.901765947291842,6.966664941547194
19.24932384900987,8.2921317301223
20.4864261850133,8.822318445552341
19.95623946958326,10.147785234127454
19.558599433010727,9.617598518697413
28.969413631894,9.219958482124873
28.43922691646396,11.208158664987543
30.55997377818413,13.06381216899269
30.02978706275409,12.53362545356265
31.885440566759243,13.461452205565223
31.355253851329195,14.919465672997845
32.945813997619325,14.389278957567804
32.415627282189284,13.859092242137756
34.27128078619444,16.510025819287975
33.74109407076439,15.979839103857934
35.596747574769545,15.449652388427886
35.0665608593395,17.30530589243304
36.657121005629634,16.907665855860508
36.126934290199586,17.702945929005573
37.187307721059675,18.498226002150638
38.51277450963478,19.028412717580686
38.115134473062255,18.630772681008153
41.428801444500024,18.23313264443562
39.9707879770674,20.4864261850133
41.95898815993007,19.95623946958326
41.03116140792749,19.42605275415322
41.296254765642516,18.89586603872317
40.69979471078371,23.402453119878544
40.10333465592491,22.872266404448496
39.9707879770674,22.474626367875963
40.16960799535367,24.72791990845365
40.76606805021247,24.330279871881118
41.03116140792749,26.31848005474378
40.898614729069976,25.920840018171248
40.43470135306869,29.764693705039065
40.037061316496164,29.234506989609024
41.03116140792749,28.704320274178976
40.567248031926205,28.174133558748935
40.10333465592491,31.090160493614178
42.75426823307514,30.55997377818413
42.22408151764509,32.415627282189284
41.69389480221505,31.885440566759243
41.296254765642516,31.48780053018671
40.63352137135496,33.47600071304937
44.21228170050775,32.945813997619325
43.68209498507771,34.80146750162448
43.15190826964766,34.27128078619444
42.48917487536011,36.126934290199586
41.95898815993007,35.596747574769545
41.428801444500024,36.92221436334465
41.03116140792749,36.524574326772125
39.705694619352386,37.4524010787747
39.17550790392234,39.308054582779846
38.91041454620732,38.77786786734981
38.51277450963478,38.247681151919764
37.916314454775986,40.83234138964123
37.58494775763221,40.36842801363994
38.51277450963478,39.9707879770674
38.115134473062255,40.10333465592491
37.58494775763221,39.639421279923624
36.524574326772125,39.10923456449358
38.55695673592062,38.57904784906354
37.98258779420474,37.98258779420474
37.98258779420474,38.51277450963478
37.58494775763221,38.91041454620732
37.717494436489716,38.91041454620732
37.187307721059675,38.976687885636075
36.78966768448714,39.705694619352386
35.596747574769545,39.44060126163736
35.13283419876826,39.17550790392234
34.536374143909455,39.838241298209894
34.205007446765684,40.63352137135496
33.74109407076439,41.03116140792749
33.2771806947631,41.03116140792749
32.68072063990431,40.63352137135496
32.283080603331776,39.9707879770674
33.21090735533435,39.838241298209894
32.68072063990431,39.17550790392234
32.01798724561675,38.51277450963478
31.752893887901728,38.115134473062255
31.355253851329195,37.4524010787747
30.891340475327908,36.92221436334465
30.294880420469113,37.717494436489716
29.963513723325335,38.38022783077727
29.234506989609024,38.77786786734981
28.83686695303649,38.247681151919764
30.162333741611597,37.4524010787747
29.49960034732404,36.92221436334465
29.101960310751508,36.2594809690571
30.825067135899154,35.99438761134208
30.42742709932662,37.187307721059675
29.963513723325335,36.657121005629634
30.02978706275409,36.92221436334465
30.55997377818413,36.39202764791461
31.885440566759243,35.86184093248457
31.48780053018671,36.39202764791461
30.162333741611597,35.92811427191332
31.885440566759243,35.33165421705452
31.48780053018671,34.66892082276697
30.55997377818413,34.40382746505195
30.02978706275409,34.006187428479414
32.283080603331776,33.47600071304937
31.090160493614178,32.81326731876182
31.48780053018671,32.15053392447426
30.825067135899154,31.686620548472973
29.89724038389658,31.355253851329195
29.367053668466532,31.885440566759243
28.969413631894,31.090160493614178
30.294880420469113,30.55997377818413
29.764693705039065,30.02978706275409
29.234506989609024,29.49960034732404
31.62034720904422,29.035686971322754
31.222707172471686,28.43922691646396
31.48780053018671,28.041586879891426
32.68072063990431,32.15053392447426
32.283080603331776,31.686620548472973
33.21090735533435,31.090160493614178
33.40972737362062,30.55997377818413
33.74109407076439,34.13873410733692
33.34345403419186,33.60854739190688
34.27128078619444,33.07836067647684
33.60854739190688,32.68072063990431
33.07836067647684,32.68072063990431
32.61444730047555,32.15053392447426
34.27128078619444,31.48780053018671
33.74109407076439,30.825067135899154
33.21090735533435,30.294880420469113
32.68072063990431,31.885440566759243
34.006187428479414,31.355253851329195
33.34345403419186,30.957613814756662
32.74699397933306,31.355253851329195
32.415627282189284,31.355253851329195
33.21090735533435,32.15053392447426
32.68072063990431,32.01798724561675
34.27128078619444,31.222707172471686
33.80736741019315,30.957613814756662
35.33165421705452,30.55997377818413
34.80146750162448,30.162333741611597
34.27128078619444,32.945813997619325
33.47600071304937,32.415627282189284
34.050369654765255,31.885440566759243
34.27128078619444,31.48780053018671
33.674820731335636,32.415627282189284
32.54817396104679,31.885440566759243
31.885440566759243,31.355253851329195
31.355253851329195,31.222707172471686
32.945813997619325,31.752893887901728
32.54817396104679,31.885440566759243
34.27128078619444,31.42152719075795
33.74109407076439,31.885440566759243
34.66892082276697,32.283080603331776
35.33165421705452,32.283080603331776
34.867740841053234,32.283080603331776
35.33165421705452,32.283080603331776
34.4701008044807,32.283080603331776
36.524574326772125,31.62034720904422
35.99438761134208,30.957613814756662
35.464200895912036,30.692520457041645
35.19910753819701,30.42742709932662
34.80146750162448,31.686620548472973
34.27128078619444,31.090160493614178
33.60854739190688,32.216807263903014
33.34345403419186,31.885440566759243
34.006187428479414,31.222707172471686
33.47600071304937,30.55997377818413
35.33165421705452,30.162333741611597
34.93401418048199,32.15053392447426
34.536374143909455,31.62034720904422
36.92221436334465,31.090160493614178
36.39202764791461,33.2771806947631
35.86184093248457,32.68072063990431
38.51277450963478,32.68072063990431
37.98258779420474,32.283080603331776
37.4524010787747,32.74699397933306
38.51277450963478,33.07836067647684
37.98258779420474,32.415627282189284
37.4524010787747,31.885440566759243
36.126934290199586,31.355253851329195
35.6630209141983,33.07836067647684
35.0665608593395,32.415627282189284
36.701303231915475,31.885440566759243
37.98258779420474,33.80736741019315
37.4524010787747,34.13873410733692
38.77786786734981,33.47600071304937
38.115134473062255,32.945813997619325
37.717494436489716,32.415627282189284
38.77786786734981,31.885440566759243
38.31395449134852,31.28898051190044
39.838241298209894,32.415627282189284
39.308054582779846,31.885440566759243
38.6453211884923,31.355253851329195
38.115134473062255,34.006187428479414
37.85004111534723,33.47600071304937
37.4524010787747,32.945813997619325
36.92221436334465,35.33165421705452
36.524574326772125,34.93401418048199
42.75426823307514,34.40382746505195
42.29035485707385,33.873640749621906
43.28445494850518,33.40972737362062
41.69389480221505,34.867740841053234
41.296254765642516,34.27128078619444
40.898614729069976,36.39202764791461
40.23588133478243,35.86184093248457
39.9707879770674,35.33165421705452
42.22408151764509,37.4524010787747
41.69389480221505,36.92221436334465
41.296254765642516,35.596747574769545
40.898614729069976,35.0665608593395
40.50097469249745,34.66892082276697
39.9707879770674,34.006187428479414
41.69389480221505,33.47600071304937
41.229981426213755,35.0665608593395
40.63352137135496,34.536374143909455
43.15190826964766,34.13873410733692
42.62172155421762,35.86184093248457
42.09153483878758,35.464200895912036
41.428801444500024,36.524574326772125
40.10333465592491,36.78966768448714
40.96488806849874,37.187307721059675
40.36842801363994,36.657121005629634
39.838241298209894,36.126934290199586
39.2417812433511,35.6630209141983
38.51277450963478,34.93401418048199
37.98258779420474,34.40382746505195
37.51867441820345,35.92811427191332
36.78966768448714,35.33165421705452
36.524574326772125,34.80146750162448
37.4524010787747,36.92221436334465
36.92221436334465,36.39202764791461
36.524574326772125,40.10333465592491
39.308054582779846,39.57314794049488
38.77786786734981,39.04296122506483
41.428801444500024,43.85882389022106
40.898614729069976,43.28445494850518
43.28445494850518,42.75426823307514
42.75426823307514,42.3566281965026
42.22408151764509,41.82644148107256
41.7601681416438,46.200481883370415
41.16370808678501,45.53774848908286
40.69979471078371,45.00756177365282
39.9707879770674,44.609921737080285
39.705694619352386,44.87501509479531
39.308054582779846,44.34482837936527
38.77786786734981,43.81464166393522
38.247681151919764,43.41700162736269
37.187307721059675,43.15190826964766
36.657121005629634,42.22408151764509
36.126934290199586,41.16370808678501
35.72929425362706,40.76606805021247
34.13873410733692,39.705694619352386
33.60854739190688,39.17550790392234
33.07836067647684,38.91041454620732
32.54817396104679,40.63352137135496
32.283080603331776,40.10333465592491
34.006187428479414,41.03116140792749
33.47600071304937,40.10333465592491
32.945813997619325,39.44060126163736
33.74109407076439,38.91041454620732
33.21090735533435,38.91041454620732
32.54817396104679,38.38022783077727
31.885440566759243,37.85004111534723
31.355253851329195,40.10333465592491
30.825067135899154,39.57314794049488
30.294880420469113,39.04296122506483
29.764693705039065,42.48917487536011
29.101960310751508,41.95898815993007
28.306680237606443,41.428801444500024
27.776493522176402,40.898614729069976
27.113760127888845,45.14010845251033
26.716120091316313,44.477375058222776
27.643946843318894,44.079735021650244
27.113760127888845,43.5495483062202
27.975313540462672,43.15190826964766
27.511400164461378,44.34482837936527
28.43922691646396,43.81464166393522
27.90904020103391,43.41700162736269
27.445126825032624,43.019361590790155
26.84866677017383,42.48917487536011
27.423035711889703,42.02526149935882
27.643946843318894,41.428801444500024
27.180033467317607,41.03116140792749
27.511400164461378,40.63352137135496
26.782393430745074,40.16960799535367
32.15053392447426,39.57314794049488
31.62034720904422,39.04296122506483
31.222707172471686,38.57904784906354
30.55997377818413,37.98258779420474
30.02978706275409,37.4524010787747
30.096060402182843,36.92221436334465
30.02978706275409,36.39202764791461
29.89724038389658,35.596747574769545
31.090160493614178,35.0665608593395
30.692520457041645,34.4701008044807
32.15053392447426,34.867740841053234
31.62034720904422,35.19910753819701
31.62034720904422,34.536374143909455
31.222707172471686,34.006187428479414
32.45980950847512,33.60854739190688
31.885440566759243,33.21090735533435
33.21090735533435,32.68072063990431
32.72490286619014,32.283080603331776
31.885440566759243,32.15053392447426
31.355253851329195,31.48780053018671
30.825067135899154,31.222707172471686
30.294880420469113,30.825067135899154
29.89724038389658,30.162333741611597
32.415627282189284,29.89724038389658
31.885440566759243,29.49960034732404
31.355253851329195,28.969413631894
34.66892082276697,28.306680237606443
34.13873410733692,28.041586879891426
33.07836067647684,27.643946843318894
35.33165421705452,27.113760127888845
34.80146750162448,26.716120091316313
33.21090735533435,26.716120091316313
32.74699397933306,28.571773595321467
32.283080603331776,27.90904020103391
33.2771806947631,28.83686695303649
32.34935394276053,28.83686695303649
34.27128078619444,28.571773595321467
32.945813997619325,28.10786021932018
35.33165421705452,28.704320274178976
33.60854739190688,30.55997377818413
35.464200895912036,30.162333741611597
36.657121005629634,30.957613814756662
36.126934290199586,30.55997377818413
38.77786786734981,30.02978706275409
38.247681151919764,29.367053668466532
37.717494436489716,29.49960034732404
37.25358106048843,30.294880420469113
36.657121005629634,30.825067135899154
36.126934290199586,30.361153759897867
35.596747574769545,31.62034720904422
35.464200895912036,31.090160493614178
35.596747574769545,32.48190062161804
36.78966768448714,32.01798724561675
37.85004111534723,32.98999622390516
35.86184093248457,32.68072063990431
35.464200895912036,32.283080603331776
36.39202764791461,31.885440566759243
35.79556759305581,31.48780053018671
35.464200895912036,30.825067135899154
36.2594809690571,30.22860708104035
35.72929425362706,31.62034720904422
35.464200895912036,32.15053392447426
36.524574326772125,32.415627282189284
36.06066095077084,33.07836067647684
35.86184093248457,33.60854739190688
34.13873410733692,34.13873410733692
33.60854739190688,33.34345403419186
34.80146750162448,32.81326731876182
34.13873410733692,32.415627282189284
33.674820731335636,33.07836067647684
34.40382746505195,33.60854739190688
33.21090735533435,34.13873410733692
31.885440566759243,35.99438761134208
31.355253851329195,35.33165421705452
32.15053392447426,34.80146750162448
31.62034720904422,36.92221436334465
32.15053392447426,36.39202764791461
31.752893887901728,37.98258779420474
31.355253851329195,37.58494775763221
30.692520457041645,38.51277450963478
30.162333741611597,37.717494436489716
30.55997377818413,37.187307721059675
30.162333741611597,36.78966768448714
30.957613814756662,36.39202764791461
31.48780053018671,35.86184093248457
32.81326731876182,35.33165421705452
32.283080603331776,34.867740841053234
32.81326731876182,34.27128078619444
32.415627282189284,33.74109407076439
32.945813997619325,33.34345403419186
32.415627282189284,36.17111651648543
32.945813997619325,35.33165421705452
32.01798724561675,34.80146750162448
31.752893887901728,37.31985439991719
31.355253851329195,36.78966768448714
33.21090735533435,35.99438761134208
32.54817396104679,35.19910753819701
32.283080603331776,34.735194162195725
31.885440566759243,35.33165421705452
31.355253851329195,37.31985439991719
30.91343158847083,36.8559410239159
31.090160493614178,35.86184093248457
30.55997377818413,35.464200895912036
30.162333741611597,34.006187428479414
29.764693705039065,33.47600071304937
29.367053668466532,32.81326731876182
28.83686695303649,32.283080603331776
28.571773595321467,32.01798724561675
28.174133558748935,31.62034720904422
27.776493522176402,31.222707172471686
28.704320274178976,34.13873410733692
29.764693705039065,33.47600071304937
29.234506989609024,32.945813997619325
30.294880420469113,32.415627282189284
27.511400164461378,34.536374143909455
27.113760127888845,35.0665608593395
26.716120091316313,35.464200895912036
23.269906441021035,35.0665608593395
23.468726459307298,35.72929425362706
23.13735976216352,34.66892082276697
22.60717304673348,37.4524010787747
22.07698633130343,36.92221436334465
20.751519542728325,36.39202764791461
20.088786148440768,35.86184093248457
19.95623946958326,35.0665608593395
19.42605275415322,34.536374143909455
18.962139378151925,34.006187428479414
18.23313264443562,33.47600071304937
18.763319359865662,32.945813997619325
19.028412717580686,32.54817396104679
19.028412717580686,33.07836067647684
17.570399250148064,33.873640749621906
17.17275921357553,34.27128078619444
16.510025819287975,33.21090735533435
15.979839103857934,33.74109407076439
13.461452205565223,32.68072063990431
11.47325202270256,32.283080603331776
10.81051862841501,35.33165421705452
10.280331912984963,34.867740841053234
10.677971949557495,34.27128078619444
11.340705343845052,34.80146750162448
10.81051862841501,34.13873410733692
10.015238555269946,33.873640749621906
,33.47600071304937
,32.945813997619325
,32.54817396104679
,32.15053392447426
,31.62034720904422
,31.222707172471686
,31.885440566759243
,31.355253851329195
,32.945813997619325
,32.54817396104679
,33.34345403419186
,33.34345403419186
,33.34345403419186
,32.945813997619325
,31.885440566759243
,31.355253851329195
,30.692520457041645
,30.162333741611597
,32.15053392447426
,31.62034720904422
,31.090160493614178
,30.55997377818413
,34.27128078619444
,33.74109407076439
,33.34345403419186
,32.68072063990431
,32.15053392447426
,31.62034720904422
,30.957613814756662
,30.692520457041645
,30.294880420469113
,29.632147026181556
,29.16823365018027
,29.764693705039065
,29.234506989609024
,28.571773595321467
,27.90904020103391
,30.294880420469113
,29.83096704446782
,29.234506989609024
,28.571773595321467
,30.825067135899154
,30.294880420469113
,29.632147026181556
,29.16823365018027
,31.885440566759243
,31.355253851329195
,30.825067135899154
,30.294880420469113
,29.89724038389658
,28.969413631894
,27.90904020103391
,27.643946843318894
,27.113760127888845
,26.583573412458804
,24.993013266168674
,24.462826550738633
,23.932639835308585
,23.269906441021035
,22.872266404448496
,22.07698633130343
,21.54679961587339
,21.149159579300857
,20.4864261850133
,19.95623946958326
,19.42605275415322
,19.028412717580686
,18.630772681008153
,17.968039286720597
,17.968039286720597
,17.968039286720597
,18.498226002150638
,17.835492607863088
,17.30530589243304
,16.775119177003
,15.979839103857934
,15.582199067285401
,15.582199067285401
,14.919465672997845
,14.12418559985278
,13.726545563280247
,12.798718811277674
,13.06381216899269
,12.135985416990117
,11.47325202270256
,10.81051862841501
,10.280331912984963
,10.81051862841501
