Y(hoy),Y(ayer)
6.767844923260924,-0.9198624504747102
6.237658207830883,-1.2512291476184885
5.84001817125835,-1.7151425236197753
6.480660452402979,-1.11868246876098
6.70157158383217,-1.648869184191014
6.038838189544613,-0.8535891110459488
5.773744831829596,-1.2512291476184885
5.6411981529720805,-1.648869184191014
5.1110114375420395,-0.9198624504747102
4.779644740398261,-0.9861357899034573
5.3761047952570635,-1.5163225053335054
5.3761047952570635,-1.9802358813347922
4.845918079827015,-2.444149257336079
4.514551382683237,-2.7755159544798573
4.580824722111998,-1.648869184191014
4.580824722111998,-2.3116025784785705
3.918091327824442,-0.45594907447342337
3.454177951823155,-0.9861357899034573
3.5204512912519093,0.67069769581542
3.5204512912519093,0.07423764095662477
3.5204512912519093,1.2008844112454682
2.990264575821868,1.1346110718167068
2.5263511998205814,0.67069769581542
3.255357933536885,0.20678431981413326
2.725171218106837,0.14051098038538612
3.255357933536885,-0.45594907447342337
2.5926245392493286,-0.8535891110459488
1.929891144961772,0.07423764095662477
1.399704429531738,-0.3234023956159007
1.2671577506742295,-0.7873157716172017
1.2671577506742295,-0.8535891110459488
1.2671577506742295,-0.8535891110459488
1.2671577506742295,-0.8535891110459488
1.2008844112454682,-0.8535891110459488
1.1346110718167068,-0.8535891110459488
0.47187767752916443,-0.8535891110459488
0.20678431981413326,-0.8535891110459488
0.20678431981413326,-1.11868246876098
0.33933099867164174,-1.7151425236197753
0.9136999403875308,-1.2512291476184885
1.1346110718167068,-1.7372336367626815
0.47187767752916443,-1.11868246876098
0.20678431981413326,-1.5163225053335054
0.20678431981413326,-1.913962541906045
0.07423764095662477,-1.913962541906045
-0.5884957533309318,-1.913962541906045
-0.8535891110459488,-1.913962541906045
-0.8535891110459488,-1.913962541906045
-0.8535891110459488,-1.913962541906045
-0.8535891110459488,-1.913962541906045
-0.8535891110459488,-1.913962541906045
-0.8535891110459488,-1.913962541906045
-0.8535891110459488,-1.913962541906045
-0.8535891110459488,-1.913962541906045
-0.8535891110459488,-1.913962541906045
-0.8535891110459488,-1.913962541906045
-0.8535891110459488,-1.913962541906045
-0.9198624504747102,-1.913962541906045
-0.9861357899034573,-1.913962541906045
-1.450049165904744,-1.2512291476184885
-1.648869184191014,-1.8476892024772837
-1.2070469213326476,-1.913962541906045
-0.9861357899034573,-1.5163225053335054
-1.450049165904744,-0.8535891110459488
-1.648869184191014,-0.8535891110459488
-1.2070469213326476,-1.383775826475997
-1.2512291476184885,-1.913962541906045
-1.648869184191014,-1.2512291476184885
-0.8535891110459488,-0.8535891110459488
-0.8535891110459488,-0.45594907447342337
-0.8535891110459488,0.14051098038538612
-1.913962541906045,0.20678431981413326
-1.383775826475997,0.67069769581542
-0.8535891110459488,1.1346110718167068
-0.8535891110459488,2.0624378238192946
-0.654769092759679,1.5322511083892465
-0.12458237732964506,2.3275311815343116
0.20678431981413326,2.3275311815343116
0.20678431981413326,2.8577178969643597
0.2730576592428946,3.5867246306806635
0.67069769581542,4.183184685539466
0.20678431981413326,4.779644740398261
1.1346110718167068,5.3761047952570635
1.2671577506742295,4.978464758684531
1.3334310901029767,5.906291510687105
1.7973444661042635,6.436478226117146
1.2671577506742295,6.834118262689678
2.46007786039182,7.2759405255480445
3.0565379152506154,9.15368514269612
3.5204512912519093,8.557225087837324
3.5204512912519093,8.027038372407276
4.580824722111998,10.147785234127454
4.1169113461107045,9.617598518697413
3.5204512912519093,11.009338646701273
5.6411981529720805,10.545425270699987
5.1110114375420395,12.666172132420158
5.773744831829596,12.003438738132608
5.972564850115859,11.47325202270256
6.569024904974661,14.455552296996558
6.70157158383217,13.859092242137756
6.171384868402129,13.328905526707715
6.70157158383217,14.919465672997845
5.84001817125835,15.515925727856647
8.027038372407276,15.582199067285401
7.563124996405989,15.449652388427886
9.087411803267365,14.786918994140336
8.557225087837324,14.12418559985278
9.087411803267365,13.593998884422739
9.617598518697413,13.593998884422739
9.087411803267365,14.256732278710288
10.214058573556208,15.052012351855353
10.81051862841501,16.377479140430466
11.47325202270256,15.71474574614291
12.003438738132608,17.63667258957682
12.003438738132608,17.040212534718023
11.406978683273806,18.763319359865662
13.328905526707715,18.100585965578105
12.798718811277674,19.558599433010727
12.268532095847625,20.287606166727038
12.798718811277674,21.347979597587127
12.33480543527638,20.751519542728325
12.268532095847625,22.40835302844721
11.738345380417584,21.811892973588414
11.274432004416298,22.872266404448496
10.545425270699987,23.733819817022322
10.147785234127454,23.269906441021035
10.147785234127454,24.19773319302361
9.617598518697413,26.84866677017383
9.219958482124873,26.31848005474378
9.88269187641243,25.78829333931374
10.479151931271232,25.258106623883698
11.075611986130028,24.72791990845365
11.208158664987543,28.770593613607737
11.47325202270256,28.174133558748935
11.075611986130028,27.643946843318894
12.047620964418442,28.83686695303649
12.33480543527638,28.704320274178976
12.401078774705141,28.24040689817769
12.401078774705141,27.643946843318894
12.401078774705141,26.981213449031337
12.33480543527638,26.31848005474378
12.268532095847625,25.78829333931374
11.738345380417584,25.125559945026183
11.208158664987543,24.462826550738633
10.677971949557495,23.932639835308585
10.147785234127454,23.468726459307298
11.208158664987543,23.534999798736052
10.81051862841501,23.932639835308585
11.738345380417584,24.529099890167387
11.340705343845052,24.72791990845365
12.268532095847625,25.258106623883698
12.401078774705141,24.661646569024896
12.401078774705141,24.794193247882404
12.467352114133895,25.390653302741207
12.864992150706428,27.113760127888845
12.401078774705141,26.583573412458804
13.328905526707715,26.053386697028763
13.328905526707715,28.770593613607737
12.798718811277674,28.174133558748935
12.33480543527638,27.643946843318894
11.605798701560076,28.83686695303649
11.075611986130028,28.306680237606443
10.545425270699987,27.776493522176402
10.147785234127454,28.704320274178976
12.268532095847625,28.174133558748935
11.738345380417584,27.643946843318894
11.208158664987543,27.113760127888845
10.677971949557495,26.583573412458804
10.280331912984963,26.053386697028763
11.47325202270256,25.58947332102747
10.81051862841501,25.125559945026183
10.346605252413717,24.772102134739484
10.015238555269946,25.58947332102747
12.268532095847625,25.65574666045623
13.328905526707715,25.58947332102747
12.798718811277674,25.125559945026183
11.870892059275093,24.72791990845365
12.467352114133895,26.119660036457518
12.577807679848483,25.523199981598715
13.328905526707715,25.125559945026183
12.931265490135182,26.583573412458804
13.593998884422739,26.053386697028763
14.256732278710288,25.65574666045623
14.521825636425312,25.258106623883698
14.521825636425312,24.794193247882404
14.588098975854066,25.302288850169532
14.919465672997845,24.860466587311166
14.521825636425312,24.993013266168674
15.449652388427886,24.529099890167387
15.118285691284115,24.0651865141661
14.65437231528282,23.667546477593568
14.963647899283679,23.13735976216352
14.521825636425312,22.673446386162233
16.244932461572958,23.932639835308585
15.781019085571664,23.402453119878544
16.775119177003,22.872266404448496
16.775119177003,23.667546477593568
17.30530589243304,23.13735976216352
16.775119177003,22.60717304673348
17.835492607863088,23.13735976216352
18.100585965578105,22.739719725590987
17.702945929005573,24.0651865141661
18.763319359865662,23.534999798736052
19.160959396438194,24.0651865141661
18.763319359865662,23.667546477593568
20.221332827298284,25.302288850169532
19.691146111868235,24.72791990845365
21.01661290044335,24.19773319302361
21.01661290044335,24.993013266168674
20.4864261850133,24.59537322959614
20.022512809012014,24.59537322959614
19.42605275415322,24.794193247882404
18.89586603872317,25.302288850169532
18.36567932329313,24.993013266168674
17.968039286720597,24.59537322959614
19.95623946958326,24.59537322959614
19.42605275415322,24.59537322959614
18.89586603872317,25.324379963312452
18.36567932329313,24.72791990845365
19.691146111868235,26.31848005474378
19.09468605700944,25.78829333931374
20.4864261850133,26.716120091316313
21.01661290044335,27.511400164461378
20.088786148440768,26.981213449031337
21.01661290044335,27.37885348560387
20.4864261850133,26.914940109602583
19.95623946958326,27.37885348560387
19.293506075295703,27.776493522176402
19.028412717580686,27.37885348560387
19.160959396438194,26.782393430745074
19.73532833815407,26.716120091316313
19.95623946958326,26.716120091316313
19.293506075295703,26.64984675188756
19.028412717580686,26.31848005474378
18.962139378151925,25.854566678742493
18.89586603872317,25.65574666045623
18.36567932329313,27.113760127888845
17.835492607863088,26.583573412458804
19.95623946958326,26.053386697028763
19.42605275415322,28.770593613607737
18.89586603872317,28.174133558748935
18.36567932329313,27.643946843318894
19.691146111868235,28.83686695303649
19.160959396438194,28.83686695303649
19.160959396438194,28.903140292465245
19.73532833815407,29.632147026181556
19.95623946958326,29.101960310751508
19.293506075295703,29.764693705039065
19.028412717580686,29.300780329037778
19.028412717580686,29.764693705039065
19.160959396438194,29.300780329037778
19.73532833815407,28.969413631894
19.95623946958326,28.43922691646396
19.293506075295703,27.975313540462672
19.028412717580686,28.704320274178976
18.89586603872317,28.24040689817769
18.36567932329313,27.776493522176402
17.901765947291842,31.885440566759243
17.835492607863088,31.28898051190044
18.23313264443562,30.825067135899154
17.702945929005573,30.294880420469113
18.89586603872317,29.764693705039065
18.36567932329313,29.234506989609024
18.03431262614935,33.21090735533435
18.630772681008153,32.68072063990431
18.630772681008153,32.15053392447426
18.100585965578105,31.62034720904422
17.437852571290556,31.090160493614178
17.17275921357553,30.42742709932662
16.775119177003,29.89724038389658
16.311205801001712,29.367053668466532
15.71474574614291,32.01798724561675
16.244932461572958,31.355253851329195
16.64257249814549,30.825067135899154
16.046112443286688,30.294880420469113
15.449652388427886,32.01798724561675
14.786918994140336,31.355253851329195
14.521825636425312,30.692520457041645
14.12418559985278,30.294880420469113
14.12418559985278,30.825067135899154
13.593998884422739,30.55997377818413
14.521825636425312,30.162333741611597
13.991638920995271,31.156433833042932
15.228741256998703,32.01798724561675
14.65437231528282,31.554073869615465
16.55420804557381,32.15053392447426
15.979839103857934,31.62034720904422
16.775119177003,31.222707172471686
16.244932461572958,34.80146750162448
15.582199067285401,34.27128078619444
15.317105709570377,33.74109407076439
14.919465672997845,33.21090735533435
14.389278957567804,32.68072063990431
13.925365581566517,36.2594809690571
13.196358847850206,35.596747574769545
12.931265490135182,37.4524010787747
12.53362545356265,36.92221436334465
12.003438738132608,36.59084766620087
11.47325202270256,36.126934290199586
10.81051862841501,35.72929425362706
10.214058573556208,36.92221436334465
10.147785234127454,37.31985439991719
9.485051839839898,36.657121005629634
9.087411803267365,35.99438761134208
9.131594029553199,35.33165421705452
10.015238555269946,34.80146750162448
9.485051839839898,34.33755412562319
10.147785234127454,33.74109407076439
9.617598518697413,33.21090735533435
9.15368514269612,32.68072063990431
9.88269187641243,32.283080603331776
9.352505160982389,35.33165421705452
10.545425270699987,34.80146750162448
11.208158664987543,34.27128078619444
10.677971949557495,33.873640749621906
10.214058573556208,34.006187428479414
10.74424528898625,33.47600071304937
11.208158664987543,32.81326731876182
11.208158664987543,32.15053392447426
11.252340891273377,31.686620548472973
12.047620964418442,31.090160493614178
11.47325202270256,30.55997377818413
12.33480543527638,30.162333741611597
12.268532095847625,32.01798724561675
11.804618719846339,31.48780053018671
11.406978683273806,31.023887154185417
12.003438738132608,30.825067135899154
12.268532095847625,30.294880420469113
11.738345380417584,31.686620548472973
11.274432004416298,33.21090735533435
12.268532095847625,32.68072063990431
11.738345380417584,32.15053392447426
11.340705343845052,35.33165421705452
12.798718811277674,34.80146750162448
13.328905526707715,34.27128078619444
12.798718811277674,33.74109407076439
13.859092242137756,34.006187428479414
13.328905526707715,33.47600071304937
12.798718811277674,32.945813997619325
12.401078774705141,32.283080603331776
14.521825636425312,31.752893887901728
15.052012351855353,31.355253851329195
14.521825636425312,30.891340475327908
15.71474574614291,30.42742709932662
16.244932461572958,30.02978706275409
16.64257249814549,29.49960034732404
15.91356576442918,28.969413631894
15.317105709570377,28.43922691646396
14.786918994140336,27.90904020103391
15.493834614713727,27.37885348560387
14.919465672997845,26.84866677017383
15.71474574614291,26.31848005474378
16.244932461572958,25.65574666045623
16.907665855860508,25.125559945026183
17.614581476433898,24.59537322959614
17.901765947291842,25.258106623883698
18.36567932329313,24.72791990845365
18.89586603872317,24.264006532452363
18.36567932329313,23.534999798736052
17.835492607863088,23.13735976216352
17.30530589243304,22.474626367875963
16.775119177003,21.811892973588414
17.835492607863088,21.281706258158366
17.437852571290556,20.618972863870816
17.702945929005573,20.088786148440768
17.437852571290556,19.558599433010727
16.907665855860508,19.028412717580686
16.244932461572958,18.630772681008153
15.582199067285401,18.16685930500686
14.919465672997845,20.552699524442062
14.389278957567804,19.95623946958326
13.859092242137756,19.42605275415322
13.461452205565223,18.89586603872317
14.65437231528282,18.498226002150638
16.510025819287975,21.082886239872103
15.91356576442918,21.01661290044335
15.449652388427886,20.4864261850133
16.244932461572958,20.022512809012014
15.71474574614291,19.42605275415322
15.71474574614291,19.028412717580686
16.510025819287975,20.022512809012014
16.046112443286688,19.95623946958326
15.582199067285401,19.42605275415322
17.614581476433898,19.028412717580686
17.040212534718023,20.552699524442062
18.36567932329313,19.95623946958326
18.89586603872317,22.07698633130343
18.962139378151925,21.54679961587339
18.89586603872317,21.01661290044335
18.431952662721883,23.00481308330601
17.968039286720597,22.474626367875963
18.89586603872317,22.872266404448496
18.36567932329313,22.2758063495897
20.000421695869093,22.07698633130343
19.42605275415322,21.54679961587339
20.79570176901416,21.21543291872961
21.01661290044335,21.811892973588414
20.4864261850133,21.41425293701588
20.022512809012014,23.00481308330601
19.82369279072575,22.342079689018455
19.558599433010727,24.19773319302361
19.205141622724028,23.667546477593568
19.95623946958326,23.932639835308585
19.492326093581973,23.468726459307298
19.028412717580686,23.534999798736052
18.763319359865662,24.0651865141661
18.498226002150638,23.800093156451076
17.968039286720597,23.534999798736052
18.100585965578105,24.330279871881118
17.702945929005573,24.330279871881118
18.630772681008153,23.733819817022322
18.630772681008153,24.772102134739484
18.100585965578105,24.19773319302361
17.769219268434327,27.113760127888845
18.36567932329313,26.583573412458804
17.968039286720597,26.119660036457518
18.89586603872317,25.523199981598715
18.36567932329313,27.643946843318894
17.702945929005573,26.31848005474378
17.437852571290556,25.78829333931374
16.907665855860508,25.258106623883698
16.64257249814549,24.72791990845365
17.084394761003857,26.84866677017383
16.64257249814549,29.035686971322754
17.835492607863088,28.43922691646396
17.30530589243304,27.90904020103391
16.775119177003,27.37885348560387
16.244932461572958,29.632147026181556
15.71474574614291,30.162333741611597
15.582199067285401,30.891340475327908
15.317105709570377,31.885440566759243
14.919465672997845,31.355253851329195
14.521825636425312,30.692520457041645
15.449652388427886,30.42742709932662
14.919465672997845,30.02978706275409
14.588098975854066,29.49960034732404
14.12418559985278,29.101960310751508
13.593998884422739,29.764693705039065
13.395178866136469,29.101960310751508
13.328905526707715,29.035686971322754
12.666172132420158,30.073969289039923
12.135985416990117,29.49960034732404
11.47325202270256,30.825067135899154
10.81051862841501,30.361153759897867
10.280331912984963,30.162333741611597
10.147785234127454,30.825067135899154
9.617598518697413,30.42742709932662
8.954865124409856,30.162333741611597
8.689771766694832,30.02978706275409
8.2921317301223,30.361153759897867
7.894491693549767,30.825067135899154
8.822318445552341,30.294880420469113
8.822318445552341,29.632147026181556
8.159585051264791,28.969413631894
7.761945014692259,28.306680237606443
7.298031638690972,28.041586879891426
6.70157158383217,29.764693705039065
6.038838189544613,30.825067135899154
5.773744831829596,30.361153759897867
5.6411981529720805,30.02978706275409
5.1110114375420395,29.565873686752802
4.779644740398261,29.16823365018027
5.3761047952570635,29.83096704446782
5.3761047952570635,30.825067135899154
4.845918079827015,30.361153759897867
4.183184685539466,30.294880420469113
3.6529979701094177,29.764693705039065
3.5204512912519093,29.234506989609024
3.5204512912519093,28.571773595321467
3.7855446489669333,28.306680237606443
3.3879046123944008,27.842766861605156
4.315731364396974,27.776493522176402
,28.174133558748935
,28.770593613607737
,28.83686695303649
,28.704320274178976
,28.174133558748935
,27.643946843318894
,27.113760127888845
,26.64984675188756
,26.097568923314597
,25.65574666045623
,26.981213449031337
,27.511400164461378
,26.914940109602583
,26.31848005474378
,25.78829333931374
,25.125559945026183
,24.860466587311166
,24.462826550738633
,23.932639835308585
,23.402453119878544
,22.872266404448496
,22.474626367875963
,24.19773319302361
,23.667546477593568
,23.00481308330601
,22.474626367875963
,22.872266404448496
,23.33617978044979
,23.402453119878544
,23.269906441021035
,22.872266404448496
,22.342079689018455
,21.679346294730898
,21.149159579300857
,22.07698633130343
,21.613072955302144
,20.884066221585833
,20.618972863870816
,20.221332827298284
,19.691146111868235
,19.09468605700944
,19.028412717580686
,18.89586603872317
,18.23313264443562
,17.570399250148064
,17.040212534718023
,18.630772681008153
,18.100585965578105
,17.702945929005573
,17.570399250148064
,17.040212534718023
,16.377479140430466
,15.71474574614291
,15.052012351855353
,14.521825636425312
,15.184559030712869
,16.046112443286688
,15.582199067285401
,16.64257249814549
,16.377479140430466
,15.71474574614291
,15.250832370141623
,14.588098975854066
,14.389278957567804
,13.726545563280247
,13.06381216899269
,12.401078774705141
,11.870892059275093
,11.406978683273806
,11.208158664987543
,10.74424528898625
,10.147785234127454
,9.485051839839898
,8.954865124409856
,8.822318445552341
,8.358405069551054
,7.894491693549767
,7.629398335834743
,7.099211620404702
