Y(hoy),Y(ayer)
-1.9802358813347922,-0.8535891110459488
-2.0465092207635536,-0.8535891110459488
-2.0465092207635536,-0.9198624504747102
-2.1127825601923007,-1.450049165904744
-1.9802358813347922,-1.913962541906045
-1.913962541906045,-2.70924261505111
-2.5104225967648404,-2.5766959361935875
-1.9802358813347922,-2.179055899621062
-2.5766959361935875,-2.8417892939086187
-2.974335972766127,-2.974335972766127
-2.5104225967648404,-2.5766959361935875
-1.913962541906045,-2.179055899621062
-2.974335972766127,-1.913962541906045
-2.974335972766127,-2.3116025784785705
-2.974335972766127,-2.974335972766127
-2.2674203521927296,-2.5766959361935875
-2.70924261505111,-1.9802358813347922
-1.913962541906045,-1.9802358813347922
-2.0465092207635536,-2.3116025784785705
-2.908062633337366,-2.8417892939086187
-2.974335972766127,-2.974335972766127
-2.974335972766127,-2.444149257336079
-2.179055899621062,-2.70924261505111
-2.70924261505111,-2.245329239049809
-1.913962541906045,-2.7755159544798573
-2.0465092207635536,-2.8417892939086187
-2.0465092207635536,-2.179055899621062
-2.0465092207635536,-2.179055899621062
-2.0465092207635536,-2.8417892939086187
-2.0465092207635536,-2.8417892939086187
-2.0465092207635536,-2.3116025784785705
-1.9802358813347922,-2.7755159544798573
-2.0465092207635536,-2.444149257336079
-1.913962541906045,-2.444149257336079
-1.9802358813347922,-2.974335972766127
-1.913962541906045,-2.444149257336079
-1.648869184191014,-2.5766959361935875
-1.11868246876098,-2.974335972766127
-0.9198624504747102,-2.3116025784785705
-0.8535891110459488,-2.179055899621062
-0.7210424321884403,-2.70924261505111
-0.05830903790088371,-2.3116025784785705
0.6044243563866729,-2.70924261505111
1.1346110718167068,-1.913962541906045
1.2671577506742295,-1.913962541906045
1.5322511083892465,-1.913962541906045
2.23916672896263,-1.913962541906045
2.46007786039182,-1.8476892024772837
2.46007786039182,-1.2512291476184885
2.5926245392493286,-0.8535891110459488
3.255357933536885,-0.8535891110459488
3.8518179883956876,-0.8535891110459488
4.448278043254483,-0.8535891110459488
4.647098061540753,-0.8535891110459488
5.243558116399548,-0.8535891110459488
5.906291510687105,-0.7210424321884403
6.502751565545907,-0.1908557167583922
7.541033883263069,0.20678431981413326
6.966664941547194,0.20678431981413326
8.822318445552341,0.20678431981413326
8.358405069551054,0.20678431981413326
9.485051839839898,0.6044243563866729
10.147785234127454,1.0020643929591984
10.81051862841501,0.2730576592428946
11.517434248988394,0.20678431981413326
12.798718811277674,0.20678431981413326
12.268532095847625,1.0020643929591984
13.328905526707715,0.47187767752916443
13.196358847850206,1.2671577506742295
12.931265490135182,1.7310711266755163
12.53362545356265,2.2612578421055503
12.577807679848483,2.3938045209630587
13.90327446842359,2.5926245392493286
13.328905526707715,3.1228112546793767
15.184559030712869,2.990264575821868
14.65437231528282,2.5926245392493286
16.510025819287975,3.1228112546793767
16.046112443286688,2.725171218106837
17.614581476433898,2.3275311815343116
17.040212534718023,2.3938045209630587
18.940048265009004,2.65889787867809
18.36567932329313,3.3879046123944008
20.751519542728325,3.5204512912519093
20.221332827298284,3.5204512912519093
19.691146111868235,3.5867246306806635
22.60717304673348,4.05063800668195
22.143259670732192,4.647098061540753
21.54679961587339,4.183184685539466
23.667546477593568,3.6529979701094177
23.13735976216352,4.183184685539466
24.72791990845365,4.315731364396974
24.19773319302361,3.8518179883956876
25.390653302741207,4.448278043254483
26.053386697028763,3.918091327824442
26.627755638744638,4.713371400969507
28.43922691646396,5.177284776970794
27.975313540462672,5.6411981529720805
27.37885348560387,6.171384868402129
29.89724038389658,6.767844923260924
29.367053668466532,6.966664941547194
28.969413631894,7.828218354121013
29.234506989609024,7.364304978119726
28.704320274178976,7.894491693549767
28.041586879891426,7.894491693549767
27.24630680674636,7.894491693549767
26.981213449031337,7.894491693549767
26.583573412458804,8.623498427266078
25.920840018171248,8.159585051264791
25.65574666045623,9.15368514269612
25.258106623883698,9.617598518697413
24.72791990845365,10.479151931271232
24.264006532452363,10.015238555269946
23.534999798736052,11.075611986130028
23.269906441021035,11.340705343845052
23.402453119878544,11.47325202270256
23.733819817022322,12.069712077561363
23.269906441021035,12.599898792991404
24.19773319302361,13.06381216899269
23.932639835308585,13.925365581566517
23.468726459307298,13.461452205565223
24.462826550738633,14.389278957567804
24.0651865141661,13.925365581566517
25.258106623883698,13.461452205565223
24.794193247882404,13.06381216899269
24.330279871881118,12.599898792991404
26.362662281029614,14.256732278710288
25.78829333931374,13.593998884422739
26.84866677017383,13.06381216899269
27.90904020103391,14.521825636425312
27.312580146175115,14.720645654711582
28.704320274178976,15.250832370141623
28.174133558748935,15.71474574614291
27.643946843318894,16.57629915871673
26.981213449031337,16.112385782715442
26.451026733601296,16.775119177003
26.185933375886272,16.841392516431753
25.65574666045623,17.30530589243304
25.523199981598715,17.835492607863088
24.860466587311166,18.16685930500686
24.59537322959614,18.630772681008153
24.19773319302361,19.492326093581973
23.534999798736052,19.028412717580686
23.269906441021035,20.022512809012014
22.872266404448496,20.088786148440768
22.342079689018455,20.221332827298284
23.932639835308585,21.01661290044335
23.468726459307298,20.618972863870816
22.872266404448496,20.530608411299134
24.330279871881118,20.088786148440768
23.667546477593568,21.41425293701588
24.462826550738633,22.143259670732192
23.932639835308585,22.07698633130343
23.932639835308585,21.613072955302144
23.468726459307298,21.01661290044335
24.72791990845365,20.4864261850133
24.19773319302361,20.088786148440768
25.258106623883698,21.082886239872103
25.125559945026183,20.618972863870816
24.661646569024896,21.347979597587127
25.523199981598715,21.811892973588414
24.993013266168674,22.209533010160946
24.72791990845365,22.209533010160946
24.264006532452363,22.209533010160946
23.667546477593568,22.209533010160946
24.330279871881118,23.269906441021035
23.667546477593568,22.60717304673348
24.462826550738633,25.05928660559743
23.800093156451076,24.462826550738633
23.33617978044979,23.932639835308585
23.733819817022322,25.523199981598715
23.269906441021035,24.993013266168674
24.330279871881118,24.59537322959614
24.59537322959614,24.19773319302361
25.258106623883698,23.667546477593568
25.390653302741207,24.860466587311166
24.860466587311166,24.19773319302361
24.462826550738633,25.58947332102747
26.583573412458804,25.65574666045623
26.119660036457518,25.65574666045623
25.523199981598715,25.65574666045623
24.993013266168674,25.65574666045623
27.643946843318894,25.65574666045623
27.113760127888845,25.258106623883698
28.748502500464816,24.72791990845365
28.174133558748935,24.264006532452363
28.83686695303649,23.534999798736052
28.571773595321467,23.667546477593568
28.174133558748935,24.264006532452363
29.8088759313249,24.794193247882404
29.234506989609024,25.258106623883698
28.704320274178976,24.993013266168674
28.174133558748935,24.59537322959614
30.02978706275409,24.19773319302361
29.49960034732404,23.733819817022322
28.83686695303649,23.269906441021035
30.825067135899154,22.872266404448496
30.22860708104035,22.40835302844721
29.764693705039065,21.878166313017168
29.234506989609024,21.347979597587127
30.692520457041645,21.149159579300857
30.162333741611597,20.751519542728325
31.090160493614178,20.221332827298284
30.55997377818413,19.558599433010727
31.62034720904422,18.763319359865662
32.15053392447426,18.498226002150638
31.48780053018671,18.100585965578105
30.825067135899154,17.702945929005573
30.294880420469113,17.30530589243304
31.090160493614178,16.841392516431753
30.55997377818413,16.311205801001712
31.62034720904422,15.781019085571664
32.15053392447426,15.582199067285401
31.62034720904422,15.184559030712869
31.222707172471686,14.588098975854066
31.951713906187997,14.389278957567804
32.98999622390516,13.859092242137756
32.415627282189284,13.461452205565223
34.27128078619444,13.06381216899269
33.74109407076439,12.599898792991404
33.21090735533435,12.33480543527638
32.415627282189284,11.804618719846339
32.98999622390516,11.340705343845052
33.21090735533435,11.870892059275093
32.74699397933306,12.401078774705141
33.21090735533435,12.401078774705141
32.283080603331776,12.401078774705141
32.68072063990431,12.864992150706428
34.27128078619444,13.395178866136469
33.74109407076439,13.461452205565223
33.21090735533435,14.256732278710288
34.27128078619444,13.593998884422739
33.60854739190688,15.449652388427886
33.52018293933521,14.919465672997845
34.27128078619444,14.455552296996558
33.873640749621906,13.90327446842359
34.27128078619444,13.461452205565223
33.74109407076439,14.720645654711582
33.34345403419186,15.781019085571664
34.27128078619444,15.184559030712869
33.74109407076439,16.377479140430466
34.536374143909455,16.112385782715442
35.11074308562534,15.847292425000418
35.596747574769545,16.64257249814549
35.26538087762577,16.64257249814549
34.66892082276697,16.112385782715442
34.536374143909455,16.64257249814549
35.11074308562534,16.112385782715442
35.33165421705452,16.64257249814549
34.80146750162448,16.046112443286688
34.40382746505195,17.371579231861794
37.4524010787747,16.775119177003
36.8559410239159,16.244932461572958
36.39202764791461,17.901765947291842
35.86184093248457,17.437852571290556
35.33165421705452,16.841392516431753
34.80146750162448,16.775119177003
37.4524010787747,17.040212534718023
36.78966768448714,17.63667258957682
36.524574326772125,18.100585965578105
36.126934290199586,18.630772681008153
35.596747574769545,19.028412717580686
35.13283419876826,19.028412717580686
34.536374143909455,19.09468605700944
35.19910753819701,20.022512809012014
36.39202764791461,19.558599433010727
35.86184093248457,20.4864261850133
38.247681151919764,21.082886239872103
37.78376777591848,20.884066221585833
37.187307721059675,20.287606166727038
40.36842801363994,20.884066221585833
39.838241298209894,22.07698633130343
39.308054582779846,21.613072955302144
38.77786786734981,21.590981842159223
41.95898815993007,21.149159579300857
41.428801444500024,22.342079689018455
40.898614729069976,21.944439652445922
40.567248031926205,23.00481308330601
41.16370808678501,22.872266404448496
40.10333465592491,22.40835302844721
39.838241298209894,22.209533010160946
39.37432792220861,22.209533010160946
38.77786786734981,22.673446386162233
38.247681151919764,23.269906441021035
37.717494436489716,23.269906441021035
37.25358106048843,22.673446386162233
36.72339434505839,22.209533010160946
36.126934290199586,22.143259670732192
35.596747574769545,21.41425293701588
35.464200895912036,21.149159579300857
34.93401418048199,20.751519542728325
34.13873410733692,20.221332827298284
33.60854739190688,21.41425293701588
32.945813997619325,22.143259670732192
32.415627282189284,22.209533010160946
31.951713906187997,22.07698633130343
31.355253851329195,21.54679961587339
30.692520457041645,21.082886239872103
30.162333741611597,20.751519542728325
29.49960034732404,20.221332827298284
28.83686695303649,19.558599433010727
28.174133558748935,19.160959396438194
29.54378257360988,19.691146111868235
28.969413631894,20.552699524442062
28.43922691646396,20.088786148440768
28.041586879891426,21.01661290044335
30.825067135899154,20.552699524442062
30.294880420469113,20.088786148440768
32.15053392447426,19.95623946958326
31.62034720904422,19.492326093581973
31.62034720904422,18.89586603872317
31.090160493614178,18.23313264443562
30.626247117612884,17.702945929005573
30.02978706275409,16.907665855860508
29.49960034732404,16.64257249814549
28.969413631894,16.244932461572958
28.43922691646396,15.781019085571664
27.90904020103391,15.250832370141623
27.710220182747648,14.85319233356909
27.113760127888845,15.449652388427886
26.64984675188756,15.052012351855353
26.053386697028763,14.65437231528282
25.390653302741207,14.190458939281534
24.860466587311166,13.660272223851493
24.462826550738633,13.461452205565223
24.529099890167387,13.461452205565223
24.993013266168674,13.06381216899269
25.523199981598715,12.467352114133895
24.860466587311166,12.401078774705141
24.39655321130987,11.870892059275093
24.462826550738633,11.340705343845052
24.462826550738633,10.94306530727252
24.462826550738633,10.479151931271232
25.037195492454508,10.81051862841501
26.362662281029614,10.280331912984963
25.78829333931374,10.677971949557495
26.583573412458804,10.214058573556208
25.920840018171248,10.147785234127454
25.390653302741207,9.948965215841184
24.772102134739484,9.418778500411143
26.053386697028763,9.948965215841184
25.58947332102747,9.485051839839898
26.583573412458804,10.412878591842478
26.716120091316313,11.075611986130028
26.782393430745074,11.340705343845052
28.174133558748935,11.340705343845052
27.643946843318894,10.81051862841501
27.113760127888845,9.88269187641243
26.716120091316313,9.418778500411143
28.704320274178976,9.750145197554922
28.041586879891426,9.219958482124873
27.776493522176402,9.485051839839898
27.511400164461378,8.822318445552341
26.981213449031337,7.496851656977235
26.716120091316313,6.569024904974661
26.31848005474378,6.038838189544613
25.78829333931374,4.845918079827015
25.78829333931374,4.315731364396974
26.451026733601296,3.7855446489669333
27.113760127888845,
27.643946843318894,
27.312580146175115,
26.84866677017383,
26.892848996459662,
27.643946843318894,
27.180033467317607,
27.643946843318894,
26.716120091316313,
27.113760127888845,
28.969413631894,
28.43922691646396,
27.90904020103391,
27.511400164461378,
29.49960034732404,
29.89724038389658,
29.234506989609024,
29.89724038389658,
29.234506989609024,
30.073969289039923,
31.355253851329195,
30.891340475327908,
32.415627282189284,
31.885440566759243,
32.98999622390516,
33.21090735533435,
32.87954065819057,
32.283080603331776,
31.62034720904422,
31.156433833042932,
31.090160493614178,
31.090160493614178,
31.686620548472973,
31.222707172471686,
32.15053392447426,
32.15053392447426,
31.62034720904422,
31.156433833042932,
30.55997377818413,
29.89724038389658,
29.367053668466532,
28.969413631894,
29.89724038389658,
29.234506989609024,
30.162333741611597,
30.825067135899154,
30.825067135899154,
30.294880420469113,
29.963513723325335,
30.02978706275409,
29.49960034732404,
28.83686695303649,
28.174133558748935,
28.704320274178976,
28.10786021932018,
28.704320274178976,
28.174133558748935,
27.511400164461378,
26.981213449031337,
26.716120091316313,
27.643946843318894,
27.113760127888845,
27.643946843318894,
27.180033467317607,
26.451026733601296,
26.185933375886272,
25.722019999884985,
25.722019999884985,
26.053386697028763,
25.65574666045623,
26.583573412458804,
26.053386697028763,
25.390653302741207,
24.860466587311166,
24.330279871881118,
25.258106623883698,
24.72791990845365,
25.258106623883698,
24.59537322959614,
24.330279871881118,
23.932639835308585,
23.402453119878544,
22.872266404448496,
22.40835302844721,
21.811892973588414,
21.281706258158366,
21.41425293701588,
22.07698633130343,
21.613072955302144,
22.07698633130343,
21.21543291872961,
21.01661290044335,
20.4864261850133,
19.82369279072575,
19.558599433010727,
19.160959396438194,
18.498226002150638,
18.23313264443562,
17.835492607863088,
17.835492607863088,
17.835492607863088,
17.835492607863088,
17.17275921357553,
16.907665855860508,
16.377479140430466,
15.71474574614291,
15.184559030712869,
14.521825636425312,
13.991638920995271,
13.726545563280247,
13.328905526707715,
12.798718811277674,
12.401078774705141,
13.328905526707715,
12.864992150706428,
12.53362545356265,
12.003438738132608,
11.517434248988394,
12.268532095847625,
11.738345380417584,
11.738345380417584,
11.075611986130028,
10.412878591842478,
11.075611986130028,
10.412878591842478,
11.738345380417584,
12.268532095847625,
12.268532095847625,
11.67207204098883,
10.74424528898625,
10.214058573556208,
10.280331912984963,
10.94306530727252,
10.346605252413717,
10.94306530727252,
9.617598518697413,
4.845918079827015,
4.315731364396974,
3.918091327824442,
