Y(hoy),Y(ayer)
-0.9198624504747102,-0.8535891110459488
-0.9861357899034573,-1.648869184191014
-1.5825958447622668,-2.70924261505111
-1.9802358813347922,-2.5766959361935875
-1.913962541906045,-2.3116025784785705
-1.9802358813347922,-2.8417892939086187
-2.0465092207635536,-2.974335972766127
-1.913962541906045,-2.444149257336079
-1.9802358813347922,-2.5766959361935875
-1.913962541906045,-2.974335972766127
-1.648869184191014,-2.3116025784785705
-1.11868246876098,-1.913962541906045
-0.8535891110459488,-1.913962541906045
-0.8535891110459488,-1.383775826475997
-0.8535891110459488,-1.2512291476184885
0.6044243563866729,-1.7151425236197753
1.1346110718167068,-1.5163225053335054
1.4659777689604852,-0.8535891110459488
1.9961644843905333,-0.8535891110459488
3.5204512912519093,-0.8535891110459488
4.05063800668195,-0.3234023956159007
4.448278043254483,0.20678431981413326
5.6411981529720805,0.7369710352441814
6.237658207830883,0.20678431981413326
6.70157158383217,2.0624378238192946
7.364304978119726,1.5322511083892465
10.412878591842478,2.8577178969643597
10.015238555269946,3.8518179883956876
11.47325202270256,3.3879046123944008
11.075611986130028,4.448278043254483
12.268532095847625,4.845918079827015
12.401078774705141,5.508651474114572
13.328905526707715,6.436478226117146
12.931265490135182,6.038838189544613
14.389278957567804,6.966664941547194
13.859092242137756,7.496851656977235
15.71474574614291,8.557225087837324
15.184559030712869,8.159585051264791
17.040212534718023,10.94306530727252
16.64257249814549,10.412878591842478
19.558599433010727,10.015238555269946
20.79570176901416,11.605798701560076
20.221332827298284,12.135985416990117
21.590981842159223,12.798718811277674
22.342079689018455,13.196358847850206
23.99891317473734,12.53362545356265
23.402453119878544,12.401078774705141
22.872266404448496,12.401078774705141
25.56738220788455,13.859092242137756
24.993013266168674,13.328905526707715
24.462826550738633,12.931265490135182
26.451026733601296,14.919465672997845
27.643946843318894,14.389278957567804
27.113760127888845,16.244932461572958
27.643946843318894,15.71474574614291
26.981213449031337,17.30530589243304
26.185933375886272,16.907665855860508
25.920840018171248,18.36567932329313
25.523199981598715,17.968039286720597
24.993013266168674,19.95623946958326
24.529099890167387,19.42605275415322
23.932639835308585,21.01661290044335
23.269906441021035,20.4864261850133
22.474626367875963,21.811892973588414
22.209533010160946,21.41425293701588
21.811892973588414,22.872266404448496
21.347979597587127,22.342079689018455
22.07698633130343,24.72791990845365
21.54679961587339,24.19773319302361
22.07698633130343,23.667546477593568
21.41425293701588,25.78829333931374
21.149159579300857,25.258106623883698
21.149159579300857,26.31848005474378
21.347979597587127,28.24040689817769
21.878166313017168,27.643946843318894
22.916448630734337,27.113760127888845
22.342079689018455,29.89724038389658
24.241915419309443,29.234506989609024
23.667546477593568,28.704320274178976
24.72791990845365,29.89724038389658
24.330279871881118,29.49960034732404
25.832475565599573,28.969413631894
25.258106623883698,28.306680237606443
26.583573412458804,27.643946843318894
25.920840018171248,26.981213449031337
25.523199981598715,26.31848005474378
25.05928660559743,25.78829333931374
24.59537322959614,25.390653302741207
23.932639835308585,24.993013266168674
23.269906441021035,24.462826550738633
24.330279871881118,23.932639835308585
24.462826550738633,23.402453119878544
24.462826550738633,23.402453119878544
24.507008777024467,23.402453119878544
25.390653302741207,23.402453119878544
24.72791990845365,23.534999798736052
26.053386697028763,23.932639835308585
26.583573412458804,24.794193247882404
27.24630680674636,24.330279871881118
27.24630680674636,25.324379963312452
26.981213449031337,25.78829333931374
26.451026733601296,26.64984675188756
25.854566678742493,26.185933375886272
25.523199981598715,27.113760127888845
24.860466587311166,27.511400164461378
24.330279871881118,26.914940109602583
23.667546477593568,26.64984675188756
23.269906441021035,26.053386697028763
24.72791990845365,25.523199981598715
24.19773319302361,24.993013266168674
25.78829333931374,24.19773319302361
25.258106623883698,23.667546477593568
26.451026733601296,24.794193247882404
26.716120091316313,25.854566678742493
26.84866677017383,25.258106623883698
27.423035711889703,26.451026733601296
27.511400164461378,26.053386697028763
26.981213449031337,25.65574666045623
26.716120091316313,26.053386697028763
28.704320274178976,26.914940109602583
28.174133558748935,26.451026733601296
27.643946843318894,27.37885348560387
27.113760127888845,27.776493522176402
29.367053668466532,27.776493522176402
30.02978706275409,27.776493522176402
30.55997377818413,27.37885348560387
30.957613814756662,26.914940109602583
30.294880420469113,26.64984675188756
30.957613814756662,26.119660036457518
30.294880420469113,25.722019999884985
31.156433833042932,26.914940109602583
31.686620548472973,26.31848005474378
32.15053392447426,27.975313540462672
32.15053392447426,27.37885348560387
31.62034720904422,28.571773595321467
31.222707172471686,28.306680237606443
32.15053392447426,27.90904020103391
31.62034720904422,28.704320274178976
32.415627282189284,28.306680237606443
32.98999622390516,29.565873686752802
33.52018293933521,29.101960310751508
34.40382746505195,30.096060402182843
33.74109407076439,30.55997377818413
35.0665608593395,31.156433833042932
35.33165421705452,32.01798724561675
34.80146750162448,31.355253851329195
34.4701008044807,33.21090735533435
34.80146750162448,32.74699397933306
34.40382746505195,32.34935394276053
35.33165421705452,32.48190062161804
35.00028751991075,32.945813997619325
34.580556370195296,33.80736741019315
35.90602315877041,33.34345403419186
35.33165421705452,34.27128078619444
36.524574326772125,33.80736741019315
35.86184093248457,33.47600071304937
35.53047423534079,34.13873410733692
36.17111651648543,34.006187428479414
35.596747574769545,33.54227405247813
36.39202764791461,34.33755412562319
35.92811427191332,33.873640749621906
35.53047423534079,34.80146750162448
35.86184093248457,35.39792755648328
35.464200895912036,35.596747574769545
36.524574326772125,36.2594809690571
36.657121005629634,36.126934290199586
36.657121005629634,35.6630209141983
37.4524010787747,36.19320762962835
36.524574326772125,35.72929425362706
38.77786786734981,36.657121005629634
38.247681151919764,37.58494775763221
37.85004111534723,37.054761042202166
37.58494775763221,37.58494775763221
37.054761042202166,36.96639658963049
36.657121005629634,37.4524010787747
37.85004111534723,37.85004111534723
37.31985439991719,37.85004111534723
38.51277450963478,37.4524010787747
38.51277450963478,36.96639658963049
37.98258779420474,37.4524010787747
38.77786786734981,36.98848770277341
38.38022783077727,37.58494775763221
39.838241298209894,37.054761042202166
39.90451463763865,37.85004111534723
39.838241298209894,37.58494775763221
39.308054582779846,36.92221436334465
38.91041454620732,37.31985439991719
39.838241298209894,37.85004111534723
39.308054582779846,38.84414120677856
41.03116140792749,38.38022783077727
40.36842801363994,39.37432792220861
39.9707879770674,39.90451463763865
42.79845045936097,39.705694619352386
42.22408151764509,39.10923456449358
41.69389480221505,39.705694619352386
43.68209498507771,41.296254765642516
44.34482837936527,40.63352137135496
44.609921737080285,40.23588133478243
44.21228170050775,42.02526149935882
45.14010845251033,42.09153483878758
44.54364839765153,41.69389480221505
45.14010845251033,41.229981426213755
44.079735021650244,40.96488806849874
43.5495483062202,40.43470135306869
43.019361590790155,39.44060126163736
42.48917487536011,39.04296122506483
42.09153483878758,40.10333465592491
41.16370808678501,39.57314794049488
40.76606805021247,41.428801444500024
39.705694619352386,40.898614729069976
35.86184093248457,40.50097469249745
35.0665608593395,43.019361590790155
34.536374143909455,42.48917487536011
33.21090735533435,42.02526149935882
32.81326731876182,41.95898815993007
32.15053392447426,41.428801444500024
32.216807263903014,42.48917487536011
31.752893887901728,43.019361590790155
33.21090735533435,42.22408151764509
32.68072063990431,41.69389480221505
32.15053392447426,40.898614729069976
31.62034720904422,40.50097469249745
31.090160493614178,39.838241298209894
30.42742709932662,39.308054582779846
29.963513723325335,39.639421279923624
30.02978706275409,37.98258779420474
29.632147026181556,37.58494775763221
28.969413631894,36.657121005629634
28.43922691646396,35.99438761134208
27.643946843318894,35.596747574769545
27.113760127888845,35.0665608593395
26.583573412458804,34.66892082276697
26.053386697028763,33.21090735533435
25.58947332102747,32.68072063990431
25.05928660559743,32.283080603331776
24.529099890167387,31.885440566759243
23.932639835308585,31.355253851329195
23.269906441021035,32.68072063990431
22.60717304673348,32.15053392447426
22.2758063495897,34.050369654765255
22.342079689018455,33.47600071304937
21.679346294730898,33.07836067647684
21.149159579300857,35.33165421705452
20.4864261850133,34.80146750162448
20.088786148440768,34.536374143909455
21.149159579300857,34.006187428479414
20.618972863870816,33.34345403419186
21.41425293701588,32.68072063990431
22.07698633130343,32.01798724561675
22.673446386162233,31.355253851329195
23.13735976216352,30.692520457041645
22.872266404448496,30.02978706275409
22.342079689018455,29.49960034732404
22.342079689018455,28.969413631894
22.342079689018455,28.571773595321467
23.402453119878544,28.174133558748935
22.872266404448496,27.643946843318894
22.342079689018455,27.24630680674636
24.507008777024467,26.716120091316313
23.932639835308585,27.776493522176402
25.302288850169532,27.776493522176402
25.523199981598715,27.710220182747648
24.860466587311166,26.981213449031337
24.462826550738633,26.185933375886272
24.462826550738633,25.722019999884985
23.932639835308585,26.64984675188756
23.468726459307298,26.185933375886272
23.99891317473734,26.914940109602583
24.462826550738633,27.37885348560387
24.860466587311166,28.571773595321467
24.330279871881118,27.90904020103391
25.523199981598715,29.764693705039065
24.993013266168674,29.234506989609024
24.529099890167387,28.770593613607737
24.72791990845365,28.174133558748935
24.330279871881118,29.300780329037778
25.302288850169532,28.704320274178976
25.58947332102747,29.89724038389658
26.053386697028763,29.632147026181556
26.583573412458804,29.101960310751508
26.716120091316313,30.55997377818413
26.583573412458804,30.02978706275409
26.053386697028763,29.49960034732404
25.65574666045623,32.01798724561675
26.64984675188756,31.554073869615465
26.053386697028763,31.090160493614178
27.180033467317607,31.28898051190044
27.643946843318894,31.48780053018671
27.643946843318894,32.15053392447426
27.113760127888845,31.686620548472973
26.716120091316313,31.222707172471686
27.643946843318894,31.355253851329195
27.180033467317607,31.951713906187997
27.113760127888845,32.48190062161804
26.716120091316313,32.98999622390516
28.041586879891426,32.68072063990431
27.511400164461378,32.283080603331776
28.704320274178976,33.21090735533435
28.174133558748935,34.13873410733692
27.643946843318894,33.60854739190688
26.981213449031337,33.873640749621906
26.716120091316313,33.47600071304937
26.716120091316313,34.006187428479414
26.64984675188756,34.40382746505195
26.583573412458804,34.40382746505195
26.119660036457518,34.40382746505195
25.58947332102747,34.867740841053234
25.05928660559743,35.33165421705452
24.529099890167387,35.86184093248457
24.72791990845365,36.72339434505839
24.330279871881118,36.2594809690571
25.390653302741207,37.187307721059675
25.523199981598715,37.717494436489716
25.05928660559743,38.55695673592062
24.661646569024896,38.115134473062255
25.258106623883698,38.247681151919764
25.258106623883698,37.78376777591848
24.72791990845365,37.187307721059675
24.0651865141661,36.524574326772125
23.800093156451076,35.86184093248457
23.402453119878544,36.98848770277341
22.938539743877257,36.39202764791461
22.40835302844721,37.31985439991719
22.872266404448496,36.72339434505839
23.402453119878544,36.657121005629634
23.402453119878544,36.39202764791461
23.269906441021035,35.92811427191332
22.739719725590987,36.39202764791461
22.474626367875963,35.86184093248457
21.944439652445922,35.99438761134208
21.41425293701588,35.72929425362706
22.209533010160946,36.39202764791461
21.54679961587339,35.92811427191332
22.342079689018455,35.596747574769545
22.342079689018455,36.39202764791461
22.342079689018455,35.92811427191332
21.811892973588414,35.19910753819701
21.281706258158366,34.93401418048199
20.751519542728325,34.536374143909455
20.088786148440768,34.006187428479414
19.82369279072575,33.47600071304937
19.42605275415322,35.19910753819701
19.028412717580686,34.80146750162448
19.95623946958326,34.536374143909455
19.492326093581973,34.006187428479414
19.09468605700944,33.47600071304937
18.498226002150638,32.945813997619325
17.901765947291842,32.415627282189284
17.835492607863088,31.752893887901728
17.702945929005573,31.355253851329195
17.17275921357553,31.885440566759243
16.510025819287975,31.355253851329195
15.979839103857934,30.891340475327908
15.582199067285401,30.42742709932662
16.510025819287975,30.02978706275409
15.979839103857934,29.367053668466532
16.244932461572958,29.101960310751508
15.71474574614291,28.704320274178976
15.71474574614291,28.174133558748935
15.71474574614291,27.776493522176402
15.383379048999132,28.704320274178976
14.919465672997845,28.306680237606443
14.389278957567804,29.234506989609024
13.859092242137756,29.764693705039065
13.196358847850206,29.234506989609024
12.666172132420158,28.571773595321467
12.401078774705141,27.842766861605156
13.328905526707715,27.643946843318894
12.931265490135182,27.113760127888845
13.328905526707715,26.583573412458804
12.798718811277674,26.119660036457518
12.268532095847625,25.65574666045623
11.605798701560076,25.523199981598715
11.208158664987543,25.05928660559743
11.208158664987543,24.462826550738633
11.208158664987543,23.800093156451076
12.003438738132608,23.00481308330601
11.47325202270256,22.40835302844721
11.075611986130028,22.143259670732192
13.461452205565223,21.613072955302144
12.798718811277674,21.01661290044335
12.467352114133895,20.552699524442062
12.268532095847625,19.95623946958326
12.401078774705141,19.492326093581973
11.738345380417584,19.028412717580686
12.268532095847625,19.691146111868235
12.53362545356265,20.088786148440768
13.06381216899269,19.691146111868235
13.06381216899269,19.09468605700944
12.53362545356265,18.89586603872317
12.135985416990117,18.23313264443562
11.738345380417584,17.570399250148064
11.208158664987543,16.907665855860508
10.677971949557495,16.377479140430466
10.147785234127454,15.847292425000418
9.617598518697413,15.582199067285401
8.954865124409856,15.449652388427886
8.424678408979808,14.985739012426599
7.761945014692259,14.389278957567804
7.099211620404702,13.726545563280247
6.436478226117146,13.461452205565223
5.773744831829596,13.196358847850206
,12.599898792991404
,12.931265490135182
,13.461452205565223
,13.925365581566517
,14.256732278710288
,13.593998884422739
,12.931265490135182
,12.401078774705141
,11.738345380417584
,11.274432004416298
,10.94306530727252
,10.412878591842478
,11.539525362131315
,10.94306530727252
,12.003438738132608
,11.208158664987543
,10.677971949557495
,10.147785234127454
,9.683871858126167
,9.219958482124873
,8.822318445552341
,8.2921317301223
,7.894491693549767
,7.496851656977235
,6.966664941547194
,6.569024904974661
,6.171384868402129
,5.6411981529720805
,5.177284776970794
,4.713371400969507
