Y(hoy),Y(ayer)
7.894491693549767,4.647098061540753
7.894491693549767,4.315731364396974
7.894491693549767,3.8518179883956876
7.894491693549767,4.315731364396974
7.828218354121013,3.918091327824442
7.761945014692259,4.05063800668195
7.231758299262211,3.5867246306806635
6.834118262689678,3.5204512912519093
6.834118262689678,3.5204512912519093
6.767844923260924,3.1228112546793767
6.70157158383217,2.5263511998205814
6.171384868402129,2.2612578421055503
5.508651474114572,1.7973444661042635
4.845918079827015,1.3334310901029767
4.514551382683237,1.1346110718167068
4.580824722111998,0.6044243563866729
4.580824722111998,0.20678431981413326
3.918091327824442,0.20678431981413326
3.454177951823155,0.20678431981413326
3.8518179883956876,0.20678431981413326
3.3879046123944008,0.20678431981413326
4.315731364396974,0.20678431981413326
4.05063800668195,0.20678431981413326
3.5204512912519093,0.20678431981413326
3.5204512912519093,0.20678431981413326
3.3879046123944008,-0.1908557167583922
3.1228112546793767,-0.654769092759679
2.5926245392493286,-0.8535891110459488
2.46007786039182,-0.8535891110459488
2.46007786039182,-0.8535891110459488
2.46007786039182,-0.8535891110459488
2.46007786039182,-0.8535891110459488
1.929891144961772,-0.8535891110459488
1.399704429531738,-0.8535891110459488
1.9740733712476128,-0.8535891110459488
2.46007786039182,-0.8535891110459488
2.1287111632480418,-0.8535891110459488
1.5322511083892465,-0.8535891110459488
1.2671577506742295,-0.8535891110459488
1.2671577506742295,-0.8535891110459488
1.2671577506742295,-0.8535891110459488
1.2671577506742295,-0.8535891110459488
1.2671577506742295,-0.8535891110459488
1.2008844112454682,-0.8535891110459488
1.1346110718167068,-0.8535891110459488
0.6044243563866729,-0.8535891110459488
0.20678431981413326,-0.8535891110459488
1.1346110718167068,-0.8535891110459488
0.67069769581542,-0.8535891110459488
0.47187767752916443,-0.8535891110459488
0.20678431981413326,-0.8535891110459488
0.20678431981413326,-0.8535891110459488
0.20678431981413326,-0.8535891110459488
0.20678431981413326,-0.8535891110459488
0.20678431981413326,-0.8535891110459488
0.20678431981413326,-0.8535891110459488
0.20678431981413326,-0.8535891110459488
0.20678431981413326,-0.8535891110459488
0.20678431981413326,-0.3234023956159007
0.20678431981413326,0.20678431981413326
0.20678431981413326,0.20678431981413326
0.20678431981413326,0.20678431981413326
0.20678431981413326,0.20678431981413326
0.20678431981413326,0.6044243563866729
0.20678431981413326,1.2008844112454682
0.20678431981413326,1.664797787246755
0.20678431981413326,2.2612578421055503
0.20678431981413326,2.5263511998205814
0.20678431981413326,3.1228112546793767
0.2730576592428946,3.5204512912519093
0.9357910535304512,3.5204512912519093
0.47187767752916443,3.5867246306806635
1.2671577506742295,4.1169113461107045
1.399704429531738,4.580824722111998
1.9740733712476128,5.442378134685818
2.194984502676803,4.978464758684531
1.664797787246755,5.972564850115859
1.2671577506742295,6.436478226117146
2.194984502676803,7.298031638690972
1.7310711266755163,6.834118262689678
1.929891144961772,7.761945014692259
1.399704429531738,8.2921317301223
1.4659777689604852,9.15368514269612
1.9961644843905333,8.689771766694832
2.46007786039182,9.617598518697413
2.46007786039182,10.81051862841501
2.46007786039182,10.147785234127454
3.299540159822719,12.069712077561363
2.725171218106837,11.47325202270256
3.564633517537743,13.196358847850206
4.580824722111998,12.53362545356265
4.05063800668195,14.521825636425312
4.580824722111998,13.859092242137756
4.580824722111998,15.847292425000418
4.580824722111998,15.184559030712869
4.580824722111998,17.040212534718023
4.05063800668195,16.510025819287975
3.6529979701094177,18.23313264443562
4.359913590682808,17.570399250148064
4.625006948397832,18.962139378151925
5.6411981529720805,19.028412717580686
5.1110114375420395,19.028412717580686
5.773744831829596,19.42605275415322
5.906291510687105,22.07698633130343
6.569024904974661,21.613072955302144
7.231758299262211,21.01661290044335
7.761945014692259,20.4864261850133
8.027038372407276,19.95623946958326
8.623498427266078,24.241915419309443
9.087411803267365,23.667546477593568
8.954865124409856,23.13735976216352
8.689771766694832,22.60717304673348
8.159585051264791,26.097568923314597
7.894491693549767,25.523199981598715
7.894491693549767,24.993013266168674
7.960765032978522,27.511400164461378
8.2921317301223,26.84866677017383
7.894491693549767,28.83686695303649
8.888591784981102,28.174133558748935
9.485051839839898,30.096060402182843
10.147785234127454,29.49960034732404
10.147785234127454,31.222707172471686
10.412878591842478,30.55997377818413
10.015238555269946,32.48190062161804
11.075611986130028,31.885440566759243
11.274432004416298,34.050369654765255
11.804618719846339,33.47600071304937
12.268532095847625,32.945813997619325
12.268532095847625,35.99438761134208
11.804618719846339,35.33165421705452
11.340705343845052,34.80146750162448
11.738345380417584,38.247681151919764
12.268532095847625,37.717494436489716
11.738345380417584,37.187307721059675
11.406978683273806,36.657121005629634
12.047620964418442,40.898614729069976
12.577807679848483,40.36842801363994
12.135985416990117,39.838241298209894
13.328905526707715,39.308054582779846
14.389278957567804,38.77786786734981
13.859092242137756,42.75426823307514
12.931265490135182,42.22408151764509
13.859092242137756,41.69389480221505
13.461452205565223,44.477375058222776
14.786918994140336,43.81464166393522
14.256732278710288,43.28445494850518
15.449652388427886,45.80284184679789
16.046112443286688,45.14010845251033
16.64257249814549,46.53184858051419
16.907665855860508,46.46557524108544
17.570399250148064,45.9353885256554
17.570399250148064,45.40520181022535
17.040212534718023,44.87501509479531
16.708845837574245,44.411101718794015
16.775119177003,43.81464166393522
17.371579231861794,43.15190826964766
16.907665855860508,42.48917487536011
17.835492607863088,41.82644148107256
17.835492607863088,41.097434747356246
18.89586603872317,40.898614729069976
18.36567932329313,40.43470135306869
17.968039286720597,39.838241298209894
19.95623946958326,39.308054582779846
19.42605275415322,38.91041454620732
19.42605275415322,39.838241298209894
19.028412717580686,39.37432792220861
20.353879506155792,38.6453211884923
19.82369279072575,37.98258779420474
21.01661290044335,37.51867441820345
20.68524620329957,36.98848770277341
20.221332827298284,37.51867441820345
21.281706258158366,37.054761042202166
20.751519542728325,37.98258779420474
22.07698633130343,38.91041454620732
21.54679961587339,38.38022783077727
20.884066221585833,40.23588133478243
20.353879506155792,39.57314794049488
21.01661290044335,40.76606805021247
20.4864261850133,40.10333465592491
21.613072955302144,39.44060126163736
22.07698633130343,38.6453211884923
21.74561963415966,38.115134473062255
21.281706258158366,37.717494436489716
22.872266404448496,37.25358106048843
22.342079689018455,36.78966768448714
21.811892973588414,36.39202764791461
23.667546477593568,35.92811427191332
24.330279871881118,36.2594809690571
24.462826550738633,35.72929425362706
24.72791990845365,36.126934290199586
24.330279871881118,35.6630209141983
25.258106623883698,35.19910753819701
25.854566678742493,34.80146750162448
26.451026733601296,34.27128078619444
26.892848996459662,33.74109407076439
27.643946843318894,33.2771806947631
27.180033467317607,32.68072063990431
26.981213449031337,32.283080603331776
26.716120091316313,31.885440566759243
27.113760127888845,31.42152719075795
26.716120091316313,31.222707172471686
27.643946843318894,31.222707172471686
27.180033467317607,30.957613814756662
26.782393430745074,30.361153759897867
27.423035711889703,29.632147026181556
27.776493522176402,28.969413631894
27.953222427319744,28.306680237606443
28.704320274178976,27.90904020103391
28.24040689817769,27.710220182747648
28.43922691646396,27.180033467317607
27.975313540462672,26.716120091316313
28.969413631894,27.113760127888845
28.571773595321467,27.710220182747648
29.367053668466532,27.776493522176402
28.83686695303649,28.24040689817769
29.89724038389658,28.704320274178976
29.300780329037778,28.24040689817769
28.903140292465245,27.90904020103391
29.54378257360988,28.571773595321467
28.969413631894,28.83686695303649
30.825067135899154,29.300780329037778
30.22860708104035,29.764693705039065
30.825067135899154,29.300780329037778
30.162333741611597,28.83686695303649
29.89724038389658,28.306680237606443
29.49960034732404,27.776493522176402
28.969413631894,28.43922691646396
30.55997377818413,29.300780329037778
30.02978706275409,28.83686695303649
29.49960034732404,29.89724038389658
31.090160493614178,30.02978706275409
31.134342719900012,30.02978706275409
32.45980950847512,30.02978706275409
31.885440566759243,30.692520457041645
31.355253851329195,30.162333741611597
33.21090735533435,31.222707172471686
33.21090735533435,31.222707172471686
32.54817396104679,31.222707172471686
32.283080603331776,30.957613814756662
32.283080603331776,30.361153759897867
32.15053392447426,30.162333741611597
31.62034720904422,30.957613814756662
31.222707172471686,30.42742709932662
32.01798724561675,31.355253851329195
32.68072063990431,32.54817396104679
33.21090735533435,31.885440566759243
32.68072063990431,33.2771806947631
32.15053392447426,33.21090735533435
31.62034720904422,32.68072063990431
31.090160493614178,32.283080603331776
30.42742709932662,32.945813997619325
29.764693705039065,33.2771806947631
29.101960310751508,32.945813997619325
28.306680237606443,32.48190062161804
28.041586879891426,32.945813997619325
27.643946843318894,32.54817396104679
26.981213449031337,33.34345403419186
26.716120091316313,33.34345403419186
26.583573412458804,34.13873410733692
26.053386697028763,33.60854739190688
25.523199981598715,34.40382746505195
25.05928660559743,34.867740841053234
24.529099890167387,35.33165421705452
24.330279871881118,35.86184093248457
24.0651865141661,36.524574326772125
23.534999798736052,36.524574326772125
23.269906441021035,35.99438761134208
22.739719725590987,35.72929425362706
22.209533010160946,36.39202764791461
21.41425293701588,35.99438761134208
21.149159579300857,37.25358106048843
20.618972863870816,36.78966768448714
20.353879506155792,37.78376777591848
19.95623946958326,38.247681151919764
19.42605275415322,38.84414120677856
19.028412717580686,38.77786786734981
19.95623946958326,38.31395449134852
19.42605275415322,37.85004111534723
19.09468605700944,38.31395449134852
18.630772681008153,38.77786786734981
17.968039286720597,39.308054582779846
17.702945929005573,40.898614729069976
17.17275921357553,40.36842801363994
16.708845837574245,39.838241298209894
16.64257249814549,43.5495483062202
16.377479140430466,43.019361590790155
15.847292425000418,42.48917487536011
15.71474574614291,41.95898815993007
15.052012351855353,41.428801444500024
14.588098975854066,45.71447739422621
14.786918994140336,45.14010845251033
15.493834614713727,44.609921737080285
15.71474574614291,44.079735021650244
16.244932461572958,47.52594867194553
16.775119177003,47.06203529594424
17.040212534718023,46.46557524108544
16.64257249814549,46.99576195651548
17.702945929005573,46.598121919942955
17.835492607863088,47.39340199308802
17.835492607863088,46.79694193822922
17.835492607863088,46.200481883370415
17.879674834148922,45.73656850736913
18.89586603872317,45.14010845251033
18.36567932329313,44.54364839765153
17.968039286720597,46.33302856222792
19.95623946958326,45.9353885256554
19.42605275415322,45.53774848908286
20.088786148440768,45.73656850736913
20.088786148440768,46.33302856222792
20.15505948786953,45.9353885256554
20.79570176901416,45.40520181022535
20.221332827298284,44.87501509479531
21.01661290044335,44.411101718794015
20.4864261850133,43.81464166393522
20.088786148440768,43.41700162736269
21.01661290044335,44.079735021650244
20.4864261850133,43.61582164564895
21.149159579300857,44.079735021650244
21.149159579300857,43.68209498507771
21.21543291872961,43.81464166393522
21.613072955302144,43.15190826964766
21.149159579300857,42.48917487536011
22.209533010160946,42.02526149935882
22.209533010160946,41.428801444500024
21.944439652445922,41.03116140792749
21.54679961587339,40.63352137135496
21.21543291872961,40.16960799535367
21.21543291872961,39.57314794049488
21.856075199874248,39.04296122506483
21.281706258158366,38.51277450963478
22.342079689018455,37.98258779420474
22.342079689018455,37.31985439991719
22.342079689018455,36.92221436334465
22.40835302844721,36.524574326772125
22.938539743877257,35.92811427191332
23.402453119878544,35.39792755648328
23.402453119878544,34.93401418048199
23.932639835308585,34.536374143909455
23.402453119878544,33.873640749621906
24.462826550738633,33.21090735533435
23.932639835308585,32.54817396104679
23.534999798736052,31.885440566759243
24.19773319302361,31.355253851329195
24.0651865141661,30.825067135899154
23.534999798736052,30.162333741611597
24.529099890167387,30.02978706275409
23.932639835308585,30.02978706275409
25.05928660559743,29.632147026181556
25.523199981598715,29.101960310751508
25.65574666045623,28.704320274178976
26.119660036457518,28.24040689817769
25.65574666045623,28.505500255892713
26.583573412458804,28.041586879891426
26.053386697028763,29.101960310751508
25.722019999884985,29.83096704446782
26.451026733601296,30.096060402182843
26.716120091316313,31.62034720904422
26.716120091316313,31.090160493614178
26.716120091316313,30.55997377818413
26.64984675188756,33.07836067647684
26.451026733601296,32.54817396104679
26.185933375886272,32.084260585045506
25.832475565599573,31.885440566759243
26.583573412458804,31.42152719075795
26.119660036457518,32.15053392447426
25.65574666045623,31.48780053018671
25.390653302741207,30.825067135899154
25.125559945026183,30.162333741611597
24.59537322959614,30.096060402182843
24.462826550738633,30.692520457041645
24.462826550738633,31.28898051190044
24.330279871881118,31.929622793045077
24.0651865141661,31.48780053018671
23.534999798736052,31.62034720904422
23.269906441021035,31.222707172471686
22.872266404448496,31.222707172471686
22.209533010160946,31.222707172471686
21.54679961587339,31.222707172471686
21.01661290044335,31.686620548472973
20.4864261850133,31.222707172471686
20.088786148440768,32.01798724561675
21.01661290044335,31.42152719075795
20.552699524442062,31.222707172471686
20.353879506155792,30.825067135899154
20.088786148440768,30.162333741611597
19.95623946958326,29.367053668466532
19.293506075295703,29.101960310751508
18.630772681008153,30.096060402182843
17.968039286720597,29.632147026181556
17.30530589243304,30.55997377818413
16.775119177003,31.090160493614178
16.64257249814549,32.01798724561675
15.979839103857934,31.48780053018671
15.648472406714156,32.283080603331776
15.71474574614291,31.885440566759243
15.250832370141623,31.355253851329195
15.71474574614291,30.891340475327908
14.919465672997845,30.294880420469113
14.389278957567804,31.48780053018671
13.859092242137756,30.825067135899154
13.461452205565223,32.15053392447426
14.389278957567804,31.62034720904422
13.859092242137756,31.090160493614178
14.389278957567804,30.55997377818413
13.925365581566517,30.294880420469113
13.527725544993984,30.957613814756662
13.328905526707715,30.957613814756662
12.666172132420158,30.361153759897867
12.401078774705141,30.02978706275409
12.268532095847625,30.096060402182843
11.738345380417584,31.222707172471686
11.274432004416298,30.55997377818413
11.208158664987543,31.885440566759243
10.81051862841501,32.283080603331776
10.214058573556208,32.34935394276053
10.015238555269946,32.98999622390516
10.015238555269946,32.54817396104679
,32.68072063990431
,32.283080603331776
,32.283080603331776
,32.283080603331776
,32.415627282189284
,33.21090735533435
,32.74699397933306
,32.01798724561675
,31.355253851329195
,30.891340475327908
,30.294880420469113
,30.162333741611597
,30.957613814756662
,30.42742709932662
,31.222707172471686
,31.090160493614178
,30.55997377818413
,30.096060402182843
,29.565873686752802
,29.101960310751508
,28.704320274178976
,28.24040689817769
,27.90904020103391
,28.571773595321467
,28.770593613607737
,28.306680237606443
,28.041586879891426
,28.704320274178976
,28.24040689817769
,27.511400164461378
,26.84866677017383
,26.384753394172535
,25.854566678742493
,26.31848005474378
,26.716120091316313
,26.31848005474378
,25.78829333931374
,25.324379963312452
,24.860466587311166
,24.462826550738633
,23.932639835308585
,23.468726459307298
,22.872266404448496
,22.40835302844721
,21.811892973588414
,21.149159579300857
,20.618972863870816
,20.221332827298284
,19.757419451296997
,19.22723273586695
,18.763319359865662
,18.36567932329313
,17.901765947291842
,17.570399250148064
,17.106485874146777
,16.775119177003
,16.907665855860508
,17.570399250148064
,17.040212534718023
,16.57629915871673
,16.112385782715442
,15.71474574614291
,15.250832370141623
,14.720645654711582
,14.256732278710288
,13.859092242137756
,13.395178866136469
,12.931265490135182
,12.666172132420158
,13.328905526707715
,12.864992150706428
,12.268532095847625
,11.605798701560076
,11.340705343845052
,10.94306530727252
,10.412878591842478
,10.412878591842478
,10.94306530727252
