Y(hoy),Y(ayer)
5.707471492400835,4.713371400969507
5.1110114375420395,4.713371400969507
4.978464758684531,4.183184685539466
5.420287021542897,3.5867246306806635
5.3761047952570635,3.3879046123944008
4.713371400969507,2.990264575821868
4.05063800668195,2.5263511998205814
3.5867246306806635,2.3275311815343116
3.078629028393536,2.3275311815343116
2.990264575821868,1.664797787246755
3.3879046123944008,2.194984502676803
2.7914445575355984,1.7973444661042635
1.2671577506742295,1.664797787246755
1.2008844112454682,1.2671577506742295
0.6927888089583405,1.2008844112454682
0.47187767752916443,0.6044243563866729
0.20678431981413326,0.20678431981413326
-0.9861357899034573,0.20678431981413326
-1.2070469213326476,0.20678431981413326
-1.648869184191014,-0.45594907447342337
-0.8535891110459488,-0.8535891110459488
-1.450049165904744,-0.8535891110459488
-1.9802358813347922,-0.8535891110459488
-2.179055899621062,-0.8535891110459488
-1.913962541906045,-0.8535891110459488
-0.9861357899034573,-0.8535891110459488
-0.8535891110459488,-0.8535891110459488
-0.8535891110459488,-0.9861357899034573
-0.8535891110459488,-1.648869184191014
-0.5884957533309318,-1.913962541906045
-0.05830903790088371,-1.5163225053335054
1.7310711266755163,-0.8535891110459488
2.3275311815343116,-1.2512291476184885
2.3275311815343116,-1.648869184191014
2.769353444392678,-1.7151425236197753
3.3879046123944008,-1.11868246876098
3.829726875252767,-1.7372336367626815
5.1110114375420395,-1.2512291476184885
5.906291510687105,-1.7151425236197753
7.364304978119726,-1.8476892024772837
8.424678408979808,-1.2512291476184885
7.894491693549767,-0.8535891110459488
12.003438738132608,-0.8535891110459488
13.328905526707715,-0.8535891110459488
12.798718811277674,-0.8535891110459488
12.401078774705141,-0.7210424321884403
18.763319359865662,0.20678431981413326
18.100585965578105,0.8695177141016899
17.570399250148064,1.2671577506742295
16.907665855860508,1.664797787246755
16.907665855860508,2.194984502676803
17.570399250148064,2.990264575821868
18.630772681008153,3.3879046123944008
18.100585965578105,4.05063800668195
19.95623946958326,4.448278043254483
19.42605275415322,4.845918079827015
21.281706258158366,5.906291510687105
20.751519542728325,5.3761047952570635
20.353879506155792,7.761945014692259
22.60717304673348,7.231758299262211
22.07698633130343,8.888591784981102
23.800093156451076,8.2921317301223
23.13735976216352,10.147785234127454
24.59537322959614,9.750145197554922
25.258106623883698,11.208158664987543
27.776493522176402,11.870892059275093
25.78829333931374,13.328905526707715
29.49960034732404,12.798718811277674
28.969413631894,12.268532095847625
31.355253851329195,15.979839103857934
30.957613814756662,15.449652388427886
33.21090735533435,15.052012351855353
32.68072063990431,17.570399250148064
34.40382746505195,17.17275921357553
35.33165421705452,18.630772681008153
34.867740841053234,19.09468605700944
35.0665608593395,19.691146111868235
34.536374143909455,19.293506075295703
34.006187428479414,19.42605275415322
33.47600071304937,18.89586603872317
32.945813997619325,18.36567932329313
32.48190062161804,18.03431262614935
31.885440566759243,19.160959396438194
31.355253851329195,18.630772681008153
30.957613814756662,18.23313264443562
30.55997377818413,20.4864261850133
29.101960310751508,19.95623946958326
30.42742709932662,19.558599433010727
29.89724038389658,21.811892973588414
31.156433833042932,21.281706258158366
32.216807263903014,20.884066221585833
31.62034720904422,23.13735976216352
31.090160493614178,22.60717304673348
32.15053392447426,24.19773319302361
32.81326731876182,23.667546477593568
34.006187428479414,24.993013266168674
33.74109407076439,24.59537322959614
33.34345403419186,25.523199981598715
31.355253851329195,26.053386697028763
30.957613814756662,27.90904020103391
30.02978706275409,27.511400164461378
29.632147026181556,29.49960034732404
28.83686695303649,28.969413631894
30.162333741611597,28.571773595321467
28.704320274178976,31.885440566759243
28.24040689817769,31.355253851329195
27.842766861605156,30.825067135899154
27.975313540462672,33.74109407076439
28.43922691646396,33.21090735533435
27.90904020103391,32.68072063990431
27.445126825032624,35.33165421705452
26.84866677017383,34.80146750162448
26.185933375886272,34.40382746505195
25.722019999884985,36.19320762962835
28.174133558748935,35.72929425362706
27.57767350389014,36.657121005629634
30.162333741611597,37.231489947345516
28.969413631894,36.92221436334465
27.445126825032624,36.39202764791461
26.782393430745074,35.72929425362706
27.643946843318894,35.0665608593395
26.981213449031337,34.27128078619444
26.451026733601296,33.74109407076439
25.78829333931374,32.945813997619325
25.523199981598715,32.415627282189284
25.191833284454937,31.885440566759243
24.72791990845365,31.355253851329195
26.451026733601296,30.825067135899154
25.258106623883698,30.294880420469113
27.643946843318894,29.367053668466532
27.113760127888845,30.891340475327908
25.78829333931374,30.294880420469113
26.31848005474378,31.355253851329195
25.832475565599573,31.885440566759243
26.583573412458804,31.48780053018671
27.113760127888845,32.415627282189284
26.31848005474378,32.81326731876182
25.78829333931374,33.34345403419186
26.84866677017383,34.66892082276697
27.37885348560387,34.006187428479414
26.451026733601296,35.33165421705452
26.914940109602583,34.93401418048199
26.451026733601296,34.4701008044807
25.65574666045623,34.006187428479414
26.914940109602583,33.47600071304937
27.37885348560387,31.885440566759243
26.84866677017383,31.355253851329195
27.37885348560387,30.825067135899154
29.764693705039065,30.294880420469113
29.16823365018027,29.764693705039065
28.83686695303649,29.234506989609024
26.716120091316313,29.89724038389658
29.764693705039065,29.89724038389658
29.234506989609024,29.234506989609024
28.83686695303649,29.764693705039065
28.174133558748935,29.300780329037778
28.483409142749792,29.101960310751508
28.041586879891426,29.764693705039065
28.969413631894,29.234506989609024
28.704320274178976,28.174133558748935
28.174133558748935,27.710220182747648
27.776493522176402,26.583573412458804
28.770593613607737,26.053386697028763
28.174133558748935,25.523199981598715
29.49960034732404,25.05928660559743
29.035686971322754,24.661646569024896
28.43922691646396,25.258106623883698
27.975313540462672,26.64984675188756
28.505500255892713,26.053386697028763
29.234506989609024,26.583573412458804
28.704320274178976,25.987113357600002
28.174133558748935,26.583573412458804
27.776493522176402,26.716120091316313
29.764693705039065,27.24630680674636
29.234506989609024,27.776493522176402
30.162333741611597,27.776493522176402
29.035686971322754,27.776493522176402
28.969413631894,27.37885348560387
28.969413631894,26.84866677017383
28.969413631894,26.053386697028763
29.367053668466532,25.65574666045623
28.83686695303649,26.84866677017383
30.02978706275409,28.24040689817769
29.632147026181556,28.704320274178976
28.571773595321467,28.24040689817769
28.041586879891426,28.306680237606443
29.234506989609024,28.83686695303649
28.704320274178976,28.306680237606443
28.174133558748935,27.776493522176402
31.090160493614178,27.776493522176402
30.55997377818413,28.174133558748935
30.162333741611597,28.83686695303649
29.963513723325335,29.632147026181556
29.963513723325335,29.49960034732404
30.073969289039923,29.101960310751508
31.090160493614178,30.02978706275409
30.55997377818413,30.825067135899154
30.957613814756662,30.361153759897867
32.15053392447426,29.764693705039065
31.752893887901728,29.234506989609024
32.945813997619325,29.764693705039065
32.48190062161804,29.234506989609024
31.885440566759243,30.825067135899154
31.355253851329195,30.361153759897867
32.415627282189284,30.02978706275409
32.01798724561675,29.433327007895286
33.60854739190688,29.101960310751508
33.07836067647684,30.692520457041645
40.898614729069976,30.42742709932662
40.50097469249745,30.02978706275409
40.898614729069976,29.367053668466532
40.36842801363994,30.957613814756662
39.838241298209894,30.294880420469113
39.308054582779846,31.222707172471686
38.77786786734981,31.222707172471686
38.115134473062255,31.090160493614178
37.58494775763221,30.42742709932662
37.31985439991719,30.162333741611597
36.78966768448714,30.825067135899154
36.2594809690571,30.361153759897867
35.64092980105538,29.69842036561031
38.51277450963478,29.234506989609024
37.98258779420474,31.62034720904422
37.4524010787747,31.090160493614178
36.92221436334465,30.55997377818413
36.39202764791461,32.15053392447426
41.95898815993007,31.62034720904422
41.428801444500024,31.222707172471686
39.308054582779846,30.825067135899154
40.36842801363994,30.42742709932662
39.838241298209894,31.156433833042932
39.308054582779846,31.355253851329195
38.84414120677856,31.885440566759243
38.446501170206034,31.752893887901728
37.98258779420474,31.222707172471686
37.4524010787747,32.415627282189284
34.93401418048199,33.2771806947631
35.596747574769545,32.81326731876182
36.657121005629634,33.07836067647684
36.657121005629634,32.61444730047555
38.247681151919764,33.21090735533435
37.85004111534723,33.74109407076439
39.04296122506483,33.34345403419186
38.6453211884923,36.657121005629634
36.78966768448714,36.126934290199586
35.596747574769545,35.596747574769545
35.0665608593395,39.57314794049488
34.536374143909455,39.17550790392234
34.006187428479414,38.6453211884923
32.15053392447426,43.019361590790155
31.752893887901728,42.48917487536011
29.764693705039065,42.02526149935882
29.234506989609024,41.428801444500024
28.704320274178976,40.898614729069976
27.113760127888845,40.36842801363994
26.716120091316313,41.95898815993007
26.053386697028763,41.428801444500024
25.523199981598715,43.019361590790155
24.993013266168674,42.48917487536011
23.932639835308585,41.95898815993007
20.088786148440768,41.428801444500024
20.751519542728325,40.63352137135496
21.01661290044335,40.10333465592491
20.4864261850133,39.705694619352386
20.088786148440768,39.35223680906569
19.028412717580686,38.91041454620732
19.470234980439052,40.50097469249745
19.160959396438194,40.23588133478243
18.697046020436908,39.17550790392234
18.100585965578105,38.51277450963478
18.674954907293987,38.115134473062255
18.89586603872317,37.4524010787747
20.618972863870816,36.92221436334465
21.281706258158366,35.86184093248457
21.878166313017168,35.464200895912036
22.474626367875963,35.0665608593395
23.13735976216352,34.66892082276697
22.60717304673348,36.39202764791461
21.811892973588414,35.86184093248457
21.281706258158366,35.92811427191332
20.618972863870816,36.92221436334465
20.15505948786953,36.39202764791461
19.757419451296997,38.247681151919764
19.22723273586695,37.717494436489716
19.691146111868235,40.898614729069976
19.028412717580686,40.36842801363994
21.811892973588414,39.838241298209894
21.281706258158366,41.95898815993007
23.13735976216352,41.428801444500024
22.540899707304725,39.308054582779846
22.342079689018455,38.77786786734981
21.149159579300857,38.247681151919764
23.468726459307298,37.85004111534723
23.402453119878544,37.4524010787747
22.872266404448496,36.78966768448714
22.474626367875963,36.126934290199586
23.667546477593568,35.596747574769545
23.13735976216352,35.0665608593395
22.60717304673348,34.536374143909455
22.209533010160946,34.006187428479414
23.402453119878544,32.68072063990431
25.65574666045623,32.15053392447426
26.097568923314597,31.62034720904422
26.31848005474378,30.02978706275409
25.78829333931374,29.49960034732404
25.324379963312452,29.101960310751508
24.772102134739484,28.43922691646396
25.523199981598715,28.041586879891426
26.64984675188756,27.113760127888845
26.185933375886272,26.31848005474378
25.78829333931374,25.78829333931374
26.119660036457518,25.258106623883698
25.65574666045623,24.72791990845365
26.583573412458804,24.19773319302361
27.643946843318894,23.667546477593568
27.180033467317607,22.07698633130343
27.643946843318894,20.751519542728325
27.113760127888845,20.088786148440768
26.892848996459662,19.691146111868235
28.174133558748935,19.160959396438194
27.643946843318894,20.79570176901416
28.43922691646396,20.221332827298284
27.975313540462672,19.691146111868235
28.969413631894,20.4864261850133
28.43922691646396,19.82369279072575
28.041586879891426,19.359779414724457
30.162333741611597,19.82369279072575
26.84866677017383,19.22723273586695
27.776493522176402,19.691146111868235
27.24630680674636,20.088786148440768
27.710220182747648,20.4864261850133
28.704320274178976,21.347979597587127
28.174133558748935,20.884066221585833
27.511400164461378,21.811892973588414
26.84866677017383,22.209533010160946
26.451026733601296,22.07698633130343
26.716120091316313,21.54679961587339
26.84866677017383,21.01661290044335
27.776493522176402,20.4864261850133
27.113760127888845,21.01661290044335
26.716120091316313,20.618972863870816
26.716120091316313,20.221332827298284
27.04748678846009,21.54679961587339
27.643946843318894,21.01661290044335
27.180033467317607,22.07698633130343
27.643946843318894,21.281706258158366
26.716120091316313,22.342079689018455
27.113760127888845,21.944439652445922
27.643946843318894,23.13735976216352
27.113760127888845,22.60717304673348
26.583573412458804,22.07698633130343
25.920840018171248,21.54679961587339
25.65574666045623,21.149159579300857
25.258106623883698,21.811892973588414
24.92673992673992,22.60717304673348
25.390653302741207,23.269906441021035
24.860466587311166,23.800093156451076
25.523199981598715,24.330279871881118
26.716120091316313,23.932639835308585
26.053386697028763,23.402453119878544
27.37885348560387,22.651355273019313
26.64984675188756,23.402453119878544
27.643946843318894,25.258106623883698
27.113760127888845,24.72791990845365
26.053386697028763,25.722019999884985
25.58947332102747,26.31848005474378
24.993013266168674,26.716120091316313
24.59537322959614,26.716120091316313
22.342079689018455,26.31848005474378
21.811892973588414,25.78829333931374
20.751519542728325,26.31848005474378
19.42605275415322,27.511400164461378
18.630772681008153,26.84866677017383
18.100585965578105,28.770593613607737
17.702945929005573,28.174133558748935
17.30530589243304,29.300780329037778
16.64257249814549,29.764693705039065
15.979839103857934,29.234506989609024
15.383379048999132,28.704320274178976
15.052012351855353,28.041586879891426
16.841392516431753,27.776493522176402
16.377479140430466,27.37885348560387
17.835492607863088,26.84866677017383
17.30530589243304,26.716120091316313
16.841392516431753,28.24040689817769
17.30530589243304,27.643946843318894
16.775119177003,27.113760127888845
16.244932461572958,29.764693705039065
15.449652388427886,29.300780329037778
14.919465672997845,28.704320274178976
14.389278957567804,29.234506989609024
13.726545563280247,29.101960310751508
13.461452205565223,29.69842036561031
13.06381216899269,29.234506989609024
12.53362545356265,28.704320274178976
12.003438738132608,27.113760127888845
11.605798701560076,26.583573412458804
11.208158664987543,26.053386697028763
10.015238555269946,25.65574666045623
11.075611986130028,26.451026733601296
10.147785234127454,27.24630680674636
9.617598518697413,27.643946843318894
9.087411803267365,27.113760127888845
8.557225087837324,27.643946843318894
7.894491693549767,27.776493522176402
,27.37885348560387
,26.84866677017383
,25.78829333931374
,26.185933375886272
,26.716120091316313
,27.180033467317607
,27.511400164461378
,26.84866677017383
,26.31848005474378
,25.78829333931374
,26.84866677017383
,26.31848005474378
,27.776493522176402
,27.643946843318894
,27.113760127888845
,26.583573412458804
,26.053386697028763
,25.523199981598715
,24.860466587311166
,24.59537322959614
,26.31848005474378
,25.920840018171248
,26.64984675188756
,26.053386697028763
,25.65574666045623
,25.258106623883698
,24.59537322959614
,24.59537322959614
,24.860466587311166
,25.258106623883698
,25.58947332102747
,25.125559945026183
,24.72791990845365
,24.0651865141661
,23.667546477593568
,25.258106623883698
,24.59537322959614
,23.932639835308585
,22.07698633130343
,21.54679961587339
,20.884066221585833
,20.420152845584546
,20.088786148440768
,21.01661290044335
,20.618972863870816
,19.42605275415322
,18.89586603872317
,18.36567932329313
,17.040212534718023
,16.510025819287975
,15.979839103857934
,15.449652388427886
,14.919465672997845
,14.521825636425312
,15.184559030712869
,15.847292425000418
,16.510025819287975
,16.046112443286688
,15.582199067285401
,15.184559030712869
,14.65437231528282
,13.991638920995271
,13.328905526707715
,12.666172132420158
,12.003438738132608
,11.47325202270256
,10.94306530727252
,10.412878591842478
,11.075611986130028
,10.147785234127454
,9.617598518697413
,9.087411803267365
,8.689771766694832
,8.2921317301223
,7.894491693549767
,8.424678408979808
,8.954865124409856
