Y(hoy),Y(ayer)
6.834118262689678,5.773744831829596
6.834118262689678,5.773744831829596
7.099211620404702,5.773744831829596
7.761945014692259,5.84001817125835
7.4305783175484805,6.569024904974661
6.834118262689678,5.906291510687105
5.84001817125835,5.1110114375420395
5.773744831829596,4.713371400969507
5.773744831829596,4.713371400969507
5.6411981529720805,4.315731364396974
5.1110114375420395,3.7855446489669333
4.1169113461107045,2.8577178969643597
3.454177951823155,2.3275311815343116
3.5867246306806635,2.2612578421055503
3.5204512912519093,1.664797787246755
3.078629028393536,1.2671577506742295
2.5263511998205814,1.2671577506742295
2.46007786039182,1.2008844112454682
2.1287111632480418,0.33933099867164174
1.664797787246755,0.20678431981413326
0.9357910535304512,0.20678431981413326
0.33933099867164174,0.20678431981413326
1.1346110718167068,0.20678431981413326
0.67069769581542,0.20678431981413326
0.47187767752916443,0.07423764095662477
1.1346110718167068,-0.45594907447342337
0.67069769581542,-0.8535891110459488
0.8695177141016899,-0.1908557167583922
0.47187767752916443,0.20678431981413326
0.20678431981413326,0.14051098038538612
-0.12458237732964506,-0.45594907447342337
-0.7210424321884403,-0.8535891110459488
-0.8535891110459488,-0.8535891110459488
-0.5222224139021705,-0.8535891110459488
0.07423764095662477,-0.8535891110459488
-0.389675735044662,-0.8535891110459488
-0.8535891110459488,-0.7210424321884403
-0.1908557167583922,-0.05830903790088371
-0.654769092759679,-0.45594907447342337
-0.8535891110459488,-0.8535891110459488
-0.41176684818758247,-0.8535891110459488
-0.05830903790088371,-0.8535891110459488
0.47187767752916443,-0.8535891110459488
1.5985244478179936,-0.8535891110459488
2.3275311815343116,-0.8535891110459488
1.7973444661042635,-0.8535891110459488
4.514551382683237,-0.8535891110459488
5.177284776970794,-0.8535891110459488
5.6411981529720805,-0.8535891110459488
6.303931547259637,-0.8535891110459488
7.629398335834743,-0.8535891110459488
8.557225087837324,-0.7210424321884403
8.027038372407276,-0.05830903790088371
10.015238555269946,-0.5222224139021705
9.352505160982389,0.07423764095662477
11.208158664987543,0.20678431981413326
10.677971949557495,0.20678431981413326
12.31271432213346,0.20678431981413326
11.738345380417584,0.6044243563866729
13.638181110708572,1.2671577506742295
13.06381216899269,1.2671577506742295
14.919465672997845,1.2671577506742295
14.389278957567804,1.664797787246755
16.244932461572958,2.194984502676803
15.71474574614291,2.8577178969643597
15.317105709570377,3.3879046123944008
17.30530589243304,3.918091327824442
16.775119177003,4.448278043254483
17.702945929005573,5.3761047952570635
17.570399250148064,4.978464758684531
16.907665855860508,5.906291510687105
16.311205801001712,6.303931547259637
15.71474574614291,7.099211620404702
16.244932461572958,7.629398335834743
17.30530589243304,9.087411803267365
16.775119177003,8.557225087837324
18.89586603872317,10.412878591842478
25.523199981598715,9.88269187641243
25.125559945026183,9.485051839839898
26.84866677017383,11.47325202270256
26.451026733601296,10.94306530727252
28.704320274178976,12.798718811277674
29.8088759313249,12.268532095847625
29.234506989609024,11.870892059275093
31.134342719900012,14.12418559985278
30.55997377818413,13.593998884422739
32.415627282189284,13.196358847850206
31.885440566759243,15.449652388427886
33.74109407076439,14.919465672997845
33.21090735533435,14.521825636425312
32.81326731876182,16.775119177003
35.33165421705452,16.244932461572958
34.80146750162448,15.847292425000418
37.25358106048843,17.835492607863088
36.657121005629634,17.30530589243304
37.717494436489716,18.763319359865662
37.31985439991719,18.299405983864375
36.657121005629634,18.498226002150638
35.33165421705452,17.968039286720597
34.80146750162448,19.691146111868235
34.13873410733692,19.160959396438194
33.34345403419186,19.42605275415322
32.81326731876182,18.89586603872317
32.34935394276053,18.36567932329313
33.21090735533435,17.968039286720597
32.68072063990431,17.968039286720597
32.15053392447426,18.89586603872317
31.62034720904422,18.498226002150638
31.090160493614178,19.82369279072575
31.090160493614178,21.281706258158366
31.023887154185417,23.13735976216352
30.42742709932662,22.60717304673348
30.02978706275409,26.31848005474378
30.02978706275409,25.78829333931374
30.604156004469964,25.258106623883698
31.355253851329195,24.72791990845365
32.74699397933306,26.981213449031337
32.15053392447426,27.511400164461378
34.27128078619444,29.234506989609024
33.74109407076439,28.704320274178976
33.34345403419186,28.306680237606443
32.945813997619325,30.294880420469113
31.885440566759243,29.764693705039065
31.355253851329195,31.62034720904422
30.692520457041645,31.090160493614178
30.096060402182843,30.692520457041645
30.096060402182843,32.945813997619325
30.692520457041645,32.415627282189284
31.090160493614178,32.01798724561675
30.957613814756662,34.006187428479414
30.55997377818413,33.47600071304937
30.096060402182843,36.126934290199586
30.692520457041645,35.596747574769545
30.957613814756662,35.0665608593395
31.156433833042932,34.66892082276697
29.89724038389658,37.78376777591848
32.15053392447426,37.187307721059675
31.62034720904422,36.78966768448714
31.355253851329195,38.31395449134852
30.825067135899154,38.6453211884923
30.294880420469113,37.98258779420474
29.764693705039065,37.85004111534723
29.300780329037778,37.4524010787747
30.02978706275409,36.92221436334465
29.49960034732404,36.126934290199586
29.101960310751508,35.596747574769545
29.565873686752802,35.0665608593395
30.096060402182843,34.40382746505195
30.162333741611597,34.006187428479414
29.234506989609024,33.47600071304937
28.571773595321467,32.68072063990431
28.041586879891426,32.283080603331776
27.776493522176402,32.283080603331776
30.073969289039923,31.885440566759243
29.49960034732404,31.355253851329195
28.571773595321467,31.222707172471686
31.355253851329195,31.885440566759243
30.825067135899154,31.355253851329195
32.15053392447426,32.945813997619325
31.62034720904422,32.415627282189284
31.090160493614178,33.34345403419186
30.55997377818413,32.81326731876182
31.62034720904422,32.283080603331776
31.156433833042932,32.15053392447426
30.692520457041645,31.62034720904422
29.89724038389658,31.222707172471686
33.21090735533435,31.222707172471686
32.68072063990431,31.42152719075795
32.15053392447426,31.929622793045077
31.62034720904422,31.62034720904422
30.55997377818413,31.222707172471686
30.02978706275409,31.222707172471686
29.49960034732404,31.885440566759243
29.035686971322754,31.48780053018671
30.02978706275409,31.355253851329195
31.885440566759243,30.825067135899154
31.355253851329195,30.294880420469113
30.825067135899154,30.825067135899154
29.101960310751508,30.42742709932662
29.83096704446782,30.02978706275409
29.300780329037778,29.49960034732404
29.764693705039065,28.571773595321467
28.83686695303649,28.10786021932018
30.869249362184988,28.43922691646396
30.294880420469113,28.903140292465245
29.234506989609024,29.49960034732404
32.01798724561675,29.101960310751508
31.090160493614178,29.89724038389658
29.89724038389658,29.367053668466532
31.62034720904422,29.234506989609024
32.15053392447426,29.83096704446782
31.62034720904422,30.162333741611597
30.626247117612884,30.825067135899154
29.89724038389658,31.222707172471686
29.632147026181556,31.62034720904422
29.234506989609024,32.216807263903014
29.89724038389658,31.885440566759243
29.234506989609024,30.825067135899154
30.55997377818413,30.361153759897867
31.090160493614178,31.090160493614178
30.55997377818413,30.692520457041645
30.096060402182843,31.62034720904422
30.825067135899154,32.01798724561675
30.294880420469113,31.090160493614178
30.825067135899154,30.294880420469113
30.162333741611597,30.692520457041645
29.89724038389658,30.957613814756662
31.355253851329195,30.42742709932662
32.15053392447426,30.825067135899154
29.89724038389658,30.42742709932662
31.090160493614178,32.74699397933306
32.283080603331776,32.15053392447426
32.15053392447426,31.62034720904422
31.686620548472973,31.222707172471686
31.222707172471686,34.27128078619444
29.89724038389658,33.74109407076439
29.49960034732404,33.21090735533435
29.035686971322754,32.68072063990431
32.283080603331776,32.216807263903014
30.162333741611597,31.664529435330053
29.632147026181556,31.222707172471686
29.101960310751508,32.415627282189284
31.222707172471686,32.01798724561675
30.692520457041645,32.945813997619325
30.02978706275409,32.15053392447426
29.367053668466532,31.686620548472973
28.903140292465245,31.090160493614178
30.825067135899154,30.626247117612884
30.294880420469113,30.162333741611597
29.89724038389658,32.15053392447426
32.15053392447426,31.62034720904422
31.62034720904422,33.07836067647684
31.48780053018671,32.61444730047555
33.21090735533435,32.54817396104679
32.81326731876182,32.01798724561675
34.27128078619444,30.825067135899154
33.74109407076439,32.15053392447426
33.74109407076439,31.62034720904422
33.34345403419186,30.162333741611597
33.34345403419186,34.27128078619444
33.60854739190688,33.74109407076439
34.006187428479414,33.21090735533435
38.247681151919764,32.68072063990431
37.717494436489716,32.54817396104679
41.69389480221505,31.885440566759243
41.16370808678501,31.355253851329195
40.63352137135496,30.891340475327908
40.10333465592491,30.42742709932662
39.705694619352386,30.02978706275409
41.16370808678501,30.294880420469113
41.69389480221505,30.825067135899154
40.76606805021247,30.162333741611597
41.95898815993007,30.294880420469113
41.428801444500024,31.355253851329195
41.03116140792749,32.283080603331776
39.9707879770674,31.752893887901728
36.524574326772125,31.222707172471686
37.58494775763221,33.47600071304937
38.77786786734981,32.87954065819057
38.91041454620732,32.415627282189284
37.98258779420474,34.27128078619444
37.31985439991719,33.21090735533435
36.92221436334465,32.68072063990431
35.6630209141983,32.15053392447426
36.59084766620087,31.62034720904422
35.86184093248457,30.692520457041645
35.464200895912036,30.294880420469113
40.898614729069976,30.825067135899154
40.36842801363994,31.885440566759243
39.838241298209894,31.48780053018671
36.39202764791461,32.945813997619325
43.019361590790155,32.48190062161804
42.62172155421762,32.34935394276053
33.21090735533435,32.945813997619325
32.68072063990431,33.34345403419186
32.283080603331776,32.945813997619325
31.62034720904422,32.48190062161804
31.222707172471686,33.47600071304937
24.993013266168674,40.76606805021247
24.462826550738633,40.10333465592491
23.932639835308585,39.57314794049488
23.269906441021035,39.04296122506483
22.673446386162233,38.51277450963478
23.13735976216352,37.98258779420474
23.932639835308585,37.4524010787747
23.402453119878544,36.92221436334465
22.209533010160946,36.39202764791461
22.872266404448496,35.99438761134208
22.40835302844721,34.13873410733692
21.149159579300857,42.02526149935882
23.269906441021035,41.428801444500024
22.60717304673348,41.69389480221505
22.209533010160946,41.16370808678501
21.811892973588414,39.838241298209894
21.281706258158366,39.308054582779846
22.342079689018455,38.91041454620732
21.811892973588414,40.898614729069976
23.402453119878544,40.23588133478243
22.872266404448496,39.705694619352386
23.534999798736052,38.6453211884923
21.944439652445922,37.4524010787747
21.41425293701588,36.92221436334465
21.811892973588414,39.705694619352386
21.41425293701588,39.308054582779846
22.40835302844721,38.91041454620732
22.07698633130343,39.17550790392234
21.613072955302144,38.115134473062255
20.81779288215708,37.717494436489716
20.221332827298284,37.187307721059675
20.751519542728325,36.657121005629634
21.54679961587339,36.19320762962835
21.149159579300857,35.72929425362706
24.59537322959614,36.39202764791461
23.534999798736052,35.86184093248457
24.0651865141661,36.524574326772125
24.72791990845365,38.51277450963478
25.258106623883698,37.98258779420474
25.125559945026183,40.898614729069976
24.59537322959614,40.36842801363994
24.131459853594855,39.838241298209894
23.800093156451076,39.44060126163736
23.269906441021035,46.200481883370415
26.583573412458804,45.53774848908286
26.053386697028763,45.00756177365282
25.523199981598715,44.609921737080285
24.993013266168674,44.079735021650244
26.583573412458804,43.5495483062202
26.119660036457518,43.019361590790155
25.65574666045623,42.22408151764509
25.258106623883698,41.82644148107256
24.59537322959614,44.34482837936527
24.59537322959614,43.81464166393522
25.523199981598715,43.28445494850518
25.920840018171248,42.75426823307514
26.451026733601296,42.22408151764509
27.643946843318894,41.82644148107256
27.113760127888845,40.36842801363994
26.583573412458804,39.308054582779846
26.053386697028763,37.98258779420474
25.65574666045623,37.58494775763221
26.716120091316313,36.657121005629634
26.716120091316313,36.126934290199586
29.278689215894858,35.72929425362706
28.704320274178976,33.74109407076439
28.306680237606443,33.21090735533435
31.090160493614178,32.68072063990431
30.55997377818413,32.15053392447426
30.02978706275409,31.62034720904422
29.367053668466532,31.090160493614178
29.101960310751508,30.626247117612884
28.704320274178976,30.294880420469113
28.174133558748935,30.825067135899154
27.37885348560387,30.162333741611597
26.981213449031337,28.969413631894
26.31848005474378,28.43922691646396
25.78829333931374,27.113760127888845
27.643946843318894,26.185933375886272
27.113760127888845,25.258106623883698
26.31848005474378,24.72791990845365
25.920840018171248,24.330279871881118
26.84866677017383,23.932639835308585
28.24040689817769,23.402453119878544
27.445126825032624,22.872266404448496
28.770593613607737,22.40835302844721
27.511400164461378,21.679346294730898
26.981213449031337,21.21543291872961
27.643946843318894,21.944439652445922
27.113760127888845,23.13735976216352
26.64984675188756,22.60717304673348
26.053386697028763,24.462826550738633
25.258106623883698,24.19773319302361
24.72791990845365,23.667546477593568
26.583573412458804,23.269906441021035
26.053386697028763,22.07698633130343
25.523199981598715,21.54679961587339
25.125559945026183,22.07698633130343
29.764693705039065,21.679346294730898
29.16823365018027,21.01661290044335
28.83686695303649,20.4864261850133
27.643946843318894,20.088786148440768
27.113760127888845,21.347979597587127
28.306680237606443,20.751519542728325
29.764693705039065,22.342079689018455
29.234506989609024,21.811892973588414
28.83686695303649,23.00481308330601
28.483409142749792,22.474626367875963
28.83686695303649,21.944439652445922
27.776493522176402,21.54679961587339
27.511400164461378,21.149159579300857
26.981213449031337,21.149159579300857
26.716120091316313,21.54679961587339
27.643946843318894,23.402453119878544
28.704320274178976,22.872266404448496
28.306680237606443,24.19773319302361
28.041586879891426,23.667546477593568
27.776493522176402,23.13735976216352
29.764693705039065,22.673446386162233
29.16823365018027,22.872266404448496
29.234506989609024,22.474626367875963
28.704320274178976,23.269906441021035
27.90904020103391,23.534999798736052
27.37885348560387,24.19773319302361
26.384753394172535,25.125559945026183
25.832475565599573,24.59537322959614
29.035686971322754,25.125559945026183
28.571773595321467,24.462826550738633
26.583573412458804,23.932639835308585
29.89724038389658,23.534999798736052
29.367053668466532,25.258106623883698
28.969413631894,24.860466587311166
28.969413631894,24.661646569024896
28.63804693475022,25.05928660559743
28.174133558748935,24.59537322959614
27.511400164461378,27.180033467317607
26.84866677017383,26.583573412458804
25.65574666045623,26.053386697028763
26.185933375886272,25.523199981598715
28.704320274178976,27.643946843318894
28.174133558748935,26.583573412458804
27.643946843318894,26.053386697028763
27.113760127888845,25.58947332102747
29.49960034732404,25.125559945026183
29.89724038389658,24.772102134739484
29.300780329037778,25.78829333931374
28.704320274178976,25.390653302741207
28.041586879891426,27.423035711889703
28.041586879891426,26.84866677017383
25.302288850169532,26.31848005474378
24.72791990845365,27.15794235417468
25.523199981598715,28.571773595321467
24.860466587311166,28.041586879891426
24.330279871881118,27.511400164461378
22.342079689018455,26.782393430745074
21.679346294730898,26.716120091316313
21.01661290044335,26.981213449031337
20.353879506155792,27.643946843318894
20.088786148440768,28.306680237606443
19.691146111868235,28.969413631894
19.160959396438194,29.764693705039065
21.01661290044335,29.300780329037778
20.4864261850133,28.571773595321467
20.751519542728325,28.306680237606443
20.221332827298284,27.90904020103391
19.95623946958326,27.24630680674636
19.293506075295703,26.84866677017383
18.630772681008153,27.90904020103391
18.100585965578105,27.511400164461378
17.570399250148064,28.306680237606443
17.040212534718023,28.83686695303649
16.510025819287975,28.306680237606443
16.112385782715442,27.776493522176402
15.71474574614291,28.174133558748935
15.184559030712869,28.571773595321467
14.698554541568662,27.90904020103391
15.449652388427886,27.445126825032624
14.85319233356909,26.981213449031337
15.449652388427886,27.511400164461378
14.389278957567804,28.43922691646396
13.859092242137756,29.764693705039065
13.196358847850206,29.234506989609024
12.931265490135182,28.704320274178976
12.401078774705141,28.041586879891426
11.738345380417584,28.43922691646396
11.208158664987543,27.643946843318894
10.677971949557495,27.113760127888845
10.94306530727252,26.716120091316313
10.545425270699987,27.643946843318894
,27.24630680674636
,28.704320274178976
,28.24040689817769
,27.643946843318894
,27.180033467317607
,26.716120091316313
,27.180033467317607
,27.511400164461378
,26.84866677017383
,26.31848005474378
,25.78829333931374
,26.31848005474378
,27.180033467317607
,26.716120091316313
,27.710220182747648
,27.776493522176402
,27.37885348560387
,26.914940109602583
,27.37885348560387
,26.84866677017383
,26.451026733601296
,24.993013266168674
,24.462826550738633
,23.932639835308585
,23.468726459307298
,23.534999798736052
,24.0651865141661
,23.13735976216352
,22.07698633130343
,21.54679961587339
,21.082886239872103
,20.618972863870816
,20.221332827298284
,19.691146111868235
,19.160959396438194
,18.498226002150638
,17.968039286720597
,19.160959396438194
,18.630772681008153
,19.95623946958326
,19.492326093581973
,18.962139378151925
,18.498226002150638
,18.100585965578105
,17.63667258957682
,17.040212534718023
,16.64257249814549
,15.979839103857934
,15.317105709570377
,14.65437231528282
,14.12418559985278
,13.593998884422739
,13.06381216899269
,12.666172132420158
,13.196358847850206
,12.666172132420158
,12.268532095847625
,11.605798701560076
,10.94306530727252
,10.280331912984963
,10.0815118946987
,10.015238555269946
