Y(hoy),Y(ayer)
9.02113846383861,6.834118262689678
9.087411803267365,7.099211620404702
9.15368514269612,8.358405069551054
9.087411803267365,7.761945014692259
9.087411803267365,8.689771766694832
9.087411803267365,8.093311711836037
8.756045106123587,7.894491693549767
8.159585051264791,7.894491693549767
7.960765032978522,7.629398335834743
7.761945014692259,7.032938280975948
7.231758299262211,6.834118262689678
7.0108471678330275,6.834118262689678
7.761945014692259,6.834118262689678
7.298031638690972,6.436478226117146
7.099211620404702,5.972564850115859
6.834118262689678,5.773744831829596
6.767844923260924,5.773744831829596
6.70157158383217,5.3761047952570635
6.237658207830883,4.91219141925577
5.84001817125835,4.713371400969507
5.773744831829596,4.713371400969507
5.6411981529720805,4.183184685539466
4.978464758684531,3.6529979701094177
4.514551382683237,4.183184685539466
5.1110114375420395,4.315731364396974
4.713371400969507,3.918091327824442
5.6411981529720805,3.5204512912519093
5.1110114375420395,3.0565379152506154
4.448278043254483,2.65889787867809
3.8518179883956876,3.3216312729656394
3.454177951823155,4.315731364396974
3.5204512912519093,3.7855446489669333
3.5204512912519093,3.7855446489669333
2.923991236393107,3.3216312729656394
2.46007786039182,2.8577178969643597
2.46007786039182,2.3938045209630587
1.929891144961772,2.3275311815343116
1.5322511083892465,2.3275311815343116
1.929891144961772,2.0624378238192946
2.3275311815343116,1.4659777689604852
1.5985244478179936,1.2671577506742295
1.2671577506742295,1.2671577506742295
1.2671577506742295,1.1346110718167068
1.2671577506742295,0.6044243563866729
1.2671577506742295,0.20678431981413326
1.2008844112454682,0.20678431981413326
1.1346110718167068,0.20678431981413326
0.6044243563866729,0.20678431981413326
0.5381510169579116,0.20678431981413326
1.1346110718167068,0.20678431981413326
0.67069769581542,0.20678431981413326
0.5381510169579116,0.20678431981413326
0.20678431981413326,0.20678431981413326
0.07423764095662477,0.07423764095662477
-0.5222224139021705,-0.5884957533309318
-0.45594907447342337,-0.1908557167583922
0.07423764095662477,-0.7873157716172017
-0.45594907447342337,-0.8535891110459488
-0.1466734904725655,-0.8535891110459488
-0.5884957533309318,-0.8535891110459488
0.07423764095662477,-0.8535891110459488
-0.5222224139021705,-0.8535891110459488
-0.8535891110459488,-0.7873157716172017
-0.8535891110459488,-0.05830903790088371
-0.8535891110459488,-0.5884957533309318
-0.8535891110459488,-0.45594907447342337
-0.8535891110459488,-0.8535891110459488
-0.8535891110459488,-0.8535891110459488
-0.8535891110459488,-0.8535891110459488
-0.8535891110459488,-0.8535891110459488
-0.8535891110459488,-0.389675735044662
-0.8535891110459488,0.14051098038538612
-0.8535891110459488,0.20678431981413326
-0.7873157716172017,0.20678431981413326
-0.389675735044662,0.20678431981413326
-0.8535891110459488,0.20678431981413326
0.07423764095662477,0.20678431981413326
0.20678431981413326,0.20678431981413326
0.20678431981413326,0.67069769581542
0.20678431981413326,1.1346110718167068
0.20678431981413326,0.7369710352441814
0.20678431981413326,0.4056043381004031
0.20678431981413326,1.0020643929591984
0.33933099867164174,1.2671577506742295
0.9136999403875308,1.2671577506742295
1.1346110718167068,1.4659777689604852
0.6044243563866729,2.0624378238192946
0.20678431981413326,2.3275311815343116
1.1346110718167068,2.5926245392493286
0.6044243563866729,3.255357933536885
1.3334310901029767,2.725171218106837
1.5322511083892465,2.3275311815343116
2.23916672896263,2.3938045209630587
2.46007786039182,2.5263511998205814
2.46007786039182,3.0565379152506154
2.46007786039182,3.5204512912519093
2.46007786039182,4.315731364396974
2.46007786039182,3.918091327824442
1.929891144961772,3.918091327824442
1.399704429531738,3.6529979701094177
1.929891144961772,4.315731364396974
2.46007786039182,4.713371400969507
2.46007786039182,4.779644740398261
2.8577178969643597,5.3761047952570635
2.3275311815343116,4.978464758684531
3.5204512912519093,5.773744831829596
2.8577178969643597,6.171384868402129
2.3938045209630587,6.569024904974661
2.725171218106837,5.972564850115859
2.3275311815343116,5.773744831829596
3.3879046123944008,5.773744831829596
3.5204512912519093,5.773744831829596
4.1169113461107045,6.303931547259637
4.580824722111998,5.773744831829596
4.580824722111998,7.629398335834743
4.580824722111998,6.966664941547194
4.625006948397832,7.894491693549767
5.420287021542897,7.894491693549767
4.845918079827015,8.027038372407276
5.707471492400835,8.557225087837324
6.171384868402129,9.02113846383861
6.70157158383217,10.280331912984963
6.237658207830883,9.617598518697413
5.84001817125835,9.219958482124873
5.972564850115859,10.94306530727252
6.569024904974661,10.412878591842478
7.0108471678330275,10.147785234127454
7.761945014692259,10.147785234127454
7.364304978119726,10.214058573556208
7.761945014692259,10.677971949557495
7.231758299262211,11.208158664987543
6.834118262689678,12.135985416990117
7.761945014692259,11.605798701560076
7.298031638690972,12.401078774705141
7.099211620404702,12.401078774705141
6.834118262689678,12.798718811277674
7.032938280975948,13.991638920995271
7.629398335834743,13.328905526707715
7.894491693549767,15.317105709570377
8.027038372407276,14.65437231528282
8.601407314123158,15.847292425000418
9.087411803267365,16.64257249814549
9.131594029553199,16.377479140430466
10.147785234127454,15.71474574614291
9.617598518697413,15.184559030712869
10.147785234127454,14.65437231528282
9.617598518697413,16.510025819287975
9.15368514269612,15.979839103857934
9.88269187641243,15.515925727856647
9.352505160982389,15.71474574614291
9.88269187641243,15.184559030712869
9.352505160982389,14.786918994140336
8.954865124409856,15.781019085571664
10.412878591842478,15.317105709570377
11.208158664987543,16.244932461572958
11.605798701560076,16.708845837574245
11.075611986130028,17.040212534718023
12.268532095847625,17.570399250148064
11.605798701560076,17.106485874146777
11.340705343845052,18.431952662721883
10.94306530727252,17.835492607863088
10.412878591842478,17.30530589243304
11.47325202270256,18.89586603872317
10.015238555269946,18.36567932329313
12.268532095847625,17.968039286720597
11.605798701560076,17.901765947291842
11.141885325558782,17.50412591071931
11.605798701560076,17.040212534718023
11.075611986130028,16.510025819287975
12.31271432213346,15.979839103857934
13.593998884422739,18.674954907293987
13.06381216899269,18.100585965578105
14.389278957567804,17.570399250148064
13.859092242137756,17.040212534718023
13.196358847850206,16.64257249814549
12.931265490135182,18.763319359865662
12.53362545356265,17.968039286720597
12.798718811277674,17.702945929005573
12.401078774705141,17.30530589243304
13.328905526707715,16.907665855860508
12.666172132420158,19.205141622724028
12.135985416990117,18.630772681008153
11.517434248988394,18.100585965578105
12.798718811277674,19.82369279072575
12.268532095847625,19.22723273586695
13.638181110708572,19.691146111868235
14.389278957567804,20.552699524442062
13.925365581566517,20.088786148440768
14.389278957567804,20.884066221585833
13.461452205565223,20.287606166727038
13.925365581566517,20.751519542728325
14.389278957567804,21.149159579300857
14.389278957567804,21.54679961587339
13.726545563280247,22.07698633130343
13.461452205565223,21.613072955302144
13.461452205565223,20.884066221585833
13.461452205565223,20.287606166727038
13.726545563280247,21.325888484444206
14.389278957567804,20.751519542728325
14.057912260424025,23.13735976216352
13.593998884422739,22.60717304673348
13.593998884422739,22.07698633130343
14.256732278710288,21.41425293701588
14.389278957567804,21.149159579300857
14.057912260424025,20.751519542728325
13.593998884422739,20.088786148440768
14.168367826138613,19.558599433010727
14.389278957567804,19.09468605700944
14.389278957567804,22.143259670732192
13.726545563280247,21.54679961587339
13.461452205565223,21.01661290044335
13.328905526707715,22.07698633130343
12.666172132420158,21.613072955302144
12.268532095847625,21.01661290044335
11.937165398703847,20.4864261850133
11.340705343845052,20.088786148440768
10.677971949557495,22.07698633130343
10.280331912984963,21.613072955302144
10.94306530727252,21.149159579300857
10.94306530727252,21.54679961587339
10.412878591842478,21.149159579300857
9.750145197554922,21.281706258158366
9.15368514269612,21.811892973588414
9.087411803267365,22.209533010160946
8.954865124409856,22.07698633130343
8.689771766694832,21.54679961587339
8.159585051264791,20.884066221585833
7.563124996405989,20.15505948786953
7.0108471678330275,20.618972863870816
7.761945014692259,20.088786148440768
7.298031638690972,21.856075199874248
7.231758299262211,21.281706258158366
6.70157158383217,21.54679961587339
6.171384868402129,21.21543291872961
5.773744831829596,21.856075199874248
7.761945014692259,21.41425293701588
7.231758299262211,21.54679961587339
6.70157158383217,21.01661290044335
6.171384868402129,20.4864261850133
7.496851656977235,20.088786148440768
6.834118262689678,21.01661290044335
6.171384868402129,20.618972863870816
5.707471492400835,20.4864261850133
5.6411981529720805,20.088786148440768
5.177284776970794,19.82369279072575
4.669189174683673,19.160959396438194
4.580824722111998,19.028412717580686
4.580824722111998,19.492326093581973
4.580824722111998,19.82369279072575
4.580824722111998,19.160959396438194
4.580824722111998,18.630772681008153
4.625006948397832,18.100585965578105
5.508651474114572,19.558599433010727
4.845918079827015,18.89586603872317
5.6411981529720805,18.498226002150638
5.1110114375420395,20.221332827298284
4.779644740398261,21.01661290044335
5.420287021542897,20.552699524442062
5.707471492400835,20.022512809012014
5.950473736972938,19.42605275415322
6.70157158383217,19.028412717580686
6.303931547259637,19.95623946958326
6.834118262689678,19.492326093581973
7.231758299262211,18.89586603872317
6.834118262689678,18.36567932329313
7.761945014692259,17.835492607863088
7.761945014692259,17.17275921357553
7.231758299262211,16.510025819287975
6.9003916021184395,15.847292425000418
6.834118262689678,15.582199067285401
6.834118262689678,15.582199067285401
6.834118262689678,15.184559030712869
6.834118262689678,14.720645654711582
6.834118262689678,14.190458939281534
6.966664941547194,13.593998884422739
7.541033883263069,13.196358847850206
7.894491693549767,12.53362545356265
7.894491693549767,12.069712077561363
8.027038372407276,11.406978683273806
8.601407314123158,11.870892059275093
9.087411803267365,11.340705343845052
9.087411803267365,13.06381216899269
9.087411803267365,12.467352114133895
8.557225087837324,12.268532095847625
8.071220598693117,11.738345380417584
9.396687387268223,11.340705343845052
8.822318445552341,11.075611986130028
10.147785234127454,10.545425270699987
10.147785234127454,10.147785234127454
10.677971949557495,9.617598518697413
10.147785234127454,9.15368514269612
11.208158664987543,9.219958482124873
11.208158664987543,9.88269187641243
11.252340891273377,9.485051839839898
13.06381216899269,9.087411803267365
12.599898792991404,8.623498427266078
12.003438738132608,8.093311711836037
11.47325202270256,7.894491693549767
13.660272223851493,7.894491693549767
13.991638920995271,7.496851656977235
13.196358847850206,7.032938280975948
12.53362545356265,7.496851656977235
13.107994395278524,7.894491693549767
14.389278957567804,7.894491693549767
13.859092242137756,7.960765032978522
14.985739012426599,8.557225087837324
15.582199067285401,8.159585051264791
15.847292425000418,8.954865124409856
16.510025819287975,8.822318445552341
16.112385782715442,8.2921317301223
15.582199067285401,7.894491693549767
16.775119177003,7.894491693549767
15.847292425000418,8.027038372407276
16.64257249814549,8.888591784981102
17.968039286720597,8.424678408979808
17.128576987289698,9.352505160982389
17.30530589243304,10.015238555269946
16.841392516431753,9.948965215841184
17.835492607863088,9.418778500411143
18.498226002150638,9.88269187641243
19.028412717580686,9.485051839839898
18.23313264443562,9.219958482124873
16.64257249814549,8.954865124409856
19.82369279072575,8.954865124409856
19.22723273586695,9.418778500411143
19.691146111868235,10.015238555269946
18.630772681008153,10.147785234127454
17.968039286720597,10.147785234127454
17.702945929005573,10.147785234127454
18.23313264443562,10.81051862841501
17.702945929005573,10.280331912984963
18.89586603872317,10.94306530727252
18.962139378151925,10.479151931271232
18.89586603872317,11.009338646701273
18.36567932329313,10.545425270699987
17.901765947291842,11.47325202270256
18.89586603872317,12.003438738132608
18.36567932329313,11.517434248988394
17.901765947291842,12.33480543527638
17.570399250148064,12.401078774705141
16.907665855860508,12.864992150706428
16.64257249814549,12.401078774705141
16.907665855860508,13.395178866136469
17.570399250148064,13.461452205565223
17.17275921357553,13.461452205565223
16.64257249814549,13.859092242137756
17.040212534718023,14.389278957567804
16.377479140430466,14.720645654711582
15.582199067285401,15.184559030712869
15.317105709570377,15.582199067285401
14.919465672997845,15.979839103857934
16.55420804557381,16.64257249814549
16.112385782715442,16.907665855860508
15.184559030712869,17.349488118718874
14.786918994140336,17.040212534718023
15.71474574614291,16.510025819287975
15.184559030712869,15.847292425000418
14.65437231528282,16.377479140430466
14.521825636425312,17.437852571290556
14.389278957567804,17.30530589243304
13.726545563280247,16.775119177003
13.461452205565223,15.979839103857934
12.798718811277674,16.377479140430466
12.401078774705141,17.17275921357553
12.268532095847625,17.835492607863088
11.340705343845052,18.100585965578105
11.208158664987543,18.498226002150638
11.208158664987543,19.028412717580686
10.545425270699987,18.630772681008153
10.0815118946987,18.23313264443562
,17.30530589243304
,16.907665855860508
,18.36567932329313
,17.835492607863088
,19.691146111868235
,19.95623946958326
,19.293506075295703
,19.95623946958326
,20.088786148440768
,20.221332827298284
,20.751519542728325
,21.149159579300857
,20.751519542728325
,20.15505948786953
,20.221332827298284
,21.01661290044335
,20.552699524442062
,19.82369279072575
,19.558599433010727
,19.160959396438194
,18.498226002150638
,18.100585965578105
,18.962139378151925
,18.498226002150638
,18.89586603872317
,18.23313264443562
,17.570399250148064
,17.040212534718023
,18.630772681008153
,18.16685930500686
,17.570399250148064
,17.040212534718023
,16.510025819287975
,15.979839103857934
,15.847292425000418
,16.64257249814549
,16.57629915871673
,16.112385782715442
,15.71474574614291
,15.250832370141623
,14.720645654711582
,14.256732278710288
,13.859092242137756
,13.06381216899269
,12.53362545356265
,12.069712077561363
,11.517434248988394
,12.003438738132608
,11.208158664987543
,10.545425270699987
,10.147785234127454
,10.015238555269946
,9.418778500411143
,8.954865124409856
