Y(hoy),Y(ayer)
-0.9198624504747102,-0.8535891110459488
-1.4279580527618378,-0.9861357899034573
-2.5104225967648404,-1.5163225053335054
-2.974335972766127,-1.913962541906045
-2.5766959361935875,-1.913962541906045
-2.5104225967648404,-1.913962541906045
-2.974335972766127,-1.913962541906045
-2.5104225967648404,-1.913962541906045
-2.70924261505111,-1.913962541906045
-2.974335972766127,-1.913962541906045
-2.974335972766127,-1.7814158630485224
-2.974335972766127,-0.8535891110459488
-2.5104225967648404,-1.383775826475997
-1.11868246876098,-1.8476892024772837
-0.9861357899034573,-1.11868246876098
-1.8476892024772837,-1.648869184191014
-0.9198624504747102,-0.8535891110459488
-1.383775826475997,-0.8535891110459488
-0.5222224139021705,-0.45594907447342337
0.14051098038538612,0.07423764095662477
-0.3234023956159007,0.47187767752916443
0.20678431981413326,0.8695177141016899
0.7369710352441814,1.2671577506742295
1.2671577506742295,1.664797787246755
2.725171218106837,2.3275311815343116
3.299540159822719,2.3275311815343116
3.5204512912519093,2.7914445575355984
3.6529979701094177,3.255357933536885
4.05063800668195,4.05063800668195
5.177284776970794,4.580824722111998
4.713371400969507,5.1110114375420395
5.707471492400835,6.038838189544613
12.268532095847625,6.569024904974661
11.738345380417584,7.099211620404702
14.65437231528282,7.629398335834743
14.12418559985278,8.424678408979808
13.593998884422739,8.954865124409856
13.196358847850206,9.750145197554922
15.71474574614291,10.412878591842478
17.040212534718023,11.738345380417584
17.570399250148064,11.340705343845052
18.16685930500686,14.12418559985278
18.763319359865662,13.593998884422739
19.42605275415322,13.06381216899269
19.95623946958326,12.53362545356265
20.221332827298284,16.510025819287975
21.54679961587339,15.979839103857934
21.01661290044335,15.449652388427886
23.13735976216352,14.919465672997845
22.739719725590987,14.521825636425312
25.258106623883698,17.040212534718023
24.72791990845365,17.702945929005573
27.643946843318894,17.968039286720597
29.49960034732404,18.498226002150638
29.101960310751508,19.293506075295703
33.47600071304937,19.95623946958326
33.07836067647684,21.281706258158366
35.0665608593395,20.751519542728325
34.536374143909455,20.353879506155792
36.126934290199586,23.13735976216352
35.596747574769545,22.60717304673348
39.57314794049488,22.07698633130343
41.95898815993007,25.258106623883698
41.428801444500024,24.72791990845365
43.88091500336398,24.19773319302361
43.28445494850518,23.800093156451076
44.34482837936527,28.43922691646396
45.18429067879617,27.90904020103391
44.609921737080285,27.37885348560387
44.21228170050775,26.981213449031337
43.15190826964766,29.49960034732404
42.62172155421762,30.825067135899154
42.157808178216335,30.42742709932662
42.09153483878758,31.885440566759243
41.82644148107256,32.945813997619325
41.428801444500024,34.536374143909455
41.03116140792749,34.006187428479414
42.003170386215906,36.39202764791461
43.41700162736269,35.86184093248457
42.48917487536011,35.33165421705452
41.95898815993007,34.93401418048199
41.49507478392878,40.10333465592491
41.16370808678501,39.57314794049488
41.69389480221505,39.04296122506483
43.41700162736269,38.51277450963478
42.22408151764509,42.75426823307514
37.58494775763221,42.22408151764509
36.92221436334465,41.69389480221505
36.524574326772125,41.296254765642516
37.4524010787747,44.411101718794015
38.247681151919764,43.81464166393522
37.85004111534723,43.41700162736269
37.98258779420474,44.87501509479531
36.92221436334465,45.47147514965411
36.524574326772125,45.670295167940374
34.93401418048199,46.200481883370415
34.27128078619444,45.670295167940374
33.74109407076439,44.34482837936527
33.07836067647684,43.81464166393522
32.415627282189284,43.28445494850518
31.885440566759243,42.886814911932646
31.355253851329195,42.42290153593136
31.48780053018671,42.886814911932646
32.283080603331776,42.22408151764509
31.355253851329195,41.428801444500024
30.825067135899154,41.03116140792749
30.294880420469113,41.03116140792749
29.49960034732404,41.428801444500024
28.969413631894,41.95898815993007
27.842766861605156,42.48917487536011
27.445126825032624,43.019361590790155
26.914940109602583,42.48917487536011
26.84866677017383,42.09153483878758
27.37885348560387,41.296254765642516
28.10786021932018,40.50097469249745
28.748502500464816,39.705694619352386
28.306680237606443,39.17550790392234
29.101960310751508,38.6453211884923
28.041586879891426,37.98258779420474
28.43922691646396,39.17550790392234
27.90904020103391,38.51277450963478
28.21831578503477,39.838241298209894
27.776493522176402,39.17550790392234
29.49960034732404,38.51277450963478
29.89724038389658,37.98258779420474
29.367053668466532,37.4524010787747
28.43922691646396,37.054761042202166
27.90904020103391,36.657121005629634
28.969413631894,36.126934290199586
28.43922691646396,35.0665608593395
29.49960034732404,34.536374143909455
29.057778084465674,34.006187428479414
30.096060402182843,33.40972737362062
30.55997377818413,33.34345403419186
31.090160493614178,32.68072063990431
30.55997377818413,32.283080603331776
30.162333741611597,31.62034720904422
29.764693705039065,31.090160493614178
29.49960034732404,30.692520457041645
28.969413631894,30.294880420469113
30.493700438755376,29.764693705039065
29.49960034732404,28.969413631894
31.090160493614178,28.306680237606443
29.764693705039065,27.90904020103391
28.83686695303649,28.63804693475022
29.963513723325335,28.174133558748935
29.89724038389658,27.776493522176402
30.162333741611597,27.710220182747648
29.101960310751508,27.24630680674636
31.023887154185417,26.981213449031337
30.692520457041645,27.710220182747648
32.15053392447426,27.24630680674636
32.01798724561675,27.776493522176402
31.885440566759243,27.776493522176402
31.355253851329195,28.306680237606443
32.945813997619325,28.571773595321467
32.54817396104679,27.90904020103391
34.27128078619444,28.43922691646396
34.40382746505195,28.83686695303649
35.0665608593395,28.83686695303649
34.536374143909455,28.969413631894
35.6630209141983,29.89724038389658
36.126934290199586,29.367053668466532
38.247681151919764,29.89724038389658
37.85004111534723,29.300780329037778
41.428801444500024,29.49960034732404
41.03116140792749,29.764693705039065
44.079735021650244,29.101960310751508
43.5495483062202,29.101960310751508
46.46557524108544,29.632147026181556
45.9353885256554,30.162333741611597
45.53774848908286,30.162333741611597
45.97957075194123,30.692520457041645
46.46557524108544,30.294880420469113
45.9353885256554,29.764693705039065
45.53774848908286,29.234506989609024
44.87501509479531,29.764693705039065
44.34482837936527,30.692520457041645
43.88091500336398,30.825067135899154
43.35072828793393,30.294880420469113
43.81464166393522,29.632147026181556
44.34482837936527,29.234506989609024
41.428801444500024,31.62034720904422
40.898614729069976,31.090160493614178
40.23588133478243,30.55997377818413
39.9707879770674,32.15053392447426
40.10333465592491,31.554073869615465
41.16370808678501,32.01798724561675
40.36842801363994,33.07836067647684
39.9707879770674,32.54817396104679
39.308054582779846,32.945813997619325
37.4524010787747,32.415627282189284
37.054761042202166,32.415627282189284
36.39202764791461,32.945813997619325
35.72929425362706,34.006187428479414
35.0665608593395,35.19910753819701
34.536374143909455,34.66892082276697
33.60854739190688,35.39792755648328
33.34345403419186,34.93401418048199
34.33755412562319,33.873640749621906
33.74109407076439,33.47600071304937
33.34345403419186,34.27128078619444
32.68072063990431,33.873640749621906
32.15053392447426,35.19910753819701
31.62034720904422,34.66892082276697
31.156433833042932,35.86184093248457
30.55997377818413,39.04296122506483
30.02978706275409,38.51277450963478
30.02978706275409,37.98258779420474
30.02978706275409,37.58494775763221
30.02978706275409,41.95898815993007
29.49960034732404,41.428801444500024
28.969413631894,40.76606805021247
29.035686971322754,44.34482837936527
28.969413631894,43.81464166393522
29.49960034732404,43.28445494850518
30.162333741611597,45.47147514965411
30.626247117612884,45.47147514965411
31.090160493614178,44.87501509479531
31.090160493614178,44.34482837936527
30.55997377818413,43.81464166393522
30.096060402182843,43.28445494850518
29.367053668466532,42.820541572503885
28.969413631894,42.157808178216335
28.969413631894,42.157808178216335
29.234506989609024,43.61582164564895
28.83686695303649,43.019361590790155
30.604156004469964,42.48917487536011
30.02978706275409,44.079735021650244
31.48780053018671,43.28445494850518
32.15053392447426,42.22408151764509
31.62034720904422,41.56134812335753
31.090160493614178,40.898614729069976
30.55997377818413,40.36842801363994
30.162333741611597,39.44060126163736
29.764693705039065,38.91041454620732
29.433327007895286,39.838241298209894
29.89724038389658,39.308054582779846
29.367053668466532,41.82644148107256
29.367053668466532,41.428801444500024
30.55997377818413,40.898614729069976
30.02978706275409,40.36842801363994
30.02978706275409,39.838241298209894
30.339062646754947,39.308054582779846
29.89724038389658,37.717494436489716
31.664529435330053,37.187307721059675
31.090160493614178,36.657121005629634
33.07836067647684,36.2594809690571
30.692520457041645,35.86184093248457
29.89724038389658,35.33165421705452
29.632147026181556,34.867740841053234
29.234506989609024,34.27128078619444
28.83686695303649,33.60854739190688
29.8088759313249,33.47600071304937
29.89724038389658,34.006187428479414
30.02978706275409,35.33165421705452
28.041586879891426,34.80146750162448
29.035686971322754,34.40382746505195
28.571773595321467,33.47600071304937
30.02978706275409,32.945813997619325
29.49960034732404,32.15053392447426
30.02978706275409,31.62034720904422
30.02978706275409,31.090160493614178
29.632147026181556,30.626247117612884
29.101960310751508,29.89724038389658
27.776493522176402,29.234506989609024
27.643946843318894,28.770593613607737
27.113760127888845,28.174133558748935
27.643946843318894,27.776493522176402
27.113760127888845,27.37885348560387
27.776493522176402,26.914940109602583
27.643946843318894,27.37885348560387
27.15794235417468,27.776493522176402
28.770593613607737,27.842766861605156
28.174133558748935,28.571773595321467
27.643946843318894,28.041586879891426
27.113760127888845,28.43922691646396
29.764693705039065,27.975313540462672
29.234506989609024,27.90904020103391
31.090160493614178,28.43922691646396
30.55997377818413,29.49960034732404
31.752893887901728,28.969413631894
32.216807263903014,29.89724038389658
32.15053392447426,29.49960034732404
31.554073869615465,28.969413631894
28.969413631894,28.505500255892713
28.571773595321467,27.975313540462672
27.90904020103391,27.776493522176402
27.37885348560387,28.306680237606443
26.716120091316313,27.776493522176402
25.920840018171248,28.969413631894
25.125559945026183,29.89724038389658
24.59537322959614,29.367053668466532
23.932639835308585,30.02978706275409
23.534999798736052,29.632147026181556
23.13735976216352,28.969413631894
22.739719725590987,28.83686695303649
22.474626367875963,29.89724038389658
21.679346294730898,29.234506989609024
21.01661290044335,30.825067135899154
20.4864261850133,30.294880420469113
19.691146111868235,31.222707172471686
18.36567932329313,30.692520457041645
17.968039286720597,30.02978706275409
18.89586603872317,29.367053668466532
19.42605275415322,29.101960310751508
19.95623946958326,29.49960034732404
19.42605275415322,31.222707172471686
18.630772681008153,30.55997377818413
17.30530589243304,31.885440566759243
16.510025819287975,32.283080603331776
16.112385782715442,32.81326731876182
15.449652388427886,33.34345403419186
13.593998884422739,32.945813997619325
13.06381216899269,32.54817396104679
12.53362545356265,31.62034720904422
12.931265490135182,31.222707172471686
13.395178866136469,31.222707172471686
13.328905526707715,30.692520457041645
12.666172132420158,31.222707172471686
12.401078774705141,30.55997377818413
12.003438738132608,30.162333741611597
11.605798701560076,31.885440566759243
10.677971949557495,31.355253851329195
10.147785234127454,30.825067135899154
10.147785234127454,30.294880420469113
10.147785234127454,29.89724038389658
10.147785234127454,28.969413631894
9.551325179268652,27.90904020103391
7.099211620404702,28.041586879891426
6.502751565545907,28.704320274178976
6.171384868402129,28.83686695303649
5.773744831829596,29.101960310751508
5.773744831829596,29.69842036561031
5.707471492400835,29.234506989609024
5.309831455828302,27.90904020103391
4.713371400969507,27.37885348560387
4.580824722111998,26.84866677017383
3.984364667253196,26.716120091316313
3.6529979701094177,26.384753394172535
,25.854566678742493
,26.31848005474378
,26.716120091316313
,26.716120091316313
,26.716120091316313
,27.643946843318894
,27.113760127888845
,29.49960034732404
,28.969413631894
,28.43922691646396
,28.041586879891426
,30.825067135899154
,30.294880420469113
,29.89724038389658
,31.752893887901728
,31.355253851329195
,31.355253851329195
,30.825067135899154
,30.42742709932662
,29.234506989609024
,28.704320274178976
,28.174133558748935
,27.776493522176402
,27.37885348560387
,26.84866677017383
,26.31848005474378
,25.854566678742493
,25.258106623883698
,24.72791990845365
,24.264006532452363
,23.800093156451076
,23.402453119878544
,22.739719725590987
,22.209533010160946
,21.811892973588414
,21.281706258158366
,20.4864261850133
,20.088786148440768
,19.691146111868235
,19.028412717580686
,17.835492607863088
,17.30530589243304
,17.040212534718023
,17.570399250148064
,18.100585965578105
,18.630772681008153
,17.968039286720597
,17.437852571290556
,16.775119177003
,16.377479140430466
,15.979839103857934
,15.449652388427886
,14.256732278710288
,13.593998884422739
,13.461452205565223
,12.666172132420158
,12.135985416990117
,11.738345380417584
,11.340705343845052
,10.94306530727252
,10.412878591842478
,9.617598518697413
,9.087411803267365
,8.689771766694832
,8.115402824978958
,8.888591784981102
,8.424678408979808
,8.954865124409856
,8.2921317301223
,7.894491693549767
,6.9003916021184395
,6.834118262689678
,6.436478226117146
,6.038838189544613
,5.1110114375420395
,4.713371400969507
,5.243558116399548
,4.580824722111998
,4.1169113461107045
,3.5867246306806635
,3.454177951823155
,3.3879046123944008
,2.990264575821868
,2.5926245392493286
