Y(hoy),Y(ayer)
3.0374178411855013,2.1360429209722724
2.556684550405109,2.0158595982771743
2.0759512596247234,1.535126307496789
1.6152485226268496,1.1745763394115016
1.4149429848016908,1.1745763394115016
1.8155540604520226,1.1745763394115016
2.0158595982771743,1.1745763394115016
1.6152485226268496,1.3548513234541488
1.4149429848016908,1.8155540604520226
0.5736597259360181,1.535126307496789
0.21310975785073083,1.1745763394115016
0.6337513872835672,1.7754929528869852
1.0543930167164035,2.1360429209722724
0.9342096940213054,2.1360429209722724
1.1144846780639526,2.1360429209722724
1.655309630191887,2.2562262436673706
1.8956762755820833,3.818609438703625
2.3764095663624687,3.3378761479232395
3.0374178411855013,4.058976084093821
3.2577539327931717,4.058976084093821
3.698426116008534,4.419526052179108
4.058976084093821,5.020442665654592
5.020442665654592,5.260809311044788
6.222275892605559,5.861725924520272
8.145209055727108,6.582825860690853
8.625942346507493,7.183742474166337
16.918591612469164,7.664475764946722
16.55804164438387,8.385575701117297
18.12042483942013,8.746125669202591
17.639691548639746,9.106675637287879
18.841524775590706,9.947958896153558
18.48097480750542,11.029608800409427
18.000241516725033,11.750708736580009
18.601158130200517,12.832358640835878
19.802991357151484,12.351625350055492
19.3222580663711,14.51492515856723
20.524091293322066,14.034191867786845
23.408491038004385,15.716758385518197
25.571790846516123,16.678224967078968
25.091057555735738,17.699783209987288
27.254357364247475,17.27914158055445
26.77362407346709,18.12042483942013
28.69655723658863,19.802991357151484
28.215823945808246,19.3222580663711
29.65802381814941,18.961708098285804
29.177290527369024,19.202074743676
31.821323626661147,18.721341452895615
31.340590335880762,18.36079148481032
30.859857045100377,20.043358002541673
34.044715096520434,19.562624711761288
33.5038901443925,20.524091293322066
33.023156853612115,21.36537455218774
32.54242356283173,23.88922432878477
34.46535672595327,23.408491038004385
38.07085640680617,22.927757747223993
37.710306438720885,26.292890782686705
40.23415621531791,25.812157491906312
42.637822669219844,25.331424201125927
42.157089378439466,24.97087423304064
43.63935035834565,27.975457300418057
43.118555960000236,27.49472400963767
42.637822669219844,27.01399071885728
42.27727270113456,29.177290527369024
44.50066417099384,28.69655723658863
45.04148912312178,28.336007268503344
44.56075583234139,30.61949039971018
43.83965589617081,30.138757108929795
43.358922605390426,29.65802381814941
42.157089378439466,32.782790208221925
41.67635608765907,32.30205691744153
40.774981167445844,31.821323626661147
40.23415621531791,31.340590335880762
39.99378956992772,34.22499008056308
39.39287295645224,33.744256789782696
39.15250631106204,33.3837068216974
38.9722313270194,34.70572337134347
38.431406374891466,35.907556598294434
38.19103972950127,35.42682330751405
38.551589697586564,38.31122305219637
39.15250631106204,37.830489761415976
39.75342292453753,37.3497564706356
39.27268963375714,40.474522860708106
38.79195634297675,39.99378956992772
38.31122305219637,39.63323960184243
37.830489761415976,42.637822669219844
37.38981757820063,42.157089378439466
36.9892065025503,41.79653941035417
38.07085640680617,43.65938091212817
37.59012311602579,44.140114202908556
37.1093898252454,44.200205864256105
36.688748195812565,43.83965589617081
36.14792324368463,43.358922605390426
35.54700663020914,42.87818931461004
35.1263650007763,42.157089378439466
35.42682330751405,41.67635608765907
35.06627333942876,41.31580611957378
36.869023179855205,41.01534781283604
36.26810656637973,40.7148895060983
35.907556598294434,40.35433953801301
36.869023179855205,39.99378956992772
36.38828988907482,39.513056279147335
35.787373275599336,39.15250631106204
35.30663998481895,39.87360624723262
34.58554004864837,39.39287295645224
34.10480675786798,40.11397289262282
33.3837068216974,40.534614522055655
33.14334017630721,40.9552561514885
33.023156853612115,41.49608110361643
32.42224024013663,41.79653941035417
32.06169027205134,41.19562279687869
31.7612319653136,40.7148895060983
31.340590335880762,40.35433953801301
31.941506949356246,39.99378956992772
32.54242356283173,39.513056279147335
33.023156853612115,39.15250631106204
32.06169027205134,39.15250631106204
31.58095698127095,38.67177302028166
31.100223690490566,38.19103972950127
30.61949039971018,38.551589697586564
30.138757108929795,38.91213966567185
30.138757108929795,38.431406374891466
29.65802381814941,38.07085640680617
29.177290527369024,37.469939793330695
29.71811547949696,36.869023179855205
29.8983904635396,36.26810656637973
29.297473850064115,35.787373275599336
28.69655723658863,35.42682330751405
28.215823945808246,34.94609001673366
28.496251698763473,34.46535672595327
28.095640623113148,33.864440112477794
29.59793215680186,33.20343183765476
29.177290527369024,33.023156853612115
30.138757108929795,32.54242356283173
30.138757108929795,33.023156853612115
29.53784049545431,33.98462343517289
29.057107204673926,33.56398180574005
31.58095698127095,33.263523499002304
32.06169027205134,32.902973530917016
32.30205691744153,32.54242356283173
32.82285131578695,32.06169027205134
33.30358460656734,31.58095698127095
33.98462343517289,31.220407013185664
33.56398180574005,30.859857045100377
33.3837068216974,30.319032092972442
33.14334017630721,30.439215415667533
33.023156853612115,30.859857045100377
32.54242356283173,30.61949039971018
32.181873594746435,30.198848770277344
33.98462343517289,30.198848770277344
33.5038901443925,30.018573786234697
33.023156853612115,29.65802381814941
32.66260688552683,29.297473850064115
33.5038901443925,30.859857045100377
33.14334017630721,30.499307077015082
33.98462343517289,30.37912375431999
33.6240734670876,29.958482124887148
33.98462343517289,29.417657172759213
33.5038901443925,29.778207140844508
33.14334017630721,30.499307077015082
33.98462343517289,30.980040367795475
33.6240734670876,31.220407013185664
34.10480675786798,31.220407013185664
34.16489841921553,31.58095698127095
34.52544838730083,32.12178193339889
34.10480675786798,32.181873594746435
34.94609001673366,32.181873594746435
34.52544838730083,32.12178193339889
34.16489841921553,31.821323626661147
34.745784478908504,31.340590335880762
34.22499008056308,31.220407013185664
35.94761770585947,31.220407013185664
35.42682330751405,31.58095698127095
36.18798435124966,32.12178193339889
37.38981757820063,32.181873594746435
36.869023179855205,32.181873594746435
38.07085640680617,32.54242356283173
38.07085640680617,32.902973530917016
37.650214777373336,32.36214857878908
37.2295731479405,31.941506949356246
37.59012311602579,31.46077365857586
38.07085640680617,31.220407013185664
38.67177302028166,31.821323626661147
39.312750741322176,31.220407013185664
39.99378956992772,30.980040367795475
39.513056279147335,30.61949039971018
39.99378956992772,30.258940431624893
39.03232298836694,31.70114030396605
38.431406374891466,31.100223690490566
38.19103972950127,32.902973530917016
39.99378956992772,32.30205691744153
39.513056279147335,33.14334017630721
39.03232298836694,33.5038901443925
38.67177302028166,34.28508174191063
40.17406455397037,33.864440112477794
41.67635608765907,34.825906694038565
41.19562279687869,34.58554004864837
40.7148895060983,34.22499008056308
40.23415621531791,34.94609001673366
44.56075583234139,34.58554004864837
44.08002254156101,35.42682330751405
43.65938091212817,36.02773992098953
43.118555960000236,36.14792324368463
42.637822669219844,36.14792324368463
42.157089378439466,36.38828988907482
46.00295570468255,36.869023179855205
45.58231407524971,37.28966480928804
45.04148912312178,38.351284159761406
47.00448339380836,37.830489761415976
46.48368899546294,40.474522860708106
47.084605608938425,39.99378956992772
46.84423896354823,39.513056279147335
46.48368899546294,39.03232298836694
46.1832306887252,42.457547685177204
46.00295570468255,41.91672273304927
45.58231407524971,41.43598944226888
45.161672445816876,40.9552561514885
45.58231407524971,42.99837263730514
46.00295570468255,43.238739282695335
45.52222241390217,42.99837263730514
44.92130580042668,42.517639346524746
44.3203891869512,42.157089378439466
43.71947257347571,41.73644774900662
43.238739282695335,41.375897780921335
42.637822669219844,42.03690605574437
42.157089378439466,42.03690605574437
43.118555960000236,41.67635608765907
42.637822669219844,41.13553113553114
42.637822669219844,41.07543947418359
42.157089378439466,40.9552561514885
43.479105928085524,40.534614522055655
42.87818931461004,40.11397289262282
44.08002254156101,41.01534781283604
43.479105928085524,40.474522860708106
42.87818931461004,40.11397289262282
42.157089378439466,42.87818931461004
41.67635608765907,42.397456023829655
40.9552561514885,41.91672273304927
39.27268963375714,41.43598944226888
38.551589697586564,41.67635608765907
38.07085640680617,41.19562279687869
37.59012311602579,40.8350728287934
37.1093898252454,40.35433953801301
36.50847321176992,39.27268963375714
35.66718995290424,38.79195634297675
35.18645666212386,38.31122305219637
35.06627333942876,37.830489761415976
34.58554004864837,37.469939793330695
33.98462343517289,37.1093898252454
33.3837068216974,36.628656534465016
32.902973530917016,36.26810656637973
32.30205691744153,36.14792324368463
31.881415288008697,36.087831582337074
31.340590335880762,35.66718995290424
31.040132029143017,35.2465483234714
31.100223690490566,34.825906694038565
30.61949039971018,34.46535672595327
30.138757108929795,34.044715096520434
29.65802381814941,33.5038901443925
29.057107204673926,33.083248514959664
28.456190591198443,32.54242356283173
29.8983904635396,32.181873594746435
29.357565511411664,31.821323626661147
28.936923881978828,31.40068199722831
28.456190591198443,31.280498674533213
29.8983904635396,31.821323626661147
29.297473850064115,31.46077365857586
29.057107204673926,32.181873594746435
28.69655723658863,32.54242356283173
28.215823945808246,32.902973530917016
28.75664889793618,32.36214857878908
29.177290527369024,32.782790208221925
29.177290527369024,34.044715096520434
29.65802381814941,33.5038901443925
29.177290527369024,33.14334017630721
30.198848770277344,34.94609001673366
30.67958206105773,34.52544838730083
31.100223690490566,34.22499008056308
30.980040367795475,33.744256789782696
30.73967372240528,33.32361516034986
30.258940431624893,33.14334017630721
30.198848770277344,33.14334017630721
30.61949039971018,32.782790208221925
30.980040367795475,32.36214857878908
30.37912375431999,32.84288186956947
31.340590335880762,33.864440112477794
30.799765383752828,33.263523499002304
30.018573786234697,34.94609001673366
33.023156853612115,34.46535672595327
32.54242356283173,34.22499008056308
32.12178193339889,33.744256789782696
32.782790208221925,33.263523499002304
32.30205691744153,33.14334017630721
32.181873594746435,32.782790208221925
32.181873594746435,32.36214857878908
32.66260688552683,32.30205691744153
32.782790208221925,32.782790208221925
32.36214857878908,33.14334017630721
31.881415288008697,33.083248514959664
31.58095698127095,32.782790208221925
31.220407013185664,32.36214857878908
32.06169027205134,33.98462343517289
31.70114030396605,33.56398180574005
32.782790208221925,33.023156853612115
32.30205691744153,33.5038901443925
33.98462343517289,33.14334017630721
33.5038901443925,34.52544838730083
33.744256789782696,33.98462343517289
33.14334017630721,35.006181678081205
32.60251522417927,35.4869149688616
32.181873594746435,35.907556598294434
32.181873594746435,35.42682330751405
32.24196525609399,34.94609001673366
32.66260688552683,34.52544838730083
32.181873594746435,33.98462343517289
32.902973530917016,33.5038901443925
32.782790208221925,33.14334017630721
32.30205691744153,33.32361516034986
31.821323626661147,33.744256789782696
31.340590335880762,34.10480675786798
31.821323626661147,33.98462343517289
33.083248514959664,33.56398180574005
32.54242356283173,33.14334017630721
32.34211802500656,33.083248514959664
33.023156853612115,32.54242356283173
33.5038901443925,32.181873594746435
34.044715096520434,32.42224024013663
33.6240734670876,33.263523499002304
33.263523499002304,32.902973530917016
32.84288186956947,33.6240734670876
32.54242356283173,33.98462343517289
33.023156853612115,33.5038901443925
33.023156853612115,32.902973530917016
32.42224024013663,32.42224024013663
32.181873594746435,31.821323626661147
32.181873594746435,31.40068199722831
32.06169027205134,31.861384734226178
31.46077365857586,31.58095698127095
30.859857045100377,31.160315351838115
30.499307077015082,30.859857045100377
31.100223690490566,30.439215415667533
30.61949039971018,29.958482124887148
30.198848770277344,29.53784049545431
30.859857045100377,29.177290527369024
30.37912375431999,29.65802381814941
27.134174041552377,29.297473850064115
27.554815670985214,30.61949039971018
27.975457300418057,30.138757108929795
27.374540686942574,31.70114030396605
26.83371573481464,32.12178193339889
26.533257428076894,31.821323626661147
27.01399071885728,31.46077365857586
26.413074105381796,30.859857045100377
26.172707459991607,29.8983904635396
26.172707459991607,29.53784049545431
26.05252413729651,28.69655723658863
25.451607523821025,28.336007268503344
25.03096589438819,27.534785117202695
24.97087423304064,27.85527397772296
24.730507587650443,27.134174041552377
24.249774296870058,26.893807396162188
24.00940765147987,26.413074105381796
23.648857683394574,25.812157491906312
23.16812439261419,25.391515862473476
22.687391101833803,24.91078257169309
22.206657811053418,24.369957619565156
21.966291165663222,24.249774296870058
21.36537455218774,24.85069091034554
21.125007906797542,24.430049280912705
21.00482458410245,24.00940765147987
20.524091293322066,23.648857683394574
20.043358002541673,23.16812439261419
19.622716373108837,22.747482763181353
19.081891420980902,22.32684113374851
18.601158130200517,21.966291165663222
18.18051650076768,21.485557874882836
18.961708098285804,20.884641261407353
18.36079148481032,20.644274616017157
19.562624711761288,20.28372464793187
20.043358002541673,19.802991357151484
19.562624711761288,19.26216640502355
19.14198308232845,18.961708098285804
19.081891420980902,18.48097480750542
19.081891420980902,18.12042483942013
19.121952528545933,17.699783209987288
19.843052464716514,17.219049919206903
19.3222580663711,16.978683273816713
20.103449663889222,16.49794998303632
20.043358002541673,15.836941708213295
19.562624711761288,15.296116756085361
18.961708098285804,15.716758385518197
18.721341452895615,15.356208417432903
18.36079148481032,16.49794998303632
17.880058194029935,16.077308353603485
17.39932490324955,16.918591612469164
16.918591612469164,16.49794998303632
16.43785832168878,16.077308353603485
16.077308353603485,15.716758385518197
,15.296116756085361
,14.815383465304969
,14.394741835872132
,14.034191867786845
,13.613550238354001
,13.192908608921165
,13.192908608921165
,13.55345857700646
,14.094283529134394
,14.034191867786845
,13.613550238354001
,13.132816947573616
,12.71217531814078
,12.351625350055492
,11.930983720622649
,11.450250429842264
,11.029608800409427
,10.66905883232414
,10.308508864238846
