Y(hoy),Y(ayer)
10.147785234127454,16.775119177003
10.147785234127454,17.437852571290556
10.147785234127454,16.907665855860508
10.147785234127454,17.30530589243304
10.147785234127454,16.907665855860508
9.485051839839898,16.775119177003
9.02113846383861,16.64257249814549
9.087411803267365,16.046112443286688
9.087411803267365,15.515925727856647
8.756045106123587,15.184559030712869
8.2921317301223,14.65437231528282
7.960765032978522,14.521825636425312
7.894491693549767,14.12418559985278
7.828218354121013,13.593998884422739
7.761945014692259,13.130085508421452
7.231758299262211,12.599898792991404
6.834118262689678,12.401078774705141
7.761945014692259,12.401078774705141
7.298031638690972,12.003438738132608
7.761945014692259,11.539525362131315
7.099211620404702,11.009338646701273
6.834118262689678,10.412878591842478
6.834118262689678,10.147785234127454
6.834118262689678,10.147785234127454
6.70157158383217,10.147785234127454
6.171384868402129,9.88269187641243
5.773744831829596,9.418778500411143
6.70157158383217,8.822318445552341
6.171384868402129,8.159585051264791
6.171384868402129,7.894491693549767
5.773744831829596,7.828218354121013
5.773744831829596,7.099211620404702
5.707471492400835,6.834118262689678
5.6411981529720805,6.834118262689678
5.1110114375420395,6.834118262689678
4.779644740398261,6.834118262689678
5.420287021542897,6.70157158383217
5.707471492400835,6.171384868402129
5.6411981529720805,6.767844923260924
4.978464758684531,6.303931547259637
4.514551382683237,6.834118262689678
4.580824722111998,6.834118262689678
4.580824722111998,6.303931547259637
4.580824722111998,5.773744831829596
3.918091327824442,5.3761047952570635
3.454177951823155,4.91219141925577
3.5204512912519093,5.508651474114572
3.5204512912519093,4.978464758684531
3.5204512912519093,5.773744831829596
3.5204512912519093,5.243558116399548
3.189084594108131,4.713371400969507
2.5926245392493286,4.713371400969507
2.46007786039182,4.713371400969507
2.46007786039182,4.315731364396974
2.3275311815343116,3.829726875252767
2.0624378238192946,4.315731364396974
1.5322511083892465,3.7855446489669333
1.2671577506742295,3.5204512912519093
1.1346110718167068,3.5204512912519093
0.67069769581542,3.5204512912519093
0.2730576592428946,3.5204512912519093
0.20678431981413326,3.5204512912519093
0.20678431981413326,3.5867246306806635
0.20678431981413326,4.05063800668195
0.14051098038538612,3.6529979701094177
0.07423764095662477,4.91219141925577
-0.5884957533309318,4.448278043254483
-0.8535891110459488,5.420287021542897
-0.6768602059025994,5.1110114375420395
0.07423764095662477,4.713371400969507
-0.389675735044662,5.508651474114572
-0.45594907447342337,5.1110114375420395
-0.8535891110459488,4.779644740398261
-0.7873157716172017,4.713371400969507
-0.389675735044662,4.713371400969507
-0.8535891110459488,4.713371400969507
0.07423764095662477,4.713371400969507
-0.45594907447342337,4.713371400969507
-0.7873157716172017,4.713371400969507
-0.05830903790088371,4.713371400969507
0.20678431981413326,4.713371400969507
0.20678431981413326,4.713371400969507
0.20678431981413326,4.713371400969507
0.20678431981413326,5.508651474114572
0.2730576592428946,4.978464758684531
0.9136999403875308,5.773744831829596
0.33933099867164174,5.773744831829596
1.1346110718167068,5.773744831829596
0.47187767752916443,5.773744831829596
0.20678431981413326,5.906291510687105
0.20678431981413326,6.70157158383217
0.20678431981413326,6.303931547259637
0.47187767752916443,6.171384868402129
1.1346110718167068,5.773744831829596
1.2671577506742295,7.298031638690972
1.4659777689604852,6.70157158383217
1.9961644843905333,7.828218354121013
2.46007786039182,7.894491693549767
2.46007786039182,7.894491693549767
2.990264575821868,7.894491693549767
2.46007786039182,7.894491693549767
3.5204512912519093,7.894491693549767
3.5204512912519093,7.894491693549767
3.5204512912519093,7.894491693549767
3.5204512912519093,7.894491693549767
2.990264575821868,8.2921317301223
2.5263511998205814,8.888591784981102
3.0565379152506154,9.15368514269612
3.5204512912519093,9.750145197554922
3.918091327824442,9.485051839839898
3.3879046123944008,9.219958482124873
4.580824722111998,10.015238555269946
4.580824722111998,10.147785234127454
4.845918079827015,10.147785234127454
4.448278043254483,10.147785234127454
5.508651474114572,10.214058573556208
5.707471492400835,10.677971949557495
5.773744831829596,10.280331912984963
5.707471492400835,11.274432004416298
5.508651474114572,11.340705343845052
5.243558116399548,11.274432004416298
4.845918079827015,10.94306530727252
4.514551382683237,10.412878591842478
4.580824722111998,10.147785234127454
4.625006948397832,10.214058573556208
5.6411981529720805,10.81051862841501
5.1110114375420395,11.340705343845052
5.773744831829596,11.274432004416298
5.773744831829596,11.340705343845052
6.038838189544613,11.340705343845052
6.70157158383217,11.340705343845052
6.966664941547194,10.81051862841501
7.541033883263069,10.346605252413717
7.761945014692259,10.94306530727252
7.099211620404702,11.340705343845052
7.0108471678330275,11.340705343845052
7.761945014692259,11.340705343845052
7.231758299262211,11.340705343845052
8.027038372407276,11.340705343845052
8.623498427266078,11.340705343845052
9.087411803267365,11.870892059275093
9.087411803267365,12.401078774705141
9.087411803267365,12.401078774705141
9.087411803267365,12.401078774705141
9.926874102698264,12.798718811277674
9.352505160982389,13.196358847850206
10.147785234127454,12.599898792991404
10.677971949557495,13.06381216899269
12.047620964418442,12.666172132420158
11.605798701560076,13.461452205565223
12.268532095847625,13.859092242137756
11.738345380417584,14.256732278710288
12.268532095847625,13.660272223851493
11.738345380417584,13.461452205565223
12.401078774705141,13.925365581566517
12.666172132420158,14.389278957567804
13.196358847850206,13.925365581566517
13.638181110708572,13.461452205565223
14.389278957567804,14.985739012426599
13.991638920995271,14.389278957567804
14.720645654711582,13.859092242137756
15.317105709570377,15.515925727856647
15.979839103857934,15.582199067285401
16.64257249814549,15.582199067285401
16.841392516431753,15.648472406714156
17.371579231861794,16.244932461572958
17.835492607863088,16.708845837574245
17.835492607863088,16.775119177003
18.36567932329313,16.64257249814549
17.968039286720597,16.112385782715442
18.89586603872317,15.847292425000418
18.36567932329313,16.64257249814549
18.03431262614935,16.112385782715442
18.674954907293987,16.907665855860508
18.962139378151925,18.23313264443562
19.205141622724028,17.570399250148064
19.95623946958326,18.763319359865662
19.558599433010727,18.100585965578105
20.353879506155792,18.03431262614935
21.01661290044335,18.630772681008153
21.149159579300857,18.03431262614935
21.149159579300857,17.968039286720597
21.149159579300857,17.968039286720597
21.21543291872961,18.431952662721883
21.613072955302144,17.968039286720597
21.149159579300857,18.962139378151925
22.209533010160946,19.028412717580686
22.474626367875963,19.160959396438194
23.181541988449354,19.95623946958326
23.402453119878544,19.558599433010727
23.402453119878544,19.22723273586695
23.402453119878544,19.82369279072575
23.402453119878544,20.088786148440768
23.402453119878544,20.088786148440768
23.402453119878544,20.088786148440768
23.402453119878544,19.82369279072575
23.402453119878544,19.293506075295703
23.402453119878544,18.89586603872317
23.534999798736052,18.431952662721883
24.241915419309443,17.968039286720597
24.462826550738633,18.431952662721883
23.99891317473734,18.763319359865662
23.468726459307298,18.16685930500686
23.932639835308585,17.968039286720597
24.462826550738633,17.702945929005573
23.800093156451076,17.084394761003857
23.33617978044979,17.570399250148064
23.269906441021035,17.968039286720597
23.00481308330601,17.437852571290556
22.474626367875963,16.841392516431753
22.209533010160946,16.775119177003
22.342079689018455,16.64257249814549
22.342079689018455,16.244932461572958
22.60717304673348,15.71474574614291
22.209533010160946,15.250832370141623
23.13735976216352,14.65437231528282
22.342079689018455,14.521825636425312
21.811892973588414,14.521825636425312
21.281706258158366,14.12418559985278
21.01661290044335,13.660272223851493
20.353879506155792,13.395178866136469
19.691146111868235,12.864992150706428
19.028412717580686,12.401078774705141
18.431952662721883,12.268532095847625
17.901765947291842,11.738345380417584
17.835492607863088,11.340705343845052
17.17275921357553,11.340705343845052
16.907665855860508,11.340705343845052
16.377479140430466,11.274432004416298
15.781019085571664,11.870892059275093
15.184559030712869,11.340705343845052
14.786918994140336,12.401078774705141
14.521825636425312,12.401078774705141
14.521825636425312,12.401078774705141
14.389278957567804,12.401078774705141
13.859092242137756,12.599898792991404
13.328905526707715,13.196358847850206
12.732445471848912,13.461452205565223
12.401078774705141,13.925365581566517
12.268532095847625,14.455552296996558
11.738345380417584,14.521825636425312
12.047620964418442,14.521825636425312
11.605798701560076,14.521825636425312
12.33480543527638,14.12418559985278
12.401078774705141,13.527725544993984
12.798718811277674,13.593998884422739
13.328905526707715,14.12418559985278
13.593998884422739,14.521825636425312
14.168367826138613,14.521825636425312
14.521825636425312,14.521825636425312
14.698554541568662,14.521825636425312
15.449652388427886,14.985739012426599
15.052012351855353,15.515925727856647
14.919465672997845,15.582199067285401
15.493834614713727,15.582199067285401
15.71474574614291,15.582199067285401
16.244932461572958,15.582199067285401
16.775119177003,15.582199067285401
16.112385782715442,15.052012351855353
15.648472406714156,14.65437231528282
16.510025819287975,15.449652388427886
16.046112443286688,15.052012351855353
15.582199067285401,14.963647899283679
17.570399250148064,14.521825636425312
16.97393919528926,15.317105709570377
17.30530589243304,14.720645654711582
16.841392516431753,14.521825636425312
17.702945929005573,14.919465672997845
17.17275921357553,15.515925727856647
16.907665855860508,15.582199067285401
16.64257249814549,15.582199067285401
17.30530589243304,15.582199067285401
16.775119177003,15.648472406714156
17.835492607863088,16.244932461572958
17.30530589243304,15.847292425000418
16.907665855860508,16.708845837574245
17.614581476433898,16.775119177003
17.835492607863088,16.775119177003
17.901765947291842,16.775119177003
18.36567932329313,16.907665855860508
18.89586603872317,17.570399250148064
18.23313264443562,17.106485874146777
17.769219268434327,16.57629915871673
17.835492607863088,16.112385782715442
17.835492607863088,15.648472406714156
17.879674834148922,15.648472406714156
18.674954907293987,15.979839103857934
18.100585965578105,16.64257249814549
18.630772681008153,16.775119177003
18.100585965578105,16.775119177003
17.702945929005573,16.510025819287975
18.100585965578105,15.979839103857934
18.630772681008153,15.648472406714156
18.630772681008153,16.377479140430466
18.100585965578105,16.112385782715442
17.437852571290556,15.847292425000418
17.17275921357553,16.510025819287975
16.775119177003,16.046112443286688
16.775119177003,15.317105709570377
17.437852571290556,14.720645654711582
16.907665855860508,14.521825636425312
18.100585965578105,14.521825636425312
18.697046020436908,14.521825636425312
19.293506075295703,14.12418559985278
19.95623946958326,13.660272223851493
19.492326093581973,14.389278957567804
19.09468605700944,13.991638920995271
18.962139378151925,13.859092242137756
18.89586603872317,13.461452205565223
18.431952662721883,14.455552296996558
17.923857060434763,14.256732278710288
17.968039286720597,13.593998884422739
17.835492607863088,13.461452205565223
17.702945929005573,13.461452205565223
17.437852571290556,13.461452205565223
17.040212534718023,13.461452205565223
17.835492607863088,13.06381216899269
17.30530589243304,12.53362545356265
17.835492607863088,12.003438738132608
17.835492607863088,11.539525362131315
18.36567932329313,11.340705343845052
17.968039286720597,11.075611986130028
18.89586603872317,10.457060818128312
18.36567932329313,10.81051862841501
18.03431262614935,10.280331912984963
18.630772681008153,10.015238555269946
18.630772681008153,9.352505160982389
18.100585965578105,9.02113846383861
17.437852571290556,9.617598518697413
16.841392516431753,
17.30530589243304,
17.968039286720597,
18.630772681008153,
19.205141622724028,
19.95623946958326,
19.62487277243948,
19.205141622724028,
19.95623946958326,
19.558599433010727,
20.022512809012014,
19.95623946958326,
19.492326093581973,
19.09468605700944,
18.89586603872317,
18.36567932329313,
19.691146111868235,
19.028412717580686,
18.630772681008153,
18.100585965578105,
19.691146111868235,
19.160959396438194,
18.630772681008153,
18.100585965578105,
18.89586603872317,
18.36567932329313,
18.36567932329313,
17.901765947291842,
17.835492607863088,
17.835492607863088,
17.835492607863088,
17.835492607863088,
17.30530589243304,
16.510025819287975,
15.979839103857934,
15.538016840999568,
15.449652388427886,
14.919465672997845,
14.389278957567804,
13.859092242137756,
13.461452205565223,
14.389278957567804,
13.925365581566517,
13.461452205565223,
13.328905526707715,
12.864992150706428,
12.401078774705141,
12.401078774705141,
