Y(hoy),Y(ayer)
13.461452205565223,12.467352114133895
13.991638920995271,13.06381216899269
14.786918994140336,14.12418559985278
15.250832370141623,13.593998884422739
15.71474574614291,14.521825636425312
15.71474574614291,14.521825636425312
15.71474574614291,14.455552296996558
15.052012351855353,13.925365581566517
14.455552296996558,13.461452205565223
13.859092242137756,13.461452205565223
13.395178866136469,12.798718811277674
12.997538829563936,12.268532095847625
12.401078774705141,11.605798701560076
11.804618719846339,10.94306530727252
11.208158664987543,10.280331912984963
10.545425270699987,10.015238555269946
9.88269187641243,9.485051839839898
9.352505160982389,9.087411803267365
8.910682898124023,8.623498427266078
8.822318445552341,8.027038372407276
8.159585051264791,7.364304978119726
7.894491693549767,6.834118262689678
7.496851656977235,6.70157158383217
6.966664941547194,6.237658207830883
6.767844923260924,5.773744831829596
6.70157158383217,5.773744831829596
6.237658207830883,5.773744831829596
6.038838189544613,5.3761047952570635
5.243558116399548,4.845918079827015
4.580824722111998,4.315731364396974
4.580824722111998,3.6529979701094177
3.984364667253196,3.454177951823155
3.5204512912519093,3.1228112546793767
3.6529979701094177,2.65889787867809
3.5204512912519093,3.255357933536885
3.5867246306806635,2.8577178969643597
3.3879046123944008,2.725171218106837
4.713371400969507,2.3938045209630587
4.448278043254483,2.990264575821868
4.05063800668195,3.918091327824442
3.5867246306806635,4.448278043254483
3.5204512912519093,4.05063800668195
2.990264575821868,3.6529979701094177
2.5263511998205814,3.255357933536885
2.46007786039182,2.725171218106837
2.46007786039182,2.3275311815343116
1.7973444661042635,1.929891144961772
0.7369710352441814,1.3334310901029767
0.33933099867164174,1.2671577506742295
0.20678431981413326,1.2671577506742295
1.1346110718167068,1.2671577506742295
1.1346110718167068,0.7369710352441814
0.67069769581542,0.2730576592428946
0.47187767752916443,0.20678431981413326
0.20678431981413326,0.20678431981413326
0.07423764095662477,-0.1908557167583922
-0.389675735044662,-0.654769092759679
-0.5884957533309318,-0.8535891110459488
-1.1849558081897271,-0.8535891110459488
-1.5163225053335054,-0.8535891110459488
-1.9802358813347922,-0.8535891110459488
-1.7814158630485224,-0.8535891110459488
-2.179055899621062,-0.8535891110459488
-1.2512291476184885,-0.8535891110459488
-1.7151425236197753,-0.8535891110459488
-1.2512291476184885,-0.8535891110459488
-1.913962541906045,-0.8535891110459488
-2.179055899621062,-0.8535891110459488
-1.4721402790476645,-0.8535891110459488
-1.913962541906045,-0.8535891110459488
-1.383775826475997,-0.8535891110459488
-1.648869184191014,-0.8535891110459488
-1.913962541906045,-0.8535891110459488
-1.2512291476184885,-0.8535891110459488
-1.7151425236197753,-0.8535891110459488
-1.383775826475997,-0.8535891110459488
-1.7814158630485224,-0.7210424321884403
-1.2512291476184885,-0.1908557167583922
-1.6930514104768548,0.67069769581542
-1.1849558081897271,0.20678431981413326
-1.7814158630485224,1.2008844112454682
-0.9198624504747102,1.2671577506742295
-0.8535891110459488,0.8695177141016899
-0.8535891110459488,0.4056043381004031
-0.8535891110459488,0.20678431981413326
-0.8535891110459488,0.20678431981413326
-0.8535891110459488,0.6044243563866729
-0.7873157716172017,1.2008844112454682
0.07423764095662477,1.2671577506742295
-0.45594907447342337,1.2671577506742295
0.20678431981413326,1.3334310901029767
0.20678431981413326,2.0624378238192946
0.2730576592428946,1.5322511083892465
0.67069769581542,2.3275311815343116
0.20678431981413326,2.5926245392493286
1.1346110718167068,3.3879046123944008
1.2671577506742295,3.5204512912519093
1.2671577506742295,3.5204512912519093
1.2671577506742295,3.5204512912519093
1.2671577506742295,4.05063800668195
1.2671577506742295,3.6529979701094177
1.4438866558175647,4.580824722111998
2.23916672896263,4.713371400969507
1.664797787246755,5.177284776970794
2.46007786039182,4.713371400969507
3.0565379152506154,5.6411981529720805
3.5204512912519093,6.171384868402129
3.5204512912519093,6.767844923260924
3.5204512912519093,6.834118262689678
3.5204512912519093,7.828218354121013
3.5204512912519093,7.231758299262211
3.5204512912519093,6.834118262689678
3.5204512912519093,8.888591784981102
3.5204512912519093,8.2921317301223
3.8518179883956876,8.954865124409856
3.3879046123944008,8.557225087837324
4.448278043254483,8.093311711836037
5.1110114375420395,7.894491693549767
5.6411981529720805,7.894491693549767
5.707471492400835,8.093311711836037
5.6411981529720805,8.557225087837324
5.177284776970794,9.087411803267365
4.713371400969507,9.948965215841184
5.6411981529720805,9.485051839839898
5.1110114375420395,10.412878591842478
6.70157158383217,10.94306530727252
6.171384868402129,10.479151931271232
6.70157158383217,11.804618719846339
6.171384868402129,11.208158664987543
5.773744831829596,10.677971949557495
6.70157158383217,12.268532095847625
6.171384868402129,11.738345380417584
6.70157158383217,11.340705343845052
6.237658207830883,13.461452205565223
5.84001817125835,12.798718811277674
6.436478226117146,12.268532095847625
7.099211620404702,14.786918994140336
7.761945014692259,14.12418559985278
7.894491693549767,15.449652388427886
8.027038372407276,14.985739012426599
8.623498427266078,14.521825636425312
9.087411803267365,15.184559030712869
9.087411803267365,15.582199067285401
9.617598518697413,15.582199067285401
9.087411803267365,15.648472406714156
10.147785234127454,16.57629915871673
10.147785234127454,16.112385782715442
10.545425270699987,17.106485874146777
10.015238555269946,17.702945929005573
11.208158664987543,18.100585965578105
10.677971949557495,18.763319359865662
10.214058573556208,19.09468605700944
10.81051862841501,19.691146111868235
11.47325202270256,20.552699524442062
12.047620964418442,20.088786148440768
11.870892059275093,21.082886239872103
11.406978683273806,21.149159579300857
12.268532095847625,21.149159579300857
11.738345380417584,21.01661290044335
12.53362545356265,20.4864261850133
13.196358847850206,20.022512809012014
13.461452205565223,19.42605275415322
13.593998884422739,19.028412717580686
14.168367826138613,20.287606166727038
14.389278957567804,19.82369279072575
13.726545563280247,20.884066221585833
13.638181110708572,21.149159579300857
14.389278957567804,21.613072955302144
15.449652388427886,22.07698633130343
14.919465672997845,22.938539743877257
15.184559030712869,22.474626367875963
14.65437231528282,23.468726459307298
15.979839103857934,23.97682206159442
15.449652388427886,23.667546477593568
16.64257249814549,23.13735976216352
16.775119177003,22.60717304673348
17.30530589243304,23.269906441021035
17.968039286720597,22.739719725590987
18.630772681008153,23.534999798736052
18.630772681008153,24.0651865141661
18.100585965578105,23.800093156451076
17.769219268434327,23.534999798736052
18.36567932329313,24.330279871881118
17.968039286720597,23.800093156451076
18.89586603872317,24.860466587311166
18.36567932329313,26.053386697028763
17.968039286720597,25.523199981598715
18.763319359865662,26.451026733601296
18.962139378151925,25.854566678742493
19.205141622724028,26.31848005474378
20.4864261850133,26.782393430745074
20.022512809012014,28.174133558748935
21.082886239872103,27.643946843318894
21.082886239872103,27.113760127888845
21.01661290044335,28.704320274178976
20.353879506155792,28.174133558748935
20.088786148440768,27.643946843318894
19.691146111868235,27.180033467317607
19.160959396438194,26.716120091316313
19.160959396438194,27.710220182747648
19.82369279072575,27.113760127888845
20.265515053584117,28.704320274178976
21.01661290044335,28.24040689817769
20.618972863870816,27.842766861605156
20.4864261850133,27.776493522176402
19.95623946958326,27.643946843318894
19.42605275415322,27.180033467317607
19.028412717580686,26.716120091316313
19.95623946958326,27.113760127888845
19.42605275415322,27.710220182747648
20.088786148440768,27.511400164461378
19.95623946958326,26.937031222745503
19.42605275415322,27.643946843318894
19.028412717580686,27.24630680674636
19.95623946958326,26.782393430745074
19.42605275415322,26.583573412458804
20.088786148440768,25.920840018171248
19.95623946958326,26.31848005474378
19.42605275415322,26.716120091316313
19.028412717580686,26.31848005474378
19.95623946958326,25.854566678742493
19.492326093581973,26.31848005474378
19.691146111868235,25.920840018171248
19.160959396438194,27.180033467317607
18.89586603872317,26.716120091316313
18.36567932329313,27.643946843318894
17.968039286720597,27.180033467317607
18.674954907293987,26.84866677017383
18.630772681008153,27.511400164461378
18.100585965578105,27.37885348560387
17.769219268434327,26.84866677017383
17.835492607863088,26.716120091316313
17.17275921357553,26.716120091316313
16.510025819287975,26.583573412458804
15.847292425000418,26.119660036457518
15.71474574614291,25.390653302741207
15.184559030712869,24.860466587311166
14.65437231528282,26.31848005474378
14.389278957567804,25.78829333931374
13.726545563280247,25.390653302741207
13.06381216899269,26.64984675188756
12.53362545356265,26.31848005474378
11.870892059275093,25.78829333931374
11.274432004416298,25.258106623883698
11.208158664987543,24.72791990845365
10.677971949557495,26.185933375886272
10.214058573556208,25.523199981598715
11.075611986130028,25.125559945026183
10.412878591842478,26.84866677017383
11.208158664987543,27.643946843318894
10.677971949557495,27.24630680674636
10.147785234127454,27.113760127888845
9.683871858126167,26.716120091316313
9.087411803267365,26.31848005474378
9.087411803267365,25.78829333931374
9.087411803267365,25.125559945026183
8.557225087837324,24.462826550738633
8.027038372407276,23.800093156451076
8.027038372407276,23.00481308330601
8.623498427266078,22.474626367875963
9.087411803267365,22.07698633130343
9.087411803267365,21.54679961587339
9.617598518697413,21.149159579300857
9.087411803267365,20.751519542728325
10.147785234127454,20.287606166727038
10.147785234127454,19.82369279072575
10.147785234127454,19.42605275415322
10.147785234127454,18.89586603872317
10.147785234127454,18.431952662721883
10.147785234127454,17.968039286720597
10.147785234127454,17.570399250148064
10.677971949557495,17.106485874146777
11.208158664987543,16.57629915871673
11.208158664987543,16.112385782715442
11.208158664987543,15.648472406714156
11.208158664987543,15.449652388427886
11.208158664987543,14.919465672997845
11.252340891273377,14.455552296996558
12.268532095847625,13.925365581566517
11.738345380417584,13.461452205565223
12.401078774705141,13.196358847850206
12.401078774705141,12.53362545356265
12.599898792991404,12.401078774705141
13.130085508421452,12.401078774705141
13.328905526707715,12.135985416990117
12.798718811277674,11.539525362131315
12.467352114133895,12.003438738132608
13.06381216899269,12.33480543527638
12.931265490135182,12.003438738132608
12.467352114133895,11.539525362131315
13.06381216899269,12.135985416990117
12.666172132420158,11.605798701560076
14.786918994140336,12.401078774705141
14.256732278710288,12.864992150706428
15.449652388427886,13.196358847850206
14.919465672997845,12.599898792991404
15.493834614713727,13.196358847850206
14.919465672997845,13.461452205565223
15.847292425000418,13.461452205565223
15.250832370141623,13.461452205565223
14.786918994140336,13.196358847850206
15.781019085571664,12.621989906134324
15.71474574614291,13.06381216899269
16.907665855860508,13.461452205565223
17.570399250148064,13.461452205565223
17.437852571290556,13.461452205565223
16.907665855860508,13.925365581566517
17.835492607863088,14.389278957567804
17.30530589243304,13.991638920995271
16.907665855860508,13.527725544993984
18.36567932329313,13.461452205565223
18.89586603872317,13.925365581566517
18.89586603872317,14.389278957567804
18.36567932329313,13.925365581566517
17.968039286720597,13.461452205565223
20.088786148440768,13.461452205565223
19.24932384900987,13.461452205565223
19.691146111868235,13.726545563280247
19.160959396438194,14.389278957567804
21.54679961587339,14.588098975854066
22.12116855758927,15.317105709570377
22.342079689018455,14.65437231528282
22.474626367875963,14.720645654711582
23.181541988449354,15.184559030712869
23.402453119878544,16.046112443286688
23.402453119878544,16.510025819287975
23.932639835308585,15.847292425000418
24.462826550738633,16.377479140430466
23.932639835308585,16.244932461572958
23.468726459307298,15.781019085571664
24.330279871881118,15.847292425000418
23.667546477593568,16.64257249814549
24.993013266168674,16.907665855860508
25.523199981598715,17.30530589243304
24.993013266168674,18.100585965578105
24.529099890167387,19.42605275415322
24.462826550738633,19.028412717580686
24.462826550738633,20.088786148440768
24.529099890167387,20.088786148440768
23.800093156451076,20.552699524442062
23.269906441021035,21.01661290044335
23.13735976216352,20.4864261850133
22.474626367875963,19.95623946958326
22.209533010160946,19.42605275415322
22.342079689018455,19.028412717580686
22.872266404448496,19.691146111868235
23.269906441021035,20.088786148440768
22.60717304673348,20.884066221585833
22.2758063495897,20.353879506155792
22.342079689018455,21.149159579300857
21.811892973588414,21.149159579300857
21.281706258158366,21.54679961587339
21.811892973588414,22.143259670732192
22.07698633130343,22.209533010160946
21.54679961587339,22.673446386162233
20.884066221585833,23.269906441021035
20.353879506155792,23.402453119878544
20.088786148440768,23.402453119878544
19.95623946958326,23.402453119878544
19.42605275415322,23.667546477593568
18.763319359865662,24.19773319302361
18.498226002150638,24.330279871881118
18.100585965578105,23.733819817022322
17.437852571290556,24.19773319302361
17.17275921357553,23.800093156451076
16.775119177003,25.125559945026183
16.775119177003,24.59537322959614
16.775119177003,25.58947332102747
16.775119177003,25.258106623883698
16.112385782715442,24.794193247882404
15.847292425000418,25.258106623883698
15.317105709570377,24.72791990845365
14.720645654711582,24.462826550738633
14.12418559985278,23.932639835308585
13.593998884422739,23.468726459307298
13.461452205565223,23.203633101592274
13.395178866136469,22.739719725590987
13.06381216899269,22.342079689018455
12.53362545356265,21.878166313017168
12.003438738132608,21.370070710730047
11.47325202270256,22.07698633130343
12.33480543527638,21.613072955302144
12.732445471848912,20.884066221585833
13.328905526707715,20.221332827298284
,19.691146111868235
,19.22723273586695
,19.691146111868235
,19.293506075295703
,20.088786148440768
,20.088786148440768
,19.691146111868235
,19.22723273586695
,18.498226002150638
,17.835492607863088
,17.17275921357553
,16.64257249814549
,15.979839103857934
,15.515925727856647
,14.919465672997845
,14.521825636425312
,14.455552296996558
,13.726545563280247
,13.06381216899269
,12.268532095847625
,11.517434248988394
,12.268532095847625
