Y(hoy),Y(ayer)
6.834118262689678,5.707471492400835
6.834118262689678,5.3761047952570635
6.767844923260924,4.91219141925577
6.569024904974661,4.713371400969507
6.303931547259637,4.713371400969507
5.906291510687105,4.713371400969507
5.707471492400835,4.580824722111998
5.6411981529720805,4.05063800668195
4.978464758684531,3.5867246306806635
4.580824722111998,3.5204512912519093
4.580824722111998,2.8577178969643597
4.05063800668195,2.3275311815343116
3.5867246306806635,1.7973444661042635
3.5204512912519093,1.399704429531738
3.189084594108131,2.0624378238192946
2.65889787867809,1.664797787246755
2.46007786039182,1.2671577506742295
2.3275311815343116,1.2671577506742295
2.0624378238192946,1.2671577506742295
1.5985244478179936,0.7369710352441814
1.2671577506742295,0.20678431981413326
1.1346110718167068,0.07423764095662477
0.5381510169579116,-0.5884957533309318
0.20678431981413326,-0.1908557167583922
0.07423764095662477,-0.7873157716172017
-0.45594907447342337,-0.8535891110459488
0.07423764095662477,-0.8535891110459488
-0.45594907447342337,-0.8535891110459488
0.20678431981413326,-0.8535891110459488
0.20678431981413326,-0.8535891110459488
0.07423764095662477,-0.8535891110459488
-0.5222224139021705,-1.2512291476184885
-0.8535891110459488,-1.7151425236197753
-0.8535891110459488,-1.913962541906045
-0.8535891110459488,-1.913962541906045
-0.9861357899034573,-1.913962541906045
-1.5825958447622668,-1.913962541906045
-1.5163225053335054,-1.7151425236197753
-0.9861357899034573,-1.11868246876098
-1.5163225053335054,-0.8535891110459488
-1.913962541906045,-0.8535891110459488
-1.1849558081897271,-0.8535891110459488
-1.648869184191014,-0.8535891110459488
-0.5884957533309318,-0.8535891110459488
-0.1466734904725655,-0.8535891110459488
0.20678431981413326,-0.45594907447342337
0.20678431981413326,0.47187767752916443
0.7369710352441814,0.8695177141016899
1.2671577506742295,1.2671577506742295
2.5263511998205814,2.0624378238192946
2.0624378238192946,1.5322511083892465
3.0565379152506154,1.929891144961772
3.5867246306806635,1.399704429531738
6.038838189544613,1.929891144961772
8.557225087837324,2.3275311815343116
8.159585051264791,2.5263511998205814
10.147785234127454,2.990264575821868
9.617598518697413,3.5204512912519093
11.47325202270256,4.845918079827015
10.94306530727252,5.773744831829596
12.798718811277674,6.038838189544613
12.401078774705141,6.569024904974661
17.17275921357553,9.087411803267365
26.84866677017383,8.557225087837324
28.704320274178976,8.027038372407276
28.306680237606443,10.677971949557495
28.83686695303649,10.147785234127454
28.83686695303649,9.750145197554922
28.10786021932018,12.003438738132608
26.053386697028763,11.47325202270256
24.993013266168674,11.075611986130028
24.462826550738633,12.798718811277674
23.800093156451076,13.859092242137756
23.468726459307298,15.184559030712869
23.402453119878544,16.510025819287975
23.534999798736052,16.112385782715442
22.872266404448496,17.17275921357553
22.40835302844721,17.702945929005573
22.872266404448496,17.30530589243304
22.474626367875963,16.64257249814549
23.33617978044979,16.112385782715442
23.99891317473734,15.317105709570377
23.402453119878544,14.919465672997845
24.462826550738633,15.71474574614291
24.462826550738633,16.775119177003
24.0651865141661,17.968039286720597
23.00481308330601,18.630772681008153
24.19773319302361,19.293506075295703
23.667546477593568,19.82369279072575
24.462826550738633,21.01661290044335
23.932639835308585,20.618972863870816
23.402453119878544,22.07698633130343
22.342079689018455,22.872266404448496
21.811892973588414,23.534999798736052
21.281706258158366,24.0651865141661
21.21543291872961,25.523199981598715
21.878166313017168,24.993013266168674
21.281706258158366,27.37885348560387
23.13735976216352,26.84866677017383
22.739719725590987,28.704320274178976
23.402453119878544,28.174133558748935
22.739719725590987,29.632147026181556
21.944439652445922,29.367053668466532
21.41425293701588,28.969413631894
21.811892973588414,28.43922691646396
21.41425293701588,27.842766861605156
21.811892973588414,27.37885348560387
21.281706258158366,26.31848005474378
22.38626191530429,25.920840018171248
22.872266404448496,25.258106623883698
23.00481308330601,24.72791990845365
22.474626367875963,24.19773319302361
23.203633101592274,23.667546477593568
22.60717304673348,22.872266404448496
24.59537322959614,22.2758063495897
23.932639835308585,22.673446386162233
23.468726459307298,23.13735976216352
23.932639835308585,23.402453119878544
23.534999798736052,23.667546477593568
24.39655321130987,24.19773319302361
24.39655321130987,25.125559945026183
26.31848005474378,24.59537322959614
25.65574666045623,25.58947332102747
25.258106623883698,24.993013266168674
24.860466587311166,24.462826550738633
26.583573412458804,24.0651865141661
26.053386697028763,23.269906441021035
25.65574666045623,22.739719725590987
24.59537322959614,21.944439652445922
24.993013266168674,21.54679961587339
25.523199981598715,22.209533010160946
25.78829333931374,23.00481308330601
26.31848005474378,22.872266404448496
26.782393430745074,22.474626367875963
27.710220182747648,23.33617978044979
26.782393430745074,23.269906441021035
26.384753394172535,22.872266404448496
25.832475565599573,22.474626367875963
26.583573412458804,22.872266404448496
26.119660036457518,22.474626367875963
26.053386697028763,24.19773319302361
25.65574666045623,23.800093156451076
26.981213449031337,23.667546477593568
26.31848005474378,22.872266404448496
27.643946843318894,22.474626367875963
27.24630680674636,22.143259670732192
26.716120091316313,21.54679961587339
26.384753394172535,21.679346294730898
25.832475565599573,22.60717304673348
26.384753394172535,23.269906441021035
25.920840018171248,24.0651865141661
26.384753394172535,23.932639835308585
25.876657791885414,23.534999798736052
25.65574666045623,24.19773319302361
26.716120091316313,24.59537322959614
27.423035711889703,24.72791990845365
26.84866677017383,25.258106623883698
27.643946843318894,24.59537322959614
26.981213449031337,24.72791990845365
26.716120091316313,25.125559945026183
27.04748678846009,25.78829333931374
27.710220182747648,26.31848005474378
27.24630680674636,26.716120091316313
27.37885348560387,26.782393430745074
26.892848996459662,27.511400164461378
27.37885348560387,26.981213449031337
28.041586879891426,27.643946843318894
31.090160493614178,27.113760127888845
30.55997377818413,26.782393430745074
30.162333741611597,27.511400164461378
33.47600071304937,28.704320274178976
32.945813997619325,28.24040689817769
32.415627282189284,28.21831578503477
34.93401418048199,28.770593613607737
34.40382746505195,28.704320274178976
33.47600071304937,28.24040689817769
33.07836067647684,27.643946843318894
30.294880420469113,27.180033467317607
29.764693705039065,28.704320274178976
29.101960310751508,28.174133558748935
28.83686695303649,27.710220182747648
29.49960034732404,27.37885348560387
30.42742709932662,26.84866677017383
33.47600071304937,26.716120091316313
32.945813997619325,26.716120091316313
34.27128078619444,26.716120091316313
33.47600071304937,26.31848005474378
32.945813997619325,25.78829333931374
32.283080603331776,27.511400164461378
32.01798724561675,26.84866677017383
31.62034720904422,27.776493522176402
31.090160493614178,28.174133558748935
30.626247117612884,28.704320274178976
30.02978706275409,28.306680237606443
29.367053668466532,27.90904020103391
28.704320274178976,27.445126825032624
28.174133558748935,26.84866677017383
27.643946843318894,26.716120091316313
27.180033467317607,26.716120091316313
26.583573412458804,27.113760127888845
26.053386697028763,27.710220182747648
25.390653302741207,27.776493522176402
25.125559945026183,27.776493522176402
24.72791990845365,28.174133558748935
24.19773319302361,32.415627282189284
23.534999798736052,31.885440566759243
23.00481308330601,31.355253851329195
22.474626367875963,30.825067135899154
21.811892973588414,30.294880420469113
21.149159579300857,29.89724038389658
20.552699524442062,34.006187428479414
19.95623946958326,33.47600071304937
19.492326093581973,33.07836067647684
18.763319359865662,34.867740841053234
18.498226002150638,35.33165421705452
18.100585965578105,33.873640749621906
17.570399250148064,33.47600071304937
16.907665855860508,34.27128078619444
16.311205801001712,33.74109407076439
15.71474574614291,33.21090735533435
15.648472406714156,32.01798724561675
15.582199067285401,31.44361830390087
16.024021330143768,32.945813997619325
16.907665855860508,32.54817396104679
15.582199067285401,31.752893887901728
14.786918994140336,30.957613814756662
14.521825636425312,30.42742709932662
14.521825636425312,30.02978706275409
14.698554541568662,29.632147026181556
15.582199067285401,29.234506989609024
15.052012351855353,28.969413631894
15.648472406714156,31.355253851329195
15.184559030712869,30.825067135899154
14.65437231528282,30.294880420469113
15.228741256998703,29.764693705039065
15.758927972428744,34.27128078619444
16.244932461572958,33.74109407076439
15.847292425000418,33.21090735533435
16.907665855860508,32.81326731876182
15.582199067285401,36.39202764791461
15.979839103857934,35.92811427191332
15.582199067285401,35.33165421705452
16.57629915871673,34.80146750162448
17.17275921357553,35.86184093248457
17.30530589243304,35.39792755648328
16.775119177003,34.80146750162448
16.775119177003,34.27128078619444
16.775119177003,33.74109407076439
16.775119177003,33.21090735533435
16.775119177003,32.68072063990431
16.819301403288833,32.15053392447426
17.614581476433898,31.62034720904422
18.89586603872317,31.090160493614178
18.36567932329313,30.42742709932662
18.36567932329313,29.764693705039065
17.968039286720597,29.234506989609024
18.89586603872317,28.704320274178976
18.498226002150638,28.306680237606443
19.028412717580686,27.90904020103391
19.492326093581973,27.37885348560387
19.95623946958326,26.84866677017383
20.088786148440768,26.451026733601296
19.028412717580686,26.053386697028763
19.293506075295703,25.523199981598715
20.618972863870816,25.05928660559743
19.95623946958326,24.59537322959614
20.884066221585833,24.19773319302361
20.751519542728325,23.667546477593568
20.221332827298284,23.00481308330601
21.281706258158366,22.342079689018455
20.751519542728325,21.811892973588414
22.342079689018455,21.149159579300857
21.944439652445922,20.884066221585833
22.342079689018455,20.4864261850133
23.402453119878544,19.82369279072575
21.944439652445922,19.293506075295703
21.41425293701588,18.89586603872317
21.149159579300857,18.23313264443562
21.811892973588414,17.968039286720597
22.342079689018455,17.570399250148064
21.856075199874248,16.907665855860508
22.342079689018455,16.64257249814549
23.468726459307298,16.046112443286688
23.402453119878544,16.244932461572958
22.872266404448496,16.64257249814549
22.474626367875963,16.510025819287975
23.13735976216352,15.847292425000418
23.13735976216352,15.582199067285401
22.739719725590987,15.052012351855353
22.40835302844721,15.582199067285401
22.342079689018455,15.052012351855353
21.944439652445922,16.819301403288833
21.281706258158366,16.244932461572958
21.811892973588414,17.570399250148064
23.269906441021035,17.106485874146777
22.80599306501974,16.64257249814549
21.944439652445922,16.244932461572958
21.54679961587339,15.847292425000418
21.149159579300857,15.781019085571664
22.209533010160946,16.377479140430466
21.679346294730898,16.775119177003
21.41425293701588,16.377479140430466
20.618972863870816,15.847292425000418
19.95623946958326,16.244932461572958
19.492326093581973,16.775119177003
18.697046020436908,17.702945929005573
18.23313264443562,17.17275921357553
17.702945929005573,17.968039286720597
17.835492607863088,17.968039286720597
17.371579231861794,17.968039286720597
16.907665855860508,17.968039286720597
15.317105709570377,18.36567932329313
15.781019085571664,19.22723273586695
15.383379048999132,18.763319359865662
14.919465672997845,19.82369279072575
14.12418559985278,20.088786148440768
10.015238555269946,19.558599433010727
10.94306530727252,19.028412717580686
10.545425270699987,19.42605275415322
10.94306530727252,19.82369279072575
10.412878591842478,19.22723273586695
8.954865124409856,19.691146111868235
8.557225087837324,20.552699524442062
8.027038372407276,20.088786148440768
8.623498427266078,21.01661290044335
,20.4864261850133
,19.558599433010727
,19.160959396438194
,20.751519542728325
,20.221332827298284
,21.149159579300857
,21.149159579300857
,21.281706258158366
,21.811892973588414
,23.13735976216352
,22.60717304673348
,22.209533010160946
,22.60717304673348
,21.679346294730898
,21.149159579300857
,22.342079689018455
,21.811892973588414
,23.13735976216352
,22.60717304673348
,22.209533010160946
,21.679346294730898
,21.149159579300857
,21.54679961587339
,22.07698633130343
,22.739719725590987
,23.269906441021035
,23.13735976216352
,22.60717304673348
,22.07698633130343
,21.613072955302144
,21.281706258158366
,21.944439652445922
,22.209533010160946
,22.209533010160946
,21.679346294730898
,21.149159579300857
,21.281706258158366
,22.07698633130343
,22.209533010160946
,21.679346294730898
,21.21543291872961
,20.751519542728325
,20.221332827298284
,19.691146111868235
,19.09468605700944
,18.962139378151925
,18.498226002150638
,18.100585965578105
,17.570399250148064
,16.907665855860508
,16.377479140430466
,15.847292425000418
,15.184559030712869
,14.786918994140336
,15.184559030712869
,15.582199067285401
,15.184559030712869
,14.65437231528282
,14.12418559985278
,13.461452205565223
,12.931265490135182
,12.135985416990117
,11.605798701560076
,10.94306530727252
,10.280331912984963
,10.147785234127454
,10.015238555269946
,9.485051839839898
,8.954865124409856
