Y(hoy),Y(ayer)
5.773744831829596,6.834118262689678
5.707471492400835,6.834118262689678
5.508651474114572,6.569024904974661
4.845918079827015,5.906291510687105
4.514551382683237,5.773744831829596
4.580824722111998,5.508651474114572
4.05063800668195,4.91219141925577
3.5204512912519093,4.448278043254483
3.454177951823155,4.05063800668195
2.46007786039182,3.6529979701094177
2.3275311815343116,3.3879046123944008
2.5263511998205814,2.990264575821868
2.1287111632480418,2.725171218106837
1.5985244478179936,3.255357933536885
1.2671577506742295,2.725171218106837
-0.12458237732964506,2.3275311815343116
-0.1908557167583922,1.929891144961772
-0.7210424321884403,1.4659777689604852
-0.8535891110459488,1.2671577506742295
-0.8535891110459488,1.2671577506742295
-1.1849558081897271,1.2671577506742295
-1.6930514104768548,0.7369710352441814
-2.0465092207635536,0.20678431981413326
-0.8535891110459488,0.20678431981413326
-0.8535891110459488,0.20678431981413326
-0.5884957533309318,0.20678431981413326
-0.05830903790088371,0.20678431981413326
0.20678431981413326,0.20678431981413326
0.6486065826724996,-0.1908557167583922
1.0020643929591984,-0.654769092759679
1.2671577506742295,-0.05830903790088371
2.3275311815343116,-0.5884957533309318
3.6529979701094177,-0.45594907447342337
5.3761047952570635,-0.8535891110459488
6.70157158383217,-0.8535891110459488
6.171384868402129,-0.8535891110459488
5.773744831829596,-0.8535891110459488
7.364304978119726,-0.8535891110459488
6.834118262689678,-1.2512291476184885
8.159585051264791,-1.7814158630485224
8.822318445552341,-1.913962541906045
10.015238555269946,-1.2512291476184885
18.962139378151925,-1.5163225053335054
18.564499341579392,-1.913962541906045
17.968039286720597,-1.913962541906045
17.30530589243304,-1.5163225053335054
16.775119177003,-0.9861357899034573
21.01661290044335,-0.8535891110459488
22.209533010160946,-0.8535891110459488
21.54679961587339,-0.8535891110459488
22.872266404448496,-0.7210424321884403
23.667546477593568,0.07423764095662477
23.269906441021035,0.20678431981413326
27.643946843318894,0.8695177141016899
27.113760127888845,1.2671577506742295
28.704320274178976,1.2671577506742295
28.174133558748935,1.664797787246755
30.825067135899154,2.3275311815343116
30.294880420469113,2.5926245392493286
29.764693705039065,3.255357933536885
32.415627282189284,4.05063800668195
31.885440566759243,4.713371400969507
33.74109407076439,5.243558116399548
33.21090735533435,6.171384868402129
34.27128078619444,5.6411981529720805
33.60854739190688,7.761945014692259
33.21090735533435,7.231758299262211
32.68072063990431,8.2921317301223
32.01798724561675,9.087411803267365
31.752893887901728,10.147785234127454
31.355253851329195,9.750145197554922
30.825067135899154,11.208158664987543
30.02978706275409,12.53362545356265
29.49960034732404,13.859092242137756
28.174133558748935,15.184559030712869
27.643946843318894,14.786918994140336
27.180033467317607,16.775119177003
27.643946843318894,16.244932461572958
27.04748678846009,18.630772681008153
25.920840018171248,18.100585965578105
26.31848005474378,18.89586603872317
25.920840018171248,18.36567932329313
26.84866677017383,17.835492607863088
27.90904020103391,17.371579231861794
28.43922691646396,16.907665855860508
30.162333741611597,16.510025819287975
28.969413631894,15.979839103857934
29.234506989609024,16.510025819287975
28.83686695303649,17.835492607863088
28.43922691646396,17.437852571290556
28.041586879891426,19.160959396438194
26.185933375886272,18.763319359865662
25.78829333931374,20.353879506155792
27.113760127888845,20.751519542728325
26.716120091316313,21.54679961587339
25.65574666045623,21.149159579300857
27.643946843318894,22.474626367875963
26.981213449031337,21.944439652445922
26.31848005474378,23.667546477593568
25.876657791885414,23.13735976216352
26.583573412458804,25.258106623883698
26.185933375886272,26.185933375886272
26.716120091316313,26.716120091316313
26.892848996459662,28.174133558748935
27.643946843318894,27.643946843318894
27.180033467317607,27.113760127888845
27.113760127888845,26.716120091316313
26.451026733601296,30.55997377818413
26.185933375886272,30.02978706275409
25.78829333931374,29.49960034732404
23.402453119878544,28.969413631894
23.667546477593568,31.885440566759243
24.39655321130987,31.48780053018671
25.05928660559743,32.945813997619325
25.58947332102747,32.54817396104679
25.65574666045623,32.415627282189284
25.65574666045623,32.01798724561675
25.65574666045623,31.62034720904422
25.65574666045623,31.222707172471686
26.097568923314597,30.825067135899154
26.451026733601296,30.294880420469113
26.185933375886272,29.89724038389658
25.722019999884985,29.49960034732404
26.384753394172535,29.101960310751508
25.78829333931374,28.174133558748935
27.180033467317607,27.113760127888845
27.643946843318894,26.716120091316313
27.24630680674636,26.583573412458804
26.716120091316313,25.78829333931374
27.842766861605156,25.722019999884985
28.505500255892713,26.84866677017383
29.035686971322754,26.31848005474378
29.49960034732404,28.174133558748935
29.035686971322754,28.704320274178976
29.565873686752802,29.234506989609024
29.764693705039065,29.764693705039065
29.234506989609024,29.234506989609024
28.83686695303649,28.704320274178976
30.02978706275409,28.174133558748935
30.55997377818413,27.776493522176402
31.222707172471686,26.84866677017383
29.89724038389658,26.716120091316313
29.367053668466532,26.185933375886272
28.969413631894,25.722019999884985
30.869249362184988,25.65574666045623
30.42742709932662,25.258106623883698
29.49960034732404,24.772102134739484
29.101960310751508,25.854566678742493
31.222707172471686,25.390653302741207
29.89724038389658,26.31848005474378
31.090160493614178,25.854566678742493
30.692520457041645,25.258106623883698
30.957613814756662,24.661646569024896
30.692520457041645,26.451026733601296
30.162333741611597,26.053386697028763
30.096060402182843,25.65574666045623
30.626247117612884,25.523199981598715
31.222707172471686,24.462826550738633
29.89724038389658,23.667546477593568
30.02978706275409,25.302288850169532
31.156433833042932,24.72791990845365
30.692520457041645,24.993013266168674
31.090160493614178,24.59537322959614
30.42742709932662,25.125559945026183
29.89724038389658,24.860466587311166
31.156433833042932,24.59537322959614
32.283080603331776,25.258106623883698
32.283080603331776,25.65574666045623
32.283080603331776,26.451026733601296
36.126934290199586,25.920840018171248
35.596747574769545,26.716120091316313
33.21090735533435,26.716120091316313
32.81326731876182,26.716120091316313
37.98258779420474,26.716120091316313
37.4524010787747,26.716120091316313
39.838241298209894,26.716120091316313
39.308054582779846,27.24630680674636
39.17550790392234,27.90904020103391
38.77786786734981,28.43922691646396
38.77786786734981,29.234506989609024
38.247681151919764,29.632147026181556
37.85004111534723,30.096060402182843
37.31985439991719,30.361153759897867
35.464200895912036,30.957613814756662
36.126934290199586,30.692520457041645
36.524574326772125,30.162333741611597
35.99438761134208,30.162333741611597
33.47600071304937,30.55997377818413
34.13873410733692,30.957613814756662
38.51277450963478,30.294880420469113
38.115134473062255,32.15053392447426
35.86184093248457,31.62034720904422
35.464200895912036,31.090160493614178
34.27128078619444,30.692520457041645
33.873640749621906,33.07836067647684
28.704320274178976,32.61444730047555
28.041586879891426,32.415627282189284
27.37885348560387,32.01798724561675
26.84866677017383,31.62034720904422
26.31848005474378,31.222707172471686
25.78829333931374,31.222707172471686
25.258106623883698,30.957613814756662
24.860466587311166,30.339062646754947
24.529099890167387,31.090160493614178
24.131459853594855,30.692520457041645
23.667546477593568,30.42742709932662
22.739719725590987,31.355253851329195
19.95623946958326,31.885440566759243
19.42605275415322,31.48780053018671
19.09468605700944,30.825067135899154
19.82369279072575,30.361153759897867
19.95623946958326,30.957613814756662
19.492326093581973,30.42742709932662
19.09468605700944,30.162333741611597
19.205141622724028,30.825067135899154
19.95623946958326,30.42742709932662
19.62487277243948,31.48780053018671
19.205141622724028,32.01798724561675
20.088786148440768,31.48780053018671
19.558599433010727,31.62034720904422
20.79570176901416,32.283080603331776
21.01661290044335,31.752893887901728
21.01661290044335,31.222707172471686
20.353879506155792,32.15053392447426
20.088786148440768,31.62034720904422
20.088786148440768,33.07836067647684
20.287606166727038,34.536374143909455
20.884066221585833,36.126934290199586
21.325888484444206,35.596747574769545
22.209533010160946,38.048861133633494
21.679346294730898,37.4524010787747
22.342079689018455,36.92221436334465
22.342079689018455,38.38022783077727
23.402453119878544,37.85004111534723
22.938539743877257,37.58494775763221
22.342079689018455,37.187307721059675
24.462826550738633,36.524574326772125
23.932639835308585,35.92811427191332
23.468726459307298,36.39202764791461
23.932639835308585,37.58494775763221
23.402453119878544,37.054761042202166
23.402453119878544,37.717494436489716
22.938539743877257,37.187307721059675
22.342079689018455,36.657121005629634
22.872266404448496,36.126934290199586
23.534999798736052,35.72929425362706
24.19773319302361,34.536374143909455
24.72791990845365,33.74109407076439
25.258106623883698,32.81326731876182
25.258106623883698,32.34935394276053
24.59537322959614,32.945813997619325
24.72791990845365,34.006187428479414
24.330279871881118,33.60854739190688
25.302288850169532,36.126934290199586
25.58947332102747,35.596747574769545
25.65574666045623,37.98258779420474
25.58947332102747,37.58494775763221
25.390653302741207,39.57314794049488
24.993013266168674,39.04296122506483
26.451026733601296,38.77786786734981
27.113760127888845,38.247681151919764
27.643946843318894,37.187307721059675
27.776493522176402,36.78966768448714
27.842766861605156,36.126934290199586
28.174133558748935,35.72929425362706
28.748502500464816,35.0665608593395
28.83686695303649,34.536374143909455
28.571773595321467,34.006187428479414
28.174133558748935,32.415627282189284
27.643946843318894,31.885440566759243
27.113760127888845,30.55997377818413
26.583573412458804,30.02978706275409
25.920840018171248,28.969413631894
25.65574666045623,28.174133558748935
26.053386697028763,27.643946843318894
26.583573412458804,27.113760127888845
26.716120091316313,26.583573412458804
26.716120091316313,26.119660036457518
26.583573412458804,25.523199981598715
26.252206715315026,24.993013266168674
25.832475565599573,23.932639835308585
27.113760127888845,23.402453119878544
26.583573412458804,22.739719725590987
27.643946843318894,22.07698633130343
26.981213449031337,20.751519542728325
26.716120091316313,19.691146111868235
26.583573412458804,19.160959396438194
26.053386697028763,18.697046020436908
25.390653302741207,18.100585965578105
24.72791990845365,17.570399250148064
25.523199981598715,17.17275921357553
24.993013266168674,18.431952662721883
25.58947332102747,17.835492607863088
25.523199981598715,18.962139378151925
24.860466587311166,18.630772681008153
24.462826550738633,18.03431262614935
24.462826550738633,17.968039286720597
23.932639835308585,17.968039286720597
23.402453119878544,17.968039286720597
22.872266404448496,18.36567932329313
22.342079689018455,17.968039286720597
21.679346294730898,18.962139378151925
20.618972863870816,18.89586603872317
19.95623946958326,18.36567932329313
19.42605275415322,17.968039286720597
18.763319359865662,17.968039286720597
18.498226002150638,18.697046020436908
18.100585965578105,18.23313264443562
18.89586603872317,19.22723273586695
18.36567932329313,19.73532833815407
17.702945929005573,19.42605275415322
17.040212534718023,19.028412717580686
16.510025819287975,19.028412717580686
15.979839103857934,19.22723273586695
16.775119177003,19.691146111868235
16.244932461572958,20.618972863870816
15.71474574614291,20.088786148440768
10.76633640212917,21.149159579300857
11.208158664987543,21.149159579300857
10.545425270699987,21.149159579300857
10.147785234127454,21.149159579300857
9.087411803267365,21.54679961587339
9.087411803267365,22.07698633130343
,23.00481308330601
,22.474626367875963
,23.402453119878544
,23.269906441021035
,22.651355273019313
,23.269906441021035
,23.733819817022322
,24.19773319302361
,25.125559945026183
,24.59537322959614
,24.993013266168674
,24.330279871881118
,24.0651865141661
,23.733819817022322
,24.330279871881118
,24.860466587311166
,25.390653302741207
,25.920840018171248
,26.583573412458804
,26.716120091316313
,26.583573412458804
,26.119660036457518
,25.65574666045623
,25.920840018171248
,27.113760127888845
,26.583573412458804
,27.643946843318894
,27.113760127888845
,26.583573412458804
,26.053386697028763
,25.65574666045623
,26.583573412458804
,26.185933375886272
,25.78829333931374
,25.324379963312452
,24.794193247882404
,24.59537322959614
,24.59537322959614
,25.05928660559743
,25.523199981598715
,26.053386697028763
,26.451026733601296
,26.053386697028763
,25.523199981598715
,25.05928660559743
,24.59537322959614
,24.59537322959614
,24.59537322959614
,24.59537322959614
,24.529099890167387
,24.19773319302361
,23.733819817022322
,23.402453119878544
,23.534999798736052
,24.330279871881118
,24.330279871881118
,23.800093156451076
,23.402453119878544
,22.938539743877257
,22.40835302844721
,21.944439652445922
,21.54679961587339
,21.149159579300857
,20.618972863870816
,20.221332827298284
,19.42605275415322
,18.89586603872317
,18.100585965578105
,17.570399250148064
,17.106485874146777
,16.377479140430466
,15.71474574614291
,15.052012351855353
,14.521825636425312
,14.985739012426599
,15.449652388427886
,15.979839103857934
,16.510025819287975
,15.979839103857934
,15.582199067285401
,14.786918994140336
,13.991638920995271
,13.196358847850206
,12.666172132420158
,12.135985416990117
,11.47325202270256
,10.81051862841501
,10.147785234127454
,9.88269187641243
,9.485051839839898
,8.424678408979808
,7.894491693549767
,7.894491693549767
