Y(hoy),Y(ayer)
11.605798701560076,11.47325202270256
12.047620964418442,12.047620964418442
13.328905526707715,11.47325202270256
12.864992150706428,10.81051862841501
15.449652388427886,10.147785234127454
14.919465672997845,9.485051839839898
14.389278957567804,10.015238555269946
13.859092242137756,9.485051839839898
13.395178866136469,10.015238555269946
14.389278957567804,9.418778500411143
13.859092242137756,8.954865124409856
12.798718811277674,8.954865124409856
12.268532095847625,8.954865124409856
11.738345380417584,8.424678408979808
11.539525362131315,7.894491693549767
12.135985416990117,7.629398335834743
12.268532095847625,6.966664941547194
11.804618719846339,6.834118262689678
11.406978683273806,7.231758299262211
12.047620964418442,7.828218354121013
12.268532095847625,7.231758299262211
11.605798701560076,6.70157158383217
11.340705343845052,6.038838189544613
10.81051862841501,5.773744831829596
10.214058573556208,5.243558116399548
9.617598518697413,4.713371400969507
9.15368514269612,4.315731364396974
9.087411803267365,3.6529979701094177
8.756045106123587,3.5204512912519093
8.159585051264791,3.5204512912519093
7.894491693549767,3.5204512912519093
7.894491693549767,3.3879046123944008
7.496851656977235,2.990264575821868
6.966664941547194,2.5263511998205814
6.767844923260924,2.3275311815343116
6.70157158383217,2.3275311815343116
6.171384868402129,2.46007786039182
4.713371400969507,1.7973444661042635
4.139002459253625,1.399704429531738
3.3879046123944008,2.2612578421055503
4.580824722111998,1.7973444661042635
4.183184685539466,2.3275311815343116
4.580824722111998,2.3275311815343116
4.1169113461107045,2.0624378238192946
4.05063800668195,1.4659777689604852
4.580824722111998,1.2671577506742295
4.448278043254483,1.2671577506742295
4.183184685539466,1.2671577506742295
3.7855446489669333,1.2671577506742295
4.580824722111998,1.2671577506742295
4.05063800668195,1.2671577506742295
4.05063800668195,1.2671577506742295
3.5204512912519093,1.2671577506742295
3.5204512912519093,1.2671577506742295
3.5204512912519093,1.1346110718167068
3.5204512912519093,0.6044243563866729
3.5204512912519093,0.20678431981413326
3.078629028393536,1.2008844112454682
2.5926245392493286,1.0020643929591984
2.46007786039182,0.4056043381004031
2.46007786039182,0.20678431981413326
2.46007786039182,0.47187767752916443
2.46007786039182,1.2008844112454682
2.3275311815343116,1.2671577506742295
1.929891144961772,1.664797787246755
1.5985244478179936,2.194984502676803
1.399704429531738,1.664797787246755
1.9740733712476128,1.2671577506742295
2.194984502676803,1.2671577506742295
1.7310711266755163,1.7310711266755163
1.3334310901029767,2.2612578421055503
1.2671577506742295,2.3275311815343116
1.2671577506742295,2.3275311815343116
1.2671577506742295,2.3275311815343116
1.2671577506742295,2.7914445575355984
1.2671577506742295,3.255357933536885
1.3334310901029767,2.7914445575355984
1.7973444661042635,2.990264575821868
1.2671577506742295,3.5204512912519093
2.3938045209630587,4.448278043254483
2.3938045209630587,3.918091327824442
2.3938045209630587,4.713371400969507
2.46007786039182,5.177284776970794
2.46007786039182,5.6411981529720805
2.990264575821868,6.171384868402129
3.3879046123944008,6.767844923260924
2.725171218106837,6.70157158383217
2.3938045209630587,6.171384868402129
2.7914445575355984,5.707471492400835
2.3275311815343116,5.243558116399548
3.3879046123944008,4.890100306112849
3.5204512912519093,5.707471492400835
3.5204512912519093,5.906291510687105
3.5204512912519093,6.436478226117146
3.5204512912519093,6.834118262689678
4.183184685539466,6.9003916021184395
3.6529979701094177,7.496851656977235
4.845918079827015,7.099211620404702
5.3761047952570635,8.027038372407276
5.3761047952570635,8.888591784981102
4.845918079827015,8.424678408979808
4.514551382683237,8.954865124409856
4.580824722111998,8.954865124409856
4.580824722111998,8.954865124409856
4.580824722111998,8.954865124409856
4.647098061540753,9.02113846383861
5.177284776970794,9.617598518697413
5.6411981529720805,9.219958482124873
5.707471492400835,10.0815118946987
5.6411981529720805,11.009338646701273
5.177284776970794,10.412878591842478
4.713371400969507,12.135985416990117
5.177284776970794,11.47325202270256
5.6411981529720805,12.53362545356265
5.773744831829596,13.130085508421452
6.171384868402129,13.660272223851493
5.773744831829596,14.12418559985278
6.70157158383217,15.515925727856647
6.834118262689678,14.919465672997845
7.099211620404702,14.521825636425312
7.761945014692259,16.64257249814549
7.4305783175484805,15.979839103857934
6.966664941547194,16.57629915871673
6.966664941547194,16.112385782715442
7.563124996405989,15.648472406714156
8.159585051264791,15.582199067285401
8.822318445552341,15.449652388427886
8.358405069551054,14.985739012426599
8.689771766694832,14.521825636425312
7.960765032978522,16.112385782715442
8.954865124409856,15.449652388427886
8.424678408979808,14.919465672997845
9.219958482124873,16.775119177003
9.926874102698264,17.570399250148064
10.147785234127454,17.17275921357553
11.208158664987543,17.17275921357553
10.677971949557495,16.907665855860508
12.268532095847625,17.968039286720597
11.738345380417584,17.437852571290556
11.340705343845052,18.763319359865662
11.075611986130028,19.09468605700944
11.208158664987543,19.691146111868235
11.075611986130028,21.082886239872103
10.545425270699987,20.4864261850133
10.015238555269946,20.088786148440768
11.47325202270256,22.07698633130343
10.94306530727252,21.613072955302144
10.412878591842478,21.281706258158366
12.53362545356265,20.751519542728325
12.003438738132608,20.287606166727038
13.196358847850206,20.088786148440768
13.461452205565223,20.088786148440768
13.593998884422739,20.552699524442062
14.168367826138613,20.088786148440768
14.698554541568662,21.613072955302144
15.515925727856647,21.01661290044335
14.919465672997845,22.143259670732192
16.112385782715442,22.2758063495897
16.775119177003,22.938539743877257
17.30530589243304,22.474626367875963
17.702945929005573,23.468726459307298
17.040212534718023,23.932639835308585
17.702945929005573,24.529099890167387
17.040212534718023,24.59537322959614
17.901765947291842,24.59537322959614
18.431952662721883,24.993013266168674
19.42605275415322,26.185933375886272
18.962139378151925,25.523199981598715
20.4864261850133,27.423035711889703
19.95623946958326,26.84866677017383
21.082886239872103,27.113760127888845
21.21543291872961,26.716120091316313
21.856075199874248,27.15794235417468
21.281706258158366,29.013595858179833
22.342079689018455,28.43922691646396
22.342079689018455,27.90904020103391
22.342079689018455,29.764693705039065
22.872266404448496,29.234506989609024
23.269906441021035,28.704320274178976
22.60717304673348,28.24040689817769
23.13735976216352,27.776493522176402
22.60717304673348,28.770593613607737
24.241915419309443,28.306680237606443
23.667546477593568,29.035686971322754
25.523199981598715,29.565873686752802
24.993013266168674,30.02978706275409
24.462826550738633,30.957613814756662
23.711728703879402,30.42742709932662
23.269906441021035,31.222707172471686
25.523199981598715,30.957613814756662
25.05928660559743,30.383244873040788
24.462826550738633,31.686620548472973
26.583573412458804,31.090160493614178
26.053386697028763,30.55997377818413
25.722019999884985,32.216807263903014
25.65574666045623,31.885440566759243
25.78829333931374,31.222707172471686
26.362662281029614,30.55997377818413
26.583573412458804,30.162333741611597
26.119660036457518,32.15053392447426
26.583573412458804,31.62034720904422
25.65574666045623,31.090160493614178
26.053386697028763,33.2771806947631
27.643946843318894,32.68072063990431
27.113760127888845,33.21090735533435
26.583573412458804,32.54817396104679
26.583573412458804,31.885440566759243
25.920840018171248,31.28898051190044
25.65574666045623,32.945813997619325
26.84866677017383,32.415627282189284
26.252206715315026,33.34345403419186
25.78829333931374,33.40972737362062
28.704320274178976,34.006187428479414
28.174133558748935,34.867740841053234
27.643946843318894,34.40382746505195
28.43922691646396,35.33165421705452
27.90904020103391,34.80146750162448
29.101960310751508,34.27128078619444
28.43922691646396,33.78527629705023
29.764693705039065,33.34345403419186
29.16823365018027,35.86184093248457
29.764693705039065,35.33165421705452
28.571773595321467,34.80146750162448
28.041586879891426,34.27128078619444
29.013595858179833,38.51277450963478
28.43922691646396,37.85004111534723
28.041586879891426,37.4524010787747
30.294880420469113,36.92221436334465
29.764693705039065,36.39202764791461
31.090160493614178,37.717494436489716
30.42742709932662,37.187307721059675
30.02978706275409,36.72339434505839
30.02978706275409,36.98848770277341
29.69842036561031,38.115134473062255
29.101960310751508,37.4524010787747
28.83686695303649,38.77786786734981
28.83686695303649,38.247681151919764
28.571773595321467,37.717494436489716
28.174133558748935,37.054761042202166
27.776493522176402,37.4524010787747
28.748502500464816,37.054761042202166
28.174133558748935,38.38022783077727
28.83686695303649,37.85004111534723
28.571773595321467,38.84414120677856
28.174133558748935,38.51277450963478
27.511400164461378,37.98258779420474
26.981213449031337,37.916314454775986
26.31848005474378,39.61733016678071
25.78829333931374,39.04296122506483
28.43922691646396,38.51277450963478
27.776493522176402,40.898614729069976
27.24630680674636,40.36842801363994
26.782393430745074,39.838241298209894
28.704320274178976,39.308054582779846
28.174133558748935,38.77786786734981
27.643946843318894,38.247681151919764
27.113760127888845,37.717494436489716
26.583573412458804,37.25358106048843
25.920840018171248,36.78966768448714
25.390653302741207,39.308054582779846
25.125559945026183,38.77786786734981
24.72791990845365,38.247681151919764
24.0651865141661,39.90451463763865
23.468726459307298,39.57314794049488
23.932639835308585,38.91041454620732
24.462826550738633,38.247681151919764
23.800093156451076,37.85004111534723
23.13735976216352,38.77786786734981
22.673446386162233,38.115134473062255
21.944439652445922,37.4524010787747
21.679346294730898,36.92221436334465
21.281706258158366,36.2594809690571
20.81779288215708,35.596747574769545
20.221332827298284,35.13283419876826
19.95623946958326,34.66892082276697
19.42605275415322,34.27128078619444
18.89586603872317,33.80736741019315
18.431952662721883,33.2771806947631
18.03431262614935,32.74699397933306
18.674954907293987,32.15053392447426
18.89586603872317,31.686620548472973
18.36567932329313,31.355253851329195
17.702945929005573,31.885440566759243
17.17275921357553,31.156433833042932
16.510025819287975,30.626247117612884
15.847292425000418,30.02978706275409
15.582199067285401,29.49960034732404
15.71474574614291,28.83686695303649
15.71474574614291,28.24040689817769
15.71474574614291,27.776493522176402
15.71474574614291,28.770593613607737
15.71474574614291,28.174133558748935
15.71474574614291,27.776493522176402
15.184559030712869,30.825067135899154
14.588098975854066,30.294880420469113
15.71474574614291,29.764693705039065
15.184559030712869,29.234506989609024
16.775119177003,29.49960034732404
16.244932461572958,28.969413631894
17.040212534718023,28.43922691646396
16.64257249814549,27.975313540462672
17.63667258957682,27.776493522176402
18.23313264443562,27.643946843318894
18.89586603872317,27.180033467317607
19.028412717580686,26.583573412458804
19.160959396438194,25.920840018171248
19.757419451296997,25.125559945026183
20.15505948786953,24.59537322959614
20.81779288215708,24.59537322959614
22.12116855758927,24.462826550738633
21.54679961587339,23.932639835308585
22.342079689018455,23.468726459307298
20.884066221585833,22.739719725590987
20.353879506155792,22.474626367875963
21.082886239872103,22.07698633130343
20.4864261850133,21.41425293701588
21.613072955302144,21.347979597587127
22.209533010160946,21.944439652445922
22.209533010160946,21.679346294730898
21.944439652445922,21.281706258158366
21.54679961587339,22.07698633130343
22.872266404448496,21.613072955302144
22.2758063495897,21.082886239872103
23.800093156451076,20.4864261850133
24.993013266168674,20.088786148440768
24.462826550738633,20.884066221585833
23.932639835308585,20.353879506155792
23.468726459307298,20.751519542728325
24.72791990845365,21.149159579300857
24.19773319302361,21.21543291872961
25.258106623883698,23.00481308330601
25.125559945026183,22.342079689018455
24.661646569024896,21.944439652445922
25.523199981598715,23.534999798736052
24.993013266168674,24.19773319302361
25.523199981598715,23.733819817022322
25.05928660559743,23.468726459307298
24.462826550738633,24.462826550738633
23.932639835308585,23.932639835308585
23.534999798736052,26.31848005474378
23.534999798736052,25.78829333931374
24.794193247882404,25.258106623883698
24.330279871881118,25.523199981598715
25.324379963312452,24.993013266168674
25.65574666045623,24.19773319302361
25.920840018171248,23.711728703879402
26.583573412458804,24.19773319302361
25.920840018171248,23.733819817022322
25.65574666045623,23.13735976216352
25.258106623883698,22.474626367875963
24.72791990845365,22.209533010160946
25.65574666045623,22.40835302844721
25.125559945026183,22.872266404448496
26.362662281029614,23.402453119878544
26.583573412458804,25.390653302741207
25.920840018171248,24.72791990845365
25.65574666045623,24.330279871881118
25.65574666045623,25.65574666045623
25.523199981598715,26.119660036457518
24.860466587311166,26.64984675188756
24.39655321130987,27.445126825032624
24.860466587311166,26.84866677017383
24.330279871881118,29.54378257360988
25.523199981598715,28.969413631894
28.704320274178976,28.43922691646396
28.041586879891426,27.90904020103391
27.643946843318894,30.891340475327908
27.113760127888845,30.294880420469113
26.583573412458804,31.885440566759243
26.053386697028763,31.355253851329195
31.090160493614178,31.62034720904422
30.55997377818413,31.222707172471686
30.02978706275409,33.2771806947631
29.49960034732404,32.68072063990431
28.969413631894,32.15053392447426
28.571773595321467,34.33755412562319
28.041586879891426,33.74109407076439
27.776493522176402,34.27128078619444
28.969413631894,33.74109407076439
28.43922691646396,35.11074308562534
27.90904020103391,34.536374143909455
30.825067135899154,36.39202764791461
30.162333741611597,35.86184093248457
29.69842036561031,35.33165421705452
30.294880420469113,34.66892082276697
29.764693705039065,34.40382746505195
29.234506989609024,34.006187428479414
28.83686695303649,33.40972737362062
31.355253851329195,33.34345403419186
30.825067135899154,33.80736741019315
30.294880420469113,33.34345403419186
29.89724038389658,34.27128078619444
31.929622793045077,33.873640749621906
32.283080603331776,33.40972737362062
33.21090735533435,33.47600071304937
32.68072063990431,34.27128078619444
32.15053392447426,33.80736741019315
31.62034720904422,33.07836067647684
31.355253851329195,32.81326731876182
30.957613814756662,32.415627282189284
32.15053392447426,31.752893887901728
31.090160493614178,31.28898051190044
30.55997377818413,32.54817396104679
30.02978706275409,32.01798724561675
29.367053668466532,33.74109407076439
28.704320274178976,33.2771806947631
28.041586879891426,34.27128078619444
27.511400164461378,33.47600071304937
26.981213449031337,32.945813997619325
28.704320274178976,32.415627282189284
28.174133558748935,32.01798724561675
27.643946843318894,31.355253851329195
27.113760127888845,31.752893887901728
28.174133558748935,31.090160493614178
27.643946843318894,30.55997377818413
26.981213449031337,30.162333741611597
26.716120091316313,32.45980950847512
26.892848996459662,31.885440566759243
27.643946843318894,31.355253851329195
27.113760127888845,33.21090735533435
26.64984675188756,32.68072063990431
27.643946843318894,32.15053392447426
26.053386697028763,31.355253851329195
25.390653302741207,31.885440566759243
24.860466587311166,32.283080603331776
24.330279871881118,32.283080603331776
24.72791990845365,32.216807263903014
25.78829333931374,31.686620548472973
25.191833284454937,31.156433833042932
26.583573412458804,30.692520457041645
26.053386697028763,30.339062646754947
25.523199981598715,30.692520457041645
24.860466587311166,30.02978706275409
24.330279871881118,29.49960034732404
23.534999798736052,29.035686971322754
23.269906441021035,28.306680237606443
23.269906441021035,28.041586879891426
23.00481308330601,28.704320274178976
22.474626367875963,28.306680237606443
22.209533010160946,27.842766861605156
22.209533010160946,27.643946843318894
21.944439652445922,26.981213449031337
21.54679961587339,26.185933375886272
21.21543291872961,25.722019999884985
21.082886239872103,26.451026733601296
21.01661290044335,26.185933375886272
20.4864261850133,25.78829333931374
19.95623946958326,25.324379963312452
19.42605275415322,24.816284361025325
18.89586603872317,25.58947332102747
18.36567932329313,27.643946843318894
17.702945929005573,27.113760127888845
17.17275921357553,26.583573412458804
16.775119177003,26.119660036457518
17.702945929005573,26.31848005474378
17.17275921357553,25.78829333931374
17.040212534718023,25.258106623883698
16.377479140430466,24.661646569024896
15.847292425000418,24.330279871881118
15.052012351855353,23.800093156451076
14.65437231528282,23.402453119878544
14.521825636425312,22.938539743877257
14.389278957567804,22.40835302844721
13.726545563280247,22.209533010160946
13.638181110708572,21.944439652445922
14.389278957567804,21.679346294730898
13.991638920995271,21.281706258158366
14.389278957567804,20.618972863870816
13.726545563280247,20.221332827298284
13.130085508421452,20.884066221585833
12.53362545356265,20.4864261850133
11.870892059275093,20.022512809012014
11.208158664987543,19.558599433010727
10.677971949557495,19.09468605700944
10.147785234127454,19.028412717580686
9.683871858126167,18.89586603872317
9.219958482124873,18.431952662721883
9.88269187641243,17.968039286720597
9.750145197554922,17.570399250148064
9.219958482124873,17.040212534718023
10.147785234127454,16.57629915871673
9.617598518697413,16.112385782715442
9.219958482124873,15.71474574614291
10.677971949557495,15.052012351855353
11.208158664987543,14.389278957567804
10.214058573556208,13.859092242137756
10.677971949557495,13.461452205565223
9.816418536983676,14.389278957567804
9.219958482124873,13.991638920995271
8.954865124409856,13.859092242137756
,13.196358847850206
,12.53362545356265
,12.003438738132608
,11.539525362131315
,12.003438738132608
