Y(hoy),Y(ayer)
3.454177951823155,4.647098061540753
2.8577178969643597,4.315731364396974
2.3938045209630587,3.8518179883956876
2.3275311815343116,3.5204512912519093
2.0624378238192946,3.5204512912519093
1.5322511083892465,3.3879046123944008
1.2671577506742295,2.7914445575355984
1.2671577506742295,2.2612578421055503
1.2671577506742295,1.929891144961772
1.2671577506742295,1.399704429531738
1.0020643929591984,1.1346110718167068
0.20678431981413326,0.47187767752916443
0.07423764095662477,1.0020643929591984
-0.389675735044662,1.2671577506742295
-0.7873157716172017,1.2671577506742295
-0.8535891110459488,0.8695177141016899
-0.8535891110459488,0.2730576592428946
-0.8535891110459488,0.20678431981413326
-1.1849558081897271,0.07423764095662477
-1.6930514104768548,-0.389675735044662
-2.0465092207635536,-0.8535891110459488
-2.0465092207635536,-0.8535891110459488
-2.0465092207635536,-0.8535891110459488
-2.0465092207635536,-0.8535891110459488
-2.0465092207635536,-0.8535891110459488
-2.0465092207635536,-0.8535891110459488
-2.0465092207635536,-0.8535891110459488
-2.0465092207635536,-0.8535891110459488
-2.179055899621062,-0.8535891110459488
-2.1127825601923007,-0.8535891110459488
-2.0465092207635536,-0.8535891110459488
-2.0465092207635536,-0.8535891110459488
-2.179055899621062,-1.11868246876098
-2.0465092207635536,-1.7814158630485224
-2.179055899621062,-1.648869184191014
-1.11868246876098,-1.2512291476184885
-0.5884957533309318,-1.7151425236197753
-0.05830903790088371,-1.7151425236197753
0.20678431981413326,-1.2070469213326476
0.6486065826724996,-1.5163225053335054
1.0020643929591984,-1.913962541906045
1.399704429531738,-1.7151425236197753
1.9961644843905333,-1.2070469213326476
6.038838189544613,-1.5825958447622668
5.508651474114572,-0.9861357899034573
6.834118262689678,-0.8535891110459488
7.496851656977235,-0.8535891110459488
8.027038372407276,-0.8535891110459488
15.71474574614291,-0.8535891110459488
17.570399250148064,-0.7210424321884403
17.040212534718023,0.07423764095662477
18.23313264443562,0.20678431981413326
18.763319359865662,0.8695177141016899
19.82369279072575,1.2671577506742295
27.37885348560387,1.664797787246755
26.84866677017383,2.2612578421055503
28.704320274178976,2.5926245392493286
28.174133558748935,3.1228112546793767
30.02978706275409,4.05063800668195
29.632147026181556,4.845918079827015
39.04296122506483,6.436478226117146
40.898614729069976,5.906291510687105
40.50097469249745,7.231758299262211
42.75426823307514,6.834118262689678
42.3566281965026,7.761945014692259
44.34482837936527,8.2921317301223
43.94718834279273,8.954865124409856
45.27265513136784,9.485051839839898
44.477375058222776,10.147785234127454
43.28445494850518,11.47325202270256
42.75426823307514,11.075611986130028
41.95898815993007,12.798718811277674
41.36252810507127,13.859092242137756
41.95898815993007,15.979839103857934
41.428801444500024,15.449652388427886
41.16370808678501,15.052012351855353
40.76606805021247,17.835492607863088
40.23588133478243,17.30530589243304
39.838241298209894,16.907665855860508
39.308054582779846,18.36567932329313
39.838241298209894,19.028412717580686
39.308054582779846,19.95623946958326
40.43470135306869,20.088786148440768
40.898614729069976,21.54679961587339
40.898614729069976,21.01661290044335
40.23588133478243,23.402453119878544
39.57314794049488,23.00481308330601
39.04296122506483,25.258106623883698
38.6453211884923,24.860466587311166
38.247681151919764,27.113760127888845
37.717494436489716,26.451026733601296
37.717494436489716,28.174133558748935
37.187307721059675,27.643946843318894
36.524574326772125,30.294880420469113
35.92811427191332,29.764693705039065
35.596747574769545,29.234506989609024
35.13283419876826,28.83686695303649
34.536374143909455,32.945813997619325
33.873640749621906,32.415627282189284
33.21090735533435,32.01798724561675
32.74699397933306,34.27128078619444
32.15053392447426,33.873640749621906
31.48780053018671,35.596747574769545
31.222707172471686,35.19910753819701
30.825067135899154,36.657121005629634
29.89724038389658,37.98258779420474
30.42742709932662,39.308054582779846
30.957613814756662,38.91041454620732
29.49960034732404,40.898614729069976
28.969413631894,40.36842801363994
28.571773595321467,42.75426823307514
27.511400164461378,42.22408151764509
27.24630680674636,41.69389480221505
26.914940109602583,44.079735021650244
27.643946843318894,43.5495483062202
27.113760127888845,45.14010845251033
27.113760127888845,44.74246841593779
26.31848005474378,45.53774848908286
25.78829333931374,45.53774848908286
26.31848005474378,45.14010845251033
25.920840018171248,44.609921737080285
26.053386697028763,43.28445494850518
25.65574666045623,42.75426823307514
26.451026733601296,42.22408151764509
26.981213449031337,41.82644148107256
27.24630680674636,41.16370808678501
26.716120091316313,40.898614729069976
27.511400164461378,40.23588133478243
27.776493522176402,39.57314794049488
27.776493522176402,38.976687885636075
27.776493522176402,38.976687885636075
28.041586879891426,39.57314794049488
30.162333741611597,39.9707879770674
29.234506989609024,39.57314794049488
28.571773595321467,39.17550790392234
28.041586879891426,38.77786786734981
27.776493522176402,38.247681151919764
28.43922691646396,37.717494436489716
29.8088759313249,37.054761042202166
29.367053668466532,36.2594809690571
29.035686971322754,35.6630209141983
28.969413631894,35.464200895912036
28.505500255892713,35.19910753819701
27.975313540462672,34.60264748333822
28.43922691646396,34.006187428479414
29.8088759313249,33.54227405247813
29.367053668466532,32.945813997619325
28.041586879891426,32.283080603331776
30.55997377818413,31.752893887901728
31.090160493614178,31.355253851329195
31.178524946185853,30.825067135899154
31.885440566759243,30.162333741611597
33.21090735533435,30.825067135899154
32.68072063990431,30.42742709932662
33.01208733704808,29.89724038389658
32.54817396104679,29.49960034732404
33.47600071304937,28.969413631894
34.40382746505195,27.90904020103391
33.873640749621906,27.37885348560387
34.735194162195725,26.84866677017383
35.33165421705452,26.185933375886272
34.80146750162448,25.722019999884985
34.33755412562319,26.583573412458804
33.60854739190688,26.716120091316313
33.21090735533435,26.716120091316313
32.415627282189284,26.716120091316313
34.536374143909455,26.716120091316313
34.006187428479414,26.84866677017383
33.60854739190688,27.643946843318894
32.945813997619325,27.776493522176402
36.39202764791461,27.37885348560387
35.99438761134208,26.84866677017383
41.95898815993007,27.24630680674636
41.428801444500024,27.776493522176402
39.838241298209894,27.511400164461378
41.16370808678501,27.113760127888845
41.95898815993007,27.776493522176402
41.428801444500024,28.24040689817769
40.898614729069976,28.704320274178976
39.57314794049488,28.24040689817769
39.04296122506483,27.776493522176402
40.10333465592491,28.306680237606443
39.57314794049488,29.49960034732404
40.898614729069976,28.969413631894
40.69979471078371,28.969413631894
40.23588133478243,28.306680237606443
39.838241298209894,28.704320274178976
39.44060126163736,28.174133558748935
36.524574326772125,27.90904020103391
38.71159452792105,28.63804693475022
38.51277450963478,28.10786021932018
38.115134473062255,28.83686695303649
37.717494436489716,29.367053668466532
37.187307721059675,29.89724038389658
35.596747574769545,29.234506989609024
35.19910753819701,28.903140292465245
33.34345403419186,29.632147026181556
33.21090735533435,30.02978706275409
32.68072063990431,29.764693705039065
32.283080603331776,29.300780329037778
32.15053392447426,29.234506989609024
31.355253851329195,29.764693705039065
30.957613814756662,30.294880420469113
30.294880420469113,30.692520457041645
29.89724038389658,30.096060402182843
28.969413631894,30.891340475327908
28.306680237606443,30.294880420469113
27.90904020103391,31.885440566759243
27.953222427319744,31.355253851329195
28.704320274178976,32.54817396104679
28.174133558748935,33.07836067647684
29.49960034732404,33.74109407076439
29.101960310751508,34.13873410733692
30.339062646754947,33.54227405247813
29.89724038389658,33.07836067647684
30.42742709932662,32.54817396104679
30.957613814756662,32.283080603331776
28.83686695303649,33.21090735533435
29.234506989609024,34.006187428479414
28.83686695303649,33.47600071304937
29.764693705039065,37.4524010787747
31.885440566759243,36.92221436334465
30.42742709932662,36.39202764791461
33.21090735533435,35.86184093248457
32.68072063990431,35.33165421705452
32.283080603331776,34.80146750162448
32.68072063990431,40.23588133478243
32.216807263903014,39.705694619352386
31.62034720904422,40.76606805021247
31.156433833042932,41.296254765642516
31.090160493614178,41.89271482050131
31.62034720904422,41.16370808678501
31.222707172471686,40.63352137135496
32.216807263903014,40.23588133478243
32.74699397933306,40.63352137135496
33.21090735533435,41.49507478392878
32.54817396104679,41.03116140792749
31.885440566759243,41.95898815993007
31.355253851329195,41.49507478392878
30.825067135899154,40.96488806849874
30.294880420469113,40.50097469249745
29.89724038389658,40.10333465592491
31.885440566759243,39.57314794049488
31.355253851329195,38.51277450963478
30.825067135899154,37.187307721059675
33.47600071304937,37.187307721059675
32.945813997619325,37.98258779420474
32.415627282189284,39.61733016678071
34.13873410733692,39.04296122506483
34.735194162195725,39.308054582779846
35.33165421705452,38.84414120677856
34.93401418048199,38.247681151919764
34.80146750162448,37.717494436489716
34.27128078619444,37.187307721059675
33.74109407076439,36.39202764791461
33.07836067647684,35.86184093248457
32.68072063990431,35.33165421705452
33.07836067647684,34.66892082276697
32.54817396104679,34.006187428479414
33.34345403419186,33.47600071304937
33.34345403419186,32.81326731876182
33.21090735533435,32.415627282189284
32.54817396104679,32.283080603331776
32.283080603331776,31.885440566759243
31.885440566759243,31.39943607761503
31.355253851329195,31.885440566759243
30.957613814756662,31.090160493614178
31.48780053018671,30.55997377818413
32.54817396104679,29.764693705039065
32.01798724561675,29.367053668466532
33.21090735533435,28.43922691646396
33.74109407076439,28.041586879891426
33.34345403419186,27.113760127888845
34.27128078619444,27.776493522176402
33.74109407076439,28.43922691646396
33.21090735533435,29.300780329037778
32.68072063990431,29.764693705039065
32.15053392447426,29.367053668466532
31.62034720904422,28.704320274178976
31.090160493614178,28.174133558748935
30.55997377818413,27.37885348560387
29.565873686752802,26.84866677017383
29.035686971322754,26.384753394172535
30.55997377818413,25.854566678742493
29.49960034732404,26.31848005474378
31.090160493614178,28.306680237606443
31.090160493614178,27.643946843318894
31.090160493614178,27.113760127888845
30.42742709932662,26.716120091316313
29.83096704446782,29.49960034732404
29.234506989609024,28.969413631894
28.903140292465245,30.692520457041645
29.234506989609024,31.090160493614178
31.222707172471686,30.42742709932662
30.02978706275409,29.89724038389658
29.49960034732404,29.101960310751508
28.969413631894,29.49960034732404
28.43922691646396,30.02978706275409
27.90904020103391,30.55997377818413
27.511400164461378,31.222707172471686
27.113760127888845,31.81916722733048
29.234506989609024,31.62034720904422
28.704320274178976,31.222707172471686
28.174133558748935,30.825067135899154
29.764693705039065,30.361153759897867
29.16823365018027,29.83096704446782
28.704320274178976,29.367053668466532
28.041586879891426,28.903140292465245
27.776493522176402,29.300780329037778
27.24630680674636,29.89724038389658
26.583573412458804,29.83096704446782
26.053386697028763,29.367053668466532
25.58947332102747,28.969413631894
25.390653302741207,28.704320274178976
24.993013266168674,28.21831578503477
25.258106623883698,29.632147026181556
24.860466587311166,28.969413631894
24.330279871881118,30.825067135899154
23.800093156451076,30.294880420469113
22.872266404448496,32.945813997619325
22.342079689018455,32.415627282189284
21.811892973588414,31.885440566759243
21.281706258158366,31.48780053018671
20.751519542728325,34.33755412562319
20.088786148440768,33.74109407076439
19.492326093581973,33.34345403419186
19.95623946958326,34.33755412562319
18.89586603872317,33.74109407076439
18.36567932329313,33.2771806947631
17.702945929005573,32.68072063990431
17.437852571290556,32.283080603331776
16.907665855860508,32.216807263903014
16.775119177003,31.62034720904422
16.112385782715442,31.222707172471686
15.449652388427886,31.885440566759243
14.919465672997845,31.42152719075795
14.65437231528282,30.891340475327908
14.521825636425312,30.162333741611597
14.389278957567804,30.162333741611597
13.925365581566517,30.825067135899154
13.461452205565223,31.48780053018671
13.06381216899269,32.15053392447426
12.53362545356265,32.15053392447426
12.003438738132608,31.62034720904422
11.47325202270256,31.156433833042932
10.81051862841501,30.692520457041645
10.147785234127454,30.294880420469113
9.485051839839898,29.632147026181556
9.02113846383861,29.16823365018027
9.087411803267365,29.764693705039065
9.087411803267365,29.367053668466532
8.557225087837324,29.234506989609024
8.027038372407276,28.83686695303649
7.364304978119726,28.43922691646396
6.9003916021184395,27.842766861605156
6.9003916021184395,28.43922691646396
,27.90904020103391
,29.49960034732404
,28.969413631894
,30.42742709932662
,30.957613814756662
,30.957613814756662
,30.55997377818413
,29.764693705039065
,29.101960310751508
,28.43922691646396
,28.041586879891426
,27.37885348560387
,26.84866677017383
,26.914940109602583
,27.511400164461378
,27.113760127888845
,26.583573412458804
,26.185933375886272
,25.78829333931374
,25.258106623883698
,24.794193247882404
,24.59537322959614
,24.860466587311166
,25.523199981598715
,25.523199981598715
,24.993013266168674
,24.462826550738633
,23.932639835308585
,23.402453119878544
,23.00481308330601
,22.60717304673348
,22.07698633130343
,21.54679961587339
,20.751519542728325
,20.221332827298284
,19.691146111868235
,19.160959396438194
,18.630772681008153
,18.100585965578105
,17.63667258957682
,17.17275921357553
,16.775119177003
,16.311205801001712
,15.781019085571664
,15.317105709570377
,14.919465672997845
,14.455552296996558
,14.12418559985278
,13.660272223851493
,14.256732278710288
,13.726545563280247
,13.859092242137756
,13.395178866136469
,12.53362545356265
,12.003438738132608
,11.47325202270256
,11.075611986130028
,10.677971949557495
,10.214058573556208
,9.750145197554922
,9.352505160982389
,8.822318445552341
,8.358405069551054
,7.894491693549767
,7.828218354121013
,7.099211620404702
,6.436478226117146
,5.906291510687105
,5.773744831829596
,5.773744831829596
