Y(hoy),Y(ayer)
4.647098061540753,3.1228112546793767
4.580824722111998,2.5926245392493286
3.918091327824442,3.1228112546793767
3.5867246306806635,2.990264575821868
3.5204512912519093,2.5263511998205814
2.990264575821868,2.2612578421055503
2.46007786039182,1.7310711266755163
2.46007786039182,1.2671577506742295
2.3275311815343116,1.2008844112454682
2.0624378238192946,0.6044243563866729
1.5322511083892465,0.20678431981413326
1.2671577506742295,0.20678431981413326
1.2671577506742295,0.20678431981413326
1.1346110718167068,0.20678431981413326
0.5381510169579116,0.20678431981413326
0.14051098038538612,0.20678431981413326
-0.389675735044662,-0.5884957533309318
0.07423764095662477,-0.8535891110459488
-0.5884957533309318,-0.8535891110459488
-0.8535891110459488,-0.8535891110459488
-0.8535891110459488,-0.8535891110459488
-1.913962541906045,-1.383775826475997
-1.4279580527618378,-1.913962541906045
-0.9861357899034573,-1.5163225053335054
-0.9198624504747102,-1.2512291476184885
-0.9861357899034573,-1.913962541906045
-1.5163225053335054,-1.7814158630485224
-0.9861357899034573,-1.2512291476184885
-1.5163225053335054,-1.8476892024772837
-0.9861357899034573,-1.913962541906045
-1.5825958447622668,-1.913962541906045
-2.0465092207635536,-1.913962541906045
-2.0465092207635536,-1.7151425236197753
-2.0465092207635536,-1.2512291476184885
-2.1127825601923007,-0.8535891110459488
-2.0465092207635536,-0.9198624504747102
-2.1127825601923007,-1.2512291476184885
-2.0465092207635536,-1.7814158630485224
-1.9802358813347922,-1.913962541906045
-1.5163225053335054,-1.450049165904744
-0.8535891110459488,-1.11868246876098
-2.0465092207635536,-1.7814158630485224
-2.0465092207635536,-1.7814158630485224
-2.0465092207635536,-1.11868246876098
-1.4721402790476645,-0.8535891110459488
-1.913962541906045,-0.8535891110459488
-1.11868246876098,-1.383775826475997
-1.383775826475997,-1.913962541906045
-1.913962541906045,-1.7814158630485224
-1.1849558081897271,-1.2512291476184885
-1.7814158630485224,-0.8535891110459488
-0.8535891110459488,-0.8535891110459488
-0.3234023956159007,-0.8535891110459488
0.20678431981413326,-0.8535891110459488
0.9357910535304512,-0.8535891110459488
0.47187767752916443,-0.8535891110459488
2.3275311815343116,-0.8535891110459488
3.6529979701094177,-0.8535891110459488
3.454177951823155,-0.7210424321884403
3.5204512912519093,-0.1908557167583922
4.1169113461107045,0.20678431981413326
3.6529979701094177,0.6044243563866729
5.6411981529720805,1.2008844112454682
5.243558116399548,1.5322511083892465
6.502751565545907,2.194984502676803
6.038838189544613,2.8577178969643597
7.364304978119726,3.3879046123944008
9.617598518697413,3.8518179883956876
8.557225087837324,4.448278043254483
8.027038372407276,4.713371400969507
10.147785234127454,4.713371400969507
10.147785234127454,6.171384868402129
11.47325202270256,5.6411981529720805
10.94306530727252,6.767844923260924
13.328905526707715,7.761945014692259
12.798718811277674,7.231758299262211
14.919465672997845,8.888591784981102
14.521825636425312,8.2921317301223
17.835492607863088,10.412878591842478
19.73532833815407,9.88269187641243
19.160959396438194,9.352505160982389
20.530608411299134,12.003438738132608
22.07698633130343,11.47325202270256
21.54679961587339,11.075611986130028
20.81779288215708,14.12418559985278
21.281706258158366,13.593998884422739
20.221332827298284,13.06381216899269
20.751519542728325,12.666172132420158
20.15505948786953,14.919465672997845
22.739719725590987,16.244932461572958
34.13873410733692,15.847292425000418
32.15053392447426,18.100585965578105
31.752893887901728,17.570399250148064
35.86184093248457,19.95623946958326
35.464200895912036,19.42605275415322
33.60854739190688,20.751519542728325
38.91041454620732,20.353879506155792
40.63352137135496,21.149159579300857
40.10333465592491,21.41425293701588
42.3566281965026,22.07698633130343
46.73066859880046,21.613072955302144
48.851415460520634,22.60717304673348
48.32122874509059,22.209533010160946
49.381602175950675,24.72791990845365
49.779242212523215,24.19773319302361
49.11650881823566,27.113760127888845
48.4537754239481,26.583573412458804
47.923588708518054,26.185933375886272
46.86321527765797,29.764693705039065
45.40520181022535,29.234506989609024
45.00756177365282,32.945813997619325
43.15190826964766,32.415627282189284
42.53335710164595,31.885440566759243
42.09153483878758,31.355253851329195
42.48917487536011,33.60854739190688
41.95898815993007,34.13873410733692
41.428801444500024,35.86184093248457
40.898614729069976,35.33165421705452
40.36842801363994,34.80146750162448
39.9707879770674,37.4524010787747
40.83234138964123,37.054761042202166
40.36842801363994,39.04296122506483
41.296254765642516,38.6453211884923
43.35072828793393,40.63352137135496
43.28445494850518,40.10333465592491
42.75426823307514,39.705694619352386
40.898614729069976,43.28445494850518
40.36842801363994,42.75426823307514
39.838241298209894,42.3566281965026
39.308054582779846,45.40520181022535
38.77786786734981,44.87501509479531
38.38022783077727,47.260855314230504
37.85004111534723,46.73066859880046
36.524574326772125,48.05613538737557
36.2594809690571,48.4537754239481
35.90602315877041,47.85731536908931
35.464200895912036,47.65849535080304
37.25358106048843,47.260855314230504
37.717494436489716,46.73066859880046
36.657121005629634,45.40520181022535
36.19320762962835,44.87501509479531
35.596747574769545,44.477375058222776
34.93401418048199,43.94718834279273
32.283080603331776,43.41700162736269
32.15053392447426,43.15190826964766
31.355253851329195,42.62172155421762
30.825067135899154,42.22408151764509
30.162333741611597,41.82644148107256
29.89724038389658,41.428801444500024
29.89724038389658,41.03116140792749
29.632147026181556,41.16370808678501
29.101960310751508,42.48917487536011
28.83686695303649,42.09153483878758
28.43922691646396,43.019361590790155
27.90904020103391,42.3566281965026
28.505500255892713,42.09153483878758
29.49960034732404,41.69389480221505
28.969413631894,41.16370808678501
31.023887154185417,40.76606805021247
30.42742709932662,40.10333465592491
29.89724038389658,39.57314794049488
29.367053668466532,39.04296122506483
28.43922691646396,38.38022783077727
27.975313540462672,37.85004111534723
27.842766861605156,37.4524010787747
28.21831578503477,36.92221436334465
27.776493522176402,36.78966768448714
29.367053668466532,37.38612773934594
28.903140292465245,37.187307721059675
29.89724038389658,36.78966768448714
28.704320274178976,36.39202764791461
28.174133558748935,35.99438761134208
27.776493522176402,35.33165421705452
28.969413631894,34.80146750162448
28.571773595321467,33.74109407076439
30.02978706275409,33.34345403419186
29.632147026181556,32.415627282189284
28.969413631894,33.07836067647684
28.43922691646396,32.68072063990431
27.975313540462672,33.07836067647684
29.035686971322754,32.81326731876182
28.43922691646396,32.415627282189284
28.041586879891426,31.885440566759243
30.02978706275409,31.28898051190044
29.49960034732404,31.156433833042932
28.969413631894,30.825067135899154
29.54378257360988,30.162333741611597
30.42742709932662,29.89724038389658
29.963513723325335,29.49960034732404
29.963513723325335,29.101960310751508
31.48780053018671,30.361153759897867
30.692520457041645,30.825067135899154
30.42742709932662,30.02978706275409
30.02978706275409,28.969413631894
31.885440566759243,29.83096704446782
31.355253851329195,29.234506989609024
32.68072063990431,30.825067135899154
33.21090735533435,30.361153759897867
32.54817396104679,30.22860708104035
32.01798724561675,29.89724038389658
31.885440566759243,29.300780329037778
31.178524946185853,29.632147026181556
30.957613814756662,30.692520457041645
31.090160493614178,30.825067135899154
31.355253851329195,30.294880420469113
30.957613814756662,29.83096704446782
31.951713906187997,29.234506989609024
32.61444730047555,30.626247117612884
33.21090735533435,30.02978706275409
33.74109407076439,31.090160493614178
34.27128078619444,30.825067135899154
33.74109407076439,30.361153759897867
33.21090735533435,30.957613814756662
32.415627282189284,30.55997377818413
31.885440566759243,30.294880420469113
31.355253851329195,30.825067135899154
32.945813997619325,30.294880420469113
31.885440566759243,31.090160493614178
34.27128078619444,30.692520457041645
33.74109407076439,31.885440566759243
33.34345403419186,31.222707172471686
32.945813997619325,32.15053392447426
32.415627282189284,31.62034720904422
34.006187428479414,33.07836067647684
33.47600071304937,32.54817396104679
35.0665608593395,31.885440566759243
34.536374143909455,31.355253851329195
35.464200895912036,30.42742709932662
35.0665608593395,30.957613814756662
34.66892082276697,30.42742709932662
36.92221436334465,31.222707172471686
37.49658330506054,32.54817396104679
36.39202764791461,31.885440566759243
35.86184093248457,33.2771806947631
35.464200895912036,33.21090735533435
36.39202764791461,32.54817396104679
35.86184093248457,31.752893887901728
37.187307721059675,31.355253851329195
37.717494436489716,31.885440566759243
36.8559410239159,32.283080603331776
36.524574326772125,32.283080603331776
43.5495483062202,32.283080603331776
37.58494775763221,32.415627282189284
45.80284184679789,33.07836067647684
47.260855314230504,32.48190062161804
46.46557524108544,32.81326731876182
45.9353885256554,33.34345403419186
45.27265513136784,34.536374143909455
44.74246841593779,34.006187428479414
44.34482837936527,35.39792755648328
46.86321527765797,34.93401418048199
46.200481883370415,35.464200895912036
45.80284184679789,34.13873410733692
47.52594867194553,33.60854739190688
46.99576195651548,35.0665608593395
46.33302856222792,34.536374143909455
45.80284184679789,34.13873410733692
45.14010845251033,35.86184093248457
44.74246841593779,36.524574326772125
44.079735021650244,36.78966768448714
42.886814911932646,37.38612773934594
42.62172155421762,37.187307721059675
42.22408151764509,36.657121005629634
42.886814911932646,37.054761042202166
43.15190826964766,37.98258779420474
43.61582164564895,37.58494775763221
44.21228170050775,41.16370808678501
44.34482837936527,40.63352137135496
43.94718834279273,40.10333465592491
42.22408151764509,44.079735021650244
41.16370808678501,43.5495483062202
41.03116140792749,43.15190826964766
40.10333465592491,46.46557524108544
39.57314794049488,45.9353885256554
37.717494436489716,45.53774848908286
37.187307721059675,47.260855314230504
36.126934290199586,46.86321527765797
35.6630209141983,46.200481883370415
35.26538087762577,45.60402182851162
34.80146750162448,47.52594867194553
34.006187428479414,47.12830863537299
32.415627282189284,46.73066859880046
32.01798724561675,46.200481883370415
31.355253851329195,45.40520181022535
30.825067135899154,44.94128843422406
30.339062646754947,44.477375058222776
29.89724038389658,46.200481883370415
30.957613814756662,45.670295167940374
30.294880420469113,45.60402182851162
29.764693705039065,45.40520181022535
29.101960310751508,44.609921737080285
28.571773595321467,43.94718834279273
28.041586879891426,43.41700162736269
28.704320274178976,44.079735021650244
29.234506989609024,43.61582164564895
30.162333741611597,43.81464166393522
27.643946843318894,45.44938403651119
27.180033467317607,44.87501509479531
27.643946843318894,44.34482837936527
26.981213449031337,47.260855314230504
27.776493522176402,46.598121919942955
28.969413631894,46.06793520451291
30.096060402182843,45.60402182851162
29.632147026181556,45.14010845251033
30.162333741611597,44.609921737080285
27.90904020103391,44.079735021650244
28.571773595321467,43.5495483062202
28.43922691646396,42.886814911932646
27.975313540462672,42.3566281965026
28.969413631894,41.69389480221505
28.571773595321467,41.16370808678501
31.222707172471686,40.63352137135496
30.02978706275409,40.10333465592491
29.565873686752802,39.57314794049488
28.969413631894,39.17550790392234
29.101960310751508,37.98258779420474
30.096060402182843,37.4524010787747
31.156433833042932,36.92221436334465
30.55997377818413,36.39202764791461
32.15053392447426,35.99438761134208
31.62034720904422,35.53047423534079
32.15053392447426,35.0665608593395
31.48780053018671,34.536374143909455
30.825067135899154,34.006187428479414
29.963513723325335,33.07836067647684
31.885440566759243,32.15053392447426
31.355253851329195,31.62034720904422
30.957613814756662,30.825067135899154
29.89724038389658,30.294880420469113
33.21090735533435,29.764693705039065
32.68072063990431,29.101960310751508
33.60854739190688,28.306680237606443
34.27128078619444,27.776493522176402
34.27128078619444,27.37885348560387
33.74109407076439,26.914940109602583
33.07836067647684,27.37885348560387
32.54817396104679,28.174133558748935
32.283080603331776,27.776493522176402
33.21090735533435,29.49960034732404
32.81326731876182,28.903140292465245
33.2771806947631,28.571773595321467
32.34935394276053,27.643946843318894
34.006187428479414,27.113760127888845
33.60854739190688,26.64984675188756
32.945813997619325,26.31848005474378
35.33165421705452,25.854566678742493
34.80146750162448,26.31848005474378
34.27128078619444,27.643946843318894
33.60854739190688,27.113760127888845
33.34345403419186,29.764693705039065
32.945813997619325,29.234506989609024
32.415627282189284,28.83686695303649
32.68072063990431,29.101960310751508
32.283080603331776,29.632147026181556
33.21090735533435,28.704320274178976
33.60854739190688,27.24630680674636
34.050369654765255,26.716120091316313
34.13873410733692,27.643946843318894
33.60854739190688,27.113760127888845
33.34345403419186,28.704320274178976
35.33165421705452,28.041586879891426
34.80146750162448,29.234506989609024
34.27128078619444,30.294880420469113
33.74109407076439,30.957613814756662
32.98999622390516,30.294880420469113
32.415627282189284,29.764693705039065
33.34345403419186,29.234506989609024
33.34345403419186,28.505500255892713
33.21090735533435,27.975313540462672
32.15053392447426,28.969413631894
31.48780053018671,28.43922691646396
31.023887154185417,29.632147026181556
31.686620548472973,29.101960310751508
31.222707172471686,29.49960034732404
32.15053392447426,30.55997377818413
32.81326731876182,30.02978706275409
32.415627282189284,31.090160493614178
31.178524946185853,30.825067135899154
30.55997377818413,30.361153759897867
30.162333741611597,30.7587937964704
30.957613814756662,30.294880420469113
30.02978706275409,30.825067135899154
29.49960034732404,31.222707172471686
29.101960310751508,31.752893887901728
28.704320274178976,32.98999622390516
28.174133558748935,32.415627282189284
27.643946843318894,33.34345403419186
27.04748678846009,32.945813997619325
26.31848005474378,32.415627282189284
25.78829333931374,31.752893887901728
27.37885348560387,31.48780053018671
26.981213449031337,31.090160493614178
26.31848005474378,30.55997377818413
28.704320274178976,30.162333741611597
28.174133558748935,31.090160493614178
27.643946843318894,31.951713906187997
27.113760127888845,31.48780053018671
26.451026733601296,32.415627282189284
25.390653302741207,32.945813997619325
25.258106623883698,33.34345403419186
24.72791990845365,32.68072063990431
26.583573412458804,32.15053392447426
26.053386697028763,31.62034720904422
25.523199981598715,31.222707172471686
24.993013266168674,30.692520457041645
24.462826550738633,30.162333741611597
23.932639835308585,31.664529435330053
23.402453119878544,31.090160493614178
22.872266404448496,30.55997377818413
22.474626367875963,32.945813997619325
21.149159579300857,32.415627282189284
21.01661290044335,32.34935394276053
20.353879506155792,32.68072063990431
19.691146111868235,32.283080603331776
19.160959396438194,33.74109407076439
18.697046020436908,33.07836067647684
18.100585965578105,32.15053392447426
17.702945929005573,31.62034720904422
17.30530589243304,31.222707172471686
16.377479140430466,31.48780053018671
15.449652388427886,32.68072063990431
14.985739012426599,32.15053392447426
14.389278957567804,33.07836067647684
13.859092242137756,32.68072063990431
14.389278957567804,33.873640749621906
13.859092242137756,33.60854739190688
14.85319233356909,33.21090735533435
15.979839103857934,32.81326731876182
15.383379048999132,31.885440566759243
16.64257249814549,31.355253851329195
15.979839103857934,30.891340475327908
15.449652388427886,30.294880420469113
14.786918994140336,30.162333741611597
14.256732278710288,30.825067135899154
13.593998884422739,30.42742709932662
13.130085508421452,31.885440566759243
12.53362545356265,31.355253851329195
11.870892059275093,32.945813997619325
11.208158664987543,32.415627282189284
10.677971949557495,31.752893887901728
10.147785234127454,31.222707172471686
9.750145197554922,32.945813997619325
8.954865124409856,32.415627282189284
9.087411803267365,32.01798724561675
7.099211620404702,32.415627282189284
7.1654849598334565,31.885440566759243
7.761945014692259,31.48780053018671
,30.55997377818413
,30.02978706275409
,29.367053668466532
,28.704320274178976
,28.10786021932018
,27.776493522176402
,30.02978706275409
,29.49960034732404
,32.01798724561675
,31.554073869615465
,30.957613814756662
,30.42742709932662
,29.764693705039065
,29.234506989609024
,28.83686695303649
,28.174133558748935
,27.643946843318894
,27.113760127888845
,26.716120091316313
,26.716120091316313
,26.716120091316313
,26.716120091316313
,26.053386697028763
,25.523199981598715
,24.993013266168674
,24.0651865141661
,23.468726459307298
,23.13735976216352
,22.60717304673348
,22.07698633130343
,21.679346294730898
,21.01661290044335
,20.4864261850133
,20.088786148440768
,19.691146111868235
,19.160959396438194
,18.697046020436908
,18.23313264443562
,17.835492607863088
,17.30530589243304
,16.510025819287975
,15.979839103857934
,15.184559030712869
,14.521825636425312
,13.991638920995271
,13.527725544993984
,13.461452205565223
,13.593998884422739
,14.12418559985278
,13.593998884422739
,13.130085508421452
,12.467352114133895
,12.268532095847625
,11.738345380417584
,11.208158664987543
,10.81051862841501
,10.412878591842478
,9.88269187641243
,9.219958482124873
,8.954865124409856
,8.424678408979808
,6.966664941547194
,6.834118262689678
,6.834118262689678
