Y(hoy),Y(ayer)
6.834118262689678,10.74424528898625
6.834118262689678,10.280331912984963
6.834118262689678,11.274432004416298
6.767844923260924,11.804618719846339
6.70157158383217,12.135985416990117
6.237658207830883,11.605798701560076
5.6411981529720805,11.208158664987543
4.978464758684531,10.74424528898625
4.514551382683237,10.214058573556208
4.448278043254483,10.015238555269946
4.183184685539466,9.418778500411143
3.6529979701094177,8.954865124409856
3.5204512912519093,8.557225087837324
3.5204512912519093,8.093311711836037
3.5204512912519093,7.894491693549767
3.5204512912519093,7.894491693549767
2.990264575821868,7.496851656977235
2.3275311815343116,6.966664941547194
1.664797787246755,6.502751565545907
2.194984502676803,5.972564850115859
1.664797787246755,6.480660452402979
2.194984502676803,6.171384868402129
1.5322511083892465,5.773744831829596
1.2671577506742295,5.773744831829596
1.1346110718167068,5.6411981529720805
0.6044243563866729,5.1110114375420395
0.2730576592428946,4.647098061540753
0.20678431981413326,4.315731364396974
0.20678431981413326,3.8518179883956876
0.20678431981413326,3.5204512912519093
0.20678431981413326,3.5204512912519093
0.20678431981413326,3.3879046123944008
0.20678431981413326,2.7914445575355984
0.07423764095662477,2.3938045209630587
-0.5884957533309318,2.3275311815343116
-0.8535891110459488,2.7914445575355984
-0.8535891110459488,3.255357933536885
-0.8535891110459488,2.7914445575355984
-0.9198624504747102,3.034446802107695
-1.11868246876098,2.5926245392493286
-1.383775826475997,2.725171218106837
-1.7372336367626815,2.194984502676803
-0.9861357899034573,1.7310711266755163
-1.383775826475997,1.2671577506742295
-0.9861357899034573,1.2671577506742295
-1.5163225053335054,1.2008844112454682
-1.9802358813347922,0.8695177141016899
-1.2512291476184885,0.4056043381004031
-1.648869184191014,0.20678431981413326
-1.5163225053335054,0.20678431981413326
-1.913962541906045,-0.05830903790088371
-1.2512291476184885,-0.7210424321884403
-1.7151425236197753,-0.8535891110459488
-1.913962541906045,-0.8535891110459488
-2.179055899621062,-0.8535891110459488
-2.0465092207635536,-0.8535891110459488
-2.0465092207635536,-0.8535891110459488
-2.0465092207635536,-0.8535891110459488
-2.0465092207635536,-0.8535891110459488
-2.0465092207635536,-0.8535891110459488
-2.1127825601923007,-1.2512291476184885
-2.0465092207635536,-1.7814158630485224
-1.648869184191014,-1.913962541906045
-1.11868246876098,-1.450049165904744
-0.9861357899034573,-1.11868246876098
-1.5163225053335054,-1.7151425236197753
-1.2070469213326476,-1.913962541906045
-1.648869184191014,-1.913962541906045
-0.9198624504747102,-1.913962541906045
-0.8535891110459488,-1.913962541906045
-0.5884957533309318,-1.383775826475997
-0.1466734904725655,-1.913962541906045
0.14051098038538612,-1.2512291476184885
0.6044243563866729,-1.7151425236197753
1.1346110718167068,-1.8476892024772837
1.399704429531738,-1.2512291476184885
1.9740733712476128,-1.648869184191014
2.194984502676803,-0.8535891110459488
1.664797787246755,-0.8535891110459488
1.2671577506742295,-0.8535891110459488
2.23916672896263,-0.8535891110459488
1.664797787246755,-0.8535891110459488
2.46007786039182,-0.8535891110459488
2.5926245392493286,-0.8535891110459488
3.255357933536885,-0.8535891110459488
3.8518179883956876,-0.8535891110459488
4.448278043254483,-0.05830903790088371
5.155193663827873,-0.5884957533309318
5.906291510687105,0.20678431981413326
6.966664941547194,0.20678431981413326
6.436478226117146,0.20678431981413326
8.027038372407276,0.20678431981413326
7.496851656977235,0.20678431981413326
8.623498427266078,0.20678431981413326
10.147785234127454,1.0020643929591984
9.617598518697413,0.47187767752916443
9.087411803267365,1.2671577506742295
12.003438738132608,1.2671577506742295
11.47325202270256,1.664797787246755
10.94306530727252,2.2612578421055503
13.328905526707715,2.3938045209630587
12.798718811277674,2.7914445575355984
14.433461183853638,3.255357933536885
13.859092242137756,2.725171218106837
15.184559030712869,2.3938045209630587
15.847292425000418,2.3275311815343116
16.510025819287975,3.1228112546793767
16.510025819287975,2.5926245392493286
15.847292425000418,3.5204512912519093
15.052012351855353,3.6529979701094177
14.521825636425312,3.7855446489669333
13.726545563280247,4.448278043254483
13.461452205565223,4.713371400969507
13.593998884422739,5.177284776970794
14.190458939281534,5.508651474114572
15.184559030712869,4.91219141925577
14.65437231528282,4.713371400969507
16.510025819287975,4.713371400969507
16.046112443286688,4.713371400969507
17.17275921357553,4.713371400969507
17.835492607863088,4.713371400969507
18.498226002150638,4.713371400969507
19.205141622724028,5.1110114375420395
20.530608411299134,5.707471492400835
19.95623946958326,5.906291510687105
21.811892973588414,6.436478226117146
21.347979597587127,6.834118262689678
22.916448630734337,7.231758299262211
22.342079689018455,7.629398335834743
23.800093156451076,7.032938280975948
24.462826550738633,7.761945014692259
24.993013266168674,7.364304978119726
26.053386697028763,7.2759405255480445
25.523199981598715,6.834118262689678
27.90904020103391,8.159585051264791
27.312580146175115,8.689771766694832
26.84866677017383,8.115402824978958
28.704320274178976,8.557225087837324
28.174133558748935,8.954865124409856
27.511400164461378,8.954865124409856
26.981213449031337,8.954865124409856
26.31848005474378,8.954865124409856
25.65574666045623,9.418778500411143
24.993013266168674,10.015238555269946
24.330279871881118,10.147785234127454
23.800093156451076,10.147785234127454
23.13735976216352,11.075611986130028
22.474626367875963,10.545425270699987
22.209533010160946,11.340705343845052
21.811892973588414,11.340705343845052
21.347979597587127,11.340705343845052
21.878166313017168,11.47325202270256
21.41425293701588,12.003438738132608
22.342079689018455,12.864992150706428
22.342079689018455,12.401078774705141
21.878166313017168,13.196358847850206
22.342079689018455,12.599898792991404
21.41425293701588,13.130085508421452
21.149159579300857,12.666172132420158
21.54679961587339,13.593998884422739
21.149159579300857,14.12418559985278
22.143259670732192,14.521825636425312
22.739719725590987,14.12418559985278
23.402453119878544,13.660272223851493
23.932639835308585,14.12418559985278
24.462826550738633,14.521825636425312
23.800093156451076,14.389278957567804
23.13735976216352,13.925365581566517
22.474626367875963,13.461452205565223
22.342079689018455,13.859092242137756
21.811892973588414,14.455552296996558
21.281706258158366,14.521825636425312
21.944439652445922,14.521825636425312
22.60717304673348,14.521825636425312
23.13735976216352,14.521825636425312
23.00481308330601,14.521825636425312
22.474626367875963,14.521825636425312
22.209533010160946,14.256732278710288
23.402453119878544,13.593998884422739
22.872266404448496,12.931265490135182
23.402453119878544,12.53362545356265
23.402453119878544,13.06381216899269
23.932639835308585,13.925365581566517
23.402453119878544,13.461452205565223
24.462826550738633,14.389278957567804
23.800093156451076,13.925365581566517
23.13735976216352,13.593998884422739
22.60717304673348,14.256732278710288
23.13735976216352,14.12418559985278
22.60717304673348,13.593998884422739
22.872266404448496,13.461452205565223
22.342079689018455,13.859092242137756
23.667546477593568,14.256732278710288
23.13735976216352,13.527725544993984
24.19773319302361,13.461452205565223
24.19773319302361,13.395178866136469
23.534999798736052,13.06381216899269
23.468726459307298,12.599898792991404
23.99891317473734,12.467352114133895
24.462826550738633,13.107994395278524
24.860466587311166,12.798718811277674
24.330279871881118,12.401078774705141
25.523199981598715,12.135985416990117
25.78829333931374,11.47325202270256
26.362662281029614,11.340705343845052
26.451026733601296,11.075611986130028
25.920840018171248,10.479151931271232
25.65574666045623,10.015238555269946
27.643946843318894,9.617598518697413
27.180033467317607,9.15368514269612
26.583573412458804,8.888591784981102
26.053386697028763,8.358405069551054
27.643946843318894,8.027038372407276
27.180033467317607,8.689771766694832
26.782393430745074,8.557225087837324
27.511400164461378,8.093311711836037
27.953222427319744,7.894491693549767
28.83686695303649,7.364304978119726
28.306680237606443,6.834118262689678
28.969413631894,6.436478226117146
28.969413631894,5.972564850115859
28.969413631894,5.773744831829596
28.969413631894,5.773744831829596
29.764693705039065,5.906291510687105
29.16823365018027,6.569024904974661
28.83686695303649,6.436478226117146
29.764693705039065,5.906291510687105
29.234506989609024,5.773744831829596
28.704320274178976,5.773744831829596
28.174133558748935,5.972564850115859
27.776493522176402,6.569024904974661
30.869249362184988,6.834118262689678
30.294880420469113,6.834118262689678
29.764693705039065,6.834118262689678
29.234506989609024,6.834118262689678
28.704320274178976,7.298031638690972
31.090160493614178,6.834118262689678
31.090160493614178,7.828218354121013
30.957613814756662,7.894491693549767
30.692520457041645,7.496851656977235
30.294880420469113,7.032938280975948
31.090160493614178,7.828218354121013
32.15053392447426,7.364304978119726
31.62034720904422,7.894491693549767
31.62034720904422,7.894491693549767
31.222707172471686,7.496851656977235
32.15053392447426,7.032938280975948
32.15053392447426,7.828218354121013
31.686620548472973,7.364304978119726
31.156433833042932,7.894491693549767
31.090160493614178,7.496851656977235
31.090160493614178,7.032938280975948
31.090160493614178,7.629398335834743
30.626247117612884,7.894491693549767
30.096060402182843,7.894491693549767
30.162333741611597,7.894491693549767
30.825067135899154,8.027038372407276
30.825067135899154,8.888591784981102
30.162333741611597,8.424678408979808
30.02978706275409,8.954865124409856
30.55997377818413,8.954865124409856
31.090160493614178,8.954865124409856
30.42742709932662,9.418778500411143
29.963513723325335,9.88269187641243
30.02978706275409,9.396687387268223
30.02978706275409,10.147785234127454
30.02978706275409,9.750145197554922
29.367053668466532,10.94306530727252
28.969413631894,10.545425270699987
32.68072063990431,10.545425270699987
32.15053392447426,10.280331912984963
31.62034720904422,11.075611986130028
31.090160493614178,11.274432004416298
30.55997377818413,11.340705343845052
30.02978706275409,11.340705343845052
29.49960034732404,11.804618719846339
29.101960310751508,11.340705343845052
34.27128078619444,12.268532095847625
33.80736741019315,13.130085508421452
33.21090735533435,12.666172132420158
35.33165421705452,13.593998884422739
34.80146750162448,14.12418559985278
34.27128078619444,14.521825636425312
33.47600071304937,14.919465672997845
34.006187428479414,15.515925727856647
34.27128078619444,15.582199067285401
33.74109407076439,15.582199067285401
33.21090735533435,15.582199067285401
32.68072063990431,15.582199067285401
32.15053392447426,15.582199067285401
31.62034720904422,16.046112443286688
31.156433833042932,16.64257249814549
30.55997377818413,16.841392516431753
30.096060402182843,17.30530589243304
31.090160493614178,17.901765947291842
32.15053392447426,17.968039286720597
31.62034720904422,17.968039286720597
31.222707172471686,17.968039286720597
30.957613814756662,17.968039286720597
30.692520457041645,17.570399250148064
30.162333741611597,17.040212534718023
29.49960034732404,16.510025819287975
28.969413631894,15.979839103857934
29.764693705039065,16.64257249814549
29.16823365018027,16.775119177003
28.83686695303649,16.775119177003
31.62034720904422,16.775119177003
31.023887154185417,16.841392516431753
30.55997377818413,17.30530589243304
33.47600071304937,17.901765947291842
32.87954065819057,17.570399250148064
32.415627282189284,17.040212534718023
35.33165421705452,16.377479140430466
34.80146750162448,15.847292425000418
34.27128078619444,15.449652388427886
33.93991408905066,14.786918994140336
34.536374143909455,15.449652388427886
33.47600071304937,14.985739012426599
32.945813997619325,14.12418559985278
32.415627282189284,13.660272223851493
31.885440566759243,14.12418559985278
31.222707172471686,13.726545563280247
30.692520457041645,14.521825636425312
30.42742709932662,14.455552296996558
30.02978706275409,13.859092242137756
29.49960034732404,13.328905526707715
28.83686695303649,12.931265490135182
28.306680237606443,12.53362545356265
27.511400164461378,12.931265490135182
27.24630680674636,13.328905526707715
26.84866677017383,12.798718811277674
26.31848005474378,12.33480543527638
25.78829333931374,11.870892059275093
25.258106623883698,11.406978683273806
24.72791990845365,11.208158664987543
24.19773319302361,10.677971949557495
23.534999798736052,10.280331912984963
23.00481308330601,10.015238555269946
22.474626367875963,9.396687387268223
22.209533010160946,10.015238555269946
21.944439652445922,
21.54679961587339,
21.01661290044335,
20.4864261850133,
19.95623946958326,
19.492326093581973,
18.763319359865662,
18.498226002150638,
18.100585965578105,
17.570399250148064,
16.907665855860508,
16.311205801001712,
15.71474574614291,
15.184559030712869,
14.65437231528282,
15.250832370141623,
15.71474574614291,
15.71474574614291,
15.383379048999132,
14.786918994140336,
14.256732278710288,
13.593998884422739,
14.168367826138613,
14.521825636425312,
14.698554541568662,
15.582199067285401,
15.052012351855353,
15.71474574614291,
15.582199067285401,
15.317105709570377,
14.786918994140336,
14.521825636425312,
14.12418559985278,
13.638181110708572,
14.919465672997845,
14.455552296996558,
15.582199067285401,
15.71474574614291,
15.71474574614291,
15.250832370141623,
15.71474574614291,
14.786918994140336,
14.521825636425312,
14.919465672997845,
14.521825636425312,
15.515925727856647,
16.112385782715442,
16.775119177003,
16.775119177003,
16.112385782715442,
15.71474574614291,
15.71474574614291,
15.71474574614291,
16.244932461572958,
16.907665855860508,
17.614581476433898,
17.835492607863088,
17.835492607863088,
17.835492607863088,
17.835492607863088,
18.23313264443562,
17.702945929005573,
18.89586603872317,
18.36567932329313,
18.03431262614935,
18.674954907293987,
18.962139378151925,
19.028412717580686,
19.492326093581973,
20.088786148440768,
20.79570176901416,
21.01661290044335,
21.01661290044335,
20.353879506155792,
20.088786148440768,
20.088786148440768,
20.265515053584117,
21.01661290044335,
20.552699524442062,
21.01661290044335,
20.088786148440768,
20.552699524442062,
21.01661290044335,
20.4864261850133,
20.088786148440768,
21.01661290044335,
20.552699524442062,
21.01661290044335,
20.353879506155792,
20.088786148440768,
20.221332827298284,
20.79570176901416,
21.01661290044335,
20.4864261850133,
20.088786148440768,
20.022512809012014,
19.95623946958326,
19.492326093581973,
19.09468605700944,
19.293506075295703,
19.95623946958326,
19.62487277243948,
19.160959396438194,
18.89586603872317,
18.23313264443562,
17.769219268434327,
17.879674834148922,
18.89586603872317,
18.36567932329313,
17.968039286720597,
19.95623946958326,
19.42605275415322,
19.42605275415322,
19.028412717580686,
18.962139378151925,
18.89586603872317,
18.23313264443562,
17.835492607863088,
15.71474574614291,
15.317105709570377,
14.65437231528282,
14.742736767854502,
15.493834614713727,
14.919465672997845,
15.71474574614291,
15.582199067285401,
15.317105709570377,
14.919465672997845,
14.521825636425312,
14.12418559985278,
13.593998884422739,
12.467352114133895,
11.870892059275093,
11.208158664987543,
10.677971949557495,
10.147785234127454,
9.683871858126167,
9.087411803267365,
9.087411803267365,
9.087411803267365,
8.557225087837324,
8.027038372407276,
7.894491693549767,
7.894491693549767,
