Y(hoy),Y(ayer)
5.773744831829596,4.183184685539466
5.707471492400835,3.6529979701094177
5.6411981529720805,4.315731364396974
4.978464758684531,3.8518179883956876
4.580824722111998,3.5204512912519093
4.580824722111998,3.3879046123944008
4.05063800668195,2.725171218106837
3.5204512912519093,2.3275311815343116
3.5204512912519093,2.2612578421055503
3.3879046123944008,1.929891144961772
3.1228112546793767,1.399704429531738
2.5926245392493286,1.2671577506742295
2.3275311815343116,0.8695177141016899
2.46007786039182,0.2730576592428946
2.3275311815343116,0.20678431981413326
2.0624378238192946,0.20678431981413326
1.5322511083892465,0.14051098038538612
1.3334310901029767,-0.1908557167583922
1.2671577506742295,-0.654769092759679
1.2671577506742295,-0.8535891110459488
1.1346110718167068,-0.8535891110459488
0.47187767752916443,-0.8535891110459488
0.20678431981413326,-0.8535891110459488
0.20678431981413326,-0.8535891110459488
0.20678431981413326,-0.8535891110459488
0.20678431981413326,-0.9861357899034573
0.20678431981413326,-1.648869184191014
0.14051098038538612,-1.2512291476184885
0.07423764095662477,-0.8535891110459488
-0.5222224139021705,-1.2512291476184885
-0.8535891110459488,-1.7151425236197753
-0.8535891110459488,-1.383775826475997
-0.8535891110459488,-1.5163225053335054
-0.8535891110459488,-1.913962541906045
-0.8535891110459488,-1.2512291476184885
-0.8535891110459488,-0.8535891110459488
-0.8535891110459488,-1.5163225053335054
-0.9861357899034573,-1.913962541906045
-1.5825958447622668,-1.913962541906045
-1.5825958447622668,-1.913962541906045
-0.9861357899034573,-1.913962541906045
-0.8535891110459488,-1.913962541906045
-0.8535891110459488,-1.913962541906045
-0.8535891110459488,-1.913962541906045
-0.8535891110459488,-1.913962541906045
-0.8535891110459488,-1.913962541906045
-0.8535891110459488,-1.913962541906045
-0.8535891110459488,-1.913962541906045
-0.9861357899034573,-1.913962541906045
-1.5163225053335054,-1.913962541906045
-1.2070469213326476,-1.7814158630485224
-1.648869184191014,-1.2512291476184885
-0.9198624504747102,-0.8535891110459488
-0.8535891110459488,-1.2512291476184885
-0.8535891110459488,-1.7151425236197753
-0.8535891110459488,-1.383775826475997
-0.8535891110459488,-1.5163225053335054
-0.5884957533309318,-1.913962541906045
-0.05830903790088371,-1.2512291476184885
0.20678431981413326,-0.8535891110459488
0.47187767752916443,-0.8535891110459488
1.0020643929591984,-0.8535891110459488
1.5322511083892465,-0.8535891110459488
2.5926245392493286,-0.8535891110459488
3.0565379152506154,-0.8535891110459488
3.5204512912519093,-0.3234023956159007
3.5204512912519093,0.20678431981413326
3.5867246306806635,0.2730576592428946
4.05063800668195,0.8695177141016899
5.177284776970794,1.5322511083892465
4.713371400969507,2.194984502676803
5.773744831829596,2.3275311815343116
6.70157158383217,2.3275311815343116
7.894491693549767,2.7914445575355984
7.231758299262211,3.255357933536885
10.412878591842478,4.05063800668195
10.015238555269946,4.580824722111998
11.47325202270256,5.1110114375420395
15.71474574614291,6.038838189544613
17.437852571290556,6.436478226117146
16.775119177003,7.231758299262211
19.293506075295703,6.834118262689678
18.763319359865662,7.629398335834743
19.95623946958326,9.087411803267365
20.4864261850133,8.689771766694832
20.088786148440768,10.147785234127454
21.01661290044335,9.750145197554922
23.13735976216352,11.47325202270256
22.60717304673348,10.94306530727252
22.07698633130343,12.798718811277674
25.523199981598715,13.859092242137756
24.993013266168674,15.979839103857934
24.462826550738633,15.449652388427886
24.0651865141661,15.052012351855353
27.643946843318894,17.570399250148064
27.113760127888845,17.040212534718023
26.583573412458804,17.968039286720597
31.090160493614178,19.757419451296997
30.692520457041645,19.160959396438194
28.969413631894,18.763319359865662
33.74109407076439,20.221332827298284
33.34345403419186,20.751519542728325
35.99438761134208,21.21543291872961
35.33165421705452,21.811892973588414
34.80146750162448,24.19773319302361
37.78376777591848,23.667546477593568
37.187307721059675,23.13735976216352
36.657121005629634,22.60717304673348
38.247681151919764,26.31848005474378
41.16370808678501,25.78829333931374
40.76606805021247,25.258106623883698
43.5495483062202,24.860466587311166
43.019361590790155,28.174133558748935
45.53774848908286,27.643946843318894
46.33302856222792,27.113760127888845
45.670295167940374,29.101960310751508
46.46557524108544,29.632147026181556
45.9353885256554,31.355253851329195
45.27265513136784,30.825067135899154
44.74246841593779,30.294880420469113
44.079735021650244,34.536374143909455
43.41700162736269,34.006187428479414
43.15190826964766,33.47600071304937
43.15190826964766,33.07836067647684
42.48917487536011,36.657121005629634
41.82644148107256,36.126934290199586
41.16370808678501,35.596747574769545
41.73807702850088,35.19910753819701
41.95898815993007,37.717494436489716
41.49507478392878,37.187307721059675
40.898614729069976,38.38022783077727
40.36842801363994,39.308054582779846
41.95898815993007,41.69389480221505
41.428801444500024,41.16370808678501
40.898614729069976,40.63352137135496
40.36842801363994,43.81464166393522
41.69389480221505,43.28445494850518
41.16370808678501,42.75426823307514
41.95898815993007,46.79694193822922
41.296254765642516,46.200481883370415
40.63352137135496,45.670295167940374
40.10333465592491,45.14010845251033
39.57314794049488,47.923588708518054
39.10923456449358,47.260855314230504
38.38022783077727,48.4537754239481
37.85004111534723,47.87940648223222
37.25358106048843,48.58632210280561
36.657121005629634,48.12240872680432
36.126934290199586,47.39340199308802
35.596747574769545,47.12830863537299
35.13283419876826,46.73066859880046
34.580556370195296,46.200481883370415
35.90602315877041,45.670295167940374
35.33165421705452,45.27265513136784
36.657121005629634,44.676195076509046
36.92221436334465,44.21228170050775
36.524574326772125,43.68209498507771
37.717494436489716,43.41700162736269
37.187307721059675,44.079735021650244
36.657121005629634,43.5495483062202
36.126934290199586,43.085634930218916
35.596747574769545,42.53335710164595
34.93401418048199,42.886814911932646
34.66892082276697,42.42290153593136
34.13873410733692,43.15190826964766
33.60854739190688,42.62172155421762
33.21090735533435,42.886814911932646
32.54817396104679,42.22408151764509
31.885440566759243,41.69389480221505
31.48780053018671,41.16370808678501
31.48780053018671,40.898614729069976
32.54817396104679,40.36842801363994
32.01798724561675,39.90451463763865
33.21090735533435,39.308054582779846
32.61444730047555,38.77786786734981
32.415627282189284,38.247681151919764
33.01208733704808,37.717494436489716
33.60854739190688,37.054761042202166
34.27128078619444,36.78966768448714
34.40382746505195,38.6453211884923
34.27128078619444,38.181407812491
33.74109407076439,37.717494436489716
33.34345403419186,37.054761042202166
34.27128078619444,36.126934290199586
33.74109407076439,35.596747574769545
34.40382746505195,34.93401418048199
34.40382746505195,34.27128078619444
34.4701008044807,33.74109407076439
34.867740841053234,33.34345403419186
34.40382746505195,33.34345403419186
35.464200895912036,32.54817396104679
36.126934290199586,33.01208733704808
36.657121005629634,32.415627282189284
36.657121005629634,31.951713906187997
36.657121005629634,31.28898051190044
36.657121005629634,31.355253851329195
36.657121005629634,32.15053392447426
36.701303231915475,32.01798724561675
37.717494436489716,31.42152719075795
37.187307721059675,31.951713906187997
37.4524010787747,31.42152719075795
36.92221436334465,31.951713906187997
36.524574326772125,32.48190062161804
38.02677002049058,32.945813997619325
38.77786786734981,33.34345403419186
38.77786786734981,32.945813997619325
38.247681151919764,32.415627282189284
37.78376777591848,31.951713906187997
37.187307721059675,31.28898051190044
36.72339434505839,31.222707172471686
37.717494436489716,31.355253851329195
38.77786786734981,31.885440566759243
38.247681151919764,31.355253851329195
38.247681151919764,30.891340475327908
37.78376777591848,30.339062646754947
39.04296122506483,31.156433833042932
38.446501170206034,31.222707172471686
37.98258779420474,31.222707172471686
37.58494775763221,31.222707172471686
40.898614729069976,31.951713906187997
40.36842801363994,31.48780053018671
39.838241298209894,32.415627282189284
40.63352137135496,32.945813997619325
40.10333465592491,33.34345403419186
39.838241298209894,33.2771806947631
39.308054582779846,32.74699397933306
38.91041454620732,32.01798724561675
40.36842801363994,31.48780053018671
39.838241298209894,33.07836067647684
43.019361590790155,32.415627282189284
42.3566281965026,32.01798724561675
41.95898815993007,33.54227405247813
41.428801444500024,34.66892082276697
40.898614729069976,34.006187428479414
43.019361590790155,35.19910753819701
42.3566281965026,34.536374143909455
42.09153483878758,33.873640749621906
42.3566281965026,33.21090735533435
43.019361590790155,32.68072063990431
42.42290153593136,32.283080603331776
43.019361590790155,32.945813997619325
41.95898815993007,33.40972737362062
41.296254765642516,34.13873410733692
41.03116140792749,33.60854739190688
43.15190826964766,34.006187428479414
42.48917487536011,33.47600071304937
41.95898815993007,35.33165421705452
43.41700162736269,34.867740841053234
44.12391724793608,34.40382746505195
44.34482837936527,34.80146750162448
44.01346168222149,34.40382746505195
43.5495483062202,35.19910753819701
44.477375058222776,34.536374143909455
43.81464166393522,36.39202764791461
45.18429067879617,35.86184093248457
45.97957075194123,35.86184093248457
47.30503754051634,36.98848770277341
46.73066859880046,36.39202764791461
48.05613538737557,38.115134473062255
48.58632210280561,37.4524010787747
48.25495540566183,38.77786786734981
47.791042029660545,38.247681151919764
48.365410971376434,37.85004111534723
48.58632210280561,38.84414120677856
47.923588708518054,38.247681151919764
47.260855314230504,37.85004111534723
46.86321527765797,39.90451463763865
47.923588708518054,39.308054582779846
47.39340199308802,39.9707879770674
48.58632210280561,39.838241298209894
48.05613538737557,39.308054582779846
47.39340199308802,38.91041454620732
46.99576195651548,39.90451463763865
46.598121919942955,39.44060126163736
47.52594867194553,41.428801444500024
46.99576195651548,40.898614729069976
47.52594867194553,40.36842801363994
46.99576195651548,39.9707879770674
46.46557524108544,44.3890106056511
45.9353885256554,43.81464166393522
45.40520181022535,43.28445494850518
45.00756177365282,42.75426823307514
46.46557524108544,42.22408151764509
45.9353885256554,46.266755222799176
45.53774848908286,45.670295167940374
45.670295167940374,45.14010845251033
45.14010845251033,47.260855314230504
44.34482837936527,46.6643952593717
43.81464166393522,46.46557524108544
44.079735021650244,45.80284184679789
43.41700162736269,45.53774848908286
44.21228170050775,47.39340199308802
43.5495483062202,46.86321527765797
43.019361590790155,46.06793520451291
42.48917487536011,45.53774848908286
41.95898815993007,46.200481883370415
41.428801444500024,46.86321527765797
41.03116140792749,47.52594867194553
42.09153483878758,47.65849535080304
42.09153483878758,47.260855314230504
41.82644148107256,46.598121919942955
41.428801444500024,46.46557524108544
40.98697918164166,46.00166186508415
40.898614729069976,45.53774848908286
40.36842801363994,45.14010845251033
39.90451463763865,44.609921737080285
39.17550790392234,44.477375058222776
38.91041454620732,45.07383511308157
38.77786786734981,44.609921737080285
38.31395449134852,44.079735021650244
37.58494775763221,43.41700162736269
37.31985439991719,43.15190826964766
36.78966768448714,42.75426823307514
36.524574326772125,42.22408151764509
36.96639658963049,41.69389480221505
36.524574326772125,41.296254765642516
37.717494436489716,40.63352137135496
37.187307721059675,40.10333465592491
36.657121005629634,39.44060126163736
36.126934290199586,39.04296122506483
35.596747574769545,38.91041454620732
35.464200895912036,39.37432792220861
35.19910753819701,39.705694619352386
34.66892082276697,39.04296122506483
34.006187428479414,38.38022783077727
33.47600071304937,37.717494436489716
34.40382746505195,37.187307721059675
35.0665608593395,36.72339434505839
34.536374143909455,36.19320762962835
34.006187428479414,35.464200895912036
33.54227405247813,34.80146750162448
33.21090735533435,34.33755412562319
32.87954065819057,33.74109407076439
32.415627282189284,33.34345403419186
32.945813997619325,32.945813997619325
34.07246076790817,32.48190062161804
33.47600071304937,32.34935394276053
34.580556370195296,32.98999622390516
35.33165421705452,32.68072063990431
34.80146750162448,32.283080603331776
34.66892082276697,32.01798724561675
34.27128078619444,31.42152719075795
33.674820731335636,31.885440566759243
33.01208733704808,31.48780053018671
32.415627282189284,33.21090735533435
33.01208733704808,32.68072063990431
33.47600071304937,32.283080603331776
34.27128078619444,35.0665608593395
34.40382746505195,34.536374143909455
35.15492531191117,35.464200895912036
36.43620987420045,35.19910753819701
35.86184093248457,34.40382746505195
36.657121005629634,33.80736741019315
37.31985439991719,34.536374143909455
36.78966768448714,34.006187428479414
37.98258779420474,35.6630209141983
38.57904784906354,35.0665608593395
38.77786786734981,36.2594809690571
38.247681151919764,36.126934290199586
38.6453211884923,35.596747574769545
38.38022783077727,34.66892082276697
37.85004111534723,34.006187428479414
38.247681151919764,33.40972737362062
38.77786786734981,33.34345403419186
38.115134473062255,33.60854739190688
37.58494775763221,34.13873410733692
36.59084766620087,34.80146750162448
37.4524010787747,35.33165421705452
36.92221436334465,34.93401418048199
37.98258779420474,34.40382746505195
38.38022783077727,34.867740841053234
37.85004111534723,35.33165421705452
38.51277450963478,36.126934290199586
38.38022783077727,35.72929425362706
37.98258779420474,37.717494436489716
38.51277450963478,37.187307721059675
37.98258779420474,38.247681151919764
38.51277450963478,38.84414120677856
37.98258779420474,39.17550790392234
37.4524010787747,39.57314794049488
36.98848770277341,38.77786786734981
37.85004111534723,38.247681151919764
35.0665608593395,37.85004111534723
34.580556370195296,39.705694619352386
35.464200895912036,39.2417812433511
36.126934290199586,38.91041454620732
36.657121005629634,39.90451463763865
36.325754308485855,39.308054582779846
35.86184093248457,38.91041454620732
35.0665608593395,40.898614729069976
33.74109407076439,40.36842801363994
33.34345403419186,39.705694619352386
34.27128078619444,39.04296122506483
33.80736741019315,38.57904784906354
33.47600071304937,38.115134473062255
32.945813997619325,37.58494775763221
32.415627282189284,36.98848770277341
32.15053392447426,37.717494436489716
31.686620548472973,37.31985439991719
31.222707172471686,38.115134473062255
30.825067135899154,38.6453211884923
30.162333741611597,39.705694619352386
29.89724038389658,39.17550790392234
30.02978706275409,39.308054582779846
30.02978706275409,38.51277450963478
30.02978706275409,37.98258779420474
29.49960034732404,37.31985439991719
28.571773595321467,36.8559410239159
28.041586879891426,37.4524010787747
27.445126825032624,37.054761042202166
26.84866677017383,36.657121005629634
26.31848005474378,36.19320762962835
25.78829333931374,35.72929425362706
25.324379963312452,36.126934290199586
24.72791990845365,37.4524010787747
24.39655321130987,36.92221436334465
24.462826550738633,36.524574326772125
23.800093156451076,36.78966768448714
23.534999798736052,35.86184093248457
23.00481308330601,35.464200895912036
22.474626367875963,34.66892082276697
21.679346294730898,35.0665608593395
21.41425293701588,35.596747574769545
20.884066221585833,36.657121005629634
20.618972863870816,36.126934290199586
20.088786148440768,37.58494775763221
19.82369279072575,37.054761042202166
19.42605275415322,37.717494436489716
18.89586603872317,37.187307721059675
18.431952662721883,36.657121005629634
17.901765947291842,36.126934290199586
18.16685930500686,35.596747574769545
17.702945929005573,35.0665608593395
18.763319359865662,33.74109407076439
19.42605275415322,33.21090735533435
20.088786148440768,32.68072063990431
20.751519542728325,32.15053392447426
21.01661290044335,31.48780053018671
20.4864261850133,31.222707172471686
19.95623946958326,33.07836067647684
19.293506075295703,32.61444730047555
18.763319359865662,32.15053392447426
18.498226002150638,31.686620548472973
18.100585965578105,31.222707172471686
17.570399250148064,31.090160493614178
16.907665855860508,30.692520457041645
16.311205801001712,30.294880420469113
15.71474574614291,29.764693705039065
15.052012351855353,29.101960310751508
14.588098975854066,28.83686695303649
14.521825636425312,28.43922691646396
14.256732278710288,27.90904020103391
13.991638920995271,27.445126825032624
13.593998884422739,26.914940109602583
13.461452205565223,27.37885348560387
13.461452205565223,27.776493522176402
,27.37885348560387
,26.782393430745074
,26.583573412458804
,25.920840018171248
,25.258106623883698
,24.860466587311166
,24.462826550738633
,23.932639835308585
,23.402453119878544
,22.872266404448496
,22.342079689018455
,21.811892973588414
,21.347979597587127
,21.149159579300857
,20.751519542728325
,20.287606166727038
,19.691146111868235
,19.22723273586695
,18.630772681008153
,18.16685930500686
,17.702945929005573
,17.040212534718023
,16.57629915871673
,15.979839103857934
,15.317105709570377
,15.052012351855353
,14.521825636425312
,15.582199067285401
,15.515925727856647
,15.184559030712869
,14.65437231528282
,13.991638920995271
,13.196358847850206
,12.53362545356265
,12.135985416990117
,11.47325202270256
,11.009338646701273
,10.280331912984963
,10.147785234127454
,9.750145197554922
,9.219958482124873
,8.822318445552341
,8.358405069551054
,7.894491693549767
,8.093311711836037
,8.557225087837324
