Y(hoy),Y(ayer)
11.274432004416298,8.822318445552341
11.47325202270256,8.2921317301223
11.075611986130028,7.894491693549767
12.003438738132608,7.894491693549767
12.003438738132608,7.894491693549767
11.47325202270256,8.093311711836037
11.141885325558782,8.601407314123158
11.208158664987543,8.2921317301223
10.677971949557495,7.761945014692259
10.280331912984963,7.298031638690972
10.94306530727252,6.70157158383217
10.94306530727252,6.171384868402129
10.412878591842478,5.773744831829596
10.0815118946987,5.3761047952570635
10.147785234127454,4.91219141925577
10.147785234127454,5.420287021542897
9.816418536983676,4.845918079827015
9.352505160982389,5.1110114375420395
9.02113846383861,4.647098061540753
9.087411803267365,4.183184685539466
8.557225087837324,3.6529979701094177
8.027038372407276,3.5204512912519093
7.761945014692259,3.5204512912519093
7.099211620404702,3.255357933536885
6.70157158383217,2.5926245392493286
6.237658207830883,2.3275311815343116
5.84001817125835,2.3275311815343116
6.480660452402979,2.194984502676803
6.70157158383217,1.664797787246755
6.70157158383217,1.2671577506742295
6.038838189544613,1.2671577506742295
5.773744831829596,1.2671577506742295
5.243558116399548,1.2671577506742295
4.713371400969507,1.2671577506742295
5.1110114375420395,1.2671577506742295
5.6411981529720805,1.1346110718167068
4.978464758684531,0.6044243563866729
4.514551382683237,0.20678431981413326
4.580824722111998,0.20678431981413326
4.580824722111998,0.20678431981413326
4.05063800668195,0.20678431981413326
3.5204512912519093,0.20678431981413326
3.5204512912519093,-0.1908557167583922
3.5204512912519093,-0.7873157716172017
4.05063800668195,-0.8535891110459488
3.5204512912519093,-0.8535891110459488
4.580824722111998,-0.8535891110459488
3.918091327824442,-0.8535891110459488
3.255357933536885,-0.8535891110459488
2.5926245392493286,-0.8535891110459488
2.46007786039182,-0.7210424321884403
2.46007786039182,-0.05830903790088371
2.46007786039182,0.14051098038538612
2.46007786039182,-0.389675735044662
2.46007786039182,-0.8535891110459488
2.46007786039182,-0.8535891110459488
2.46007786039182,-0.8535891110459488
2.46007786039182,-0.8535891110459488
1.929891144961772,-0.8535891110459488
1.399704429531738,-0.7873157716172017
1.2671577506742295,-0.05830903790088371
1.2671577506742295,-0.5884957533309318
1.2671577506742295,-0.45594907447342337
1.2671577506742295,-0.8535891110459488
1.2671577506742295,-0.05830903790088371
1.2671577506742295,-0.45594907447342337
1.2671577506742295,-0.654769092759679
1.2671577506742295,-0.05830903790088371
1.2671577506742295,0.20678431981413326
1.2671577506742295,0.20678431981413326
1.2671577506742295,0.20678431981413326
1.2671577506742295,0.20678431981413326
1.2671577506742295,0.7369710352441814
1.2671577506742295,1.2671577506742295
1.2671577506742295,1.3334310901029767
1.3334310901029767,1.929891144961772
1.664797787246755,2.3275311815343116
1.2671577506742295,2.8577178969643597
2.194984502676803,3.3879046123944008
1.7310711266755163,3.8518179883956876
1.5322511083892465,4.448278043254483
2.23916672896263,4.713371400969507
1.664797787246755,5.177284776970794
2.5926245392493286,5.707471492400835
2.3275311815343116,6.303931547259637
3.6529979701094177,5.773744831829596
2.813535670678519,7.629398335834743
2.5926245392493286,6.966664941547194
2.3275311815343116,8.093311711836037
2.46007786039182,9.15368514269612
2.46007786039182,8.557225087837324
2.504260086677661,10.214058573556208
3.3879046123944008,9.617598518697413
2.725171218106837,10.677971949557495
3.5204512912519093,11.870892059275093
3.6529979701094177,11.208158664987543
4.359913590682808,13.196358847850206
4.580824722111998,12.53362545356265
4.647098061540753,13.925365581566517
5.177284776970794,14.521825636425312
5.6411981529720805,15.781019085571664
5.707471492400835,15.184559030712869
5.508651474114572,16.841392516431753
5.243558116399548,16.244932461572958
4.713371400969507,17.30530589243304
4.845918079827015,19.160959396438194
4.448278043254483,18.630772681008153
5.420287021542897,18.100585965578105
5.707471492400835,17.702945929005573
6.171384868402129,21.54679961587339
6.767844923260924,21.01661290044335
7.298031638690972,20.4864261850133
7.761945014692259,19.95623946958326
7.231758299262211,22.07698633130343
6.834118262689678,21.590981842159223
7.761945014692259,22.40835302844721
7.231758299262211,23.534999798736052
8.2921317301223,22.872266404448496
8.822318445552341,24.794193247882404
8.49095174840857,24.19773319302361
8.027038372407276,26.451026733601296
8.623498427266078,25.78829333931374
9.087411803267365,25.258106623883698
9.087411803267365,28.24040689817769
9.617598518697413,27.643946843318894
9.087411803267365,27.113760127888845
10.147785234127454,29.764693705039065
10.147785234127454,29.234506989609024
10.147785234127454,28.704320274178976
10.677971949557495,30.957613814756662
10.147785234127454,30.294880420469113
11.208158664987543,32.283080603331776
11.738345380417584,31.62034720904422
11.274432004416298,33.54227405247813
12.842901037563507,32.945813997619325
12.268532095847625,34.66892082276697
13.726545563280247,34.006187428479414
14.389278957567804,35.99438761134208
15.052012351855353,35.33165421705452
15.71474574614291,37.31985439991719
16.244932461572958,36.657121005629634
16.64257249814549,38.048861133633494
15.979839103857934,38.51277450963478
15.648472406714156,40.50097469249745
15.71474574614291,39.838241298209894
15.71474574614291,39.308054582779846
15.758927972428744,38.91041454620732
16.510025819287975,42.3566281965026
15.979839103857934,41.69389480221505
16.377479140430466,41.16370808678501
15.847292425000418,43.61582164564895
15.582199067285401,43.019361590790155
16.841392516431753,44.079735021650244
16.244932461572958,44.477375058222776
17.437852571290556,43.94718834279273
18.100585965578105,43.68209498507771
18.763319359865662,43.28445494850518
19.160959396438194,42.75426823307514
18.763319359865662,42.29035485707385
20.751519542728325,41.82644148107256
20.221332827298284,41.472983670785865
19.691146111868235,42.29035485707385
22.07698633130343,43.35072828793393
21.54679961587339,42.75426823307514
21.54679961587339,43.81464166393522
21.01661290044335,44.411101718794015
20.4864261850133,43.94718834279273
20.088786148440768,43.41700162736269
21.281706258158366,42.886814911932646
23.13735976216352,42.48917487536011
22.474626367875963,44.654103963366126
21.944439652445922,44.079735021650244
21.480526276444635,43.5495483062202
22.07698633130343,43.019361590790155
21.01661290044335,42.62172155421762
20.353879506155792,45.40520181022535
20.088786148440768,44.74246841593779
20.4864261850133,45.14010845251033
20.088786148440768,45.47147514965411
22.07698633130343,44.94128843422406
21.480526276444635,44.34482837936527
21.01661290044335,43.81464166393522
22.07698633130343,43.28445494850518
21.41425293701588,42.886814911932646
21.149159579300857,42.3566281965026
22.872266404448496,45.14010845251033
24.462826550738633,44.477375058222776
23.932639835308585,43.94718834279273
23.468726459307298,43.48327496679144
22.474626367875963,43.81464166393522
23.534999798736052,43.28445494850518
23.269906441021035,42.75426823307514
23.733819817022322,42.22408151764509
23.269906441021035,41.69389480221505
24.330279871881118,41.296254765642516
24.993013266168674,42.02526149935882
25.523199981598715,42.09153483878758
25.523199981598715,41.95898815993007
24.993013266168674,41.472983670785865
24.462826550738633,42.26826374393093
25.78829333931374,43.019361590790155
27.643946843318894,42.48917487536011
27.113760127888845,41.95898815993007
26.583573412458804,41.428801444500024
24.993013266168674,40.898614729069976
26.252206715315026,40.36842801363994
26.84866677017383,39.838241298209894
25.78829333931374,39.308054582779846
26.362662281029614,38.77786786734981
27.113760127888845,38.31395449134852
28.21831578503477,37.717494436489716
27.643946843318894,37.054761042202166
26.716120091316313,36.657121005629634
28.969413631894,36.524574326772125
28.969413631894,36.2594809690571
29.49960034732404,35.86184093248457
28.969413631894,35.33165421705452
30.162333741611597,34.66892082276697
30.825067135899154,34.40382746505195
30.825067135899154,34.006187428479414
30.294880420469113,33.40972737362062
29.89724038389658,33.47600071304937
32.15053392447426,34.27128078619444
31.62034720904422,33.80736741019315
31.090160493614178,33.21090735533435
30.692520457041645,32.74699397933306
32.15053392447426,32.15053392447426
31.62034720904422,31.62034720904422
31.222707172471686,31.222707172471686
32.98999622390516,32.216807263903014
32.415627282189284,31.752893887901728
31.885440566759243,32.15053392447426
31.355253851329195,31.48780053018671
33.74109407076439,30.825067135899154
34.27128078619444,30.294880420469113
33.74109407076439,31.885440566759243
33.07836067647684,31.355253851329195
32.415627282189284,30.957613814756662
32.945813997619325,31.355253851329195
34.27128078619444,30.891340475327908
33.74109407076439,30.42742709932662
33.34345403419186,30.02978706275409
34.27128078619444,30.294880420469113
33.74109407076439,30.957613814756662
33.07836067647684,31.222707172471686
32.54817396104679,32.194716150760094
32.283080603331776,31.62034720904422
33.34345403419186,31.222707172471686
32.81326731876182,34.006187428479414
34.050369654765255,33.34345403419186
34.27128078619444,32.945813997619325
33.60854739190688,32.945813997619325
33.52018293933521,32.283080603331776
34.27128078619444,31.752893887901728
35.33165421705452,31.28898051190044
34.80146750162448,33.21090735533435
34.27128078619444,32.68072063990431
33.74109407076439,32.283080603331776
33.21090735533435,34.050369654765255
32.68072063990431,33.60854739190688
32.283080603331776,33.74109407076439
34.80146750162448,33.21090735533435
34.27128078619444,32.68072063990431
33.74109407076439,32.283080603331776
33.2771806947631,32.945813997619325
36.92221436334465,33.34345403419186
36.325754308485855,32.81326731876182
35.86184093248457,32.415627282189284
35.33165421705452,34.13873410733692
38.77786786734981,33.47600071304937
38.247681151919764,32.945813997619325
37.717494436489716,34.867740841053234
37.187307721059675,35.39792755648328
36.657121005629634,35.92811427191332
35.99438761134208,36.39202764791461
35.53047423534079,35.86184093248457
35.86184093248457,35.33165421705452
35.464200895912036,34.66892082276697
37.4524010787747,34.40382746505195
36.8559410239159,34.006187428479414
36.39202764791461,33.54227405247813
37.4524010787747,35.19910753819701
36.78966768448714,34.536374143909455
36.657121005629634,36.39202764791461
36.78966768448714,35.86184093248457
37.49658330506054,35.19910753819701
37.717494436489716,34.93401418048199
37.38612773934594,34.536374143909455
36.92221436334465,33.93991408905066
37.717494436489716,33.60854739190688
37.187307721059675,35.39792755648328
36.7454854582013,36.39202764791461
37.4524010787747,35.92811427191332
38.51277450963478,35.596747574769545
37.98258779420474,35.13283419876826
36.92221436334465,34.62473859648113
38.51277450963478,35.92811427191332
37.85004111534723,35.33165421705452
37.187307721059675,37.4524010787747
36.524574326772125,36.98848770277341
38.51277450963478,36.39202764791461
37.85004111534723,36.96639658963049
37.4524010787747,37.31985439991719
36.92221436334465,36.8559410239159
38.51277450963478,37.51867441820345
37.98258779420474,38.51277450963478
37.31985439991719,37.98258779420474
37.054761042202166,37.51867441820345
36.657121005629634,36.78966768448714
35.99438761134208,37.717494436489716
35.72929425362706,37.187307721059675
35.33165421705452,36.78966768448714
34.80146750162448,39.61733016678071
34.33755412562319,39.04296122506483
33.80736741019315,38.51277450963478
33.2771806947631,38.115134473062255
32.68072063990431,39.308054582779846
32.01798724561675,38.91041454620732
31.355253851329195,40.23588133478243
30.692520457041645,39.57314794049488
30.162333741611597,41.428801444500024
29.367053668466532,40.898614729069976
29.101960310751508,41.95898815993007
28.571773595321467,41.428801444500024
28.306680237606443,40.898614729069976
27.776493522176402,40.23588133478243
27.511400164461378,39.705694619352386
27.113760127888845,39.308054582779846
26.583573412458804,38.91041454620732
26.053386697028763,41.428801444500024
25.523199981598715,40.96488806849874
24.993013266168674,40.36842801363994
24.529099890167387,39.838241298209894
25.523199981598715,43.019361590790155
24.993013266168674,42.55544821478887
24.59537322959614,41.95898815993007
24.993013266168674,42.22408151764509
24.462826550738633,42.55544821478887
23.932639835308585,43.019361590790155
23.402453119878544,42.75426823307514
22.938539743877257,42.09153483878758
22.209533010160946,41.82644148107256
21.54679961587339,41.428801444500024
20.884066221585833,40.76606805021247
20.221332827298284,42.22408151764509
20.088786148440768,40.10333465592491
20.088786148440768,47.260855314230504
19.95623946958326,46.6643952593717
19.293506075295703,46.200481883370415
19.028412717580686,45.670295167940374
19.028412717580686,45.14010845251033
18.89586603872317,44.609921737080285
18.23313264443562,44.079735021650244
17.702945929005573,43.5495483062202
18.14476819186394,43.019361590790155
19.42605275415322,41.56134812335753
18.89586603872317,49.18278215766441
21.01661290044335,48.58632210280561
20.4864261850133,48.05613538737557
19.95623946958326,49.712968873094454
20.4864261850133,50.17688224909574
20.088786148440768,50.8396156433833
21.01661290044335,51.10470900109832
20.552699524442062,50.70706896452579
20.15505948786953,50.17688224909574
19.558599433010727,49.51414885480819
19.028412717580686,49.24905549709317
18.36567932329313,48.851415460520634
17.968039286720597,48.32122874509059
20.221332827298284,47.791042029660545
19.691146111868235,47.260855314230504
19.160959396438194,46.79694193822922
22.342079689018455,47.59222201137428
21.811892973588414,47.12830863537299
21.281706258158366,47.65849535080304
20.751519542728325,47.260855314230504
22.872266404448496,46.79694193822922
23.269906441021035,48.58632210280561
22.60717304673348,48.12240872680432
22.2758063495897,47.52594867194553
23.402453119878544,48.05613538737557
22.872266404448496,47.59222201137428
22.342079689018455,47.12830863537299
24.462826550738633,46.6643952593717
23.932639835308585,46.598121919942955
23.49081757245022,46.46557524108544
23.446635346164378,46.00166186508415
24.19773319302361,45.53774848908286
25.523199981598715,45.14010845251033
24.993013266168674,44.477375058222776
24.860466587311166,48.32122874509059
24.462826550738633,47.65849535080304
25.78829333931374,47.12830863537299
25.125559945026183,46.73066859880046
24.72791990845365,46.200481883370415
24.330279871881118,45.670295167940374
29.764693705039065,45.14010845251033
29.101960310751508,49.6466955336657
28.571773595321467,49.11650881823566
28.041586879891426,47.791042029660545
27.57767350389014,47.260855314230504
27.113760127888845,46.73066859880046
26.583573412458804,46.200481883370415
29.764693705039065,45.670295167940374
29.234506989609024,45.14010845251033
28.704320274178976,44.609921737080285
28.174133558748935,44.079735021650244
27.511400164461378,43.5495483062202
26.981213449031337,43.019361590790155
26.716120091316313,42.48917487536011
26.583573412458804,42.02526149935882
25.920840018171248,41.428801444500024
25.258106623883698,41.03116140792749
24.772102134739484,44.21228170050775
25.523199981598715,43.5495483062202
24.993013266168674,43.019361590790155
25.78829333931374,42.48917487536011
26.31848005474378,44.21228170050775
26.981213449031337,43.61582164564895
27.643946843318894,43.15190826964766
27.643946843318894,42.75426823307514
26.981213449031337,42.29035485707385
26.451026733601296,41.69389480221505
25.832475565599573,41.03116140792749
27.113760127888845,40.76606805021247
26.583573412458804,40.36842801363994
27.643946843318894,39.838241298209894
27.643946843318894,39.17550790392234
27.180033467317607,38.6453211884923
26.716120091316313,37.98258779420474
27.180033467317607,37.51867441820345
27.643946843318894,36.92221436334465
27.113760127888845,36.458300987343364
26.583573412458804,35.950205385056236
26.053386697028763,36.701303231915475
25.65574666045623,39.04296122506483
27.37885348560387,38.51277450963478
26.782393430745074,37.98258779420474
29.764693705039065,37.4524010787747
29.16823365018027,40.10333465592491
28.704320274178976,39.57314794049488
28.174133558748935,40.898614729069976
30.55997377818413,40.43470135306869
31.090160493614178,39.838241298209894
30.096060402182843,39.308054582779846
30.55997377818413,38.77786786734981
29.367053668466532,38.247681151919764
28.83686695303649,37.717494436489716
28.174133558748935,37.187307721059675
27.776493522176402,36.524574326772125
29.49960034732404,35.92811427191332
28.969413631894,35.464200895912036
28.43922691646396,34.93401418048199
27.90904020103391,34.536374143909455
32.15053392447426,35.464200895912036
31.62034720904422,34.93401418048199
31.090160493614178,37.717494436489716
30.55997377818413,37.187307721059675
30.02978706275409,36.657121005629634
31.355253851329195,36.126934290199586
30.825067135899154,39.705694619352386
30.162333741611597,39.308054582779846
29.89724038389658,38.77786786734981
29.367053668466532,38.247681151919764
28.903140292465245,39.04296122506483
28.903140292465245,38.57904784906354
28.306680237606443,38.048861133633494
28.041586879891426,38.51277450963478
27.643946843318894,38.115134473062255
26.981213449031337,37.717494436489716
26.716120091316313,37.25358106048843
28.704320274178976,36.657121005629634
28.174133558748935,36.126934290199586
27.643946843318894,35.6630209141983
28.041586879891426,35.99438761134208
27.776493522176402,35.464200895912036
27.842766861605156,37.31985439991719
28.24040689817769,36.657121005629634
27.776493522176402,38.048861133633494
28.83686695303649,38.51277450963478
28.969413631894,37.78376777591848
29.234506989609024,37.187307721059675
28.83686695303649,36.78966768448714
29.764693705039065,37.4524010787747
29.764693705039065,37.78376777591848
29.101960310751508,37.187307721059675
28.83686695303649,36.72339434505839
28.43922691646396,35.99438761134208
28.969413631894,35.464200895912036
27.953222427319744,34.93401418048199
32.945813997619325,34.536374143909455
32.283080603331776,37.4524010787747
31.752893887901728,36.98848770277341
31.222707172471686,36.39202764791461
30.692520457041645,35.86184093248457
30.294880420469113,36.92221436334465
29.764693705039065,36.2594809690571
33.21090735533435,35.596747574769545
32.68072063990431,35.13283419876826
32.15053392447426,34.536374143909455
31.62034720904422,35.39792755648328
31.090160493614178,34.93401418048199
30.55997377818413,36.458300987343364
30.02978706275409,35.86184093248457
29.49960034732404,37.58494775763221
28.969413631894,36.92221436334465
29.49960034732404,38.84414120677856
28.969413631894,38.247681151919764
29.89724038389658,39.90451463763865
29.300780329037778,39.308054582779846
28.571773595321467,40.50097469249745
28.306680237606443,39.9707879770674
27.90904020103391,41.69389480221505
27.24630680674636,41.16370808678501
26.84866677017383,41.16370808678501
26.84866677017383,40.63352137135496
27.90904020103391,40.23588133478243
27.37885348560387,39.838241298209894
28.704320274178976,39.37432792220861
28.174133558748935,38.91041454620732
27.643946843318894,38.91041454620732
27.180033467317607,38.77786786734981
26.782393430745074,38.247681151919764
27.113760127888845,37.85004111534723
26.716120091316313,39.37432792220861
27.643946843318894,38.77786786734981
27.113760127888845,40.898614729069976
26.451026733601296,40.36842801363994
25.920840018171248,39.838241298209894
25.258106623883698,39.308054582779846
24.72791990845365,38.77786786734981
25.523199981598715,38.247681151919764
25.125559945026183,37.717494436489716
25.523199981598715,37.187307721059675
24.860466587311166,36.524574326772125
24.330279871881118,35.72929425362706
23.667546477593568,35.13283419876826
23.13735976216352,34.60264748333822
22.60717304673348,36.17111651648543
22.209533010160946,35.596747574769545
23.402453119878544,35.0665608593395
22.872266404448496,37.58494775763221
23.269906441021035,36.92221436334465
22.739719725590987,37.717494436489716
22.07698633130343,37.25358106048843
21.41425293701588,36.524574326772125
23.181541988449354,35.99438761134208
22.60717304673348,37.4524010787747
22.07698633130343,36.92221436334465
21.54679961587339,36.39202764791461
23.402453119878544,36.657121005629634
23.00481308330601,36.126934290199586
22.342079689018455,35.6630209141983
21.811892973588414,35.6630209141983
21.281706258158366,36.126934290199586
20.81779288215708,35.33165421705452
20.088786148440768,34.80146750162448
19.42605275415322,34.27128078619444
18.89586603872317,33.74109407076439
18.431952662721883,33.21090735533435
17.835492607863088,32.68072063990431
17.17275921357553,32.283080603331776
16.64257249814549,36.524574326772125
16.178659122144197,35.86184093248457
15.847292425000418,35.33165421705452
16.510025819287975,34.80146750162448
15.847292425000418,34.27128078619444
15.449652388427886,37.31985439991719
14.786918994140336,37.4524010787747
14.389278957567804,37.054761042202166
13.859092242137756,36.657121005629634
,36.2594809690571
,35.6630209141983
,35.6630209141983
,36.19320762962835
,37.31985439991719
,36.657121005629634
,38.51277450963478
,37.916314454775986
,37.98258779420474
,37.4524010787747
,36.78966768448714
,36.2594809690571
,35.86184093248457
,36.92221436334465
,36.39202764791461
,37.31985439991719
,36.657121005629634
,35.99438761134208
,35.19910753819701
,34.735194162195725
,35.33165421705452
,34.867740841053234
,34.27128078619444
,33.78527629705023
,33.34345403419186
,34.536374143909455
,35.39792755648328
,34.93401418048199
,35.86184093248457
,36.524574326772125
,36.524574326772125
,36.126934290199586
,35.596747574769545
,35.13283419876826
,34.66892082276697
,34.27128078619444
,33.74109407076439
,33.07836067647684
,32.81326731876182
,32.415627282189284
,31.752893887901728
,31.28898051190044
,32.01798724561675
,31.62034720904422
,31.090160493614178
,30.55997377818413
,30.02978706275409
,29.49960034732404
,28.969413631894
,28.306680237606443
,28.041586879891426
,27.643946843318894
,27.113760127888845
,26.64984675188756
,26.31848005474378
,25.78829333931374
,25.125559945026183
,24.59537322959614
,24.72791990845365
,25.258106623883698
,24.72791990845365
,24.264006532452363
,23.667546477593568
,23.269906441021035
,22.872266404448496
,22.40835302844721
,21.811892973588414
,21.149159579300857
,20.884066221585833
,20.4864261850133
,19.95623946958326
,19.558599433010727
,18.89586603872317
,18.36567932329313
,17.968039286720597
,17.437852571290556
,16.97393919528926
,17.437852571290556
,16.775119177003
,16.377479140430466
,15.979839103857934
,15.582199067285401
,14.919465672997845
,13.991638920995271
,13.461452205565223
,13.461452205565223
