Y(hoy),Y(ayer)
7.828218354121013,6.834118262689678
7.298031638690972,6.436478226117146
6.9003916021184395,5.972564850115859
7.099211620404702,5.84001817125835
7.761945014692259,6.569024904974661
7.4305783175484805,6.038838189544613
6.834118262689678,6.171384868402129
6.237658207830883,5.773744831829596
5.707471492400835,5.773744831829596
5.309831455828302,5.1110114375420395
4.845918079827015,4.580824722111998
4.514551382683237,4.1169113461107045
4.580824722111998,3.5867246306806635
4.580824722111998,3.5204512912519093
3.918091327824442,3.454177951823155
3.5204512912519093,3.1228112546793767
3.5204512912519093,2.5263511998205814
2.8577178969643597,2.2612578421055503
2.3938045209630587,1.7310711266755163
2.46007786039182,1.2671577506742295
2.46007786039182,1.2671577506742295
1.929891144961772,1.2671577506742295
1.5322511083892465,0.8695177141016899
1.2671577506742295,0.2730576592428946
1.2671577506742295,0.20678431981413326
1.2008844112454682,0.20678431981413326
1.1346110718167068,0.20678431981413326
0.67069769581542,0.20678431981413326
0.47187767752916443,0.20678431981413326
0.20678431981413326,0.20678431981413326
0.07423764095662477,0.20678431981413326
-0.36758462190174157,-0.1908557167583922
-0.5884957533309318,-0.654769092759679
-0.8535891110459488,-0.8535891110459488
-0.9198624504747102,-0.8535891110459488
-0.9861357899034573,-0.8535891110459488
-1.5163225053335054,-0.8535891110459488
-0.9861357899034573,-0.8535891110459488
-1.5163225053335054,-1.2512291476184885
-0.8535891110459488,-1.7372336367626815
-0.9198624504747102,-0.9861357899034573
-1.4279580527618378,-0.8535891110459488
-1.648869184191014,-1.383775826475997
-1.450049165904744,-1.913962541906045
-0.9861357899034573,-1.913962541906045
-0.8535891110459488,-1.9802358813347922
-0.8535891110459488,-1.913962541906045
-0.9198624504747102,-1.383775826475997
-0.9861357899034573,-1.5163225053335054
-1.5163225053335054,-1.913962541906045
-1.11868246876098,-1.913962541906045
-1.648869184191014,-1.913962541906045
-0.8535891110459488,-1.913962541906045
-0.8535891110459488,-1.913962541906045
-0.7210424321884403,-1.913962541906045
-0.1908557167583922,-1.913962541906045
1.399704429531738,-1.5163225053335054
1.9961644843905333,-0.9861357899034573
2.8577178969643597,-0.8535891110459488
3.3879046123944008,-0.8535891110459488
5.707471492400835,-0.8535891110459488
6.171384868402129,-0.8535891110459488
8.822318445552341,-0.389675735044662
8.424678408979808,0.14051098038538612
6.966664941547194,0.20678431981413326
9.88269187641243,0.7369710352441814
9.352505160982389,1.2671577506742295
12.003438738132608,1.664797787246755
10.545425270699987,2.2612578421055503
13.06381216899269,2.3275311815343116
12.53362545356265,2.7914445575355984
14.521825636425312,3.255357933536885
19.028412717580686,3.918091327824442
16.64257249814549,4.448278043254483
16.708845837574245,5.1110114375420395
16.244932461572958,5.906291510687105
15.781019085571664,6.436478226117146
16.311205801001712,7.099211620404702
19.42605275415322,7.629398335834743
19.028412717580686,8.557225087837324
20.221332827298284,8.159585051264791
21.281706258158366,10.147785234127454
20.751519542728325,9.617598518697413
22.342079689018455,10.677971949557495
21.811892973588414,11.340705343845052
23.00481308330601,12.003438738132608
24.72791990845365,13.06381216899269
24.19773319302361,12.53362545356265
23.733819817022322,14.919465672997845
27.113760127888845,14.389278957567804
26.583573412458804,16.775119177003
26.053386697028763,16.244932461572958
25.258106623883698,18.630772681008153
28.174133558748935,18.100585965578105
27.643946843318894,17.106485874146777
28.969413631894,17.570399250148064
28.571773595321467,17.30530589243304
32.216807263903014,16.841392516431753
32.283080603331776,17.040212534718023
32.15053392447426,20.552699524442062
31.090160493614178,19.95623946958326
30.55997377818413,19.42605275415322
30.02978706275409,18.89586603872317
29.632147026181556,18.498226002150638
28.43922691646396,21.613072955302144
27.776493522176402,21.01661290044335
27.511400164461378,22.209533010160946
27.113760127888845,23.468726459307298
26.583573412458804,22.872266404448496
26.119660036457518,24.529099890167387
25.722019999884985,23.932639835308585
25.920840018171248,24.993013266168674
26.583573412458804,25.58947332102747
27.15794235417468,26.053386697028763
27.37885348560387,25.65574666045623
26.716120091316313,27.37885348560387
26.451026733601296,26.84866677017383
26.053386697028763,26.451026733601296
25.65574666045623,30.02978706275409
26.716120091316313,29.49960034732404
27.24630680674636,28.969413631894
26.716120091316313,28.43922691646396
27.90904020103391,27.90904020103391
28.969413631894,34.33755412562319
28.43922691646396,33.74109407076439
29.89724038389658,33.21090735533435
29.367053668466532,32.68072063990431
29.234506989609024,32.15053392447426
28.571773595321467,34.40382746505195
27.975313540462672,34.536374143909455
27.643946843318894,35.33165421705452
27.113760127888845,34.867740841053234
26.451026733601296,34.27128078619444
25.78829333931374,33.74109407076439
26.31848005474378,33.21090735533435
27.113760127888845,32.68072063990431
27.643946843318894,32.15053392447426
27.24630680674636,31.62034720904422
26.981213449031337,31.090160493614178
27.643946843318894,30.55997377818413
28.174133558748935,30.02978706275409
25.65574666045623,29.632147026181556
24.993013266168674,28.571773595321467
24.19773319302361,28.174133558748935
23.667546477593568,27.776493522176402
23.269906441021035,27.776493522176402
25.258106623883698,27.776493522176402
26.716120091316313,27.776493522176402
25.523199981598715,27.842766861605156
24.993013266168674,28.43922691646396
26.583573412458804,30.339062646754947
26.053386697028763,29.764693705039065
26.053386697028763,29.234506989609024
25.65574666045623,28.83686695303649
26.31848005474378,32.216807263903014
25.854566678742493,31.62034720904422
25.78829333931374,31.090160493614178
26.451026733601296,32.74699397933306
26.451026733601296,33.07836067647684
27.776493522176402,32.415627282189284
26.981213449031337,31.885440566759243
28.041586879891426,31.355253851329195
27.511400164461378,30.891340475327908
28.704320274178976,30.294880420469113
28.174133558748935,30.825067135899154
27.953222427319744,30.162333741611597
28.83686695303649,29.49960034732404
28.306680237606443,29.035686971322754
29.101960310751508,28.43922691646396
28.43922691646396,28.041586879891426
28.041586879891426,27.643946843318894
29.234506989609024,27.113760127888845
28.704320274178976,27.776493522176402
29.764693705039065,28.24040689817769
29.101960310751508,28.704320274178976
28.041586879891426,28.174133558748935
28.704320274178976,27.511400164461378
27.37885348560387,27.04748678846009
26.84866677017383,27.975313540462672
30.361153759897867,27.511400164461378
28.704320274178976,28.43922691646396
30.825067135899154,27.37885348560387
30.55997377818413,26.84866677017383
29.89724038389658,26.31848005474378
29.632147026181556,25.78829333931374
29.367053668466532,28.63804693475022
28.83686695303649,28.174133558748935
29.89724038389658,27.643946843318894
29.367053668466532,27.24630680674636
28.969413631894,28.041586879891426
28.83686695303649,26.84866677017383
28.174133558748935,26.451026733601296
28.041586879891426,26.053386697028763
30.096060402182843,25.65574666045623
30.626247117612884,27.643946843318894
30.02978706275409,27.113760127888845
31.090160493614178,26.716120091316313
30.957613814756662,26.053386697028763
30.692520457041645,25.390653302741207
30.294880420469113,24.92673992673992
29.234506989609024,26.252206715315026
28.83686695303649,24.72791990845365
30.604156004469964,24.59537322959614
30.02978706275409,24.59537322959614
31.355253851329195,24.993013266168674
32.283080603331776,25.523199981598715
32.15053392447426,25.920840018171248
31.81916722733048,26.583573412458804
31.48780053018671,26.451026733601296
32.15053392447426,25.78829333931374
31.752893887901728,25.125559945026183
36.126934290199586,24.59537322959614
35.596747574769545,25.78829333931374
33.21090735533435,25.258106623883698
32.81326731876182,26.716120091316313
37.4524010787747,26.451026733601296
37.58494775763221,26.053386697028763
36.92221436334465,26.583573412458804
36.524574326772125,27.643946843318894
37.49658330506054,27.24630680674636
37.717494436489716,26.716120091316313
36.39202764791461,26.981213449031337
35.33165421705452,27.643946843318894
34.80146750162448,27.511400164461378
34.40382746505195,26.914940109602583
36.126934290199586,26.716120091316313
35.596747574769545,27.710220182747648
36.657121005629634,27.113760127888845
37.58494775763221,28.704320274178976
37.31985439991719,28.174133558748935
36.92221436334465,27.511400164461378
35.19910753819701,26.914940109602583
34.93401418048199,27.37885348560387
34.536374143909455,27.90904020103391
34.27128078619444,28.571773595321467
34.13873410733692,28.174133558748935
37.717494436489716,28.704320274178976
37.31985439991719,29.764693705039065
28.704320274178976,29.764693705039065
28.041586879891426,29.234506989609024
27.37885348560387,28.83686695303649
26.716120091316313,28.43922691646396
26.451026733601296,27.776493522176402
26.053386697028763,27.24630680674636
25.523199981598715,26.84866677017383
24.993013266168674,28.770593613607737
24.462826550738633,28.174133558748935
23.932639835308585,27.776493522176402
23.402453119878544,28.83686695303649
22.872266404448496,28.43922691646396
22.07698633130343,28.041586879891426
21.41425293701588,28.571773595321467
20.618972863870816,29.300780329037778
20.088786148440768,29.764693705039065
19.42605275415322,29.234506989609024
19.028412717580686,28.704320274178976
19.691146111868235,28.041586879891426
19.22723273586695,27.37885348560387
18.630772681008153,26.914940109602583
18.16685930500686,28.041586879891426
19.160959396438194,27.511400164461378
17.702945929005573,29.234506989609024
19.73532833815407,28.83686695303649
18.630772681008153,29.764693705039065
18.100585965578105,29.234506989609024
19.95623946958326,29.89724038389658
18.763319359865662,29.89724038389658
19.42605275415322,29.367053668466532
19.028412717580686,29.101960310751508
19.95623946958326,30.825067135899154
19.359779414724457,30.294880420469113
18.630772681008153,31.48780053018671
18.100585965578105,32.01798724561675
18.630772681008153,31.48780053018671
20.022512809012014,30.957613814756662
19.42605275415322,30.42742709932662
20.088786148440768,30.162333741611597
20.088786148440768,30.825067135899154
19.558599433010727,30.42742709932662
19.160959396438194,31.222707172471686
19.028412717580686,32.15053392447426
20.884066221585833,31.62034720904422
20.353879506155792,33.07836067647684
19.691146111868235,34.536374143909455
19.160959396438194,36.126934290199586
20.221332827298284,35.596747574769545
19.691146111868235,37.98258779420474
20.751519542728325,37.4524010787747
20.618972863870816,36.92221436334465
20.15505948786953,38.38022783077727
21.149159579300857,37.85004111534723
20.618972863870816,39.838241298209894
21.856075199874248,39.308054582779846
22.07698633130343,38.77786786734981
21.54679961587339,38.247681151919764
21.21543291872961,40.898614729069976
21.149159579300857,40.36842801363994
22.40835302844721,39.838241298209894
23.446635346164378,39.308054582779846
22.872266404448496,38.6453211884923
24.19773319302361,38.38022783077727
24.794193247882404,37.98258779420474
25.390653302741207,37.4524010787747
25.258106623883698,36.39202764791461
24.72791990845365,35.86184093248457
26.84866677017383,37.4524010787747
26.252206715315026,37.054761042202166
25.78829333931374,36.657121005629634
27.643946843318894,36.126934290199586
27.113760127888845,35.596747574769545
26.583573412458804,35.33165421705452
26.053386697028763,34.80146750162448
25.722019999884985,34.13873410733692
27.37885348560387,33.60854739190688
26.84866677017383,34.536374143909455
26.31848005474378,34.13873410733692
28.704320274178976,36.126934290199586
28.174133558748935,35.596747574769545
27.643946843318894,39.57314794049488
27.04748678846009,38.976687885636075
26.053386697028763,38.51277450963478
25.390653302741207,37.98258779420474
24.72791990845365,37.58494775763221
24.330279871881118,37.98258779420474
26.583573412458804,37.4524010787747
26.053386697028763,36.126934290199586
25.65574666045623,35.72929425362706
27.180033467317607,34.80146750162448
27.643946843318894,33.47600071304937
27.776493522176402,32.415627282189284
27.710220182747648,31.885440566759243
27.643946843318894,30.55997377818413
27.113760127888845,30.02978706275409
26.716120091316313,28.969413631894
26.31848005474378,28.174133558748935
25.78829333931374,27.643946843318894
27.90904020103391,27.180033467317607
27.37885348560387,26.451026733601296
26.84866677017383,25.78829333931374
29.89724038389658,25.125559945026183
29.49960034732404,24.462826550738633
28.969413631894,24.0651865141661
28.306680237606443,23.667546477593568
27.776493522176402,23.13735976216352
27.511400164461378,22.60717304673348
27.113760127888845,22.209533010160946
29.89724038389658,21.54679961587339
29.367053668466532,21.01661290044335
28.83686695303649,20.552699524442062
28.372953577035204,20.15505948786953
28.041586879891426,20.751519542728325
28.704320274178976,20.353879506155792
28.174133558748935,21.149159579300857
25.65574666045623,21.01661290044335
26.84866677017383,20.4864261850133
26.451026733601296,20.088786148440768
27.776493522176402,18.89586603872317
28.041586879891426,18.299405983864375
28.43922691646396,17.968039286720597
29.764693705039065,18.89586603872317
29.16823365018027,19.028412717580686
28.969413631894,19.028412717580686
28.43922691646396,19.42605275415322
27.113760127888845,19.757419451296997
26.451026733601296,19.22723273586695
25.78829333931374,19.028412717580686
27.24630680674636,19.558599433010727
27.776493522176402,20.088786148440768
26.716120091316313,19.558599433010727
26.053386697028763,19.028412717580686
25.390653302741207,21.281706258158366
24.72791990845365,20.751519542728325
25.258106623883698,22.07698633130343
26.583573412458804,21.54679961587339
26.053386697028763,21.149159579300857
25.65574666045623,21.149159579300857
25.987113357600002,21.149159579300857
25.65574666045623,22.143259670732192
24.59537322959614,21.54679961587339
22.872266404448496,23.269906441021035
21.944439652445922,22.60717304673348
21.41425293701588,23.203633101592274
21.149159579300857,22.739719725590987
21.679346294730898,22.2758063495897
23.13735976216352,22.07698633130343
22.474626367875963,21.480526276444635
22.010712991874676,22.143259670732192
22.60717304673348,22.739719725590987
21.54679961587339,22.209533010160946
21.01661290044335,24.0651865141661
20.4864261850133,23.402453119878544
20.088786148440768,24.794193247882404
21.01661290044335,25.258106623883698
20.552699524442062,24.72791990845365
19.82369279072575,24.0651865141661
19.558599433010727,23.800093156451076
19.160959396438194,23.402453119878544
18.630772681008153,22.739719725590987
18.100585965578105,22.474626367875963
17.702945929005573,24.19773319302361
18.89586603872317,23.800093156451076
18.89586603872317,24.59537322959614
18.36567932329313,24.661646569024896
17.040212534718023,25.258106623883698
16.510025819287975,26.31848005474378
15.847292425000418,25.78829333931374
15.184559030712869,26.716120091316313
14.786918994140336,26.31848005474378
13.461452205565223,25.920840018171248
12.53362545356265,25.523199981598715
12.268532095847625,24.816284361025325
11.47325202270256,25.65574666045623
11.075611986130028,26.31848005474378
10.412878591842478,26.716120091316313
10.015238555269946,27.180033467317607
8.954865124409856,28.306680237606443
9.683871858126167,27.643946843318894
10.214058573556208,28.969413631894
,29.764693705039065
,29.300780329037778
,28.571773595321467
,28.306680237606443
,27.90904020103391
,27.312580146175115
,26.981213449031337
,28.770593613607737
,29.764693705039065
,29.101960310751508
,27.90904020103391
,27.37885348560387
,26.583573412458804
,26.053386697028763
,27.37885348560387
,26.981213449031337
,27.776493522176402
,26.84866677017383
,26.053386697028763
,25.65574666045623
,27.511400164461378
,26.84866677017383
,26.892848996459662
,27.643946843318894
,28.43922691646396
,27.643946843318894
,26.84866677017383
,26.31848005474378
,25.65574666045623
,24.993013266168674
,24.462826550738633
,23.932639835308585
,23.534999798736052
,25.523199981598715
,24.993013266168674
,24.462826550738633
,27.643946843318894
,27.180033467317607
,26.583573412458804
,26.185933375886272
,26.716120091316313
,26.716120091316313
,26.185933375886272
,25.523199981598715
,24.993013266168674
,24.462826550738633
,23.932639835308585
,23.402453119878544
,22.872266404448496
,22.474626367875963
,23.99891317473734
,24.462826550738633
,25.125559945026183
,25.58947332102747
,25.65574666045623
,25.125559945026183
,24.59537322959614
,24.19773319302361
,23.800093156451076
,22.872266404448496
,22.342079689018455
,21.811892973588414
,21.347979597587127
,20.751519542728325
,20.221332827298284
,19.691146111868235
,19.160959396438194
,18.630772681008153
,18.16685930500686
,18.630772681008153
,18.962139378151925
,18.498226002150638
,17.835492607863088
,17.30530589243304
,16.64257249814549
,16.377479140430466
,15.979839103857934
,17.702945929005573
,17.040212534718023
,16.510025819287975
,17.968039286720597
,17.040212534718023
,16.510025819287975
,15.979839103857934
,15.317105709570377
,14.720645654711582
,14.521825636425312
,13.859092242137756
,13.328905526707715
,11.870892059275093
,11.406978683273806
,12.003438738132608
,11.208158664987543
,10.677971949557495
,9.88269187641243
,9.485051839839898
,9.02113846383861
,9.617598518697413
