Y(hoy),Y(ayer)
1.1144846780639526,0.45347640324092
1.1745763394115016,0.5736597259360181
0.5736597259360181,1.1144846780639526
0.21310975785073083,1.1745763394115016
0.6337513872835672,1.1745763394115016
0.21310975785073083,1.1745763394115016
0.5736597259360181,1.1745763394115016
0.5736597259360181,0.5736597259360181
0.21310975785073083,0.33329308054582185
0.5736597259360181,0.6938430486311162
0.5736597259360181,0.33329308054582185
0.21310975785073083,0.6938430486311162
0.21310975785073083,1.1144846780639526
0.6337513872835672,0.9342096940213054
0.5736597259360181,0.21310975785073083
1.0543930167164035,0.6938430486311162
1.1745763394115016,0.5736597259360181
1.0543930167164035,0.21310975785073083
0.6938430486311162,0.33329308054582185
0.5736597259360181,0.8140263713262073
0.21310975785073083,0.6938430486311162
1.1745763394115016,0.21310975785073083
0.33329308054582185,0.6938430486311162
0.9342096940213054,0.5736597259360181
0.5736597259360181,0.21310975785073083
0.45347640324092,0.6938430486311162
0.9342096940213054,0.5736597259360181
1.1745763394115016,0.21310975785073083
1.1144846780639526,0.3933847418933709
1.0543930167164035,0.8140263713262073
1.1144846780639526,1.1745763394115016
1.0543930167164035,1.1745763394115016
1.0543930167164035,1.1745763394115016
1.0543930167164035,1.1745763394115016
1.0543930167164035,1.1745763394115016
1.0543930167164035,1.1745763394115016
1.0543930167164035,1.1745763394115016
1.1745763394115016,1.595217968844338
1.1144846780639526,2.0759512596247234
1.0543930167164035,2.0158595982771743
1.3548513234541488,1.4149429848016908
1.8155540604520226,1.1745763394115016
2.0759512596247234,1.7754929528869852
2.1360429209722724,1.4149429848016908
2.2562262436673706,2.1360429209722724
2.7770206420127863,2.1360429209722724
3.0374178411855013,2.1360429209722724
3.4580594706183376,2.1360429209722724
3.938792761398723,2.1360429209722724
4.179159406788919,2.3163179050149196
4.780076020264403,2.736959534447756
5.14062598834969,3.0975095025330504
5.14062598834969,3.0975095025330504
5.14062598834969,3.0975095025330504
5.681450940477625,3.0975095025330504
6.222275892605559,3.0975095025330504
6.8231925060810426,3.0975095025330504
7.424109119556526,3.0975095025330504
8.02502573303201,3.2176928252281414
8.505759023812395,3.698426116008534
9.106675637287879,4.11906774544137
9.707592250763362,4.780076020264403
10.248417202891297,4.29934272948401
10.729150493671682,5.020442665654592
11.670586521449941,5.020442665654592
11.149792123104525,5.020442665654592
12.872419748400908,5.020442665654592
12.351625350055492,4.659892697569305
14.034191867786845,4.239251068136468
13.55345857700646,4.058976084093821
15.236025094737812,4.058976084093821
14.815383465304969,4.058976084093821
16.197491676298583,4.179159406788919
15.716758385518197,4.659892697569305
17.158958257859354,5.020442665654592
16.678224967078968,5.020442665654592
17.759874871334837,5.080534327002141
18.36079148481032,5.921817585867821
18.961708098285804,5.501175956434977
19.081891420980902,6.102092569910461
19.562624711761288,5.921817585867821
19.081891420980902,5.441084295087435
21.24519122949264,5.921817585867821
20.764457938712255,5.380992633739886
20.28372464793187,6.102092569910461
22.927757747223993,6.102092569910461
22.447024456443607,6.102092569910461
21.966291165663222,6.102092569910461
24.610324264955345,6.102092569910461
24.12959097417496,6.703009183385944
23.648857683394574,6.222275892605559
26.292890782686705,6.462642537995755
25.812157491906312,6.8231925060810426
25.331424201125927,6.462642537995755
27.975457300418057,7.664475764946722
27.49472400963767,8.145209055727108
27.01399071885728,8.145209055727108
29.177290527369024,8.145209055727108
28.69655723658863,7.664475764946722
30.61949039971018,7.183742474166337
30.138757108929795,7.604384103599173
29.65802381814941,8.085117394379559
33.023156853612115,8.325484039769755
32.48233190148418,8.786186776767622
32.06169027205134,8.505759023812395
31.58095698127095,8.145209055727108
31.100223690490566,9.04658397594033
34.70572337134347,9.106675637287879
34.28508174191063,9.527317266720715
33.744256789782696,9.106675637287879
35.707251060469275,10.008050557501107
35.18645666212386,10.068142218848656
37.830489761415976,10.188325541543747
37.28966480928804,10.709119939889163
36.869023179855205,10.428692186933944
36.38828988907482,10.128233880196198
39.99378956992772,10.90942547771433
39.452964617799786,10.428692186933944
39.03232298836694,12.111258704665296
38.551589697586564,12.111258704665296
41.67635608765907,12.65208365679323
41.25571445822624,12.231442027360394
40.7148895060983,13.132816947573616
43.118555960000236,13.613550238354001
42.637822669219844,13.914008545091747
42.157089378439466,13.373183592963812
43.358922605390426,13.793825222396649
42.99837263730514,13.433275254311361
43.83965589617081,14.154375190481943
43.83965589617081,13.793825222396649
43.238739282695335,13.373183592963812
42.637822669219844,13.253000270268714
42.157089378439466,13.793825222396649
41.67635608765907,13.433275254311361
41.13553113553114,14.154375190481943
42.03690605574437,15.356208417432903
41.556172764963975,14.75529180395742
41.31580611957378,14.394741835872132
40.8350728287934,15.836941708213295
40.594706183403204,15.296116756085361
40.23415621531791,14.875475126652518
40.05388123127527,14.51492515856723
39.99378956992772,14.154375190481943
39.57314794049488,15.055750110695165
38.91213966567185,15.957125030908387
38.67177302028166,15.53648340147555
38.31122305219637,15.175933433390263
37.830489761415976,15.236025094737812
37.3497564706356,15.716758385518197
36.9892065025503,16.077308353603485
38.832017450541784,16.077308353603485
38.31122305219637,16.137400014951034
37.830489761415976,16.678224967078968
37.3497564706356,17.038774935164263
39.15250631106204,17.098866596511805
39.03232298836694,17.639691548639746
38.611681358934106,17.27914158055445
37.950673084111074,18.060333178072582
37.469939793330695,17.759874871334837
37.04929816389785,17.339233241902
37.1093898252454,18.000241516725033
36.50847321176992,18.000241516725033
36.26810656637973,17.519508225944648
35.907556598294434,17.27914158055445
35.42682330751405,18.000241516725033
35.06627333942876,17.519508225944648
36.38828988907482,18.000241516725033
35.907556598294434,17.4594165645971
35.54700663020914,17.759874871334837
37.830489761415976,17.639691548639746
37.2295731479405,17.27914158055445
36.80893151850766,16.918591612469164
37.830489761415976,16.49794998303632
37.3497564706356,16.718286074644
36.869023179855205,16.31767499899368
36.38828988907482,16.678224967078968
35.907556598294434,16.197491676298583
35.42682330751405,15.5965750628231
35.1263650007763,14.995658449347616
35.18645666212386,14.51492515856723
34.58554004864837,14.154375190481943
33.98462343517289,13.793825222396649
33.5038901443925,13.373183592963812
32.902973530917016,12.892450302183427
32.66260688552683,12.351625350055492
32.34211802500656,11.991075381970198
33.023156853612115,11.390158768494715
32.54242356283173,10.969517139061878
32.12178193339889,10.488783848281493
31.46077365857586,10.188325541543747
31.100223690490566,10.789242155019231
31.100223690490566,10.969517139061878
30.499307077015082,10.428692186933944
29.8983904635396,10.068142218848656
29.297473850064115,9.707592250763362
28.75664889793618,9.286950621330526
28.215823945808246,9.106675637287879
28.095640623113148,9.106675637287879
28.095640623113148,9.106675637287879
27.975457300418057,9.106675637287879
27.49472400963767,9.106675637287879
27.134174041552377,9.527317266720715
27.975457300418057,9.947958896153558
27.554815670985214,10.789242155019231
27.374540686942574,10.308508864238846
27.134174041552377,11.029608800409427
27.374540686942574,11.029608800409427
27.975457300418057,11.029608800409427
28.51628225254599,11.029608800409427
29.057107204673926,11.089700461756976
29.177290527369024,11.390158768494715
29.057107204673926,11.991075381970198
28.81674055928373,12.111258704665296
28.336007268503344,12.111258704665296
27.73509065502786,12.111258704665296
27.254357364247475,12.111258704665296
27.49472400963767,12.111258704665296
27.134174041552377,12.111258704665296
28.496251698763473,12.111258704665296
27.975457300418057,12.231442027360394
29.177290527369024,12.71217531814078
29.177290527369024,12.471808672750583
29.65802381814941,12.231442027360394
29.177290527369024,12.952541963530976
30.138757108929795,13.192908608921165
30.138757108929795,13.373183592963812
30.499307077015082,13.914008545091747
30.018573786234697,14.154375190481943
31.100223690490566,15.055750110695165
30.61949039971018,14.51492515856723
30.018573786234697,16.017216692255936
29.417657172759213,15.476391740128001
29.8983904635396,16.257583337646132
29.417657172759213,16.678224967078968
30.499307077015082,17.038774935164263
31.100223690490566,16.918591612469164
30.61949039971018,16.49794998303632
30.258940431624893,16.017216692255936
30.859857045100377,15.716758385518197
30.859857045100377,15.296116756085361
30.37912375431999,15.716758385518197
30.078665447582246,16.077308353603485
31.100223690490566,16.798408289774066
30.61949039971018,16.31767499899368
30.138757108929795,16.678224967078968
32.06169027205134,16.257583337646132
31.58095698127095,15.836941708213295
30.980040367795475,15.476391740128001
30.73967372240528,15.115841772042714
30.37912375431999,15.476391740128001
30.018573786234697,16.017216692255936
30.899918152665407,15.836941708213295
31.100223690490566,15.236025094737812
31.100223690490566,15.115841772042714
30.499307077015082,15.356208417432903
30.078665447582246,16.49794998303632
31.100223690490566,15.957125030908387
30.67958206105773,16.978683273816713
30.138757108929795,17.038774935164263
33.023156853612115,17.038774935164263
32.54242356283173,16.678224967078968
32.06169027205134,16.137400014951034
31.6410486426185,16.077308353603485
32.30205691744153,16.077308353603485
31.821323626661147,15.716758385518197
31.340590335880762,15.296116756085361
33.023156853612115,15.716758385518197
32.54242356283173,15.356208417432903
32.181873594746435,16.077308353603485
32.24196525609399,15.957125030908387
32.24196525609399,15.476391740128001
33.30358460656734,15.055750110695165
32.782790208221925,14.51492515856723
32.30205691744153,14.154375190481943
33.98462343517289,14.154375190481943
34.16489841921553,14.034191867786845
34.52544838730083,13.613550238354001
34.10480675786798,13.192908608921165
35.06627333942876,13.613550238354001
35.2465483234714,13.914008545091747
35.727281614251794,13.373183592963812
38.07085640680617,12.892450302183427
37.59012311602579,12.351625350055492
37.1093898252454,12.231442027360394
36.628656534465016,12.832358640835878
36.14792324368463,12.411717011403042
41.43598944226888,11.991075381970198
40.9552561514885,11.510342091189813
40.474522860708106,11.8708920592751
39.99378956992772,11.510342091189813
39.513056279147335,11.269975445799616
39.03232298836694,10.90942547771433
38.551589697586564,10.428692186933944
43.358922605390426,9.82777557345846
42.87818931461004,9.347042282678075
42.397456023829655,8.86630899189769
41.91672273304927,8.625942346507493
45.04148912312178,8.265392378422206
44.56075583234139,7.784659087641813
44.140114202908556,7.303925796861428
44.56075583234139,6.8231925060810426
44.08002254156101,6.342459215300657
43.479105928085524,5.861725924520272
42.87818931461004,5.380992633739886
42.457547685177204,4.900259342959494
41.91672273304927,4.419526052179108
41.43598944226888,3.938792761398723
41.19562279687869,3.3378761479232395
42.157089378439466,2.857142857142854
41.67635608765907,2.4365012277100178
43.118555960000236,1.7754929528869852
42.637822669219844,1.2947596621065998
44.08002254156101,0.8140263713262073
43.59928925078062,0.2732014191982728
43.358922605390426,0.21310975785073083
42.93828097595759,0.21310975785073083
42.397456023829655,0.21310975785073083
41.79653941035417,0.21310975785073083
41.19562279687869,0.21310975785073083
40.7148895060983,0.21310975785073083
40.23415621531791,
39.75342292453753,
39.27268963375714,
39.2125979724096,
40.23415621531791,
39.75342292453753,
39.27268963375714,
41.91672273304927,
41.31580611957378,
40.8350728287934,
40.23415621531791,
40.7148895060983,
39.75342292453753,
39.27268963375714,
38.79195634297675,
38.31122305219637,
38.01076474545863,
37.59012311602579,
38.07085640680617,
37.1093898252454,
36.628656534465016,
36.14792324368463,
35.727281614251794,
35.18645666212386,
34.58554004864837,
34.10480675786798,
33.5038901443925,
32.902973530917016,
32.42224024013663,
31.821323626661147,
31.340590335880762,
32.34211802500656,
31.821323626661147,
33.023156853612115,
32.42224024013663,
31.881415288008697,
31.340590335880762,
31.040132029143017,
31.100223690490566,
30.61949039971018,
30.138757108929795,
29.65802381814941,
29.117198866021475,
30.138757108929795,
29.778207140844508,
30.499307077015082,
30.018573786234697,
31.100223690490566,
30.61949039971018,
30.018573786234697,
29.477748834106762,
28.936923881978828,
28.456190591198443,
29.177290527369024,
28.69655723658863,
28.336007268503344,
30.138757108929795,
29.65802381814941,
31.100223690490566,
30.61949039971018,
31.100223690490566,
30.499307077015082,
30.258940431624893,
29.8983904635396,
29.417657172759213,
28.936923881978828,
28.456190591198443,
28.095640623113148,
28.155732284460697,
28.69655723658863,
28.215823945808246,
30.859857045100377,
30.258940431624893,
29.8983904635396,
29.417657172759213,
30.859857045100377,
30.258940431624893,
30.018573786234697,
29.65802381814941,
29.177290527369024,
28.69655723658863,
28.215823945808246,
28.095640623113148,
27.975457300418057,
27.49472400963767,
27.134174041552377,
27.975457300418057,
28.97698498954386,
28.456190591198443,
29.057107204673926,
28.81674055928373,
28.456190591198443,
28.155732284460697,
28.936923881978828,
28.456190591198443,
28.095640623113148,
30.37912375431999,
29.8983904635396,
29.417657172759213,
32.54242356283173,
32.06169027205134,
31.58095698127095,
31.100223690490566,
34.46535672595327,
33.98462343517289,
33.5038901443925,
33.023156853612115,
35.66718995290424,
35.18645666212386,
36.38828988907482,
36.869023179855205,
36.869023179855205,
36.26810656637973,
36.02773992098953,
35.66718995290424,
35.18645666212386,
34.70572337134347,
34.28508174191063,
33.744256789782696,
33.14334017630721,
32.902973530917016,
32.54242356283173,
31.941506949356246,
31.70114030396605,
31.340590335880762,
30.73967372240528,
30.499307077015082,
30.138757108929795,
29.65802381814941,
29.237382188716573,
28.75664889793618,
28.215823945808246,
27.975457300418057,
27.49472400963767,
26.893807396162188,
26.653440750771992,
26.292890782686705,
25.87224915325386,
25.331424201125927,
26.05252413729651,
25.571790846516123,
26.593349089424443,
27.01399071885728,
27.01399071885728,
26.533257428076894,
26.172707459991607,
27.01399071885728,
26.533257428076894,
26.112615798644057,
25.571790846516123,
24.85069091034554,
24.369957619565156,
24.00940765147987,
25.091057555735738,
24.730507587650443,
24.97087423304064,
24.490140942260254,
24.249774296870058,
23.88922432878477,
23.408491038004385,
23.16812439261419,
24.12959097417496,
23.648857683394574,
23.04794106991909,
22.8075744245289,
22.32684113374851,
22.08647448835832,
21.966291165663222,
21.485557874882836,
21.125007906797542,
21.966291165663222,
23.04794106991909,
22.447024456443607,
23.648857683394574,
24.12959097417496,
24.00940765147987,
23.528674360699476,
22.927757747223993,
22.447024456443607,
21.966291165663222,
21.485557874882836,
21.06491624545,
20.403907970626967,
20.16354132523677,
19.682808034456386,
19.3222580663711,
19.081891420980902,
18.661249791548066,
19.081891420980902,
18.30069982346277,
17.759874871334837,
17.158958257859354,
16.55804164438387,
16.017216692255936,
15.476391740128001,
14.875475126652518,
14.274558513177034,
14.79535291152245,
15.957125030908387,
15.476391740128001,
16.49794998303632,
16.918591612469164,
16.43785832168878,
15.957125030908387,
15.356208417432903,
14.635108481262328,
14.394741835872132,
14.034191867786845,
13.433275254311361,
13.192908608921165,
12.71217531814078,
12.471808672750583,
12.171350366012845,
12.65208365679323,
13.072725286226067,
12.952541963530976,
12.71217531814078,
12.231442027360394,
12.111258704665296,
11.63052541388491,
11.029608800409427,
10.789242155019231,
10.308508864238846,
10.068142218848656,
9.947958896153558,
9.347042282678075,
9.106675637287879,
8.98649231459278,
8.505759023812395,
8.02502573303201,
7.544292442251624,
7.063559151471239,
6.462642537995755,
6.042000908562912,
6.102092569910461,
5.681450940477625,
5.14062598834969,
4.539709374874207,
4.11906774544137,
4.058976084093821,
3.818609438703625,
3.5782427933134358,
3.2577539327931717,
3.938792761398723,
3.5181511319658867,
3.4580594706183376,
3.0975095025330504,
3.938792761398723,
