Y(hoy),Y(ayer)
4.647098061540753,2.3275311815343116
4.05063800668195,2.725171218106837
3.7855446489669333,3.255357933536885
4.359913590682808,3.6529979701094177
4.713371400969507,4.05063800668195
3.5204512912519093,4.448278043254483
3.3879046123944008,3.918091327824442
2.990264575821868,3.255357933536885
2.5926245392493286,2.725171218106837
1.2671577506742295,2.3275311815343116
1.9740733712476128,2.3275311815343116
2.194984502676803,1.664797787246755
1.7310711266755163,1.2671577506742295
1.3334310901029767,1.2671577506742295
1.1346110718167068,0.8695177141016899
0.67069769581542,0.4056043381004031
0.47187767752916443,0.20678431981413326
0.20678431981413326,0.20678431981413326
0.07423764095662477,0.20678431981413326
-0.7873157716172017,-0.05830903790088371
0.07423764095662477,-0.45594907447342337
-0.389675735044662,-0.8535891110459488
-0.5222224139021705,-0.5884957533309318
-0.9861357899034573,-0.05830903790088371
-1.5163225053335054,-0.8535891110459488
-1.5163225053335054,-0.8535891110459488
-0.9861357899034573,-0.8535891110459488
-1.5825958447622668,-0.8535891110459488
-1.9802358813347922,-0.8535891110459488
-0.9198624504747102,-0.8535891110459488
-0.5222224139021705,-0.8535891110459488
0.14051098038538612,-0.8535891110459488
-0.3234023956159007,-1.383775826475997
-0.7210424321884403,-1.913962541906045
-0.12458237732964506,-1.913962541906045
1.0020643929591984,-1.7814158630485224
1.7973444661042635,-1.1849558081897271
2.990264575821868,-1.7372336367626815
2.46007786039182,-0.9861357899034573
3.5204512912519093,-0.8535891110459488
2.725171218106837,-0.8535891110459488
2.3275311815343116,-0.8535891110459488
3.5204512912519093,-0.8535891110459488
4.647098061540753,-0.7210424321884403
4.183184685539466,0.14051098038538612
5.3761047952570635,0.8695177141016899
6.70157158383217,1.2671577506742295
6.171384868402129,1.2671577506742295
5.773744831829596,1.7973444661042635
7.364304978119726,2.3938045209630587
6.834118262689678,2.990264575821868
16.907665855860508,2.5926245392493286
16.377479140430466,4.315731364396974
16.841392516431753,3.7855446489669333
16.775119177003,3.6529979701094177
16.244932461572958,4.05063800668195
15.71474574614291,4.580824722111998
15.250832370141623,5.243558116399548
21.281706258158366,6.171384868402129
20.884066221585833,5.6411981529720805
22.342079689018455,7.828218354121013
21.944439652445922,7.231758299262211
23.00481308330601,9.087411803267365
24.462826550738633,8.689771766694832
25.78829333931374,10.147785234127454
25.258106623883698,10.81051862841501
27.113760127888845,12.003438738132608
26.583573412458804,11.605798701560076
31.222707172471686,13.859092242137756
28.704320274178976,13.328905526707715
28.306680237606443,15.184559030712869
30.55997377818413,16.44375247985922
30.096060402182843,16.112385782715442
29.49960034732404,15.847292425000418
28.704320274178976,16.244932461572958
28.174133558748935,16.64257249814549
27.776493522176402,15.979839103857934
28.770593613607737,15.184559030712869
28.306680237606443,14.65437231528282
27.113760127888845,14.12418559985278
24.330279871881118,13.593998884422739
24.72791990845365,15.71474574614291
25.302288850169532,15.317105709570377
24.39655321130987,16.775119177003
24.462826550738633,18.100585965578105
24.993013266168674,19.42605275415322
25.523199981598715,19.028412717580686
24.59537322959614,20.353879506155792
27.04748678846009,20.884066221585833
25.920840018171248,22.07698633130343
27.643946843318894,21.54679961587339
28.704320274178976,23.402453119878544
28.174133558748935,23.00481308330601
29.8088759313249,22.474626367875963
29.234506989609024,24.993013266168674
29.89724038389658,24.462826550738633
29.367053668466532,26.31848005474378
29.101960310751508,25.78829333931374
27.511400164461378,27.37885348560387
26.981213449031337,26.84866677017383
26.451026733601296,28.704320274178976
25.854566678742493,28.174133558748935
27.37885348560387,30.55997377818413
26.84866677017383,30.162333741611597
26.384753394172535,31.090160493614178
25.78829333931374,30.55997377818413
26.31848005474378,30.02978706275409
25.78829333931374,29.234506989609024
25.78829333931374,28.83686695303649
26.64984675188756,28.306680237606443
26.141751149600438,27.37885348560387
26.84866677017383,26.84866677017383
26.31848005474378,25.523199981598715
25.920840018171248,24.993013266168674
27.643946843318894,25.523199981598715
27.04748678846009,26.31848005474378
26.716120091316313,25.920840018171248
25.722019999884985,25.78829333931374
27.423035711889703,25.125559945026183
26.84866677017383,24.59537322959614
27.776493522176402,25.258106623883698
27.643946843318894,25.65574666045623
27.113760127888845,26.185933375886272
26.583573412458804,26.451026733601296
25.920840018171248,25.854566678742493
25.523199981598715,26.451026733601296
25.390653302741207,27.710220182747648
25.125559945026183,27.113760127888845
24.661646569024896,28.174133558748935
23.534999798736052,28.571773595321467
23.13735976216352,27.90904020103391
23.269906441021035,27.113760127888845
23.932639835308585,26.583573412458804
23.402453119878544,26.119660036457518
24.462826550738633,26.053386697028763
24.72791990845365,26.583573412458804
24.330279871881118,26.185933375886272
25.258106623883698,25.65574666045623
25.258106623883698,25.65574666045623
24.59537322959614,26.053386697028763
24.0651865141661,26.31848005474378
23.667546477593568,25.65574666045623
25.523199981598715,26.119660036457518
24.993013266168674,25.65574666045623
24.59537322959614,26.583573412458804
24.993013266168674,26.053386697028763
23.402453119878544,25.523199981598715
23.534999798736052,24.993013266168674
24.860466587311166,24.330279871881118
23.932639835308585,23.733819817022322
23.534999798736052,24.19773319302361
24.19773319302361,23.733819817022322
25.523199981598715,22.07698633130343
26.716120091316313,21.54679961587339
26.716120091316313,23.13735976216352
26.185933375886272,22.60717304673348
25.722019999884985,23.97682206159442
26.362662281029614,23.800093156451076
26.716120091316313,23.13735976216352
27.643946843318894,22.60717304673348
27.24630680674636,23.13735976216352
28.704320274178976,22.739719725590987
28.174133558748935,22.60717304673348
28.174133558748935,22.209533010160946
26.981213449031337,22.40835302844721
26.583573412458804,22.872266404448496
26.053386697028763,23.932639835308585
25.390653302741207,23.402453119878544
24.860466587311166,24.462826550738633
24.59537322959614,24.0651865141661
24.19773319302361,23.667546477593568
23.667546477593568,24.72791990845365
23.269906441021035,24.330279871881118
25.258106623883698,25.390653302741207
24.794193247882404,24.72791990845365
26.31848005474378,24.59537322959614
25.78829333931374,25.523199981598715
27.643946843318894,25.125559945026183
27.113760127888845,26.31848005474378
25.920840018171248,25.78829333931374
26.583573412458804,26.583573412458804
25.258106623883698,26.84866677017383
24.72791990845365,27.511400164461378
27.643946843318894,27.37885348560387
28.704320274178976,26.716120091316313
28.174133558748935,27.113760127888845
27.776493522176402,27.511400164461378
27.37885348560387,26.782393430745074
26.583573412458804,26.716120091316313
26.053386697028763,26.451026733601296
27.643946843318894,25.920840018171248
27.113760127888845,26.31848005474378
27.776493522176402,27.643946843318894
27.643946843318894,27.24630680674636
27.113760127888845,26.053386697028763
26.716120091316313,25.65574666045623
27.643946843318894,25.65574666045623
27.24630680674636,26.31848005474378
27.113760127888845,25.920840018171248
24.462826550738633,25.78829333931374
24.59537322959614,25.258106623883698
27.24630680674636,24.72791990845365
27.643946843318894,26.31848005474378
27.04748678846009,25.78829333931374
26.716120091316313,25.390653302741207
31.885440566759243,26.716120091316313
31.222707172471686,25.78829333931374
30.692520457041645,25.258106623883698
30.162333741611597,24.72791990845365
29.49960034732404,27.37885348560387
31.885440566759243,26.84866677017383
31.355253851329195,26.451026733601296
30.825067135899154,28.704320274178976
30.294880420469113,28.306680237606443
28.704320274178976,27.37885348560387
28.10786021932018,26.981213449031337
28.704320274178976,28.43922691646396
28.306680237606443,27.90904020103391
29.632147026181556,29.764693705039065
30.162333741611597,29.234506989609024
29.101960310751508,28.83686695303649
29.632147026181556,28.174133558748935
30.02978706275409,27.776493522176402
31.090160493614178,27.90904020103391
36.92221436334465,28.43922691646396
38.77786786734981,29.69842036561031
38.247681151919764,29.234506989609024
37.85004111534723,29.101960310751508
37.717494436489716,29.49960034732404
36.524574326772125,30.361153759897867
35.596747574769545,30.825067135899154
34.80146750162448,30.339062646754947
34.27128078619444,31.355253851329195
34.006187428479414,30.957613814756662
33.54227405247813,33.74109407076439
34.27128078619444,33.21090735533435
33.74109407076439,32.81326731876182
33.21090735533435,35.86184093248457
35.464200895912036,37.31985439991719
34.40382746505195,36.78966768448714
31.885440566759243,36.92221436334465
31.222707172471686,36.524574326772125
30.692520457041645,35.596747574769545
30.162333741611597,35.0665608593395
30.825067135899154,34.536374143909455
30.42742709932662,34.13873410733692
30.825067135899154,33.674820731335636
30.22860708104035,34.13873410733692
29.89724038389658,35.72929425362706
31.664529435330053,35.0665608593395
34.93401418048199,34.66892082276697
34.536374143909455,36.2594809690571
34.13873410733692,35.596747574769545
32.283080603331776,34.536374143909455
31.355253851329195,34.13873410733692
31.090160493614178,33.21090735533435
30.02978706275409,32.81326731876182
29.632147026181556,32.15053392447426
25.125559945026183,31.62034720904422
24.529099890167387,32.216807263903014
23.800093156451076,31.752893887901728
23.13735976216352,32.945813997619325
22.342079689018455,32.415627282189284
21.811892973588414,37.4524010787747
21.01661290044335,36.92221436334465
19.691146111868235,36.2594809690571
19.160959396438194,35.596747574769545
18.89586603872317,35.0665608593395
18.36567932329313,34.66892082276697
17.835492607863088,35.0665608593395
18.89586603872317,34.536374143909455
18.36567932329313,34.006187428479414
17.968039286720597,33.60854739190688
19.95623946958326,33.07836067647684
19.558599433010727,32.54817396104679
19.558599433010727,31.885440566759243
19.09468605700944,31.355253851329195
19.73532833815407,30.825067135899154
19.95623946958326,30.02978706275409
20.088786148440768,29.49960034732404
20.088786148440768,27.90904020103391
21.082886239872103,27.37885348560387
21.01661290044335,26.981213449031337
20.751519542728325,25.65574666045623
20.221332827298284,25.258106623883698
20.79570176901416,24.72791990845365
20.353879506155792,24.264006532452363
21.281706258158366,23.667546477593568
22.872266404448496,23.269906441021035
22.342079689018455,22.872266404448496
21.811892973588414,22.342079689018455
21.347979597587127,21.54679961587339
22.209533010160946,21.01661290044335
21.54679961587339,20.552699524442062
22.872266404448496,21.01661290044335
22.872266404448496,20.552699524442062
22.342079689018455,20.088786148440768
24.462826550738633,19.558599433010727
23.99891317473734,19.160959396438194
23.402453119878544,20.79570176901416
24.330279871881118,20.221332827298284
23.800093156451076,19.82369279072575
23.468726459307298,20.4864261850133
25.302288850169532,20.088786148440768
24.72791990845365,20.4864261850133
24.19773319302361,20.884066221585833
26.583573412458804,20.353879506155792
26.053386697028763,19.42605275415322
26.782393430745074,19.95623946958326
27.113760127888845,22.143259670732192
27.643946843318894,21.54679961587339
27.113760127888845,21.149159579300857
26.451026733601296,22.209533010160946
25.920840018171248,21.811892973588414
25.390653302741207,21.082886239872103
24.860466587311166,20.4864261850133
26.053386697028763,20.088786148440768
26.583573412458804,20.4864261850133
25.987113357600002,21.54679961587339
25.258106623883698,20.884066221585833
24.72791990845365,24.19773319302361
26.31848005474378,23.733819817022322
25.920840018171248,23.13735976216352
27.643946843318894,22.739719725590987
27.113760127888845,23.402453119878544
27.776493522176402,22.872266404448496
27.643946843318894,22.60717304673348
27.113760127888845,23.733819817022322
26.451026733601296,23.13735976216352
25.987113357600002,24.19773319302361
25.65574666045623,23.534999798736052
28.10786021932018,22.872266404448496
28.704320274178976,22.342079689018455
29.234506989609024,21.41425293701588
29.764693705039065,21.944439652445922
29.035686971322754,23.13735976216352
28.43922691646396,22.60717304673348
27.113760127888845,24.19773319302361
26.716120091316313,23.733819817022322
27.643946843318894,23.00481308330601
27.113760127888845,22.474626367875963
27.423035711889703,23.00481308330601
26.981213449031337,22.872266404448496
27.643946843318894,22.474626367875963
26.981213449031337,24.19773319302361
26.892848996459662,23.667546477593568
27.643946843318894,24.993013266168674
27.113760127888845,24.59537322959614
26.583573412458804,25.854566678742493
26.053386697028763,25.390653302741207
25.65574666045623,26.384753394172535
24.59537322959614,26.053386697028763
25.258106623883698,25.65574666045623
26.362662281029614,25.258106623883698
25.78829333931374,24.72791990845365
24.860466587311166,24.330279871881118
26.583573412458804,23.932639835308585
26.053386697028763,23.534999798736052
25.523199981598715,25.258106623883698
24.993013266168674,24.860466587311166
24.507008777024467,25.65574666045623
23.932639835308585,25.523199981598715
25.258106623883698,24.772102134739484
25.258106623883698,25.58947332102747
24.72791990845365,25.523199981598715
23.932639835308585,24.993013266168674
23.932639835308585,24.59537322959614
24.462826550738633,26.31848005474378
23.932639835308585,25.78829333931374
23.534999798736052,27.113760127888845
23.13735976216352,27.511400164461378
22.60717304673348,26.914940109602583
23.269906441021035,27.511400164461378
22.739719725590987,28.704320274178976
22.2758063495897,28.174133558748935
22.38626191530429,27.776493522176402
23.667546477593568,27.37885348560387
23.13735976216352,26.914940109602583
24.330279871881118,28.770593613607737
23.667546477593568,28.174133558748935
23.00481308330601,28.704320274178976
22.739719725590987,28.174133558748935
22.342079689018455,27.37885348560387
21.878166313017168,26.84866677017383
21.281706258158366,25.920840018171248
20.751519542728325,26.583573412458804
20.287606166727038,26.451026733601296
19.691146111868235,26.185933375886272
19.160959396438194,25.78829333931374
19.95623946958326,25.258106623883698
19.558599433010727,24.72791990845365
19.95623946958326,24.264006532452363
19.42605275415322,23.667546477593568
18.89586603872317,25.390653302741207
18.23313264443562,24.72791990845365
17.835492607863088,24.19773319302361
17.968039286720597,25.65574666045623
17.30530589243304,25.65574666045623
16.510025819287975,25.125559945026183
15.979839103857934,24.59537322959614
15.184559030712869,24.529099890167387
14.786918994140336,24.19773319302361
15.449652388427886,23.667546477593568
16.510025819287975,23.269906441021035
15.979839103857934,22.872266404448496
16.112385782715442,22.474626367875963
14.521825636425312,24.0651865141661
13.726545563280247,23.800093156451076
13.461452205565223,23.534999798736052
13.06381216899269,23.269906441021035
12.53362545356265,22.60717304673348
12.003438738132608,21.944439652445922
11.605798701560076,21.347979597587127
11.208158664987543,21.944439652445922
10.015238555269946,21.811892973588414
11.075611986130028,21.281706258158366
10.147785234127454,21.149159579300857
9.617598518697413,20.751519542728325
9.087411803267365,20.15505948786953
8.424678408979808,20.088786148440768
8.159585051264791,19.691146111868235
,19.160959396438194
,18.498226002150638
,18.03431262614935
,18.763319359865662
,18.36567932329313
,18.100585965578105
,17.570399250148064
,17.106485874146777
,16.510025819287975
,15.979839103857934
,17.437852571290556
,16.907665855860508
,16.64257249814549
,15.979839103857934
,15.582199067285401
,15.184559030712869
,14.65437231528282
,15.449652388427886
,15.582199067285401
,15.184559030712869
,14.389278957567804
,13.925365581566517
,13.328905526707715
,12.666172132420158
,12.003438738132608
,11.47325202270256
,10.94306530727252
,10.412878591842478
,11.075611986130028
,10.147785234127454
,9.617598518697413
,9.087411803267365
,8.689771766694832
,8.2921317301223
,7.894491693549767
,7.894491693549767
,7.894491693549767
