Y(hoy),Y(ayer)
6.502751565545907,6.834118262689678
5.906291510687105,6.834118262689678
5.6411981529720805,6.834118262689678
5.1110114375420395,6.834118262689678
4.713371400969507,6.303931547259637
5.243558116399548,5.773744831829596
5.442378134685818,5.773744831829596
4.978464758684531,5.773744831829596
4.580824722111998,5.773744831829596
4.580824722111998,5.773744831829596
3.918091327824442,5.906291510687105
3.255357933536885,6.436478226117146
2.725171218106837,6.834118262689678
2.3938045209630587,7.231758299262211
2.46007786039182,7.629398335834743
2.0182555975334537,7.032938280975948
1.5322511083892465,6.834118262689678
1.2671577506742295,6.834118262689678
1.2008844112454682,6.834118262689678
1.0020643929591984,6.436478226117146
0.7369710352441814,5.972564850115859
0.33933099867164174,5.773744831829596
0.9136999403875308,5.243558116399548
1.1346110718167068,4.713371400969507
0.47187767752916443,4.315731364396974
0.20678431981413326,3.7855446489669333
0.20678431981413326,3.3216312729656394
0.20678431981413326,2.8577178969643597
0.07423764095662477,2.3938045209630587
-0.45594907447342337,2.3275311815343116
-0.8535891110459488,2.194984502676803
0.07423764095662477,1.7310711266755163
-0.45594907447342337,1.2671577506742295
-0.45594907447342337,1.2671577506742295
-0.8535891110459488,1.2008844112454682
-0.8535891110459488,0.67069769581542
-0.8535891110459488,0.20678431981413326
-0.8535891110459488,0.20678431981413326
-0.8535891110459488,0.20678431981413326
-0.8535891110459488,0.20678431981413326
-0.8535891110459488,0.20678431981413326
-0.8535891110459488,0.20678431981413326
-0.8535891110459488,0.14051098038538612
-0.8535891110459488,-0.389675735044662
-0.9861357899034573,-0.8535891110459488
-1.2512291476184885,-0.8535891110459488
-1.7151425236197753,-0.8535891110459488
-2.1127825601923007,-0.8535891110459488
-1.7151425236197753,-0.8535891110459488
-2.179055899621062,-0.8535891110459488
-1.2512291476184885,-0.8535891110459488
-1.6930514104768548,-0.8535891110459488
-2.0465092207635536,-0.8535891110459488
-2.0465092207635536,-0.8535891110459488
-2.0465092207635536,-0.8535891110459488
-2.0465092207635536,-0.8535891110459488
-2.0465092207635536,-0.8535891110459488
-2.0465092207635536,-0.8535891110459488
-2.0465092207635536,-0.8535891110459488
-2.0465092207635536,-0.8535891110459488
-2.0465092207635536,-0.8535891110459488
-1.9802358813347922,-0.8535891110459488
-1.4721402790476645,-0.389675735044662
-1.11868246876098,-0.05830903790088371
-0.8535891110459488,-0.654769092759679
-0.8535891110459488,-0.1908557167583922
-0.41176684818758247,0.20678431981413326
-0.05830903790088371,0.20678431981413326
0.2730576592428946,0.6044243563866729
0.9357910535304512,1.2008844112454682
0.47187767752916443,1.664797787246755
1.2671577506742295,2.2612578421055503
1.7973444661042635,2.990264575821868
2.3275311815343116,3.3879046123944008
2.769353444392678,3.6529979701094177
3.3879046123944008,4.315731364396974
4.713371400969507,4.713371400969507
4.05063800668195,5.1110114375420395
3.6529979701094177,5.773744831829596
4.315731364396974,6.303931547259637
5.1110114375420395,7.761945014692259
7.364304978119726,7.231758299262211
8.424678408979808,8.888591784981102
7.894491693549767,8.2921317301223
10.677971949557495,9.219958482124873
12.268532095847625,11.47325202270256
11.738345380417584,10.94306530727252
12.798718811277674,10.412878591842478
13.859092242137756,10.015238555269946
13.461452205565223,12.53362545356265
17.702945929005573,12.003438738132608
18.100585965578105,13.06381216899269
19.42605275415322,13.859092242137756
18.89586603872317,15.184559030712869
19.95623946958326,14.786918994140336
21.54679961587339,16.244932461572958
23.402453119878544,17.570399250148064
22.872266404448496,18.36567932329313
24.59537322959614,18.89586603872317
28.83686695303649,18.23313264443562
28.306680237606443,18.630772681008153
29.565873686752802,19.558599433010727
30.55997377818413,19.028412717580686
30.02978706275409,22.342079689018455
31.090160493614178,21.811892973588414
33.74109407076439,21.281706258158366
33.21090735533435,20.884066221585833
32.68072063990431,23.667546477593568
32.283080603331776,23.13735976216352
35.86184093248457,24.72791990845365
35.33165421705452,24.330279871881118
34.80146750162448,25.920840018171248
34.40382746505195,27.113760127888845
37.054761042202166,29.632147026181556
38.247681151919764,28.969413631894
40.43470135306869,28.43922691646396
39.57314794049488,30.957613814756662
39.04296122506483,30.294880420469113
40.96488806849874,32.15053392447426
40.76606805021247,31.62034720904422
40.23588133478243,31.222707172471686
38.6453211884923,34.536374143909455
38.247681151919764,34.006187428479414
39.57314794049488,33.47600071304937
39.04296122506483,32.945813997619325
38.51277450963478,36.126934290199586
38.115134473062255,35.596747574769545
39.57314794049488,35.19910753819701
38.976687885636075,36.92221436334465
40.898614729069976,38.77786786734981
40.36842801363994,38.247681151919764
39.838241298209894,39.90451463763865
39.838241298209894,39.308054582779846
39.44060126163736,39.9707879770674
38.91041454620732,40.36842801363994
40.30215467421118,40.96488806849874
40.898614729069976,40.63352137135496
40.50097469249745,40.10333465592491
40.898614729069976,38.77786786734981
41.428801444500024,38.247681151919764
40.76606805021247,37.85004111534723
40.10333465592491,37.85004111534723
39.57314794049488,37.98258779420474
39.04296122506483,38.51277450963478
38.51277450963478,38.91041454620732
37.98258779420474,39.44060126163736
37.58494775763221,39.9707879770674
37.98258779420474,39.9707879770674
38.51277450963478,40.63352137135496
38.51277450963478,41.95898815993007
37.98258779420474,41.56134812335753
37.31985439991719,41.16370808678501
36.78966768448714,40.63352137135496
36.19320762962835,39.9707879770674
35.6630209141983,39.705694619352386
35.26538087762577,39.308054582779846
34.80146750162448,38.6453211884923
34.27128078619444,38.115134473062255
33.80736741019315,37.717494436489716
33.299271807906024,37.187307721059675
33.21090735533435,36.72339434505839
32.68072063990431,36.126934290199586
32.01798724561675,35.6630209141983
31.48780053018671,35.6630209141983
32.15053392447426,36.2594809690571
31.48780053018671,36.126934290199586
31.090160493614178,35.6630209141983
30.957613814756662,35.464200895912036
30.02978706275409,35.0665608593395
30.02978706275409,34.536374143909455
30.096060402182843,33.873640749621906
30.02978706275409,33.60854739190688
30.162333741611597,33.21090735533435
30.02978706275409,32.68072063990431
30.361153759897867,32.283080603331776
29.89724038389658,31.885440566759243
30.957613814756662,31.42152719075795
31.090160493614178,31.885440566759243
30.42742709932662,31.48780053018671
29.963513723325335,30.825067135899154
30.02978706275409,30.294880420469113
30.096060402182843,30.825067135899154
29.963513723325335,30.361153759897867
29.89724038389658,30.692520457041645
30.493700438755376,30.162333741611597
31.090160493614178,29.764693705039065
29.963513723325335,29.101960310751508
29.49960034732404,28.571773595321467
29.035686971322754,28.174133558748935
30.55997377818413,27.776493522176402
30.096060402182843,28.306680237606443
31.554073869615465,29.54378257360988
32.15053392447426,28.969413631894
32.283080603331776,29.367053668466532
31.156433833042932,29.101960310751508
30.692520457041645,29.764693705039065
30.096060402182843,29.367053668466532
31.222707172471686,29.234506989609024
31.929622793045077,28.903140292465245
32.15053392447426,29.764693705039065
31.62034720904422,29.367053668466532
31.156433833042932,29.101960310751508
32.15053392447426,28.83686695303649
31.62034720904422,28.903140292465245
31.62034720904422,29.367053668466532
31.156433833042932,30.692520457041645
31.355253851329195,30.55997377818413
30.957613814756662,29.89724038389658
31.929622793045077,30.294880420469113
31.885440566759243,30.825067135899154
31.28898051190044,31.222707172471686
29.89724038389658,31.28898051190044
30.55997377818413,31.81916722733048
31.090160493614178,31.222707172471686
30.339062646754947,30.42742709932662
29.89724038389658,30.825067135899154
31.62034720904422,30.339062646754947
32.15053392447426,30.825067135899154
33.60854739190688,30.361153759897867
32.945813997619325,30.825067135899154
32.54817396104679,30.42742709932662
34.27128078619444,30.162333741611597
33.74109407076439,30.02978706275409
32.945813997619325,30.361153759897867
32.415627282189284,29.89724038389658
32.415627282189284,30.891340475327908
33.21090735533435,30.294880420469113
34.66892082276697,30.294880420469113
35.33165421705452,31.156433833042932
34.80146750162448,30.957613814756662
34.33755412562319,30.55997377818413
33.74109407076439,30.162333741611597
33.34345403419186,31.752893887901728
34.536374143909455,31.090160493614178
42.22408151764509,32.945813997619325
40.76606805021247,32.415627282189284
41.16370808678501,33.34345403419186
41.16370808678501,33.2771806947631
40.76606805021247,32.415627282189284
40.36842801363994,33.47600071304937
39.9707879770674,32.945813997619325
41.95898815993007,35.26538087762577
41.428801444500024,34.80146750162448
40.96488806849874,34.66892082276697
41.69389480221505,36.2594809690571
41.16370808678501,35.596747574769545
40.63352137135496,36.126934290199586
40.10333465592491,35.72929425362706
39.308054582779846,35.33165421705452
38.77786786734981,34.80146750162448
38.115134473062255,33.74109407076439
36.524574326772125,33.34345403419186
39.838241298209894,34.80146750162448
40.898614729069976,34.27128078619444
40.43470135306869,38.51277450963478
39.838241298209894,37.98258779420474
39.37432792220861,37.4524010787747
38.77786786734981,37.054761042202166
37.85004111534723,41.296254765642516
33.07836067647684,40.76606805021247
32.54817396104679,41.95898815993007
32.15053392447426,42.09153483878758
31.62034720904422,41.56134812335753
31.156433833042932,40.898614729069976
30.42742709932662,40.23588133478243
29.764693705039065,39.838241298209894
29.234506989609024,39.308054582779846
28.43922691646396,38.91041454620732
25.65574666045623,41.7601681416438
26.583573412458804,41.16370808678501
26.053386697028763,41.296254765642516
25.390653302741207,40.50097469249745
24.860466587311166,39.838241298209894
25.258106623883698,39.308054582779846
26.583573412458804,38.51277450963478
26.053386697028763,37.98258779420474
27.180033467317607,37.4524010787747
27.710220182747648,36.92221436334465
27.776493522176402,38.51277450963478
27.04748678846009,37.98258779420474
27.643946843318894,40.36842801363994
28.43922691646396,39.705694619352386
30.162333741611597,40.898614729069976
27.776493522176402,40.50097469249745
29.433327007895286,39.57314794049488
30.02978706275409,39.04296122506483
30.55997377818413,38.51277450963478
31.090160493614178,37.85004111534723
30.42742709932662,37.31985439991719
29.963513723325335,36.657121005629634
30.02978706275409,36.2594809690571
31.48780053018671,35.0665608593395
30.825067135899154,34.536374143909455
32.15053392447426,33.34345403419186
31.62034720904422,32.945813997619325
31.222707172471686,32.415627282189284
32.54817396104679,31.885440566759243
31.885440566759243,31.42152719075795
31.48780053018671,30.55997377818413
32.48190062161804,30.02978706275409
33.07836067647684,29.632147026181556
33.34345403419186,28.969413631894
33.21090735533435,28.43922691646396
32.68072063990431,27.37885348560387
32.283080603331776,26.981213449031337
31.62034720904422,26.053386697028763
32.15053392447426,26.451026733601296
33.21090735533435,25.854566678742493
32.68072063990431,26.31848005474378
33.47600071304937,26.053386697028763
34.40382746505195,25.65574666045623
34.40382746505195,25.258106623883698
33.34345403419186,24.794193247882404
32.945813997619325,24.59537322959614
32.415627282189284,25.125559945026183
31.885440566759243,25.78829333931374
31.222707172471686,26.583573412458804
30.957613814756662,26.185933375886272
30.55997377818413,27.113760127888845
30.02978706275409,27.643946843318894
32.945813997619325,27.24630680674636
32.283080603331776,26.716120091316313
31.090160493614178,26.716120091316313
30.55997377818413,26.716120091316313
31.752893887901728,26.716120091316313
32.945813997619325,27.113760127888845
32.48190062161804,28.969413631894
31.222707172471686,28.43922691646396
31.62034720904422,27.90904020103391
33.21090735533435,27.511400164461378
32.68072063990431,29.764693705039065
33.21090735533435,29.367053668466532
32.54817396104679,28.306680237606443
31.885440566759243,28.041586879891426
31.48780053018671,28.571773595321467
32.283080603331776,28.041586879891426
31.62034720904422,28.43922691646396
31.28898051190044,28.83686695303649
31.885440566759243,29.234506989609024
31.42152719075795,29.764693705039065
31.885440566759243,29.367053668466532
31.355253851329195,28.969413631894
30.957613814756662,28.903140292465245
30.55997377818413,29.764693705039065
29.89724038389658,29.234506989609024
31.929622793045077,30.891340475327908
31.355253851329195,30.294880420469113
32.68072063990431,31.222707172471686
33.21090735533435,32.415627282189284
32.216807263903014,32.01798724561675
32.68072063990431,33.07836067647684
31.62034720904422,32.54817396104679
31.222707172471686,32.01798724561675
30.825067135899154,31.48780053018671
30.162333741611597,31.355253851329195
29.89724038389658,32.01798724561675
29.89724038389658,32.283080603331776
29.632147026181556,32.81326731876182
29.101960310751508,32.945813997619325
28.969413631894,32.15053392447426
29.013595858179833,31.752893887901728
29.764693705039065,31.222707172471686
29.764693705039065,31.48780053018671
29.234506989609024,31.885440566759243
28.571773595321467,32.34935394276053
27.90904020103391,33.47600071304937
27.37885348560387,32.945813997619325
26.84866677017383,32.54817396104679
26.31848005474378,34.27128078619444
25.854566678742493,33.74109407076439
25.258106623883698,33.34345403419186
24.59537322959614,32.945813997619325
24.330279871881118,32.415627282189284
23.800093156451076,31.885440566759243
23.203633101592274,31.355253851329195
22.60717304673348,31.752893887901728
22.2758063495897,32.283080603331776
22.342079689018455,31.885440566759243
21.811892973588414,31.355253851329195
21.281706258158366,30.891340475327908
20.751519542728325,30.294880420469113
20.221332827298284,30.096060402182843
19.558599433010727,30.55997377818413
19.293506075295703,31.62034720904422
18.763319359865662,31.090160493614178
18.100585965578105,32.283080603331776
17.570399250148064,32.283080603331776
17.30530589243304,32.216807263903014
17.835492607863088,31.62034720904422
16.775119177003,30.55997377818413
16.907665855860508,30.02978706275409
14.65437231528282,29.49960034732404
14.190458939281534,29.101960310751508
13.461452205565223,30.42742709932662
12.864992150706428,30.692520457041645
12.401078774705141,30.02978706275409
12.268532095847625,29.565873686752802
11.937165398703847,29.035686971322754
11.340705343845052,28.770593613607737
11.208158664987543,28.306680237606443
10.677971949557495,27.90904020103391
10.214058573556208,27.24630680674636
10.94306530727252,26.981213449031337
10.412878591842478,26.451026733601296
,26.185933375886272
,25.78829333931374
,27.643946843318894
,27.180033467317607
,26.583573412458804
,27.113760127888845
,26.64984675188756
,26.31848005474378
,25.854566678742493
,25.390653302741207
,24.993013266168674
,24.529099890167387
,23.932639835308585
,23.402453119878544
,22.872266404448496
,22.342079689018455
,21.811892973588414
,21.347979597587127
,21.149159579300857
,20.751519542728325
,20.287606166727038
,19.82369279072575
,19.42605275415322
,19.028412717580686
,18.630772681008153
,18.100585965578105
,17.570399250148064
,16.775119177003
,16.907665855860508
,17.570399250148064
,17.040212534718023
,16.377479140430466
,15.71474574614291
,14.389278957567804
,13.726545563280247
,13.196358847850206
,12.798718811277674
,12.401078774705141
,12.003438738132608
,11.539525362131315
,11.340705343845052
,10.81051862841501
,10.214058573556208
,10.015238555269946
,9.418778500411143
,9.617598518697413
