Y(hoy),Y(ayer)
5.773744831829596,11.340705343845052
5.773744831829596,10.94306530727252
5.773744831829596,10.479151931271232
5.707471492400835,10.677971949557495
5.6411981529720805,10.280331912984963
5.1110114375420395,11.274432004416298
4.647098061540753,11.340705343845052
4.580824722111998,11.340705343845052
3.918091327824442,11.340705343845052
3.5204512912519093,11.340705343845052
3.5204512912519093,10.81051862841501
3.5204512912519093,10.214058573556208
2.8577178969643597,10.015238555269946
2.3938045209630587,9.418778500411143
2.46007786039182,8.954865124409856
2.46007786039182,9.418778500411143
2.0182555975334537,9.88269187641243
1.5322511083892465,9.352505160982389
1.2671577506742295,8.888591784981102
1.2671577506742295,8.358405069551054
1.2671577506742295,8.027038372407276
1.2671577506742295,8.557225087837324
1.2671577506742295,8.954865124409856
1.2671577506742295,9.02113846383861
1.1346110718167068,9.750145197554922
0.67069769581542,9.219958482124873
0.2730576592428946,10.015238555269946
0.20678431981413326,9.617598518697413
0.20678431981413326,9.15368514269612
0.20678431981413326,8.888591784981102
0.20678431981413326,8.358405069551054
0.07423764095662477,7.828218354121013
-0.25712905618715354,7.099211620404702
-0.7210424321884403,6.502751565545907
-0.7210424321884403,5.906291510687105
-0.1466734904725655,5.773744831829596
0.20678431981413326,5.508651474114572
0.20678431981413326,4.91219141925577
0.07423764095662477,5.420287021542897
-0.45594907447342337,4.978464758684531
-0.8535891110459488,5.1110114375420395
-0.8535891110459488,4.713371400969507
-0.8535891110459488,4.713371400969507
-0.8535891110459488,4.580824722111998
-0.8535891110459488,4.05063800668195
-0.8535891110459488,3.5867246306806635
-0.8535891110459488,3.5204512912519093
-0.8535891110459488,3.255357933536885
-0.8535891110459488,2.7914445575355984
-0.8535891110459488,3.1228112546793767
-0.8535891110459488,2.5926245392493286
-0.7873157716172017,2.8577178969643597
0.07423764095662477,2.5926245392493286
-0.389675735044662,3.3879046123944008
-0.1908557167583922,3.5204512912519093
-0.7210424321884403,3.5204512912519093
-0.7210424321884403,3.255357933536885
-0.05830903790088371,2.5926245392493286
0.20678431981413326,2.3275311815343116
0.20678431981413326,2.3275311815343116
0.20678431981413326,2.3275311815343116
0.20678431981413326,2.3938045209630587
0.20678431981413326,2.3275311815343116
0.20678431981413326,2.3275311815343116
0.20678431981413326,2.2612578421055503
0.20678431981413326,1.7310711266755163
0.38351322495748263,1.3334310901029767
0.9357910535304512,2.0624378238192946
1.2671577506742295,1.664797787246755
1.664797787246755,1.2671577506742295
2.3938045209630587,1.2671577506742295
2.990264575821868,1.2671577506742295
3.5204512912519093,1.2671577506742295
3.7855446489669333,1.2671577506742295
3.3879046123944008,1.2671577506742295
4.359913590682808,1.2671577506742295
4.580824722111998,1.2671577506742295
4.580824722111998,1.2671577506742295
5.1110114375420395,2.0624378238192946
4.647098061540753,1.664797787246755
6.171384868402129,2.2612578421055503
5.6411981529720805,1.7973444661042635
6.7457538101180035,2.3275311815343116
7.298031638690972,1.929891144961772
6.834118262689678,1.4659777689604852
7.894491693549767,1.2671577506742295
8.601407314123158,1.5322511083892465
9.396687387268223,2.2612578421055503
10.722154175843329,2.3275311815343116
10.147785234127454,2.3275311815343116
12.003438738132608,2.3275311815343116
11.539525362131315,2.3938045209630587
13.107994395278524,3.3216312729656394
12.53362545356265,2.8577178969643597
13.991638920995271,3.5867246306806635
14.698554541568662,4.183184685539466
16.510025819287975,4.315731364396974
15.979839103857934,3.8518179883956876
15.449652388427886,3.3879046123944008
17.835492607863088,2.5926245392493286
17.30530589243304,2.8577178969643597
16.863483629574674,3.3879046123944008
17.570399250148064,3.918091327824442
18.674954907293987,4.713371400969507
18.100585965578105,4.713371400969507
17.040212534718023,4.91219141925577
19.42605275415322,5.3761047952570635
19.95623946958326,5.773744831829596
20.4864261850133,5.773744831829596
20.088786148440768,5.707471492400835
22.60717304673348,4.978464758684531
22.07698633130343,4.713371400969507
21.54679961587339,5.3761047952570635
21.01661290044335,5.773744831829596
24.72791990845365,6.569024904974661
24.19773319302361,6.038838189544613
23.667546477593568,6.834118262689678
23.13735976216352,7.298031638690972
27.37885348560387,7.761945014692259
26.716120091316313,7.364304978119726
26.31848005474378,7.032938280975948
25.78829333931374,7.563124996405989
25.258106623883698,8.027038372407276
29.234506989609024,8.557225087837324
28.704320274178976,9.02113846383861
28.174133558748935,9.352505160982389
31.090160493614178,10.015238555269946
30.626247117612884,10.147785234127454
30.02978706275409,10.147785234127454
31.752893887901728,9.88269187641243
32.945813997619325,9.219958482124873
32.34935394276053,9.219958482124873
35.33165421705452,9.948965215841184
34.80146750162448,10.147785234127454
34.27128078619444,10.412878591842478
33.74109407076439,11.009338646701273
36.92221436334465,11.539525362131315
36.39202764791461,12.003438738132608
35.86184093248457,12.401078774705141
37.51867441820345,12.003438738132608
38.55695673592062,11.539525362131315
37.98258779420474,11.340705343845052
39.838241298209894,12.003438738132608
39.308054582779846,11.605798701560076
42.48917487536011,12.401078774705141
41.82644148107256,12.798718811277674
41.428801444500024,13.660272223851493
40.898614729069976,13.196358847850206
40.36842801363994,14.256732278710288
44.34482837936527,14.455552296996558
43.81464166393522,13.925365581566517
43.35072828793393,13.461452205565223
43.41700162736269,14.256732278710288
43.15190826964766,13.726545563280247
43.59373053250604,14.521825636425312
43.15190826964766,14.985739012426599
44.34482837936527,15.449652388427886
43.81464166393522,16.377479140430466
43.28445494850518,15.847292425000418
42.75426823307514,16.510025819287975
42.157808178216335,16.046112443286688
43.15190826964766,16.510025819287975
42.62172155421762,16.112385782715442
42.3566281965026,16.244932461572958
41.82644148107256,15.781019085571664
41.56134812335753,15.847292425000418
41.16370808678501,17.17275921357553
40.96488806849874,16.510025819287975
40.76606805021247,17.901765947291842
40.23588133478243,18.697046020436908
41.69389480221505,18.100585965578105
41.16370808678501,19.73532833815407
40.63352137135496,19.160959396438194
40.10333465592491,19.42605275415322
42.48917487536011,19.028412717580686
43.15190826964766,20.287606166727038
43.81464166393522,19.82369279072575
44.34482837936527,20.751519542728325
43.81464166393522,21.149159579300857
43.41700162736269,21.54679961587339
44.079735021650244,22.07698633130343
44.654103963366126,21.613072955302144
45.40520181022535,21.149159579300857
44.87501509479531,21.944439652445922
44.21228170050775,21.281706258158366
43.68209498507771,23.13735976216352
43.15190826964766,22.60717304673348
42.48917487536011,22.143259670732192
41.95898815993007,21.54679961587339
41.428801444500024,23.203633101592274
40.96488806849874,22.60717304673348
40.43470135306869,22.07698633130343
40.037061316496164,24.0651865141661
40.69979471078371,23.534999798736052
41.296254765642516,22.739719725590987
41.95898815993007,23.13735976216352
41.428801444500024,22.739719725590987
40.96488806849874,22.651355273019313
40.23588133478243,23.13735976216352
39.9707879770674,22.673446386162233
39.57314794049488,23.269906441021035
38.91041454620732,22.739719725590987
38.6453211884923,23.402453119878544
38.247681151919764,23.203633101592274
37.78376777591848,22.695537499305154
37.58494775763221,24.19773319302361
37.054761042202166,23.667546477593568
36.2594809690571,23.13735976216352
35.72929425362706,23.932639835308585
35.13283419876826,23.534999798736052
34.536374143909455,23.13735976216352
34.27128078619444,22.673446386162233
33.60854739190688,23.00481308330601
33.07836067647684,22.474626367875963
32.54817396104679,22.739719725590987
34.050369654765255,22.474626367875963
33.47600071304937,23.13735976216352
32.945813997619325,22.739719725590987
32.415627282189284,24.0651865141661
34.27128078619444,23.534999798736052
33.74109407076439,24.59537322959614
33.07836067647684,24.661646569024896
32.54817396104679,25.258106623883698
31.885440566759243,24.72791990845365
31.355253851329195,24.264006532452363
33.47600071304937,23.667546477593568
32.81326731876182,23.13735976216352
32.415627282189284,22.60717304673348
34.27128078619444,24.993013266168674
33.74109407076439,24.529099890167387
33.21090735533435,23.932639835308585
32.68072063990431,23.402453119878544
32.15053392447426,23.00481308330601
31.62034720904422,25.523199981598715
31.156433833042932,24.72791990845365
32.15053392447426,24.19773319302361
31.62034720904422,23.534999798736052
31.222707172471686,23.468726459307298
32.74699397933306,24.0651865141661
33.34345403419186,24.19773319302361
34.006187428479414,23.800093156451076
34.27128078619444,23.402453119878544
33.74109407076439,22.739719725590987
33.07836067647684,22.07698633130343
32.54817396104679,21.41425293701588
32.45980950847512,20.618972863870816
33.21090735533435,20.022512809012014
32.68072063990431,19.691146111868235
33.21090735533435,19.22723273586695
32.68072063990431,18.763319359865662
32.01798724561675,18.36567932329313
31.48780053018671,17.901765947291842
30.957613814756662,17.50412591071931
30.42742709932662,17.040212534718023
30.02978706275409,16.57629915871673
33.21090735533435,15.979839103857934
32.68072063990431,15.582199067285401
32.216807263903014,15.184559030712869
31.62034720904422,14.65437231528282
31.090160493614178,16.510025819287975
30.55997377818413,15.979839103857934
30.162333741611597,15.449652388427886
32.945813997619325,15.979839103857934
32.283080603331776,15.515925727856647
31.62034720904422,14.919465672997845
32.15053392447426,14.389278957567804
31.28898051190044,13.90327446842359
35.26538087762577,13.461452205565223
34.536374143909455,14.256732278710288
33.873640749621906,13.593998884422739
33.47600071304937,13.461452205565223
32.945813997619325,13.461452205565223
35.33165421705452,13.461452205565223
34.80146750162448,13.196358847850206
34.27128078619444,12.577807679848483
33.74109407076439,13.196358847850206
33.34345403419186,12.798718811277674
33.34345403419186,12.931265490135182
33.2771806947631,12.401078774705141
33.21090735533435,14.256732278710288
32.68072063990431,13.593998884422739
32.283080603331776,14.455552296996558
33.2771806947631,13.925365581566517
32.68072063990431,13.461452205565223
33.74109407076439,13.859092242137756
34.27128078619444,14.455552296996558
33.74109407076439,14.521825636425312
33.21090735533435,14.985739012426599
32.74699397933306,15.449652388427886
32.283080603331776,16.377479140430466
33.21090735533435,15.847292425000418
32.74699397933306,16.64257249814549
32.81326731876182,16.178659122144197
32.34935394276053,15.582199067285401
33.34345403419186,15.052012351855353
32.81326731876182,14.65437231528282
34.050369654765255,16.64257249814549
34.27128078619444,15.979839103857934
33.60854739190688,15.582199067285401
32.945813997619325,16.57629915871673
32.45980950847512,16.06820355642961
33.21090735533435,17.570399250148064
34.27128078619444,17.040212534718023
33.74109407076439,16.510025819287975
34.66892082276697,17.30530589243304
35.33165421705452,16.907665855860508
34.867740841053234,18.23313264443562
35.33165421705452,17.570399250148064
34.4701008044807,19.42605275415322
36.524574326772125,18.89586603872317
35.99438761134208,19.95623946958326
35.464200895912036,19.42605275415322
35.19910753819701,18.89586603872317
35.33165421705452,18.23313264443562
34.66892082276697,18.03431262614935
34.40382746505195,19.73532833815407
35.11074308562534,19.160959396438194
34.536374143909455,18.630772681008153
36.43620987420045,20.884066221585833
35.86184093248457,20.353879506155792
36.657121005629634,19.558599433010727
37.25358106048843,19.028412717580686
37.717494436489716,18.89586603872317
37.65122109706097,18.431952662721883
37.054761042202166,17.968039286720597
36.524574326772125,17.968039286720597
35.86184093248457,18.36567932329313
35.33165421705452,19.22723273586695
34.80146750162448,18.763319359865662
34.40382746505195,19.757419451296997
36.701303231915475,20.221332827298284
36.126934290199586,21.01661290044335
35.596747574769545,20.618972863870816
35.19910753819701,20.530608411299134
37.98258779420474,20.088786148440768
37.51867441820345,21.082886239872103
39.04296122506483,21.01661290044335
38.51277450963478,20.4864261850133
39.57314794049488,21.856075199874248
40.63352137135496,21.281706258158366
40.10333465592491,23.13735976216352
41.95898815993007,22.60717304673348
41.428801444500024,21.944439652445922
40.898614729069976,21.281706258158366
41.428801444500024,20.751519542728325
40.23588133478243,20.287606166727038
39.9707879770674,20.751519542728325
39.44060126163736,22.209533010160946
38.976687885636075,21.54679961587339
39.61733016678071,21.149159579300857
41.95898815993007,23.534999798736052
41.296254765642516,22.872266404448496
40.83234138964123,24.860466587311166
40.36842801363994,24.19773319302361
45.9353885256554,25.523199981598715
45.40520181022535,24.993013266168674
44.87501509479531,24.462826550738633
44.411101718794015,23.932639835308585
43.81464166393522,23.468726459307298
43.28445494850518,23.667546477593568
42.75426823307514,24.529099890167387
46.99576195651548,24.0651865141661
46.46557524108544,25.05928660559743
47.52594867194553,25.58947332102747
47.06203529594424,25.523199981598715
46.46557524108544,24.993013266168674
45.9353885256554,24.529099890167387
45.27265513136784,23.932639835308585
44.74246841593779,23.402453119878544
43.94718834279273,22.872266404448496
43.68209498507771,22.474626367875963
43.28445494850518,23.468726459307298
42.75426823307514,22.872266404448496
42.29035485707385,24.529099890167387
41.69389480221505,23.932639835308585
41.097434747356246,25.390653302741207
44.079735021650244,24.92673992673992
43.41700162736269,24.661646569024896
43.019361590790155,25.324379963312452
42.48917487536011,24.72791990845365
46.46557524108544,26.31848005474378
45.9353885256554,25.78829333931374
45.40520181022535,26.716120091316313
44.87501509479531,26.185933375886272
45.40520181022535,25.78829333931374
44.87501509479531,27.37885348560387
44.21228170050775,26.84866677017383
43.5495483062202,26.31848005474378
44.079735021650244,26.84866677017383
43.5495483062202,26.31848005474378
43.81464166393522,25.65574666045623
43.28445494850518,24.993013266168674
42.820541572503885,24.330279871881118
42.22408151764509,23.667546477593568
41.7601681416438,24.860466587311166
41.16370808678501,24.19773319302361
42.75426823307514,25.523199981598715
42.22408151764509,24.993013266168674
41.69389480221505,24.462826550738633
45.40520181022535,23.800093156451076
44.87501509479531,23.00481308330601
44.411101718794015,22.474626367875963
43.81464166393522,23.534999798736052
43.28445494850518,22.872266404448496
48.58632210280561,24.19773319302361
48.05613538737557,23.667546477593568
47.52594867194553,23.00481308330601
46.99576195651548,22.342079689018455
46.46557524108544,22.2758063495897
45.9353885256554,22.60717304673348
47.52594867194553,23.13735976216352
46.99576195651548,22.673446386162233
46.46557524108544,22.209533010160946
45.80284184679789,21.811892973588414
45.27265513136784,21.347979597587127
44.477375058222776,21.082886239872103
43.94718834279273,20.552699524442062
43.15190826964766,20.088786148440768
42.48917487536011,19.691146111868235
41.95898815993007,19.22723273586695
41.428801444500024,19.82369279072575
40.898614729069976,19.42605275415322
40.36842801363994,18.89586603872317
39.838241298209894,18.431952662721883
39.308054582779846,18.03431262614935
38.77786786734981,19.160959396438194
38.247681151919764,18.697046020436908
37.58494775763221,19.691146111868235
37.054761042202166,18.630772681008153
36.524574326772125,18.100585965578105
35.99438761134208,17.570399250148064
35.596747574769545,16.907665855860508
37.98258779420474,16.64257249814549
37.4524010787747,16.244932461572958
36.92221436334465,15.648472406714156
36.39202764791461,15.582199067285401
35.99438761134208,15.515925727856647
39.838241298209894,15.184559030712869
39.308054582779846,14.65437231528282
38.77786786734981,13.991638920995271
40.898614729069976,13.593998884422739
40.36842801363994,14.256732278710288
39.705694619352386,13.859092242137756
39.44060126163736,13.461452205565223
39.04296122506483,13.06381216899269
38.57904784906354,12.666172132420158
37.98258779420474,13.06381216899269
37.4524010787747,12.666172132420158
36.92221436334465,12.003438738132608
36.39202764791461,11.47325202270256
35.72929425362706,10.147785234127454
35.464200895912036,9.88269187641243
35.0665608593395,9.418778500411143
34.536374143909455,
34.07246076790817,
33.47600071304937,
34.27128078619444,
33.74109407076439,
33.34345403419186,
36.126934290199586,
35.6630209141983,
35.0665608593395,
36.657121005629634,
36.657121005629634,
36.126934290199586,
35.596747574769545,
35.0665608593395,
34.4701008044807,
36.39202764791461,
35.72929425362706,
35.26538087762577,
36.39202764791461,
35.86184093248457,
34.80146750162448,
34.27128078619444,
33.80736741019315,
33.40972737362062,
34.536374143909455,
34.07246076790817,
33.47600071304937,
35.596747574769545,
35.0665608593395,
36.2594809690571,
36.92221436334465,
37.4524010787747,
36.8559410239159,
37.4524010787747,
36.39202764791461,
35.86184093248457,
35.420018669626195,
35.33165421705452,
34.66892082276697,
37.98258779420474,
37.4524010787747,
36.92221436334465,
36.39202764791461,
35.86184093248457,
35.33165421705452,
34.80146750162448,
39.08714345135067,
38.51277450963478,
39.838241298209894,
39.308054582779846,
38.77786786734981,
38.247681151919764,
37.717494436489716,
37.054761042202166,
36.657121005629634,
38.77786786734981,
38.247681151919764,
37.85004111534723,
38.247681151919764,
37.78376777591848,
38.77786786734981,
39.838241298209894,
39.308054582779846,
40.898614729069976,
40.36842801363994,
40.36842801363994,
39.838241298209894,
39.17550790392234,
38.38022783077727,
38.115134473062255,
37.717494436489716,
37.187307721059675,
36.72339434505839,
38.77786786734981,
38.247681151919764,
37.717494436489716,
37.31985439991719,
39.44060126163736,
40.10333465592491,
40.69979471078371,
41.73807702850088,
41.16370808678501,
43.019361590790155,
42.3566281965026,
42.48917487536011,
41.95898815993007,
41.296254765642516,
41.03116140792749,
40.63352137135496,
40.037061316496164,
42.22408151764509,
41.7601681416438,
41.16370808678501,
40.63352137135496,
43.15190826964766,
42.62172155421762,
42.22408151764509,
41.7601681416438,
41.16370808678501,
42.22408151764509,
41.69389480221505,
43.15190826964766,
42.62172155421762,
41.95898815993007,
41.428801444500024,
40.898614729069976,
40.36842801363994,
39.9707879770674,
40.898614729069976,
40.36842801363994,
41.03116140792749,
41.03116140792749,
40.96488806849874,
40.898614729069976,
40.23588133478243,
39.9707879770674,
39.57314794049488,
39.04296122506483,
39.838241298209894,
39.44060126163736,
39.90451463763865,
39.308054582779846,
38.77786786734981,
38.115134473062255,
37.85004111534723,
39.838241298209894,
39.308054582779846,
38.77786786734981,
38.247681151919764,
37.717494436489716,
37.187307721059675,
36.657121005629634,
36.19320762962835,
35.464200895912036,
34.93401418048199,
34.4701008044807,
35.596747574769545,
35.19910753819701,
36.43620987420045,
35.86184093248457,
35.464200895912036,
37.717494436489716,
37.187307721059675,
36.72339434505839,
37.187307721059675,
38.247681151919764,
37.717494436489716,
37.31985439991719,
39.838241298209894,
39.308054582779846,
38.77786786734981,
38.247681151919764,
37.717494436489716,
37.25358106048843,
36.657121005629634,
36.126934290199586,
35.596747574769545,
35.0665608593395,
34.536374143909455,
34.006187428479414,
33.52018293933521,
34.80146750162448,
34.27128078619444,
35.33165421705452,
34.66892082276697,
34.006187428479414,
33.34345403419186,
32.74699397933306,
32.15053392447426,
31.686620548472973,
31.090160493614178,
30.42742709932662,
29.89724038389658,
29.234506989609024,
28.704320274178976,
28.174133558748935,
29.234506989609024,
28.63804693475022,
27.776493522176402,
31.090160493614178,
30.55997377818413,
30.02978706275409,
29.565873686752802,
30.02978706275409,
28.969413631894,
28.969413631894,
28.83686695303649,
28.571773595321467,
28.041586879891426,
27.776493522176402,
27.37885348560387,
26.84866677017383,
26.185933375886272,
25.65574666045623,
25.390653302741207,
24.993013266168674,
24.462826550738633,
23.932639835308585,
23.402453119878544,
23.534999798736052,
24.19773319302361,
23.402453119878544,
22.60717304673348,
21.944439652445922,
21.41425293701588,
21.149159579300857,
20.751519542728325,
20.4864261850133,
18.630772681008153,
17.968039286720597,
17.835492607863088,
18.630772681008153,
18.03431262614935,
18.89586603872317,
18.36567932329313,
17.835492607863088,
17.30530589243304,
16.775119177003,
16.311205801001712,
15.71474574614291,
15.71474574614291,
15.184559030712869,
14.65437231528282,
14.12418559985278,
13.726545563280247,
13.328905526707715,
12.135985416990117,
11.738345380417584,
11.208158664987543,
10.677971949557495,
9.617598518697413,
9.087411803267365,
