Y(hoy),Y(ayer)
,17.968039286720597
,17.968039286720597
,17.702945929005573
,17.040212534718023
,16.57629915871673
,15.979839103857934
,15.449652388427886
,14.786918994140336
,14.521825636425312
,14.521825636425312
,14.521825636425312
,14.455552296996558
,14.12418559985278
,13.593998884422739
,13.06381216899269
,12.53362545356265
,12.003438738132608
,11.539525362131315
,12.33480543527638
,12.003438738132608
,11.340705343845052
,10.677971949557495
,10.280331912984963
,10.94306530727252
,10.545425270699987
,10.147785234127454
,9.683871858126167
,9.15368514269612
,9.15368514269612
,9.750145197554922
,9.617598518697413
,9.087411803267365
,8.424678408979808
,7.894491693549767
,8.358405069551054
,7.894491693549767
,8.822318445552341
,8.2921317301223
,7.894491693549767
,10.677971949557495
,10.015238555269946
,9.485051839839898
,8.954865124409856
,7.496851656977235
,6.966664941547194
,22.07698633130343
,21.41425293701588
,20.884066221585833
,20.353879506155792
,19.82369279072575
,19.293506075295703
,18.763319359865662
,18.36567932329313
,17.835492607863088
,17.371579231861794
,16.775119177003
,16.244932461572958
,15.71474574614291
,15.184559030712869
,14.65437231528282
,14.12418559985278
,13.593998884422739
,13.06381216899269
,12.53362545356265
,12.003438738132608
,11.47325202270256
,8.424678408979808
,7.894491693549767
,26.583573412458804
,26.053386697028763
,25.523199981598715
,24.993013266168674
,24.462826550738633
,23.932639835308585
,23.402453119878544
,22.739719725590987
,22.07698633130343
,21.54679961587339
,21.01661290044335
,20.4864261850133
,19.95623946958326
,19.42605275415322
,18.89586603872317
,18.36567932329313
,17.835492607863088
,17.30530589243304
,16.775119177003
,16.244932461572958
,15.71474574614291
,15.184559030712869
,14.65437231528282
,14.12418559985278
,13.593998884422739
,13.06381216899269
,12.53362545356265
,12.003438738132608
,11.47325202270256
,10.94306530727252
,10.412878591842478
,9.88269187641243
,9.352505160982389
,8.822318445552341
,8.2921317301223
,7.761945014692259
,7.231758299262211
,6.70157158383217
,6.171384868402129
,5.6411981529720805
,5.1110114375420395
,4.580824722111998
,4.05063800668195
,3.5204512912519093
,2.990264575821868
,2.46007786039182
,1.929891144961772
,1.399704429531738
,0.8695177141016899
,0.33933099867164174
,-0.1908557167583922
,-0.7210424321884403
,-1.2512291476184885
,-1.7814158630485224
,-2.444149257336079
,-2.908062633337366
,-1.2512291476184885
,-1.913962541906045
,-2.377875917907332
,4.845918079827015
,4.183184685539466
,3.6529979701094177
,3.189084594108131
,2.725171218106837
,2.194984502676803
,1.664797787246755
,1.1346110718167068
,0.6044243563866729
,0.07423764095662477
,-0.45594907447342337
,7.761945014692259
,7.231758299262211
,6.70157158383217
,6.171384868402129
,5.6411981529720805
,5.1110114375420395
,4.580824722111998
,4.05063800668195
,3.5204512912519093
,2.990264575821868
,2.46007786039182
,1.929891144961772
,1.399704429531738
,0.8695177141016899
,0.33933099867164174
,-0.1908557167583922
,-0.7210424321884403
,-1.2512291476184885
,-1.7814158630485224
,-2.908062633337366
,-2.3116025784785705
,6.436478226117146
,5.773744831829596
,5.243558116399548
,4.713371400969507
,4.183184685539466
,3.6529979701094177
,3.1228112546793767
,2.5926245392493286
,2.0624378238192946
,1.5322511083892465
,1.0683377323879597
,0.6044243563866729
,1.929891144961772
,1.2671577506742295
,0.7369710352441814
,0.20678431981413326
,-0.3234023956159007
,-0.8535891110459488
,-1.383775826475997
,-1.913962541906045
,-2.444149257336079
,-2.908062633337366
,3.255357933536885
,2.5926245392493286
,5.6411981529720805
,5.1110114375420395
,4.580824722111998
,4.05063800668195
,1.9961644843905333
,3.5204512912519093
,2.990264575821868
,2.46007786039182
,1.399704429531738
,0.7369710352441814
,0.20678431981413326
,-0.3234023956159007
,-0.8535891110459488
,-1.383775826475997
,-1.913962541906045
,-2.5766959361935875
,-2.974335972766127
,5.3761047952570635
,4.845918079827015
,4.315731364396974
,3.7855446489669333
,3.255357933536885
,2.725171218106837
,2.194984502676803
,1.664797787246755
,1.1346110718167068
,0.67069769581542
,0.07423764095662477
,-0.3234023956159007
,1.399704429531738
,0.7369710352441814
,0.20678431981413326
,-0.3234023956159007
,-0.8535891110459488
,-1.383775826475997
,-1.913962541906045
,-2.444149257336079
,-2.908062633337366
,2.194984502676803
,4.647098061540753
,4.05063800668195
,3.5204512912519093
,2.990264575821868
,1.5322511083892465
,4.713371400969507
,4.713371400969507
,5.1110114375420395
,4.713371400969507
,5.707471492400835
,5.6411981529720805
,5.1110114375420395
,4.713371400969507
,5.177284776970794
,4.713371400969507
,5.707471492400835
,5.773744831829596
,5.243558116399548
,4.713371400969507
,4.713371400969507
,4.91219141925577
,5.420287021542897
,5.1110114375420395
,4.713371400969507
,4.713371400969507
,4.713371400969507
,4.713371400969507
,4.647098061540753
,4.315731364396974
,3.8518179883956876
,4.448278043254483
,3.918091327824442
,4.713371400969507
,4.713371400969507
,4.713371400969507
,4.647098061540753
,4.315731364396974
,3.829726875252767
,4.315731364396974
,4.713371400969507
,4.713371400969507
,4.713371400969507
,4.845918079827015
,5.420287021542897
,5.1110114375420395
,4.713371400969507
,4.647098061540753
,4.05063800668195
,3.5204512912519093
,2.990264575821868
,2.3275311815343116
,2.0624378238192946
,1.664797787246755
,1.2671577506742295
,1.2671577506742295
,1.3334310901029767
,1.9961644843905333
,1.5322511083892465
,2.46007786039182
,3.3216312729656394
,2.8577178969643597
,3.5204512912519093
,3.5204512912519093
,3.5204512912519093
,3.5204512912519093
,3.5204512912519093
,3.5867246306806635
,4.315731364396974
,3.918091327824442
,4.05063800668195
,3.5867246306806635
,3.5204512912519093
,3.5204512912519093
,3.8518179883956876
,4.448278043254483
,4.713371400969507
,5.177284776970794
,5.508651474114572
,4.845918079827015
,4.713371400969507
,4.713371400969507
,4.845918079827015
,5.508651474114572
,5.84001817125835
,6.436478226117146
,6.834118262689678
,6.834118262689678
,6.834118262689678
,7.364304978119726
,7.894491693549767
,7.894491693549767
,7.894491693549767
,7.894491693549767
,8.2921317301223
,8.888591784981102
,8.954865124409856
,9.948965215841184
,9.352505160982389
,11.075611986130028
,10.412878591842478
,11.804618719846339
,12.268532095847625
,12.798718811277674
,13.395178866136469
,13.328905526707715
,12.798718811277674
,12.401078774705141
,13.395178866136469
,14.389278957567804
,13.925365581566517
,13.527725544993984
,13.593998884422739
,14.389278957567804
,13.991638920995271
,13.90327446842359
,13.461452205565223
,14.786918994140336
,15.515925727856647
,15.979839103857934
,16.57629915871673
,17.040212534718023
,17.702945929005573
,18.23313264443562
,19.558599433010727
,18.89586603872317
,20.287606166727038
,20.884066221585833
,20.4864261850133
,20.088786148440768
,19.558599433010727
,19.160959396438194
,20.884066221585833
,20.221332827298284
,19.691146111868235
,21.149159579300857
,21.54679961587339
,22.739719725590987
,22.07698633130343
,24.529099890167387
,23.932639835308585
,23.402453119878544
,25.390653302741207
,24.92673992673992
,24.462826550738633
,23.99891317473734
,23.534999798736052
,24.0651865141661
,24.59537322959614
,24.59537322959614
,24.59537322959614
,24.330279871881118
,23.733819817022322
,23.402453119878544
,23.402453119878544
,23.468726459307298
,24.0651865141661
,24.462826550738633
,23.932639835308585
,23.468726459307298
,23.269906441021035
,22.673446386162233
,22.2758063495897
,23.269906441021035
,22.739719725590987
,23.402453119878544
,23.534999798736052
,23.932639835308585
,24.529099890167387
,24.59537322959614
,24.59537322959614
,25.05928660559743
,25.523199981598715
,24.993013266168674
,26.583573412458804
,26.119660036457518
,25.523199981598715
,25.722019999884985
,25.854566678742493
,26.384753394172535
,26.84866677017383
,27.643946843318894
,27.24630680674636
,27.113760127888845
,26.716120091316313
,26.31848005474378
,25.854566678742493
,26.451026733601296
,25.920840018171248
,26.716120091316313
,26.31848005474378
,25.65574666045623
,24.993013266168674
,24.59537322959614
,25.523199981598715
,25.05928660559743
,24.462826550738633
,23.800093156451076
,23.00481308330601
,22.40835302844721
,22.143259670732192
,21.54679961587339
,20.884066221585833
,20.15505948786953
,19.95623946958326
,19.293506075295703
,18.630772681008153
,18.16685930500686
,17.702945929005573
,17.106485874146777
,16.907665855860508
,17.570399250148064
,17.106485874146777
,16.775119177003
,16.244932461572958
,15.781019085571664
,15.582199067285401
,15.582199067285401
,15.582199067285401
,15.582199067285401
,15.582199067285401
,15.582199067285401
,16.046112443286688
,16.64257249814549
,16.775119177003
,16.775119177003
,17.63667258957682
,17.040212534718023
,18.630772681008153
,18.100585965578105
,17.835492607863088
,17.17275921357553
,16.907665855860508
,18.962139378151925
,18.36567932329313
,19.028412717580686
,19.028412717580686
,19.028412717580686
,19.82369279072575
,19.293506075295703
,19.42605275415322
,19.028412717580686
,19.82369279072575
,19.558599433010727
,19.42605275415322
,19.028412717580686
,20.618972863870816
,19.95623946958326
,21.281706258158366
,22.07698633130343
,21.679346294730898
,21.54679961587339
,21.082886239872103
,20.618972863870816
,20.287606166727038
,20.79570176901416
,20.4864261850133
,19.95623946958326
,19.42605275415322
,19.028412717580686
,19.95623946958326
,19.558599433010727
,19.09468605700944
,19.028412717580686
,19.028412717580686
,19.492326093581973
,19.028412717580686
,19.95623946958326
,20.884066221585833
,20.353879506155792
,21.679346294730898
,23.00481308330601
,22.342079689018455
,24.264006532452363
,23.667546477593568
,25.390653302741207
,24.72791990845365
,25.65574666045623
,26.053386697028763
,26.914940109602583
,26.451026733601296
,27.511400164461378
,27.113760127888845
,26.716120091316313
,27.710220182747648
,27.24630680674636
,27.776493522176402
,27.37885348560387
,26.914940109602583
,28.704320274178976
,28.24040689817769
,27.643946843318894
,28.174133558748935
,27.710220182747648
,27.180033467317607
,26.716120091316313
,28.306680237606443
,27.643946843318894
,27.24630680674636
,28.969413631894
,29.764693705039065
,29.367053668466532
,29.278689215894858
,29.89724038389658
,29.632147026181556
,29.16823365018027
,29.764693705039065
,29.367053668466532
,29.234506989609024
,28.83686695303649
,28.43922691646396
,27.842766861605156
,27.776493522176402
,27.710220182747648
,27.37885348560387
,26.84866677017383
,26.185933375886272
,25.390653302741207
,24.72791990845365
,24.330279871881118
,23.667546477593568
,23.13735976216352
,22.673446386162233
,21.944439652445922
,21.480526276444635
,21.149159579300857
,22.07698633130343
,21.613072955302144
,21.01661290044335
,20.552699524442062
,19.95623946958326
,19.42605275415322
,18.962139378151925
,18.630772681008153
,18.16685930500686
,17.63667258957682
,17.106485874146777
,17.570399250148064
,17.17275921357553
,17.040212534718023
,16.57629915871673
,15.979839103857934
,15.317105709570377
,14.588098975854066
,14.256732278710288
,13.593998884422739
,13.461452205565223
,13.06381216899269
,12.467352114133895
,12.401078774705141
,12.33480543527638
,12.003438738132608
,11.47325202270256
,11.009338646701273
,10.457060818128312
,10.81051862841501
,10.346605252413717
,11.075611986130028
,11.075611986130028
,10.412878591842478
,9.750145197554922
,9.02113846383861
,8.954865124409856
,8.954865124409856
,9.02113846383861
,9.948965215841184
,9.485051839839898
,11.009338646701273
,10.412878591842478
,12.135985416990117
,11.47325202270256
,12.931265490135182
,13.726545563280247
,15.052012351855353
,14.389278957567804
,15.71474574614291
,16.244932461572958
