Y(hoy),Y(ayer)
3.5204512912519093,3.1228112546793767
3.5204512912519093,2.5263511998205814
3.5204512912519093,2.3275311815343116
3.5204512912519093,2.194984502676803
3.5204512912519093,1.664797787246755
3.189084594108131,1.2671577506742295
2.5926245392493286,1.2671577506742295
1.9961644843905333,1.2008844112454682
1.399704429531738,0.6044243563866729
1.1346110718167068,0.20678431981413326
0.6044243563866729,0.20678431981413326
0.47187767752916443,0.20678431981413326
0.14051098038538612,0.20678431981413326
0.07423764095662477,0.20678431981413326
-0.5222224139021705,-0.1908557167583922
-0.5222224139021705,-0.7873157716172017
0.07423764095662477,-0.8535891110459488
-0.45594907447342337,-0.8535891110459488
-0.45594907447342337,-0.8535891110459488
-1.1849558081897271,-0.8535891110459488
-1.6930514104768548,-0.8535891110459488
-2.0465092207635536,-0.8535891110459488
-1.11868246876098,-1.2512291476184885
-1.648869184191014,-1.7814158630485224
-0.8535891110459488,-1.913962541906045
-0.8535891110459488,-1.913962541906045
-0.8535891110459488,-1.913962541906045
-1.450049165904744,-1.5163225053335054
-0.9861357899034573,-1.11868246876098
-1.5163225053335054,-1.5163225053335054
-1.5825958447622668,-1.913962541906045
-0.9861357899034573,-1.913962541906045
-1.5163225053335054,-1.913962541906045
-1.9802358813347922,-1.7814158630485224
-0.9861357899034573,-1.1849558081897271
-0.8535891110459488,-1.8476892024772837
-0.8535891110459488,-1.913962541906045
-0.8535891110459488,-1.913962541906045
-0.8535891110459488,-1.383775826475997
-0.5884957533309318,-1.913962541906045
-0.05830903790088371,-0.8535891110459488
0.47187767752916443,-0.8535891110459488
1.0020643929591984,-1.383775826475997
1.5322511083892465,-1.913962541906045
2.5263511998205814,-1.383775826475997
2.990264575821868,-0.8535891110459488
3.5867246306806635,-0.8535891110459488
3.5867246306806635,-0.7210424321884403
3.3879046123944008,0.07423764095662477
3.918091327824442,0.20678431981413326
4.580824722111998,0.33933099867164174
5.243558116399548,0.8695177141016899
6.569024904974661,1.5322511083892465
7.099211620404702,2.0624378238192946
7.761945014692259,3.1228112546793767
8.954865124409856,3.5204512912519093
12.268532095847625,2.8577178969643597
13.593998884422739,2.5926245392493286
13.196358847850206,3.255357933536885
16.311205801001712,2.8577178969643597
15.71474574614291,4.05063800668195
18.16685930500686,4.845918079827015
17.702945929005573,4.448278043254483
18.697046020436908,5.243558116399548
19.691146111868235,6.038838189544613
20.751519542728325,6.569024904974661
20.221332827298284,7.231758299262211
22.07698633130343,8.027038372407276
26.053386697028763,7.629398335834743
25.523199981598715,9.087411803267365
25.125559945026183,8.689771766694832
29.764693705039065,10.147785234127454
27.90904020103391,10.81051862841501
27.37885348560387,11.340705343845052
26.84866677017383,12.003438738132608
32.68072063990431,13.859092242137756
32.15053392447426,13.328905526707715
31.62034720904422,12.798718811277674
31.222707172471686,12.401078774705141
37.4524010787747,16.510025819287975
36.92221436334465,15.979839103857934
34.80146750162448,15.582199067285401
34.27128078619444,16.907665855860508
39.838241298209894,18.763319359865662
39.308054582779846,18.100585965578105
38.77786786734981,17.702945929005573
38.247681151919764,19.028412717580686
39.04296122506483,19.95623946958326
38.51277450963478,19.42605275415322
37.98258779420474,21.281706258158366
41.69389480221505,20.751519542728325
41.16370808678501,22.07698633130343
40.63352137135496,23.667546477593568
40.10333465592491,23.13735976216352
39.57314794049488,27.113760127888845
43.59373053250604,26.583573412458804
43.019361590790155,26.053386697028763
42.48917487536011,25.523199981598715
42.09153483878758,25.125559945026183
44.34482837936527,28.041586879891426
44.477375058222776,28.571773595321467
42.75426823307514,31.355253851329195
41.428801444500024,30.957613814756662
40.898614729069976,30.294880420469113
40.10333465592491,29.764693705039065
39.44060126163736,29.234506989609024
38.91041454620732,33.47600071304937
39.705694619352386,32.945813997619325
39.308054582779846,32.415627282189284
38.51277450963478,31.885440566759243
37.98258779420474,34.80146750162448
37.65122109706097,34.27128078619444
37.65122109706097,36.39202764791461
37.31985439991719,35.99438761134208
36.78966768448714,37.717494436489716
37.51867441820345,37.187307721059675
36.92221436334465,36.78966768448714
38.91041454620732,39.04296122506483
38.91041454620732,38.51277450963478
36.39202764791461,42.886814911932646
35.86184093248457,42.22408151764509
35.86184093248457,41.69389480221505
34.80146750162448,41.16370808678501
34.66892082276697,40.63352137135496
33.74109407076439,40.23588133478243
33.34345403419186,45.27265513136784
32.54817396104679,44.609921737080285
30.957613814756662,44.079735021650244
30.55997377818413,43.5495483062202
30.02978706275409,45.27265513136784
29.89724038389658,44.609921737080285
29.367053668466532,44.079735021650244
28.83686695303649,43.68209498507771
29.764693705039065,42.75426823307514
29.234506989609024,41.95898815993007
27.37885348560387,41.428801444500024
26.84866677017383,40.63352137135496
25.390653302741207,40.23588133478243
24.860466587311166,39.44060126163736
24.59537322959614,38.91041454620732
25.920840018171248,39.04296122506483
25.45692664216996,39.838241298209894
24.993013266168674,39.37432792220861
25.258106623883698,38.6453211884923
26.451026733601296,38.115134473062255
26.185933375886272,38.77786786734981
25.78829333931374,38.31395449134852
25.390653302741207,37.98258779420474
24.860466587311166,38.77786786734981
25.324379963312452,37.98258779420474
24.72791990845365,36.92221436334465
25.56738220788455,38.51277450963478
24.993013266168674,37.916314454775986
24.59537322959614,37.4524010787747
26.384753394172535,37.717494436489716
27.643946843318894,37.187307721059675
27.113760127888845,36.126934290199586
27.113760127888845,35.596747574769545
26.31848005474378,34.40382746505195
27.37885348560387,33.74109407076439
26.981213449031337,35.79556759305581
28.174133558748935,35.0665608593395
27.776493522176402,36.39202764791461
30.162333741611597,35.86184093248457
28.43922691646396,35.0665608593395
27.90904020103391,34.536374143909455
27.37885348560387,34.006187428479414
26.84866677017383,33.07836067647684
28.505500255892713,32.54817396104679
27.90904020103391,32.01798724561675
27.37885348560387,31.355253851329195
30.02978706275409,31.090160493614178
29.49960034732404,30.55997377818413
31.090160493614178,30.02978706275409
30.55997377818413,29.49960034732404
29.89724038389658,28.903140292465245
29.632147026181556,30.604156004469964
29.101960310751508,30.02978706275409
28.83686695303649,29.49960034732404
29.8088759313249,31.885440566759243
29.234506989609024,31.355253851329195
31.090160493614178,30.825067135899154
30.55997377818413,30.294880420469113
29.89724038389658,29.764693705039065
29.367053668466532,27.643946843318894
28.704320274178976,27.113760127888845
28.306680237606443,26.716120091316313
30.096060402182843,26.252206715315026
29.49960034732404,26.981213449031337
30.957613814756662,25.78829333931374
30.493700438755376,28.704320274178976
29.49960034732404,28.174133558748935
28.704320274178976,27.643946843318894
27.776493522176402,26.981213449031337
28.969413631894,26.31848005474378
28.571773595321467,25.78829333931374
30.02978706275409,25.258106623883698
29.49960034732404,24.860466587311166
31.62034720904422,26.583573412458804
31.090160493614178,26.185933375886272
30.55997377818413,25.523199981598715
32.15053392447426,24.816284361025325
31.62034720904422,26.053386697028763
31.090160493614178,25.523199981598715
30.55997377818413,27.643946843318894
30.02978706275409,27.113760127888845
29.367053668466532,26.583573412458804
29.101960310751508,26.31848005474378
28.704320274178976,25.78829333931374
28.792684726750657,27.180033467317607
28.041586879891426,27.511400164461378
28.041586879891426,26.84866677017383
30.55997377818413,26.716120091316313
30.55997377818413,26.716120091316313
30.02978706275409,25.78829333931374
31.090160493614178,25.258106623883698
30.692520457041645,24.72791990845365
31.090160493614178,26.583573412458804
32.084260585045506,26.053386697028763
32.15053392447426,25.390653302741207
31.62034720904422,27.643946843318894
31.222707172471686,26.84866677017383
31.951713906187997,26.914940109602583
31.48780053018671,28.43922691646396
32.945813997619325,27.90904020103391
32.415627282189284,27.37885348560387
33.47600071304937,29.764693705039065
33.07836067647684,29.367053668466532
32.415627282189284,28.83686695303649
39.838241298209894,28.770593613607737
39.57314794049488,28.24040689817769
39.17550790392234,27.90904020103391
39.838241298209894,28.43922691646396
39.308054582779846,28.83686695303649
38.91041454620732,28.704320274178976
38.38022783077727,28.174133558748935
35.464200895912036,27.776493522176402
38.77786786734981,27.37885348560387
38.115134473062255,26.84866677017383
37.717494436489716,28.174133558748935
37.31985439991719,29.764693705039065
36.78966768448714,29.234506989609024
37.187307721059675,28.83686695303649
36.72339434505839,29.764693705039065
36.92221436334465,29.234506989609024
36.39202764791461,28.704320274178976
35.72929425362706,27.776493522176402
35.464200895912036,28.174133558748935
35.0665608593395,28.571773595321467
34.60264748333822,28.041586879891426
35.596747574769545,28.704320274178976
36.39202764791461,29.632147026181556
34.80146750162448,29.101960310751508
38.247681151919764,29.49960034732404
37.717494436489716,28.969413631894
37.31985439991719,28.43922691646396
39.838241298209894,28.041586879891426
39.308054582779846,31.885440566759243
38.84414120677856,31.355253851329195
38.247681151919764,30.825067135899154
37.717494436489716,30.294880420469113
37.187307721059675,29.89724038389658
36.657121005629634,30.825067135899154
35.99438761134208,30.294880420469113
35.464200895912036,32.216807263903014
34.867740841053234,31.62034720904422
34.27128078619444,31.222707172471686
33.60854739190688,32.15053392447426
32.81326731876182,31.62034720904422
32.54817396104679,31.090160493614178
32.15053392447426,30.42742709932662
31.62034720904422,30.825067135899154
31.156433833042932,30.42742709932662
30.957613814756662,31.48780053018671
31.42152719075795,32.01798724561675
31.885440566759243,32.68072063990431
30.825067135899154,33.2771806947631
30.361153759897867,33.21090735533435
29.764693705039065,32.61444730047555
29.101960310751508,33.21090735533435
28.969413631894,33.74109407076439
29.035686971322754,33.34345403419186
29.632147026181556,36.657121005629634
30.55997377818413,36.126934290199586
29.963513723325335,35.596747574769545
29.49960034732404,39.308054582779846
28.83686695303649,38.6453211884923
29.764693705039065,41.95898815993007
30.02978706275409,41.428801444500024
28.969413631894,40.96488806849874
28.43922691646396,39.838241298209894
27.90904020103391,39.308054582779846
29.632147026181556,38.84414120677856
30.825067135899154,38.38022783077727
30.294880420469113,37.4524010787747
32.15053392447426,36.39202764791461
31.48780053018671,35.92811427191332
31.090160493614178,36.92221436334465
30.825067135899154,39.705694619352386
30.294880420469113,39.2417812433511
29.89724038389658,38.77786786734981
28.83686695303649,38.38022783077727
28.041586879891426,39.04296122506483
27.776493522176402,38.57904784906354
28.041586879891426,37.98258779420474
28.704320274178976,37.85004111534723
29.764693705039065,37.58494775763221
29.234506989609024,37.010578815916325
31.222707172471686,39.04296122506483
30.692520457041645,38.51277450963478
30.22860708104035,37.98258779420474
29.764693705039065,40.6777035976408
29.101960310751508,40.10333465592491
28.83686695303649,39.57314794049488
28.43922691646396,41.95898815993007
27.90904020103391,41.428801444500024
29.8088759313249,41.16370808678501
29.234506989609024,40.63352137135496
28.704320274178976,39.9707879770674
28.174133558748935,39.308054582779846
30.02978706275409,38.77786786734981
32.283080603331776,38.115134473062255
31.355253851329195,37.85004111534723
30.825067135899154,37.4524010787747
30.42742709932662,36.8559410239159
29.565873686752802,38.247681151919764
29.013595858179833,38.77786786734981
29.83096704446782,37.58494775763221
31.28898051190044,37.054761042202166
30.294880420469113,36.39202764791461
31.951713906187997,35.86184093248457
32.945813997619325,35.33165421705452
32.415627282189284,34.80146750162448
34.33755412562319,34.27128078619444
33.74109407076439,33.80736741019315
33.01208733704808,33.21090735533435
32.54817396104679,32.54817396104679
33.60854739190688,31.885440566759243
34.27128078619444,31.48780053018671
33.674820731335636,32.15053392447426
32.45980950847512,32.15053392447426
33.78527629705023,31.686620548472973
33.21090735533435,31.090160493614178
35.0665608593395,30.42742709932662
34.536374143909455,30.096060402182843
33.74109407076439,30.692520457041645
33.21090735533435,30.825067135899154
32.68072063990431,30.294880420469113
32.283080603331776,30.692520457041645
33.07836067647684,31.951713906187997
35.86184093248457,31.355253851329195
36.43620987420045,32.945813997619325
36.78966768448714,32.283080603331776
34.60264748333822,31.62034720904422
34.006187428479414,31.090160493614178
35.0665608593395,30.42742709932662
35.64092980105538,29.89724038389658
36.524574326772125,29.433327007895286
35.99438761134208,29.101960310751508
35.72929425362706,30.692520457041645
35.33165421705452,30.42742709932662
32.01798724561675,30.02978706275409
31.752893887901728,29.49960034732404
31.222707172471686,29.101960310751508
30.957613814756662,29.632147026181556
31.62034720904422,31.62034720904422
31.222707172471686,31.090160493614178
32.15053392447426,30.55997377818413
32.15053392447426,33.07836067647684
31.48780053018671,32.68072063990431
31.023887154185417,32.283080603331776
31.090160493614178,32.415627282189284
30.626247117612884,31.951713906187997
30.02978706275409,31.48780053018671
28.969413631894,31.090160493614178
28.43922691646396,30.55997377818413
28.041586879891426,29.89724038389658
27.37885348560387,29.101960310751508
26.782393430745074,29.367053668466532
28.704320274178976,28.83686695303649
28.174133558748935,30.626247117612884
27.90904020103391,30.02978706275409
27.37885348560387,31.62034720904422
26.84866677017383,31.090160493614178
26.451026733601296,32.945813997619325
25.78829333931374,32.415627282189284
25.125559945026183,31.62034720904422
24.462826550738633,31.090160493614178
24.39655321130987,30.55997377818413
24.993013266168674,30.073969289039923
24.59537322959614,31.62034720904422
26.583573412458804,31.090160493614178
26.053386697028763,30.692520457041645
25.65574666045623,32.15053392447426
25.258106623883698,30.02978706275409
23.932639835308585,29.49960034732404
23.13735976216352,28.83686695303649
22.673446386162233,28.306680237606443
21.944439652445922,27.90904020103391
21.281706258158366,30.55997377818413
18.630772681008153,30.02978706275409
18.89586603872317,29.632147026181556
18.299405983864375,31.48780053018671
16.64257249814549,32.01798724561675
15.317105709570377,31.355253851329195
14.786918994140336,30.825067135899154
14.521825636425312,30.294880420469113
15.052012351855353,30.22860708104035
14.786918994140336,30.957613814756662
14.389278957567804,30.55997377818413
13.461452205565223,31.090160493614178
13.859092242137756,30.162333741611597
14.720645654711582,32.68072063990431
14.256732278710288,32.15053392447426
13.991638920995271,31.62034720904422
13.328905526707715,34.27128078619444
12.864992150706428,33.74109407076439
12.268532095847625,32.945813997619325
10.015238555269946,32.54817396104679
9.617598518697413,31.686620548472973
9.15368514269612,31.222707172471686
10.015238555269946,32.15053392447426
9.617598518697413,32.945813997619325
9.219958482124873,32.48190062161804
8.2921317301223,34.006187428479414
7.894491693549767,33.47600071304937
7.496851656977235,35.33165421705452
6.966664941547194,34.80146750162448
7.563124996405989,36.39202764791461
7.099211620404702,35.86184093248457
8.159585051264791,35.33165421705452
8.822318445552341,34.536374143909455
,34.006187428479414
,33.60854739190688
,32.945813997619325
,32.415627282189284
,32.945813997619325
,33.34345403419186
,34.27128078619444
,33.873640749621906
,35.39792755648328
,35.72929425362706
,36.126934290199586
,34.536374143909455
,33.93991408905066
,33.60854739190688
,35.33165421705452
,36.39202764791461
,35.92811427191332
,35.596747574769545
,35.0665608593395
,34.536374143909455
,33.873640749621906
,33.34345403419186
,32.81326731876182
,32.415627282189284
,35.26538087762577
,34.80146750162448
,34.27128078619444
,33.74109407076439
,34.66892082276697
,33.47600071304937
,32.34935394276053
,32.415627282189284
,32.945813997619325
,33.34345403419186
,34.13873410733692
,33.60854739190688
,34.33755412562319
,33.60854739190688
,32.945813997619325
,32.283080603331776
,31.62034720904422
,31.090160493614178
,30.55997377818413
,30.02978706275409
,29.367053668466532
,28.83686695303649
,28.372953577035204
,28.041586879891426
,29.764693705039065
,29.300780329037778
,28.969413631894
,29.300780329037778
,29.764693705039065
,29.234506989609024
,28.704320274178976
,28.174133558748935
,27.643946843318894
,27.113760127888845
,26.583573412458804
,26.053386697028763
,25.65574666045623
,25.258106623883698
,24.794193247882404
,25.258106623883698
,25.65574666045623
,25.258106623883698
,24.59537322959614
,24.0651865141661
,23.402453119878544
,22.872266404448496
,22.40835302844721
,21.811892973588414
,21.281706258158366
,20.884066221585833
,19.42605275415322
,18.89586603872317
,18.498226002150638
,17.968039286720597
,17.835492607863088
,16.510025819287975
,15.71474574614291
,15.184559030712869
,14.65437231528282
,14.190458939281534
,13.527725544993984
,13.593998884422739
,14.12418559985278
,14.786918994140336
,15.317105709570377
,14.786918994140336
,14.12418559985278
,13.593998884422739
,13.06381216899269
,12.666172132420158
,12.003438738132608
,10.94306530727252
,10.545425270699987
,10.147785234127454
,9.750145197554922
,9.087411803267365
,8.954865124409856
,8.2921317301223
,7.761945014692259
,7.231758299262211
,6.9003916021184395
,7.496851656977235
,7.099211620404702
