Y(hoy),Y(ayer)
4.647098061540753,6.834118262689678
4.580824722111998,6.966664941547194
3.918091327824442,7.629398335834743
3.454177951823155,7.828218354121013
3.5204512912519093,7.231758299262211
3.5204512912519093,6.834118262689678
3.5204512912519093,7.629398335834743
3.189084594108131,7.099211620404702
2.5926245392493286,7.828218354121013
2.46007786039182,7.099211620404702
2.3275311815343116,6.303931547259637
2.0624378238192946,5.84001817125835
1.664797787246755,6.70157158383217
1.1346110718167068,6.303931547259637
0.6044243563866729,7.298031638690972
0.20678431981413326,7.629398335834743
1.1346110718167068,6.966664941547194
0.6044243563866729,6.303931547259637
1.2671577506742295,5.773744831829596
1.1346110718167068,5.773744831829596
0.47187767752916443,5.3761047952570635
0.07423764095662477,4.91219141925577
-0.389675735044662,4.713371400969507
-0.7873157716172017,4.713371400969507
-0.1466734904725655,4.183184685539466
0.07423764095662477,3.5867246306806635
-0.5884957533309318,3.5204512912519093
-0.8535891110459488,3.1228112546793767
-0.8535891110459488,2.65889787867809
-0.8535891110459488,3.255357933536885
-0.8535891110459488,2.8577178969643597
-0.8535891110459488,2.769353444392678
-0.8535891110459488,3.1228112546793767
-0.8535891110459488,2.5263511998205814
-0.8535891110459488,2.3275311815343116
-0.9861357899034573,2.3275311815343116
-1.5163225053335054,2.0624378238192946
-1.8476892024772837,1.4659777689604852
-1.2070469213326476,1.2671577506742295
-1.2512291476184885,1.2671577506742295
-1.7814158630485224,1.0020643929591984
-2.1127825601923007,0.4056043381004031
-1.5163225053335054,0.8695177141016899
-1.913962541906045,1.2671577506742295
-0.9861357899034573,1.2008844112454682
-1.648869184191014,0.8695177141016899
-2.1127825601923007,0.4056043381004031
-2.0465092207635536,0.20678431981413326
-2.0465092207635536,0.20678431981413326
-2.0465092207635536,0.20678431981413326
-2.0465092207635536,0.20678431981413326
-2.0465092207635536,0.20678431981413326
-2.0465092207635536,0.14051098038538612
-2.0465092207635536,-0.1908557167583922
-2.0465092207635536,-0.654769092759679
-2.0465092207635536,-0.8535891110459488
-2.0465092207635536,-0.8535891110459488
-2.0465092207635536,-0.8535891110459488
-2.0465092207635536,-0.8535891110459488
-2.0465092207635536,-0.7210424321884403
-2.0465092207635536,0.07423764095662477
-1.7151425236197753,-0.3234023956159007
-2.179055899621062,-0.7873157716172017
-1.2512291476184885,-0.8535891110459488
-1.6930514104768548,-0.8535891110459488
-1.4721402790476645,-0.8535891110459488
-1.913962541906045,-0.9861357899034573
-1.383775826475997,-1.5163225053335054
-1.913962541906045,-1.913962541906045
-1.2512291476184885,-1.913962541906045
-1.7814158630485224,-1.383775826475997
-0.8535891110459488,-1.648869184191014
-0.8535891110459488,-1.2512291476184885
-0.8535891110459488,-1.648869184191014
-0.8535891110459488,-0.8535891110459488
-0.5884957533309318,-0.9198624504747102
-0.1466734904725655,-1.2512291476184885
0.14051098038538612,-1.7151425236197753
0.6044243563866729,-1.2512291476184885
1.1346110718167068,-1.648869184191014
1.399704429531738,-0.8535891110459488
2.0624378238192946,-0.8535891110459488
2.46007786039182,-0.8535891110459488
2.46007786039182,-0.8535891110459488
2.46007786039182,-0.8535891110459488
3.0565379152506154,-0.8535891110459488
3.6529979701094177,-0.8535891110459488
4.315731364396974,-0.8535891110459488
4.978464758684531,-0.8535891110459488
5.6411981529720805,-0.8535891110459488
6.70157158383217,-0.7873157716172017
6.171384868402129,-0.1908557167583922
7.806127240978093,-0.5884957533309318
7.231758299262211,0.14051098038538612
8.557225087837324,0.20678431981413326
8.027038372407276,-0.3234023956159007
10.412878591842478,-0.7210424321884403
9.88269187641243,-0.12458237732964506
9.352505160982389,0.20678431981413326
11.208158664987543,0.20678431981413326
12.268532095847625,0.20678431981413326
11.738345380417584,0.4056043381004031
11.340705343845052,0.8695177141016899
13.593998884422739,1.2671577506742295
13.130085508421452,1.2671577506742295
14.698554541568662,2.0624378238192946
14.12418559985278,1.5322511083892465
15.582199067285401,1.929891144961772
15.71474574614291,1.4659777689604852
15.71474574614291,1.2671577506742295
15.184559030712869,1.2671577506742295
14.65437231528282,1.2671577506742295
14.588098975854066,1.399704429531738
15.449652388427886,1.929891144961772
14.919465672997845,2.3275311815343116
14.521825636425312,2.3275311815343116
17.30530589243304,2.3938045209630587
16.775119177003,3.255357933536885
16.244932461572958,2.8577178969643597
18.23313264443562,2.5926245392493286
18.940048265009004,2.3275311815343116
20.221332827298284,2.5926245392493286
19.757419451296997,3.3216312729656394
21.281706258158366,3.3879046123944008
20.751519542728325,2.7914445575355984
21.878166313017168,3.1228112546793767
22.916448630734337,2.5926245392493286
22.342079689018455,3.3879046123944008
24.19773319302361,3.5867246306806635
23.733819817022322,4.183184685539466
25.78829333931374,4.91219141925577
25.258106623883698,5.420287021542897
24.72791990845365,5.1110114375420395
27.643946843318894,4.713371400969507
27.113760127888845,5.3761047952570635
26.583573412458804,5.773744831829596
29.49960034732404,5.773744831829596
29.035686971322754,5.773744831829596
28.43922691646396,5.773744831829596
31.090160493614178,5.906291510687105
30.55997377818413,6.569024904974661
30.02978706275409,6.171384868402129
29.69842036561031,5.773744831829596
29.234506989609024,6.436478226117146
28.704320274178976,6.834118262689678
28.041586879891426,7.629398335834743
27.24630680674636,7.099211620404702
26.981213449031337,7.894491693549767
26.583573412458804,8.358405069551054
25.920840018171248,8.888591784981102
25.65574666045623,8.954865124409856
25.258106623883698,8.424678408979808
24.72791990845365,7.894491693549767
24.264006532452363,8.557225087837324
23.667546477593568,8.954865124409856
23.269906441021035,9.02113846383861
24.241915419309443,9.750145197554922
24.462826550738633,9.219958482124873
24.131459853594855,10.280331912984963
23.667546477593568,11.075611986130028
24.462826550738633,10.545425270699987
25.523199981598715,11.340705343845052
24.993013266168674,11.804618719846339
25.65574666045623,12.135985416990117
25.65574666045623,11.539525362131315
26.097568923314597,12.003438738132608
25.65574666045623,11.605798701560076
26.892848996459662,12.864992150706428
28.704320274178976,12.401078774705141
28.10786021932018,13.395178866136469
27.643946843318894,13.461452205565223
29.89724038389658,13.461452205565223
29.367053668466532,13.328905526707715
28.704320274178976,12.864992150706428
28.041586879891426,12.467352114133895
27.511400164461378,13.660272223851493
26.84866677017383,13.06381216899269
26.64984675188756,14.720645654711582
26.451026733601296,14.12418559985278
25.920840018171248,15.228741256998703
27.113760127888845,14.919465672997845
26.583573412458804,14.389278957567804
26.053386697028763,13.859092242137756
25.65574666045623,13.461452205565223
27.643946843318894,14.389278957567804
26.981213449031337,13.991638920995271
26.583573412458804,13.660272223851493
26.119660036457518,14.190458939281534
25.722019999884985,14.65437231528282
26.362662281029614,15.184559030712869
26.583573412458804,15.582199067285401
25.920840018171248,15.449652388427886
25.65574666045623,14.985739012426599
25.78829333931374,14.521825636425312
26.84866677017383,14.65437231528282
26.31848005474378,15.184559030712869
27.643946843318894,15.582199067285401
27.113760127888845,15.648472406714156
26.583573412458804,16.377479140430466
26.119660036457518,15.847292425000418
25.390653302741207,16.244932461572958
24.860466587311166,15.781019085571664
24.19773319302361,15.847292425000418
23.534999798736052,16.510025819287975
25.523199981598715,16.046112443286688
24.993013266168674,16.57629915871673
24.462826550738633,16.112385782715442
23.932639835308585,16.64257249814549
24.19773319302361,16.244932461572958
23.667546477593568,15.582199067285401
23.13735976216352,15.052012351855353
22.60717304673348,14.588098975854066
22.209533010160946,14.521825636425312
24.462826550738633,14.389278957567804
23.932639835308585,13.925365581566517
23.534999798736052,13.461452205565223
24.330279871881118,13.196358847850206
24.0651865141661,12.599898792991404
23.534999798736052,12.135985416990117
23.468726459307298,11.738345380417584
23.99891317473734,11.340705343845052
24.462826550738633,11.075611986130028
24.462826550738633,10.479151931271232
23.99891317473734,10.015238555269946
23.468726459307298,9.617598518697413
24.993013266168674,9.087411803267365
24.529099890167387,8.623498427266078
23.932639835308585,8.115402824978958
26.583573412458804,8.822318445552341
26.053386697028763,8.424678408979808
25.523199981598715,8.2921317301223
24.993013266168674,7.894491693549767
24.529099890167387,7.496851656977235
23.932639835308585,7.032938280975948
23.402453119878544,7.761945014692259
23.97682206159442,7.231758299262211
23.402453119878544,7.231758299262211
25.302288850169532,6.436478226117146
24.72791990845365,5.84001817125835
25.523199981598715,5.773744831829596
24.993013266168674,5.773744831829596
24.462826550738633,5.773744831829596
23.932639835308585,5.972564850115859
23.402453119878544,6.569024904974661
25.258106623883698,6.171384868402129
24.661646569024896,5.773744831829596
25.258106623883698,5.773744831829596
24.661646569024896,5.972564850115859
26.583573412458804,6.569024904974661
26.053386697028763,6.834118262689678
25.523199981598715,6.834118262689678
25.125559945026183,7.231758299262211
26.053386697028763,7.828218354121013
25.523199981598715,7.761945014692259
24.860466587311166,7.231758299262211
24.39655321130987,6.834118262689678
24.507008777024467,7.761945014692259
26.31848005474378,7.364304978119726
25.78829333931374,8.689771766694832
25.258106623883698,8.159585051264791
24.72791990845365,8.557225087837324
27.643946843318894,8.093311711836037
27.113760127888845,7.894491693549767
26.451026733601296,8.358405069551054
26.185933375886272,8.888591784981102
25.78829333931374,8.954865124409856
26.362662281029614,9.352505160982389
25.78829333931374,9.88269187641243
27.643946843318894,9.219958482124873
27.113760127888845,8.424678408979808
26.451026733601296,8.159585051264791
25.920840018171248,9.15368514269612
25.258106623883698,8.689771766694832
24.661646569024896,9.750145197554922
26.053386697028763,9.617598518697413
26.583573412458804,9.219958482124873
25.65574666045623,11.075611986130028
26.583573412458804,10.412878591842478
26.119660036457518,10.015238555269946
25.65574666045623,11.340705343845052
26.583573412458804,11.075611986130028
26.053386697028763,10.346605252413717
27.643946843318894,10.214058573556208
27.113760127888845,11.340705343845052
26.583573412458804,10.677971949557495
26.119660036457518,12.003438738132608
25.722019999884985,12.401078774705141
26.451026733601296,12.401078774705141
26.716120091316313,12.401078774705141
26.716120091316313,12.599898792991404
26.716120091316313,13.726545563280247
26.981213449031337,13.06381216899269
27.643946843318894,14.256732278710288
27.312580146175115,13.660272223851493
26.84866677017383,13.461452205565223
27.423035711889703,13.925365581566517
28.174133558748935,14.455552296996558
29.764693705039065,14.720645654711582
29.16823365018027,15.184559030712869
28.704320274178976,15.582199067285401
29.764693705039065,15.582199067285401
29.101960310751508,15.582199067285401
28.969413631894,15.71474574614291
28.83686695303649,16.377479140430466
28.571773595321467,17.570399250148064
28.174133558748935,17.040212534718023
27.511400164461378,17.30530589243304
27.24630680674636,16.907665855860508
26.84866677017383,17.835492607863088
31.090160493614178,17.437852571290556
30.55997377818413,18.630772681008153
30.02978706275409,18.23313264443562
29.49960034732404,18.100585965578105
29.035686971322754,17.570399250148064
28.43922691646396,17.040212534718023
27.90904020103391,18.674954907293987
27.37885348560387,21.01661290044335
26.84866677017383,20.552699524442062
35.33165421705452,19.95623946958326
34.80146750162448,19.42605275415322
34.27128078619444,20.4864261850133
33.74109407076439,20.088786148440768
33.21090735533435,19.691146111868235
32.68072063990431,19.22723273586695
32.15053392447426,19.028412717580686
31.62034720904422,19.028412717580686
33.21090735533435,19.028412717580686
32.68072063990431,19.028412717580686
32.15053392447426,19.028412717580686
31.62034720904422,18.498226002150638
31.090160493614178,17.968039286720597
30.55997377818413,18.89586603872317
30.02978706275409,18.36567932329313
31.355253851329195,19.82369279072575
30.7587937964704,19.359779414724457
30.294880420469113,18.89586603872317
29.89724038389658,18.431952662721883
33.74109407076439,17.968039286720597
33.21090735533435,18.89586603872317
32.68072063990431,18.36567932329313
32.15053392447426,19.82369279072575
35.33165421705452,19.42605275415322
34.80146750162448,19.028412717580686
34.27128078619444,18.630772681008153
36.39202764791461,18.100585965578105
35.72929425362706,17.968039286720597
35.86184093248457,17.968039286720597
35.19910753819701,17.968039286720597
34.66892082276697,18.100585965578105
34.40382746505195,18.630772681008153
36.657121005629634,17.570399250148064
37.58494775763221,16.907665855860508
37.054761042202166,16.775119177003
36.126934290199586,16.510025819287975
35.72929425362706,15.847292425000418
35.33165421705452,15.582199067285401
34.867740841053234,15.184559030712869
34.13873410733692,14.65437231528282
33.873640749621906,13.991638920995271
33.47600071304937,13.593998884422739
34.536374143909455,14.455552296996558
34.006187428479414,13.991638920995271
35.33165421705452,14.521825636425312
34.80146750162448,14.12418559985278
34.27128078619444,13.660272223851493
33.74109407076439,13.461452205565223
33.21090735533435,13.461452205565223
32.54817396104679,13.06381216899269
31.885440566759243,12.467352114133895
31.355253851329195,12.401078774705141
31.023887154185417,12.135985416990117
31.134342719900012,11.738345380417584
31.929622793045077,10.677971949557495
31.355253851329195,9.617598518697413
33.74109407076439,9.219958482124873
33.21090735533435,9.750145197554922
32.68072063990431,9.15368514269612
36.39202764791461,8.888591784981102
35.72929425362706,8.358405069551054
35.19910753819701,7.894491693549767
34.80146750162448,7.496851656977235
34.27128078619444,7.099211620404702
35.596747574769545,7.496851656977235
35.0665608593395,
34.536374143909455,
34.07246076790817,
33.34345403419186,
33.07836067647684,
32.68072063990431,
32.15053392447426,
31.48780053018671,
30.825067135899154,
30.162333741611597,
29.632147026181556,
29.101960310751508,
28.43922691646396,
27.90904020103391,
27.37885348560387,
26.84866677017383,
26.31848005474378,
25.854566678742493,
25.125559945026183,
24.59537322959614,
24.993013266168674,
25.523199981598715,
24.993013266168674,
24.330279871881118,
23.800093156451076,
23.00481308330601,
22.739719725590987,
22.342079689018455,
21.679346294730898,
21.41425293701588,
21.01661290044335,
20.4864261850133,
20.022512809012014,
19.42605275415322,
19.028412717580686,
19.95623946958326,
19.42605275415322,
18.763319359865662,
18.498226002150638,
18.100585965578105,
17.702945929005573,
18.763319359865662,
19.42605275415322,
19.95623946958326,
19.293506075295703,
18.763319359865662,
18.14476819186394,
19.42605275415322,
18.962139378151925,
19.95623946958326,
19.95623946958326,
19.492326093581973,
19.09468605700944,
20.751519542728325,
20.221332827298284,
19.691146111868235,
22.07698633130343,
21.54679961587339,
21.54679961587339,
21.01661290044335,
20.4864261850133,
20.088786148440768,
21.01661290044335,
20.4864261850133,
20.15505948786953,
19.691146111868235,
19.160959396438194,
19.028412717580686,
20.221332827298284,
19.691146111868235,
19.160959396438194,
22.07698633130343,
21.54679961587339,
21.01661290044335,
20.68524620329957,
21.281706258158366,
20.221332827298284,
20.751519542728325,
21.41425293701588,
22.07698633130343,
21.480526276444635,
22.07698633130343,
21.01661290044335,
20.353879506155792,
20.088786148440768,
24.462826550738633,
23.99891317473734,
23.402453119878544,
22.872266404448496,
22.342079689018455,
21.811892973588414,
21.41425293701588,
24.462826550738633,
23.99891317473734,
23.269906441021035,
22.739719725590987,
22.342079689018455,
23.269906441021035,
22.60717304673348,
23.446635346164378,
25.258106623883698,
24.794193247882404,
24.19773319302361,
26.84866677017383,
26.31848005474378,
25.78829333931374,
27.511400164461378,
27.776493522176402,
27.643946843318894,
27.113760127888845,
26.451026733601296,
25.920840018171248,
25.65574666045623,
25.258106623883698,
24.661646569024896,
26.053386697028763,
26.583573412458804,
26.782393430745074,
27.180033467317607,
26.716120091316313,
27.643946843318894,
27.113760127888845,
26.451026733601296,
25.832475565599573,
26.583573412458804,
26.053386697028763,
26.892848996459662,
28.174133558748935,
27.643946843318894,
28.704320274178976,
28.174133558748935,
27.643946843318894,
27.113760127888845,
26.716120091316313,
29.764693705039065,
29.101960310751508,
28.571773595321467,
28.10786021932018,
27.643946843318894,
26.981213449031337,
28.704320274178976,
28.174133558748935,
27.643946843318894,
26.981213449031337,
26.716120091316313,
26.185933375886272,
25.78829333931374,
26.362662281029614,
25.78829333931374,
26.583573412458804,
26.053386697028763,
25.65574666045623,
26.583573412458804,
26.053386697028763,
25.523199981598715,
24.993013266168674,
24.462826550738633,
23.800093156451076,
23.534999798736052,
23.13735976216352,
22.60717304673348,
23.402453119878544,
22.872266404448496,
23.932639835308585,
24.330279871881118,
23.601273138164807,
23.13735976216352,
22.673446386162233,
22.2758063495897,
22.342079689018455,
22.010712991874676,
21.54679961587339,
20.884066221585833,
20.353879506155792,
19.82369279072575,
19.160959396438194,
20.530608411299134,
21.811892973588414,
21.281706258158366,
23.13735976216352,
22.60717304673348,
23.402453119878544,
22.872266404448496,
22.342079689018455,
21.811892973588414,
21.149159579300857,
20.884066221585833,
20.4864261850133,
19.691146111868235,
19.028412717580686,
19.82369279072575,
19.558599433010727,
19.160959396438194,
19.028412717580686,
18.962139378151925,
18.89586603872317,
18.498226002150638,
17.968039286720597,
17.835492607863088,
17.835492607863088,
17.50412591071931,
16.907665855860508,
16.775119177003,
16.244932461572958,
15.582199067285401,
15.317105709570377,
14.786918994140336,
14.389278957567804,
13.859092242137756,
14.389278957567804,
13.991638920995271,
13.726545563280247,
13.328905526707715,
13.328905526707715,
12.798718811277674,
12.003438738132608,
11.47325202270256,
11.075611986130028,
9.352505160982389,
8.822318445552341,
8.159585051264791,
7.894491693549767,
7.894491693549767,
7.629398335834743,
7.364304978119726,
6.966664941547194,
6.834118262689678,
6.70157158383217,
