Y(hoy),Y(ayer)
6.834118262689678,5.773744831829596
6.834118262689678,5.773744831829596
6.767844923260924,5.773744831829596
6.569024904974661,5.773744831829596
6.171384868402129,5.3761047952570635
5.773744831829596,4.779644740398261
5.6411981529720805,4.448278043254483
5.044738098113285,4.05063800668195
4.647098061540753,3.6529979701094177
4.139002459253625,2.990264575821868
3.5867246306806635,2.46007786039182
3.078629028393536,2.0624378238192946
2.8577178969643597,1.664797787246755
2.5263511998205814,1.2671577506742295
2.0624378238192946,1.2008844112454682
1.664797787246755,0.8695177141016899
2.194984502676803,0.33933099867164174
1.664797787246755,0.20678431981413326
2.194984502676803,0.20678431981413326
1.5322511083892465,-0.05830903790088371
1.2671577506742295,-0.45594907447342337
1.1346110718167068,-0.8535891110459488
0.6044243563866729,-0.8535891110459488
0.47187767752916443,-0.8535891110459488
0.14051098038538612,-0.8535891110459488
-0.389675735044662,-0.8535891110459488
-0.389675735044662,-0.8535891110459488
0.07423764095662477,-0.8535891110459488
0.07423764095662477,-1.383775826475997
-0.5222224139021705,-1.913962541906045
-0.8535891110459488,-1.913962541906045
-0.9861357899034573,-1.913962541906045
-1.5163225053335054,-1.913962541906045
-1.2070469213326476,-1.8476892024772837
-1.648869184191014,-1.2512291476184885
-1.383775826475997,-0.8535891110459488
-1.648869184191014,-0.8535891110459488
-0.9861357899034573,-0.8535891110459488
-1.5163225053335054,-0.7210424321884403
-1.648869184191014,0.20678431981413326
-1.5163225053335054,0.20678431981413326
-0.9861357899034573,0.7369710352441814
-0.5884957533309318,1.3334310901029767
-0.05830903790088371,1.7973444661042635
0.6044243563866729,2.3275311815343116
1.1346110718167068,2.5263511998205814
1.5322511083892465,2.990264575821868
1.9740733712476128,3.5204512912519093
2.3275311815343116,4.448278043254483
1.7089800135325959,3.918091327824442
1.2671577506742295,5.1110114375420395
2.0624378238192946,6.70157158383217
3.0565379152506154,6.171384868402129
3.6529979701094177,7.231758299262211
4.315731364396974,7.629398335834743
4.91219141925577,9.352505160982389
5.3761047952570635,8.822318445552341
6.171384868402129,10.677971949557495
5.773744831829596,10.147785234127454
6.966664941547194,12.003438738132608
8.822318445552341,11.47325202270256
10.147785234127454,11.075611986130028
9.617598518697413,12.666172132420158
11.47325202270256,13.196358847850206
10.94306530727252,14.65437231528282
12.268532095847625,14.12418559985278
11.870892059275093,16.510025819287975
17.702945929005573,15.979839103857934
16.775119177003,17.17275921357553
15.979839103857934,17.702945929005573
15.582199067285401,16.775119177003
14.389278957567804,16.244932461572958
14.919465672997845,15.449652388427886
15.979839103857934,14.919465672997845
15.582199067285401,14.256732278710288
26.583573412458804,13.792818902709001
28.24040689817769,14.65437231528282
27.776493522176402,14.256732278710288
28.704320274178976,15.71474574614291
27.113760127888845,15.184559030712869
26.31848005474378,17.040212534718023
25.78829333931374,18.36567932329313
24.462826550738633,17.968039286720597
22.143259670732192,19.293506075295703
22.2758063495897,19.82369279072575
22.342079689018455,21.01661290044335
22.872266404448496,20.618972863870816
22.474626367875963,22.342079689018455
23.402453119878544,21.944439652445922
23.932639835308585,23.402453119878544
24.462826550738633,24.59537322959614
24.59537322959614,25.125559945026183
22.938539743877257,26.583573412458804
22.342079689018455,26.053386697028763
23.402453119878544,28.704320274178976
23.00481308330601,28.174133558748935
23.269906441021035,27.776493522176402
23.800093156451076,29.632147026181556
24.59537322959614,29.101960310751508
23.932639835308585,29.49960034732404
24.462826550738633,28.969413631894
24.59537322959614,27.776493522176402
24.59537322959614,27.113760127888845
23.99891317473734,26.583573412458804
24.462826550738633,26.053386697028763
24.330279871881118,25.65574666045623
23.932639835308585,24.462826550738633
23.269906441021035,23.932639835308585
24.59537322959614,22.872266404448496
25.05928660559743,22.474626367875963
25.523199981598715,21.54679961587339
25.523199981598715,22.673446386162233
25.05928660559743,22.07698633130343
25.65574666045623,23.00481308330601
25.722019999884985,22.673446386162233
26.451026733601296,23.269906441021035
26.64984675188756,23.468726459307298
26.185933375886272,23.269906441021035
26.981213449031337,22.739719725590987
27.953222427319744,22.474626367875963
27.37885348560387,23.13735976216352
28.83686695303649,22.739719725590987
28.83686695303649,23.667546477593568
28.571773595321467,24.19773319302361
28.041586879891426,23.534999798736052
28.041586879891426,23.534999798736052
28.483409142749792,23.13735976216352
28.704320274178976,22.474626367875963
28.174133558748935,23.00481308330601
27.842766861605156,24.330279871881118
28.174133558748935,23.800093156451076
28.041586879891426,23.932639835308585
27.776493522176402,23.402453119878544
27.776493522176402,23.667546477593568
27.776493522176402,24.19773319302361
26.981213449031337,23.932639835308585
27.511400164461378,23.534999798736052
27.24630680674636,23.402453119878544
27.776493522176402,23.402453119878544
26.981213449031337,23.534999798736052
27.776493522176402,24.19773319302361
27.511400164461378,24.59537322959614
27.113760127888845,24.59537322959614
26.84866677017383,24.59537322959614
27.445126825032624,25.523199981598715
33.60854739190688,24.993013266168674
33.01208733704808,24.59537322959614
32.54817396104679,25.78829333931374
32.15053392447426,25.258106623883698
31.62034720904422,26.716120091316313
31.090160493614178,26.451026733601296
30.42742709932662,26.053386697028763
29.764693705039065,27.180033467317607
29.234506989609024,26.583573412458804
28.83686695303649,27.511400164461378
29.89724038389658,26.84866677017383
31.222707172471686,26.716120091316313
31.156433833042932,26.716120091316313
30.55997377818413,26.716120091316313
30.096060402182843,26.84866677017383
29.367053668466532,27.37885348560387
29.101960310751508,27.776493522176402
28.704320274178976,27.37885348560387
27.90904020103391,26.782393430745074
28.43922691646396,27.511400164461378
30.55997377818413,26.84866677017383
32.48190062161804,28.174133558748935
31.885440566759243,28.704320274178976
32.945813997619325,27.90904020103391
31.62034720904422,27.776493522176402
31.090160493614178,27.776493522176402
30.692520457041645,27.24630680674636
30.294880420469113,26.782393430745074
29.764693705039065,27.511400164461378
29.234506989609024,26.981213449031337
28.83686695303649,27.24630680674636
28.43922691646396,26.716120091316313
27.90904020103391,26.981213449031337
27.37885348560387,27.643946843318894
26.981213449031337,27.24630680674636
26.053386697028763,26.84866677017383
25.523199981598715,27.37885348560387
25.125559945026183,27.776493522176402
23.402453119878544,27.511400164461378
20.751519542728325,27.113760127888845
20.088786148440768,27.643946843318894
19.293506075295703,27.24630680674636
18.763319359865662,26.716120091316313
17.17275921357553,26.981213449031337
16.510025819287975,27.445126825032624
15.979839103857934,26.782393430745074
15.648472406714156,26.716120091316313
15.71474574614291,27.113760127888845
15.317105709570377,27.710220182747648
14.786918994140336,28.041586879891426
14.521825636425312,29.764693705039065
14.985739012426599,29.234506989609024
15.449652388427886,31.62034720904422
14.985739012426599,31.090160493614178
14.588098975854066,33.47600071304937
14.521825636425312,32.945813997619325
14.521825636425312,34.13873410733692
15.250832370141623,33.47600071304937
14.720645654711582,33.21090735533435
14.521825636425312,32.68072063990431
15.781019085571664,32.15053392447426
15.71474574614291,31.62034720904422
16.907665855860508,31.090160493614178
15.582199067285401,30.42742709932662
15.582199067285401,30.162333741611597
16.112385782715442,30.957613814756662
16.775119177003,30.692520457041645
16.57629915871673,30.02978706275409
15.979839103857934,29.367053668466532
15.648472406714156,28.571773595321467
15.71474574614291,27.975313540462672
16.244932461572958,28.770593613607737
15.71474574614291,29.101960310751508
16.907665855860508,31.355253851329195
17.614581476433898,30.825067135899154
17.835492607863088,30.294880420469113
17.835492607863088,32.415627282189284
17.30530589243304,32.01798724561675
16.841392516431753,33.873640749621906
17.437852571290556,33.34345403419186
18.100585965578105,32.945813997619325
18.630772681008153,32.54817396104679
18.630772681008153,31.885440566759243
18.100585965578105,31.48780053018671
18.89586603872317,30.825067135899154
17.968039286720597,30.294880420469113
17.702945929005573,29.89724038389658
18.16685930500686,29.49960034732404
17.702945929005573,28.969413631894
18.697046020436908,28.43922691646396
19.160959396438194,27.90904020103391
19.73532833815407,27.511400164461378
20.022512809012014,26.84866677017383
20.4864261850133,26.31848005474378
21.01661290044335,25.78829333931374
20.552699524442062,25.258106623883698
20.15505948786953,23.667546477593568
20.751519542728325,23.13735976216352
21.480526276444635,22.60717304673348
22.07698633130343,21.082886239872103
21.679346294730898,20.552699524442062
21.480526276444635,20.088786148440768
20.81779288215708,19.691146111868235
20.265515053584117,19.160959396438194
20.884066221585833,18.100585965578105
20.353879506155792,17.30530589243304
21.281706258158366,16.841392516431753
21.878166313017168,16.775119177003
22.342079689018455,16.510025819287975
21.811892973588414,15.979839103857934
21.480526276444635,15.184559030712869
22.07698633130343,14.786918994140336
22.07698633130343,16.377479140430466
21.41425293701588,15.71474574614291
21.149159579300857,16.64257249814549
20.751519542728325,15.847292425000418
20.420152845584546,15.582199067285401
20.088786148440768,15.317105709570377
20.530608411299134,14.786918994140336
21.613072955302144,15.317105709570377
22.209533010160946,15.317105709570377
22.209533010160946,14.786918994140336
21.944439652445922,15.317105709570377
21.41425293701588,14.963647899283679
21.149159579300857,14.521825636425312
20.884066221585833,15.847292425000418
20.353879506155792,15.317105709570377
19.691146111868235,16.510025819287975
18.89586603872317,15.979839103857934
18.36567932329313,15.979839103857934
16.775119177003,16.57629915871673
16.775119177003,17.040212534718023
16.112385782715442,17.570399250148064
15.648472406714156,17.17275921357553
15.71474574614291,17.437852571290556
15.781019085571664,16.907665855860508
14.919465672997845,16.841392516431753
14.521825636425312,17.371579231861794
14.12418559985278,17.835492607863088
13.593998884422739,18.36567932329313
12.931265490135182,18.962139378151925
12.401078774705141,19.160959396438194
10.015238555269946,19.691146111868235
10.0815118946987,18.89586603872317
9.352505160982389,18.36567932329313
8.822318445552341,17.968039286720597
8.159585051264791,18.962139378151925
7.894491693549767,18.89586603872317
7.894491693549767,18.16685930500686
7.894491693549767,18.962139378151925
,19.028412717580686
,20.022512809012014
,19.42605275415322
,21.082886239872103
,20.4864261850133
,21.149159579300857
,21.281706258158366
,22.07698633130343
,21.679346294730898
,21.54679961587339
,21.149159579300857
,21.149159579300857
,21.149159579300857
,21.149159579300857
,21.149159579300857
,21.149159579300857
,21.149159579300857
,21.54679961587339
,22.143259670732192
,22.07698633130343
,21.54679961587339
,21.149159579300857
,20.751519542728325
,20.15505948786953
,20.088786148440768
,20.088786148440768
,20.088786148440768
,20.751519542728325
,21.149159579300857
,21.149159579300857
,21.149159579300857
,20.751519542728325
,20.287606166727038
,20.088786148440768
,19.691146111868235
,19.160959396438194
,18.630772681008153
,18.03431262614935
,17.437852571290556
,16.377479140430466
,15.781019085571664
,15.515925727856647
,14.985739012426599
,14.521825636425312
,14.521825636425312
,15.052012351855353
,15.582199067285401
,14.919465672997845
,14.389278957567804
,13.991638920995271
,13.593998884422739
,13.06381216899269
,12.401078774705141
,11.738345380417584
,10.677971949557495
,10.280331912984963
,10.81051862841501
,10.015238555269946
,9.485051839839898
,9.02113846383861
,8.954865124409856
,8.557225087837324
