Y(hoy),Y(ayer)
6.834118262689678,9.02113846383861
7.298031638690972,9.750145197554922
7.828218354121013,9.219958482124873
7.894491693549767,10.015238555269946
7.629398335834743,9.617598518697413
7.364304978119726,9.219958482124873
6.834118262689678,8.822318445552341
6.237658207830883,8.358405069551054
5.707471492400835,7.894491693549767
5.6411981529720805,7.496851656977235
4.978464758684531,7.032938280975948
4.713371400969507,7.496851656977235
4.183184685539466,6.966664941547194
3.5867246306806635,6.436478226117146
2.990264575821868,6.038838189544613
2.46007786039182,5.6411981529720805
2.3275311815343116,5.177284776970794
2.0624378238192946,4.713371400969507
1.5322511083892465,4.315731364396974
1.3334310901029767,3.8518179883956876
1.1346110718167068,3.5204512912519093
0.6044243563866729,3.3879046123944008
0.2730576592428946,2.5926245392493286
0.20678431981413326,2.3275311815343116
0.20678431981413326,2.3275311815343116
0.20678431981413326,2.194984502676803
0.14051098038538612,1.664797787246755
0.07423764095662477,1.2671577506742295
-0.45594907447342337,1.2671577506742295
-0.8535891110459488,1.2671577506742295
0.07423764095662477,1.2671577506742295
-0.45594907447342337,0.7369710352441814
-0.12458237732964506,0.2730576592428946
-0.654769092759679,0.8695177141016899
-0.8535891110459488,0.47187767752916443
-0.45594907447342337,1.2671577506742295
0.07423764095662477,1.2671577506742295
0.20678431981413326,1.2008844112454682
0.07423764095662477,0.8695177141016899
-0.45594907447342337,0.33933099867164174
-0.8535891110459488,0.20678431981413326
-0.1908557167583922,0.20678431981413326
-0.5884957533309318,0.20678431981413326
-0.45594907447342337,0.20678431981413326
-0.8535891110459488,-0.3234023956159007
-0.8535891110459488,-0.8535891110459488
-0.8535891110459488,-0.8535891110459488
-0.8535891110459488,-0.8535891110459488
-1.1849558081897271,-0.8535891110459488
-1.648869184191014,-1.11868246876098
-2.0465092207635536,-1.7151425236197753
-2.0465092207635536,-1.2070469213326476
-2.0465092207635536,-1.648869184191014
-2.1127825601923007,-1.5825958447622668
-2.1127825601923007,-1.913962541906045
-1.648869184191014,-0.9861357899034573
-1.2512291476184885,-0.9861357899034573
-1.7814158630485224,-1.648869184191014
-2.179055899621062,-1.2512291476184885
-2.1127825601923007,-1.7814158630485224
-2.0465092207635536,-1.913962541906045
-1.5163225053335054,-1.383775826475997
-0.9861357899034573,-1.2512291476184885
-0.8535891110459488,-1.7151425236197753
-0.8535891110459488,-1.5163225053335054
-0.5222224139021705,-0.8535891110459488
0.07423764095662477,-0.8535891110459488
-0.3234023956159007,-0.8535891110459488
0.20678431981413326,-0.8535891110459488
0.6044243563866729,-0.8535891110459488
1.2008844112454682,-0.7210424321884403
1.7310711266755163,-0.1908557167583922
2.3275311815343116,0.20678431981413326
2.46007786039182,0.20678431981413326
2.725171218106837,0.20678431981413326
2.3275311815343116,0.2730576592428946
3.3879046123944008,0.9136999403875308
3.5204512912519093,0.6044243563866729
2.990264575821868,0.20678431981413326
2.5926245392493286,0.9357910535304512
3.255357933536885,0.47187767752916443
3.8518179883956876,1.399704429531738
4.448278043254483,1.929891144961772
5.1110114375420395,2.3275311815343116
5.707471492400835,2.3275311815343116
6.303931547259637,2.725171218106837
6.966664941547194,3.918091327824442
7.629398335834743,3.255357933536885
8.2921317301223,4.647098061540753
8.822318445552341,4.713371400969507
9.88269187641243,5.243558116399548
9.352505160982389,4.713371400969507
11.47325202270256,5.773744831829596
10.94306530727252,5.773744831829596
10.412878591842478,5.773744831829596
13.328905526707715,6.237658207830883
12.798718811277674,6.70157158383217
12.268532095847625,7.629398335834743
14.389278957567804,7.099211620404702
13.859092242137756,7.894491693549767
14.588098975854066,8.358405069551054
14.985739012426599,8.888591784981102
14.521825636425312,9.219958482124873
15.582199067285401,10.545425270699987
16.289114687858792,9.88269187641243
17.084394761003857,11.208158664987543
18.36567932329313,12.069712077561363
17.901765947291842,11.605798701560076
19.95623946958326,12.53362545356265
19.42605275415322,13.06381216899269
18.89586603872317,13.461452205565223
21.811892973588414,13.06381216899269
21.281706258158366,12.467352114133895
20.751519542728325,12.135985416990117
22.739719725590987,11.340705343845052
23.402453119878544,10.81051862841501
26.053386697028763,10.457060818128312
25.390653302741207,10.94306530727252
24.993013266168674,11.406978683273806
24.462826550738633,12.003438738132608
23.932639835308585,11.605798701560076
27.953222427319744,13.395178866136469
27.37885348560387,12.798718811277674
26.84866677017383,12.401078774705141
29.234506989609024,14.389278957567804
28.704320274178976,13.925365581566517
30.294880420469113,13.527725544993984
29.764693705039065,13.461452205565223
30.891340475327908,14.455552296996558
31.885440566759243,13.859092242137756
31.355253851329195,13.461452205565223
33.47600071304937,15.515925727856647
32.945813997619325,14.919465672997845
32.415627282189284,15.582199067285401
36.39202764791461,15.184559030712869
35.72929425362706,14.588098975854066
35.33165421705452,14.521825636425312
34.80146750162448,14.588098975854066
34.27128078619444,16.046112443286688
38.822050093635646,15.449652388427886
38.247681151919764,14.919465672997845
37.717494436489716,16.64257249814549
37.187307721059675,16.775119177003
39.61733016678071,16.775119177003
39.838241298209894,16.841392516431753
39.17550790392234,17.702945929005573
38.91041454620732,17.17275921357553
38.38022783077727,17.968039286720597
37.85004111534723,18.498226002150638
37.054761042202166,18.962139378151925
36.78966768448714,18.630772681008153
36.39202764791461,18.16685930500686
35.72929425362706,18.674954907293987
35.464200895912036,18.23313264443562
35.0665608593395,18.36567932329313
34.536374143909455,17.968039286720597
33.873640749621906,18.89586603872317
33.60854739190688,18.498226002150638
33.07836067647684,19.82369279072575
32.45980950847512,19.293506075295703
33.21090735533435,20.088786148440768
32.68072063990431,20.552699524442062
33.80736741019315,21.01661290044335
34.27128078619444,20.618972863870816
34.40382746505195,20.287606166727038
34.4701008044807,20.884066221585833
35.33165421705452,20.751519542728325
34.80146750162448,20.221332827298284
34.40382746505195,22.143259670732192
36.524574326772125,21.54679961587339
35.86184093248457,21.149159579300857
36.657121005629634,22.209533010160946
35.99438761134208,21.679346294730898
35.72929425362706,21.149159579300857
35.33165421705452,21.613072955302144
34.66892082276697,21.149159579300857
34.006187428479414,22.143259670732192
33.47600071304937,22.40835302844721
34.006187428479414,23.00481308330601
34.580556370195296,22.739719725590987
35.33165421705452,22.474626367875963
34.867740841053234,23.269906441021035
35.33165421705452,22.739719725590987
34.40382746505195,23.468726459307298
34.27128078619444,23.932639835308585
33.74109407076439,24.462826550738633
33.21090735533435,24.59537322959614
32.68072063990431,25.125559945026183
32.283080603331776,24.59537322959614
33.21090735533435,25.258106623883698
32.74699397933306,24.72791990845365
32.34935394276053,24.0651865141661
32.45980950847512,23.667546477593568
33.21090735533435,24.19773319302361
32.74699397933306,23.800093156451076
32.68072063990431,23.534999798736052
32.01798724561675,24.330279871881118
31.355253851329195,24.59537322959614
32.15053392447426,24.59537322959614
31.62034720904422,24.59537322959614
31.156433833042932,24.59537322959614
30.55997377818413,24.529099890167387
29.764693705039065,23.800093156451076
29.234506989609024,23.534999798736052
28.83686695303649,24.330279871881118
30.294880420469113,24.59537322959614
31.355253851329195,24.59537322959614
30.825067135899154,24.59537322959614
31.929622793045077,24.529099890167387
31.752893887901728,24.0651865141661
31.28898051190044,23.667546477593568
32.15053392447426,25.258106623883698
31.62034720904422,24.661646569024896
32.216807263903014,24.19773319302361
32.15053392447426,24.462826550738633
31.686620548472973,23.932639835308585
31.222707172471686,23.468726459307298
32.15053392447426,23.402453119878544
31.62034720904422,23.269906441021035
33.21090735533435,22.739719725590987
32.68072063990431,22.474626367875963
33.21090735533435,23.269906441021035
32.68072063990431,22.739719725590987
32.283080603331776,23.269906441021035
33.21090735533435,22.673446386162233
32.68072063990431,23.99891317473734
32.283080603331776,23.402453119878544
33.34345403419186,22.872266404448496
33.47600071304937,24.462826550738633
34.13873410733692,24.19773319302361
34.40382746505195,23.534999798736052
34.536374143909455,23.269906441021035
35.0665608593395,22.872266404448496
35.6630209141983,22.40835302844721
36.19320762962835,21.878166313017168
36.657121005629634,21.41425293701588
36.657121005629634,21.01661290044335
37.187307721059675,20.552699524442062
36.657121005629634,20.088786148440768
37.717494436489716,20.4864261850133
37.054761042202166,20.884066221585833
36.39202764791461,20.287606166727038
35.86184093248457,19.691146111868235
36.39202764791461,19.22723273586695
35.86184093248457,18.630772681008153
36.39202764791461,18.16685930500686
35.86184093248457,17.968039286720597
35.464200895912036,17.702945929005573
36.96639658963049,17.106485874146777
37.717494436489716,17.570399250148064
37.717494436489716,17.17275921357553
37.187307721059675,17.30530589243304
36.72339434505839,16.841392516431753
36.126934290199586,16.57629915871673
35.596747574769545,16.112385782715442
36.657121005629634,15.71474574614291
36.126934290199586,15.250832370141623
36.657121005629634,14.720645654711582
36.524574326772125,14.455552296996558
36.2594809690571,13.925365581566517
35.86184093248457,13.593998884422739
36.657121005629634,14.256732278710288
36.126934290199586,14.12418559985278
36.657121005629634,13.593998884422739
36.126934290199586,13.461452205565223
35.596747574769545,13.593998884422739
37.49658330506054,14.256732278710288
36.92221436334465,14.521825636425312
36.39202764791461,14.985739012426599
35.86184093248457,15.449652388427886
37.717494436489716,14.985739012426599
37.98258779420474,15.317105709570377
37.58494775763221,14.786918994140336
38.55695673592062,15.052012351855353
38.77786786734981,14.65437231528282
38.31395449134852,15.449652388427886
37.85004111534723,15.052012351855353
38.38022783077727,14.963647899283679
39.04296122506483,15.317105709570377
39.61733016678071,14.742736767854502
39.838241298209894,15.515925727856647
39.17550790392234,15.052012351855353
38.91041454620732,15.515925727856647
39.08714345135067,14.985739012426599
39.882423524495735,14.65437231528282
39.44060126163736,15.184559030712869
41.16370808678501,15.71474574614291
40.63352137135496,16.510025819287975
40.10333465592491,16.112385782715442
43.81464166393522,16.024021330143768
43.218181609076424,16.64257249814549
42.75426823307514,16.64257249814549
42.22408151764509,16.112385782715442
41.69389480221505,15.847292425000418
45.670295167940374,16.64257249814549
45.14010845251033,16.112385782715442
44.609921737080285,16.775119177003
47.52594867194553,16.775119177003
47.06203529594424,16.775119177003
46.46557524108544,17.437852571290556
47.52594867194553,16.907665855860508
46.99576195651548,17.968039286720597
46.553939693657114,18.03431262614935
46.46557524108544,18.630772681008153
45.9353885256554,18.03431262614935
45.47147514965411,17.968039286720597
44.74246841593779,17.968039286720597
44.34482837936527,18.498226002150638
44.34482837936527,17.968039286720597
44.34482837936527,18.962139378151925
43.68209498507771,18.630772681008153
43.41700162736269,18.100585965578105
43.019361590790155,17.968039286720597
42.48917487536011,17.968039286720597
41.95898815993007,18.431952662721883
41.428801444500024,18.962139378151925
40.96488806849874,19.757419451296997
40.23588133478243,19.160959396438194
39.9707879770674,20.79570176901416
39.57314794049488,20.221332827298284
38.91041454620732,20.4864261850133
38.6453211884923,20.088786148440768
38.247681151919764,21.082886239872103
37.78376777591848,21.149159579300857
38.55695673592062,21.613072955302144
37.98258779420474,22.07698633130343
37.58494775763221,21.613072955302144
39.838241298209894,21.149159579300857
39.308054582779846,21.679346294730898
38.77786786734981,21.149159579300857
37.85004111534723,22.673446386162233
37.58494775763221,22.209533010160946
37.054761042202166,23.269906441021035
36.39202764791461,23.402453119878544
35.92811427191332,23.402453119878544
35.33165421705452,23.00481308330601
34.66892082276697,22.474626367875963
34.13873410733692,22.07698633130343
33.873640749621906,21.613072955302144
33.47600071304937,21.281706258158366
32.81326731876182,21.944439652445922
32.54817396104679,22.143259670732192
32.15053392447426,21.811892973588414
31.62034720904422,21.41425293701588
31.156433833042932,22.38626191530429
30.626247117612884,23.13735976216352
30.02978706275409,22.60717304673348
29.367053668466532,21.944439652445922
28.770593613607737,21.281706258158366
28.174133558748935,20.81779288215708
27.511400164461378,20.287606166727038
26.914940109602583,20.088786148440768
26.583573412458804,20.552699524442062
26.119660036457518,21.01661290044335
25.523199981598715,20.618972863870816
24.993013266168674,20.15505948786953
24.529099890167387,20.221332827298284
25.390653302741207,21.01661290044335
24.72791990845365,20.618972863870816
26.053386697028763,20.4864261850133
26.583573412458804,20.022512809012014
26.119660036457518,19.691146111868235
25.722019999884985,19.22723273586695
26.31848005474378,19.028412717580686
26.981213449031337,18.630772681008153
27.643946843318894,17.968039286720597
27.180033467317607,17.30530589243304
27.643946843318894,16.907665855860508
26.782393430745074,16.510025819287975
26.892848996459662,16.046112443286688
28.174133558748935,15.317105709570377
27.643946843318894,14.588098975854066
28.704320274178976,14.521825636425312
28.041586879891426,14.521825636425312
27.445126825032624,14.12418559985278
26.892848996459662,13.660272223851493
27.643946843318894,13.395178866136469
27.180033467317607,12.798718811277674
26.981213449031337,12.401078774705141
26.716120091316313,12.003438738132608
27.423035711889703,11.47325202270256
26.84866677017383,11.009338646701273
28.704320274178976,10.457060818128312
28.174133558748935,10.81051862841501
28.43922691646396,10.214058573556208
27.776493522176402,9.683871858126167
27.113760127888845,9.15368514269612
26.716120091316313,9.15368514269612
27.643946843318894,9.750145197554922
27.180033467317607,9.617598518697413
27.643946843318894,9.219958482124873
26.981213449031337,
26.716120091316313,
26.892848996459662,
28.704320274178976,
28.174133558748935,
27.643946843318894,
29.89724038389658,
29.367053668466532,
29.101960310751508,
28.83686695303649,
28.83686695303649,
28.306680237606443,
27.842766861605156,
28.969413631894,
28.43922691646396,
30.02978706275409,
29.49960034732404,
30.294880420469113,
29.89724038389658,
30.957613814756662,
31.090160493614178,
30.55997377818413,
30.02978706275409,
29.49960034732404,
28.903140292465245,
30.294880420469113,
29.764693705039065,
30.825067135899154,
30.825067135899154,
30.162333741611597,
30.02978706275409,
29.367053668466532,
28.903140292465245,
28.969413631894,
28.969413631894,
29.565873686752802,
28.969413631894,
30.02978706275409,
30.869249362184988,
30.294880420469113,
29.89724038389658,
32.15053392447426,
31.62034720904422,
31.090160493614178,
30.294880420469113,
29.89724038389658,
30.869249362184988,
31.090160493614178,
31.156433833042932,
31.62034720904422,
32.15053392447426,
31.62034720904422,
31.090160493614178,
30.626247117612884,
29.89724038389658,
29.234506989609024,
29.764693705039065,
29.234506989609024,
29.49960034732404,
28.969413631894,
29.035686971322754,
29.565873686752802,
30.02978706275409,
30.02978706275409,
29.367053668466532,
29.101960310751508,
28.704320274178976,
28.041586879891426,
27.776493522176402,
27.24630680674636,
26.782393430745074,
27.511400164461378,
27.776493522176402,
27.643946843318894,
27.180033467317607,
26.782393430745074,
26.583573412458804,
25.920840018171248,
25.65574666045623,
25.832475565599573,
26.583573412458804,
26.119660036457518,
26.053386697028763,
25.65574666045623,
26.451026733601296,
26.185933375886272,
25.65574666045623,
24.993013266168674,
24.330279871881118,
23.800093156451076,
23.13735976216352,
22.474626367875963,
22.209533010160946,
22.342079689018455,
22.209533010160946,
21.944439652445922,
21.41425293701588,
21.149159579300857,
20.751519542728325,
20.088786148440768,
19.82369279072575,
19.42605275415322,
18.89586603872317,
18.431952662721883,
17.835492607863088,
17.17275921357553,
16.775119177003,
16.775119177003,
18.36567932329313,
17.901765947291842,
17.30530589243304,
19.95623946958326,
19.42605275415322,
18.962139378151925,
19.42605275415322,
18.763319359865662,
18.498226002150638,
18.100585965578105,
17.570399250148064,
17.106485874146777,
16.510025819287975,
15.847292425000418,
15.582199067285401,
15.052012351855353,
14.521825636425312,
13.726545563280247,
13.461452205565223,
12.931265490135182,
12.401078774705141,
12.33480543527638,
12.135985416990117,
11.870892059275093,
11.340705343845052,
10.677971949557495,
10.147785234127454,
10.280331912984963,
