Y(hoy),Y(ayer)
-2.5104225967648404,-1.913962541906045
-2.974335972766127,-2.0465092207635536
-2.5766959361935875,-2.7755159544798573
-2.70924261505111,-2.3116025784785705
-2.974335972766127,-1.913962541906045
-2.1127825601923007,-2.179055899621062
-1.913962541906045,-2.70924261505111
-2.5104225967648404,-2.444149257336079
-2.974335972766127,-2.974335972766127
-2.974335972766127,-2.3116025784785705
-1.9802358813347922,-2.179055899621062
-2.444149257336079,-2.70924261505111
-1.9802358813347922,-2.3116025784785705
-1.913962541906045,-2.70924261505111
-1.9802358813347922,-2.70924261505111
-1.913962541906045,-2.444149257336079
-1.9802358813347922,-2.70924261505111
-1.9802358813347922,-2.179055899621062
-1.913962541906045,-2.5766959361935875
-2.0465092207635536,-2.70924261505111
-2.5104225967648404,-2.179055899621062
-2.5104225967648404,-1.913962541906045
-2.974335972766127,-1.7814158630485224
-2.5104225967648404,-0.9861357899034573
-1.11868246876098,-0.8535891110459488
-0.7210424321884403,-0.3234023956159007
-0.1908557167583922,0.20678431981413326
-0.05830903790088371,0.20678431981413326
1.0020643929591984,0.20678431981413326
2.2612578421055503,0.20678431981413326
2.3275311815343116,0.20678431981413326
4.713371400969507,0.8695177141016899
3.984364667253196,1.2671577506742295
3.6529979701094177,1.2671577506742295
3.3879046123944008,2.7914445575355984
3.454177951823155,2.194984502676803
3.3879046123944008,3.1228112546793767
3.829726875252767,2.5926245392493286
4.514551382683237,3.1228112546793767
5.1110114375420395,3.918091327824442
4.713371400969507,4.580824722111998
5.6411981529720805,4.713371400969507
5.1110114375420395,4.183184685539466
4.713371400969507,4.05063800668195
6.436478226117146,4.580824722111998
5.906291510687105,4.845918079827015
5.3761047952570635,5.3761047952570635
4.845918079827015,6.237658207830883
6.834118262689678,5.773744831829596
7.364304978119726,6.767844923260924
7.894491693549767,6.834118262689678
8.424678408979808,7.231758299262211
7.231758299262211,7.828218354121013
6.436478226117146,7.894491693549767
5.906291510687105,8.2921317301223
5.243558116399548,8.954865124409856
5.420287021542897,8.424678408979808
4.978464758684531,7.894491693549767
5.6411981529720805,7.231758299262211
5.1110114375420395,6.70157158383217
5.6411981529720805,6.303931547259637
5.1110114375420395,5.6411981529720805
5.773744831829596,5.1110114375420395
5.1110114375420395,4.713371400969507
4.647098061540753,4.779644740398261
4.514551382683237,5.3761047952570635
4.514551382683237,5.773744831829596
5.243558116399548,5.707471492400835
4.713371400969507,4.978464758684531
5.6411981529720805,5.3761047952570635
5.243558116399548,5.773744831829596
4.05063800668195,6.480660452402979
3.5204512912519093,6.038838189544613
3.7855446489669333,6.171384868402129
3.3879046123944008,5.6411981529720805
4.448278043254483,4.845918079827015
4.05063800668195,5.442378134685818
3.3879046123944008,4.845918079827015
4.713371400969507,4.713371400969507
4.05063800668195,4.580824722111998
3.3879046123944008,4.05063800668195
2.8577178969643597,3.6529979701094177
2.46007786039182,3.7855446489669333
3.255357933536885,4.448278043254483
2.725171218106837,4.713371400969507
3.0565379152506154,4.183184685539466
2.5263511998205814,3.5204512912519093
2.990264575821868,2.8577178969643597
2.5926245392493286,2.990264575821868
3.5867246306806635,2.5926245392493286
3.6529979701094177,3.3879046123944008
3.5867246306806635,2.8577178969643597
3.6529979701094177,2.990264575821868
2.990264575821868,3.6529979701094177
2.5263511998205814,3.5204512912519093
4.05063800668195,3.8518179883956876
2.990264575821868,4.315731364396974
4.580824722111998,3.5204512912519093
4.448278043254483,3.6529979701094177
4.05063800668195,4.05063800668195
3.255357933536885,4.713371400969507
2.725171218106837,4.713371400969507
2.3275311815343116,4.448278043254483
3.454177951823155,3.918091327824442
4.580824722111998,3.6529979701094177
4.1169113461107045,4.315731364396974
5.044738098113285,4.779644740398261
5.6411981529720805,5.3761047952570635
5.1110114375420395,4.779644740398261
4.05063800668195,4.91219141925577
3.5867246306806635,5.3761047952570635
4.05063800668195,5.773744831829596
4.647098061540753,5.773744831829596
4.713371400969507,6.171384868402129
4.978464758684531,6.569024904974661
5.508651474114572,5.972564850115859
5.906291510687105,6.436478226117146
6.480660452402979,6.834118262689678
6.70157158383217,6.9003916021184395
6.105111528973374,8.027038372407276
5.773744831829596,7.496851656977235
6.105111528973374,9.418778500411143
6.767844923260924,9.88269187641243
6.303931547259637,9.485051839839898
5.84001817125835,8.557225087837324
5.773744831829596,8.159585051264791
6.303931547259637,8.689771766694832
7.099211620404702,8.093311711836037
7.496851656977235,7.894491693549767
8.027038372407276,7.894491693549767
8.954865124409856,7.894491693549767
9.15368514269612,7.231758299262211
9.087411803267365,6.834118262689678
8.756045106123587,6.834118262689678
8.336313956408134,7.231758299262211
8.822318445552341,7.629398335834743
8.424678408979808,8.557225087837324
8.225858390693546,8.954865124409856
7.894491693549767,8.822318445552341
7.099211620404702,8.2921317301223
7.541033883263069,7.231758299262211
8.027038372407276,6.834118262689678
8.689771766694832,6.834118262689678
9.88269187641243,6.303931547259637
9.352505160982389,5.508651474114572
8.2921317301223,4.845918079827015
7.894491693549767,4.183184685539466
7.761945014692259,3.6529979701094177
7.1654849598334565,3.3879046123944008
4.713371400969507,2.8577178969643597
3.6529979701094177,2.3275311815343116
2.3275311815343116,1.7973444661042635
2.5263511998205814,1.399704429531738
2.5926245392493286,1.929891144961772
2.5263511998205814,2.3275311815343116
2.46007786039182,2.3275311815343116
2.46007786039182,1.929891144961772
2.5926245392493286,1.3334310901029767
2.3275311815343116,1.2671577506742295
2.0624378238192946,1.7310711266755163
1.7089800135325959,2.0624378238192946
2.194984502676803,1.3334310901029767
1.7310711266755163,1.2671577506742295
1.929891144961772,1.2671577506742295
1.5322511083892465,1.2671577506742295
1.5985244478179936,1.1346110718167068
2.194984502676803,0.6044243563866729
2.194984502676803,0.20678431981413326
1.5985244478179936,1.1346110718167068
1.2671577506742295,1.2671577506742295
1.2671577506742295,0.7369710352441814
0.2730576592428946,0.20678431981413326
1.1346110718167068,0.6044243563866729
0.67069769581542,1.0020643929591984
0.47187767752916443,0.2730576592428946
1.5322511083892465,0.20678431981413326
1.0020643929591984,0.47187767752916443
2.194984502676803,1.1346110718167068
1.664797787246755,1.1346110718167068
1.5322511083892465,0.6044243563866729
1.2671577506742295,0.20678431981413326
1.5985244478179936,0.8695177141016899
2.194984502676803,1.2671577506742295
1.7973444661042635,1.2671577506742295
1.929891144961772,1.2671577506742295
1.5322511083892465,1.2671577506742295
2.194984502676803,1.2671577506742295
1.7310711266755163,1.2671577506742295
1.664797787246755,1.2671577506742295
1.2671577506742295,1.2671577506742295
1.2671577506742295,1.2671577506742295
1.2671577506742295,1.2671577506742295
2.1287111632480418,1.2671577506742295
1.7310711266755163,1.1346110718167068
2.0624378238192946,0.6044243563866729
1.5322511083892465,0.20678431981413326
1.2671577506742295,1.0020643929591984
1.1346110718167068,0.4056043381004031
0.6044243563866729,0.8695177141016899
0.47187767752916443,0.47187767752916443
0.5381510169579116,1.2671577506742295
1.1346110718167068,1.5322511083892465
0.7369710352441814,2.0624378238192946
1.1346110718167068,1.2671577506742295
0.5381510169579116,1.2671577506742295
0.5381510169579116,1.2671577506742295
1.1346110718167068,1.1346110718167068
0.33933099867164174,0.6044243563866729
0.20678431981413326,0.20678431981413326
0.20678431981413326,0.20678431981413326
0.07423764095662477,0.20678431981413326
-0.5222224139021705,0.20678431981413326
-0.8535891110459488,0.20678431981413326
-0.8535891110459488,0.20678431981413326
,0.20678431981413326
,0.20678431981413326
,0.20678431981413326
,0.20678431981413326
,0.20678431981413326
,0.20678431981413326
,0.20678431981413326
,0.20678431981413326
,0.33933099867164174
,0.9357910535304512
,0.47187767752916443
,-0.1908557167583922
,-0.654769092759679
,-0.8535891110459488
,-0.8535891110459488
,-0.3234023956159007
,-0.1908557167583922
,-0.654769092759679
,-0.8535891110459488
,-0.8535891110459488
,-0.8535891110459488
,-1.2512291476184885
,-1.7151425236197753
,-1.5163225053335054
