Y(hoy),Y(ayer)
4.05063800668195,4.448278043254483
4.580824722111998,3.918091327824442
3.984364667253196,3.454177951823155
3.5867246306806635,3.3879046123944008
3.078629028393536,2.990264575821868
2.5926245392493286,2.5263511998205814
1.2671577506742295,2.3275311815343116
1.2671577506742295,1.7973444661042635
-0.3234023956159007,1.2671577506742295
-0.7873157716172017,1.2671577506742295
-0.25712905618715354,0.8695177141016899
0.14051098038538612,0.4056043381004031
0.07423764095662477,1.0020643929591984
-0.45594907447342337,0.7369710352441814
-0.8535891110459488,0.20678431981413326
-0.8535891110459488,0.20678431981413326
-1.1849558081897271,-0.5884957533309318
-1.7814158630485224,-0.7210424321884403
-2.1127825601923007,0.07423764095662477
-1.4721402790476645,-0.3234023956159007
-1.913962541906045,-0.7210424321884403
-1.11868246876098,-0.8535891110459488
-1.2512291476184885,-0.8535891110459488
-1.7814158630485224,-0.8535891110459488
-2.1127825601923007,-0.8535891110459488
-2.0465092207635536,-0.8535891110459488
-1.4721402790476645,-0.8535891110459488
-1.913962541906045,-0.7210424321884403
-1.383775826475997,-0.1466734904725655
-1.913962541906045,-0.45594907447342337
-1.1849558081897271,-0.8535891110459488
-1.7814158630485224,-0.8535891110459488
-1.1849558081897271,-0.8535891110459488
-1.7814158630485224,-0.8535891110459488
-2.179055899621062,-0.8535891110459488
-0.9198624504747102,-0.8535891110459488
-1.9802358813347922,-0.8535891110459488
-1.7372336367626815,-0.8535891110459488
-2.179055899621062,-0.8535891110459488
-1.1849558081897271,-0.8535891110459488
-0.5884957533309318,-0.9198624504747102
-0.1466734904725655,-1.648869184191014
0.20678431981413326,-0.9861357899034573
0.20678431981413326,-0.8535891110459488
1.5322511083892465,-0.8535891110459488
3.8518179883956876,-0.8535891110459488
4.359913590682808,-0.8535891110459488
3.5867246306806635,-0.8535891110459488
3.3879046123944008,-0.8535891110459488
6.038838189544613,-0.8535891110459488
5.508651474114572,-0.7873157716172017
6.834118262689678,-0.1908557167583922
7.496851656977235,-0.5884957533309318
10.147785234127454,0.20678431981413326
10.677971949557495,0.20678431981413326
11.738345380417584,0.7369710352441814
15.184559030712869,1.2671577506742295
16.311205801001712,1.5322511083892465
15.847292425000418,2.0624378238192946
18.36567932329313,2.8577178969643597
17.835492607863088,3.3879046123944008
21.01661290044335,3.6529979701094177
20.4864261850133,4.24945802496822
20.022512809012014,3.918091327824442
19.42605275415322,3.6529979701094177
19.028412717580686,4.448278043254483
20.68524620329957,4.845918079827015
20.221332827298284,6.436478226117146
29.89724038389658,5.906291510687105
35.11074308562534,7.298031638690972
34.536374143909455,6.834118262689678
34.13873410733692,7.828218354121013
31.62034720904422,9.087411803267365
31.222707172471686,8.689771766694832
36.92221436334465,10.147785234127454
36.39202764791461,10.94306530727252
35.86184093248457,10.545425270699987
37.58494775763221,12.003438738132608
43.41700162736269,11.605798701560076
43.5495483062202,13.859092242137756
43.15190826964766,13.328905526707715
44.079735021650244,15.71474574614291
45.14010845251033,15.184559030712869
44.609921737080285,16.510025819287975
46.46557524108544,16.112385782715442
45.9353885256554,16.907665855860508
45.53774848908286,18.100585965578105
45.80284184679789,17.702945929005573
44.87501509479531,18.962139378151925
44.411101718794015,18.498226002150638
44.146008361079,19.691146111868235
43.5495483062202,19.160959396438194
44.079735021650244,20.751519542728325
43.5495483062202,20.221332827298284
44.87501509479531,22.07698633130343
45.40520181022535,23.402453119878544
44.87501509479531,23.00481308330601
43.88091500336398,25.258106623883698
43.35072828793393,24.860466587311166
43.748368324506465,27.113760127888845
43.15190826964766,28.174133558748935
46.46557524108544,30.02978706275409
45.80284184679789,29.49960034732404
45.53774848908286,31.885440566759243
45.14010845251033,31.355253851329195
44.74246841593779,33.21090735533435
44.34482837936527,32.81326731876182
43.81464166393522,34.27128078619444
43.28445494850518,33.873640749621906
42.820541572503885,35.0665608593395
42.29035485707385,34.66892082276697
43.019361590790155,36.19320762962835
42.3566281965026,35.596747574769545
42.48917487536011,37.187307721059675
41.95898815993007,36.657121005629634
41.296254765642516,39.57314794049488
41.03116140792749,39.04296122506483
41.428801444500024,38.51277450963478
41.03116140792749,38.115134473062255
42.02526149935882,42.886814911932646
42.48917487536011,42.3566281965026
41.56134812335753,41.95898815993007
41.16370808678501,41.428801444500024
40.76606805021247,41.69389480221505
39.9707879770674,41.16370808678501
39.705694619352386,42.886814911932646
39.308054582779846,42.22408151764509
38.77786786734981,43.5495483062202
38.247681151919764,44.609921737080285
37.717494436489716,44.079735021650244
36.657121005629634,45.53774848908286
37.187307721059675,45.14010845251033
37.717494436489716,44.676195076509046
36.72339434505839,45.18429067879617
37.187307721059675,44.87501509479531
36.126934290199586,44.477375058222776
35.72929425362706,44.34482837936527
35.33165421705452,43.63791275879187
34.80146750162448,44.34482837936527
33.60854739190688,47.52594867194553
33.34345403419186,47.06203529594424
33.34345403419186,46.46557524108544
33.2771806947631,45.9353885256554
33.21090735533435,46.99576195651548
32.68072063990431,46.33302856222792
32.15053392447426,45.670295167940374
31.355253851329195,44.91919732108114
33.21090735533435,44.477375058222776
32.68072063990431,45.40520181022535
32.15053392447426,44.87501509479531
32.54817396104679,44.411101718794015
32.283080603331776,43.81464166393522
32.98999622390516,43.35072828793393
32.54817396104679,42.62172155421762
34.27128078619444,42.62172155421762
33.74109407076439,43.28445494850518
33.21090735533435,43.019361590790155
32.415627282189284,42.3566281965026
31.62034720904422,41.69389480221505
30.957613814756662,40.96488806849874
30.692520457041645,40.898614729069976
30.162333741611597,40.36842801363994
29.632147026181556,39.705694619352386
29.101960310751508,39.04296122506483
30.55997377818413,38.6453211884923
30.02978706275409,38.247681151919764
29.49960034732404,37.717494436489716
29.101960310751508,36.657121005629634
31.156433833042932,36.19320762962835
31.686620548472973,35.6630209141983
32.68072063990431,35.464200895912036
32.15053392447426,34.80146750162448
34.006187428479414,34.40382746505195
33.47600071304937,33.47600071304937
34.27128078619444,33.07836067647684
33.60854739190688,32.68072063990431
33.34345403419186,32.15053392447426
32.945813997619325,31.686620548472973
32.415627282189284,31.222707172471686
31.885440566759243,31.686620548472973
31.355253851329195,32.216807263903014
32.415627282189284,31.885440566759243
33.21090735533435,31.48780053018671
32.68072063990431,31.090160493614178
32.01798724561675,30.42742709932662
31.752893887901728,30.162333741611597
31.222707172471686,30.957613814756662
30.957613814756662,31.222707172471686
31.48780053018671,31.752893887901728
30.957613814756662,31.48780053018671
32.194716150760094,31.222707172471686
33.47600071304937,31.885440566759243
32.945813997619325,32.216807263903014
34.27128078619444,31.885440566759243
33.74109407076439,31.42152719075795
33.21090735533435,31.090160493614178
32.74699397933306,30.55997377818413
32.34935394276053,30.162333741611597
32.945813997619325,29.764693705039065
32.415627282189284,29.300780329037778
34.27128078619444,29.632147026181556
33.74109407076439,29.101960310751508
34.580556370195296,29.367053668466532
35.86184093248457,29.101960310751508
35.33165421705452,29.764693705039065
36.92221436334465,29.367053668466532
36.39202764791461,30.692520457041645
37.4524010787747,30.162333741611597
36.657121005629634,30.825067135899154
36.2594809690571,30.361153759897867
35.86184093248457,30.02978706275409
35.33165421705452,30.162333741611597
34.80146750162448,30.825067135899154
34.40382746505195,30.294880420469113
36.657121005629634,29.764693705039065
36.126934290199586,29.367053668466532
35.72929425362706,30.626247117612884
37.25358106048843,30.02978706275409
37.717494436489716,31.62034720904422
37.58494775763221,31.090160493614178
37.31985439991719,32.74699397933306
36.92221436334465,32.15053392447426
37.717494436489716,33.21090735533435
38.77786786734981,32.68072063990431
38.247681151919764,32.283080603331776
37.717494436489716,33.60854739190688
37.25358106048843,34.13873410733692
36.524574326772125,33.54227405247813
35.86184093248457,32.945813997619325
36.657121005629634,32.283080603331776
38.51277450963478,32.01798724561675
37.98258779420474,31.62034720904422
37.4524010787747,31.090160493614178
35.72929425362706,30.55997377818413
39.308054582779846,30.162333741611597
39.9707879770674,32.72490286619014
40.63352137135496,32.15053392447426
41.20789031307084,35.0665608593395
41.95898815993007,34.40382746505195
41.296254765642516,34.006187428479414
40.76606805021247,33.47600071304937
40.50097469249745,34.006187428479414
42.09153483878758,33.47600071304937
40.10333465592491,33.01208733704808
39.44060126163736,32.48190062161804
38.91041454620732,32.283080603331776
38.38022783077727,32.01798724561675
37.916314454775986,31.222707172471686
40.10333465592491,30.957613814756662
39.57314794049488,30.55997377818413
39.04296122506483,30.162333741611597
38.51277450963478,31.752893887901728
41.95898815993007,31.090160493614178
41.428801444500024,32.98999622390516
40.898614729069976,32.415627282189284
43.15190826964766,32.68072063990431
42.62172155421762,32.283080603331776
41.82644148107256,33.60854739190688
41.56134812335753,32.945813997619325
41.16370808678501,34.80146750162448
41.49507478392878,34.27128078619444
41.03116140792749,35.33165421705452
42.09153483878758,34.27128078619444
42.09153483878758,33.74109407076439
41.82644148107256,33.07836067647684
41.428801444500024,32.54817396104679
40.898614729069976,32.01798724561675
40.36842801363994,31.48780053018671
42.48917487536011,35.33165421705452
41.95898815993007,34.80146750162448
39.9707879770674,34.27128078619444
46.73066859880046,33.74109407076439
46.06793520451291,33.21090735533435
45.60402182851162,32.81326731876182
45.14010845251033,35.86184093248457
44.609921737080285,36.39202764791461
44.079735021650244,35.86184093248457
43.5495483062202,35.464200895912036
43.15190826964766,35.6630209141983
49.11650881823566,36.701303231915475
48.65259544223437,36.126934290199586
48.05613538737557,37.4524010787747
47.52594867194553,37.010578815916325
50.75125119081162,38.247681151919764
50.17688224909574,37.78376777591848
49.6466955336657,40.898614729069976
50.972162322240806,40.36842801363994
50.90588898281206,39.838241298209894
50.309428927953256,39.308054582779846
49.779242212523215,38.77786786734981
49.24905549709317,44.079735021650244
48.718868781663126,43.5495483062202
48.4537754239481,43.019361590790155
48.05613538737557,42.48917487536011
47.52594867194553,41.95898815993007
46.99576195651548,41.56134812335753
46.46557524108544,46.200481883370415
45.9353885256554,45.53774848908286
45.47147514965411,45.00756177365282
43.41700162736269,44.609921737080285
44.87501509479531,44.74246841593779
44.34482837936527,44.21228170050775
46.46557524108544,43.68209498507771
45.9353885256554,43.41700162736269
45.40520181022535,45.40520181022535
43.81464166393522,44.74246841593779
43.41700162736269,44.21228170050775
48.32122874509059,43.28445494850518
47.85731536908931,42.62172155421762
47.260855314230504,41.95898815993007
49.91178889138072,41.36252810507127
49.381602175950675,42.79845045936097
48.851415460520634,44.079735021650244
49.779242212523215,43.5495483062202
49.24905549709317,43.019361590790155
48.4537754239481,42.48917487536011
48.188682066233085,42.02526149935882
47.65849535080304,41.56134812335753
47.39340199308802,41.16370808678501
46.99576195651548,41.95898815993007
46.598121919942955,41.49507478392878
48.32122874509059,40.76606805021247
47.791042029660545,40.23588133478243
49.779242212523215,41.49507478392878
49.24905549709317,40.898614729069976
48.718868781663126,43.085634930218916
47.260855314230504,42.48917487536011
48.05613538737557,41.95898815993007
46.46557524108544,45.14010845251033
45.9353885256554,44.477375058222776
45.40520181022535,43.94718834279273
44.87501509479531,43.48327496679144
44.21228170050775,43.5495483062202
43.68209498507771,43.019361590790155
43.28445494850518,42.48917487536011
46.73066859880046,41.95898815993007
46.200481883370415,41.296254765642516
45.670295167940374,40.76606805021247
49.91178889138072,40.10333465592491
49.381602175950675,39.44060126163736
48.851415460520634,38.77786786734981
48.32122874509059,38.247681151919764
47.791042029660545,37.85004111534723
47.260855314230504,38.84414120677856
53.092909183960984,38.247681151919764
52.562722468530936,37.85004111534723
52.032535753100895,39.705694619352386
51.502349037670854,39.17550790392234
50.972162322240806,38.51277450963478
50.441975606810765,37.85004111534723
49.91178889138072,37.58494775763221
49.44787551537944,37.187307721059675
50.972162322240806,36.657121005629634
50.441975606810765,36.126934290199586
48.851415460520634,35.6630209141983
48.32122874509059,35.19910753819701
47.791042029660545,34.80146750162448
47.12830863537299,34.33755412562319
46.598121919942955,34.006187428479414
45.9353885256554,33.34345403419186
45.47147514965411,33.07836067647684
45.40520181022535,32.68072063990431
44.87501509479531,32.283080603331776
44.34482837936527,34.867740841053234
43.81464166393522,34.27128078619444
43.35072828793393,33.74109407076439
42.75426823307514,33.21090735533435
42.22408151764509,35.39792755648328
41.69389480221505,35.33165421705452
41.16370808678501,34.867740841053234
40.63352137135496,35.11074308562534
40.10333465592491,34.66892082276697
42.09153483878758,35.0665608593395
41.428801444500024,34.536374143909455
40.898614729069976,33.873640749621906
40.50097469249745,33.34345403419186
42.75426823307514,34.006187428479414
43.15190826964766,36.17111651648543
42.48917487536011,35.596747574769545
42.157808178216335,35.0665608593395
42.22408151764509,34.536374143909455
41.69389480221505,37.4524010787747
41.16370808678501,36.92221436334465
40.69979471078371,36.2594809690571
40.10333465592491,35.596747574769545
39.57314794049488,35.0665608593395
39.04296122506483,34.60264748333822
38.51277450963478,34.40382746505195
37.85004111534723,34.40382746505195
37.58494775763221,34.867740841053234
37.054761042202166,34.40382746505195
36.59084766620087,35.92811427191332
37.49658330506054,35.33165421705452
36.92221436334465,36.92221436334465
36.524574326772125,36.39202764791461
38.77786786734981,38.247681151919764
38.247681151919764,37.717494436489716
37.717494436489716,37.31985439991719
37.187307721059675,37.4524010787747
36.72339434505839,36.92221436334465
38.247681151919764,36.39202764791461
37.78376777591848,35.92811427191332
38.77786786734981,36.17111651648543
38.976687885636075,35.72929425362706
40.63352137135496,35.86184093248457
40.10333465592491,35.33165421705452
39.57314794049488,34.80146750162448
39.04296122506483,34.40382746505195
41.95898815993007,36.701303231915475
41.428801444500024,36.126934290199586
41.428801444500024,35.596747574769545
40.898614729069976,38.55695673592062
40.23588133478243,37.98258779420474
39.838241298209894,37.4524010787747
39.37432792220861,39.838241298209894
38.77786786734981,39.308054582779846
38.247681151919764,38.51277450963478
37.58494775763221,37.98258779420474
37.31985439991719,37.58494775763221
36.92221436334465,36.17111651648543
36.524574326772125,35.72929425362706
37.4524010787747,36.59084766620087
39.57314794049488,37.25358106048843
39.04296122506483,36.78966768448714
38.51277450963478,37.78376777591848
37.98258779420474,38.247681151919764
41.95898815993007,39.705694619352386
41.428801444500024,39.04296122506483
40.898614729069976,38.6453211884923
40.36842801363994,41.428801444500024
39.838241298209894,40.96488806849874
39.37432792220861,40.36842801363994
40.36842801363994,41.95898815993007
38.77786786734981,41.16370808678501
38.31395449134852,40.63352137135496
37.85004111534723,40.23588133478243
39.838241298209894,39.838241298209894
39.308054582779846,39.37432792220861
38.77786786734981,38.91041454620732
38.38022783077727,39.37432792220861
43.019361590790155,39.838241298209894
42.3566281965026,39.308054582779846
41.82644148107256,38.6453211884923
41.296254765642516,38.115134473062255
40.76606805021247,39.57314794049488
40.30215467421118,38.976687885636075
43.019361590790155,38.6453211884923
42.48917487536011,38.77786786734981
41.95898815993007,38.247681151919764
41.428801444500024,37.85004111534723
40.76606805021247,37.4524010787747
40.23588133478243,36.98848770277341
39.705694619352386,36.458300987343364
39.17550790392234,35.90602315877041
38.6453211884923,36.701303231915475
38.115134473062255,38.6453211884923
37.85004111534723,37.98258779420474
41.95898815993007,37.4524010787747
41.428801444500024,38.91041454620732
40.898614729069976,39.04296122506483
40.36842801363994,39.57314794049488
39.838241298209894,39.9707879770674
39.308054582779846,39.838241298209894
42.09153483878758,39.308054582779846
41.56134812335753,38.6453211884923
41.03116140792749,38.38022783077727
40.76606805021247,37.98258779420474
40.36842801363994,37.31985439991719
39.57314794049488,36.8559410239159
39.04296122506483,37.717494436489716
38.51277450963478,37.31985439991719
37.98258779420474,38.51277450963478
37.51867441820345,38.115134473062255
40.63352137135496,37.58494775763221
40.037061316496164,37.31985439991719
36.92221436334465,36.92221436334465
42.48917487536011,36.39202764791461
41.95898815993007,35.86184093248457
41.428801444500024,35.33165421705452
44.34482837936527,34.80146750162448
43.81464166393522,34.40382746505195
43.28445494850518,37.4524010787747
42.75426823307514,36.98848770277341
42.3566281965026,36.39202764791461
41.95898815993007,35.86184093248457
41.428801444500024,36.92221436334465
41.03116140792749,36.2594809690571
43.5495483062202,35.596747574769545
43.019361590790155,35.0665608593395
42.48917487536011,34.536374143909455
45.40520181022535,35.0665608593395
44.94128843422406,35.86184093248457
44.34482837936527,36.39202764791461
47.52594867194553,37.31985439991719
46.99576195651548,36.78966768448714
46.46557524108544,37.4524010787747
46.00166186508415,36.92221436334465
46.99576195651548,36.2594809690571
46.46557524108544,35.53047423534079
45.80284184679789,35.33165421705452
45.27265513136784,34.80146750162448
44.609921737080285,34.27128078619444
43.94718834279273,33.80736741019315
43.41700162736269,33.34345403419186
42.75426823307514,34.867740841053234
42.157808178216335,34.27128078619444
43.28445494850518,33.74109407076439
42.886814911932646,35.39792755648328
43.59373053250604,35.19910753819701
43.15190826964766,34.735194162195725
44.34482837936527,35.33165421705452
43.81464166393522,34.867740841053234
43.28445494850518,34.27128078619444
42.62172155421762,33.74109407076439
42.09153483878758,33.21090735533435
41.82644148107256,32.68072063990431
41.428801444500024,32.15053392447426
40.898614729069976,31.686620548472973
40.36842801363994,31.090160493614178
39.9707879770674,30.55997377818413
40.898614729069976,30.02978706275409
40.36842801363994,29.49960034732404
39.705694619352386,29.035686971322754
39.17550790392234,28.43922691646396
38.91041454620732,27.975313540462672
39.882423524495735,27.37885348560387
39.308054582779846,26.84866677017383
41.16370808678501,28.770593613607737
40.567248031926205,28.174133558748935
41.95898815993007,27.776493522176402
41.428801444500024,28.83686695303649
40.898614729069976,28.83686695303649
40.36842801363994,28.306680237606443
39.838241298209894,27.37885348560387
39.44060126163736,26.84866677017383
38.71159452792105,26.31848005474378
38.247681151919764,25.78829333931374
37.78376777591848,25.258106623883698
40.30215467421118,24.72791990845365
39.308054582779846,24.19773319302361
38.77786786734981,23.534999798736052
43.019361590790155,23.00481308330601
42.3566281965026,22.342079689018455
41.82644148107256,21.811892973588414
41.296254765642516,21.281706258158366
40.83234138964123,20.751519542728325
41.95898815993007,19.95623946958326
41.428801444500024,19.558599433010727
40.898614729069976,19.028412717580686
40.36842801363994,18.498226002150638
39.9707879770674,17.702945929005573
41.20789031307084,17.106485874146777
40.63352137135496,17.63667258957682
41.95898815993007,17.17275921357553
41.296254765642516,18.100585965578105
40.76606805021247,18.630772681008153
40.50097469249745,18.100585965578105
40.10333465592491,17.63667258957682
39.44060126163736,17.17275921357553
38.91041454620732,16.775119177003
38.38022783077727,16.112385782715442
37.85004111534723,15.449652388427886
39.838241298209894,14.786918994140336
39.308054582779846,14.12418559985278
38.77786786734981,13.660272223851493
39.838241298209894,13.06381216899269
39.37432792220861,12.401078774705141
38.6453211884923,11.870892059275093
38.115134473062255,11.406978683273806
37.4524010787747,11.340705343845052
36.98848770277341,10.81051862841501
36.43620987420045,10.280331912984963
35.86184093248457,9.88269187641243
38.77786786734981,9.352505160982389
38.247681151919764,8.888591784981102
37.717494436489716,8.424678408979808
37.187307721059675,7.960765032978522
41.95898815993007,
41.428801444500024,
40.898614729069976,
40.36842801363994,
39.838241298209894,
39.308054582779846,
40.898614729069976,
40.23588133478243,
39.9707879770674,
39.90451463763865,
39.705694619352386,
39.44060126163736,
38.91041454620732,
38.6453211884923,
38.247681151919764,
37.717494436489716,
37.187307721059675,
36.72339434505839,
36.126934290199586,
35.596747574769545,
37.187307721059675,
36.72339434505839,
37.717494436489716,
37.76167666277556,
39.04296122506483,
38.38022783077727,
37.98258779420474,
39.838241298209894,
39.308054582779846,
38.77786786734981,
38.247681151919764,
37.58494775763221,
37.054761042202166,
36.78966768448714,
36.39202764791461,
35.86184093248457,
35.33165421705452,
34.80146750162448,
34.27128078619444,
33.74109407076439,
33.21090735533435,
32.54817396104679,
32.01798724561675,
31.48780053018671,
31.222707172471686,
32.15053392447426,
31.62034720904422,
31.222707172471686,
32.74699397933306,
33.21090735533435,
32.68072063990431,
32.15053392447426,
31.62034720904422,
31.090160493614178,
30.626247117612884,
30.02978706275409,
29.49960034732404,
28.306680237606443,
27.776493522176402,
27.24630680674636,
26.84866677017383,
28.770593613607737,
27.37885348560387,
26.981213449031337,
28.306680237606443,
27.643946843318894,
27.113760127888845,
26.583573412458804,
25.65574666045623,
25.258106623883698,
25.523199981598715,
24.993013266168674,
24.462826550738633,
23.932639835308585,
23.402453119878544,
22.872266404448496,
22.342079689018455,
21.811892973588414,
21.149159579300857,
20.884066221585833,
19.028412717580686,
20.4864261850133,
20.022512809012014,
22.07698633130343,
21.54679961587339,
21.01661290044335,
21.54679961587339,
21.01661290044335,
20.552699524442062,
19.82369279072575,
19.558599433010727,
19.09468605700944,
19.160959396438194,
19.691146111868235,
19.293506075295703,
19.95623946958326,
19.42605275415322,
18.763319359865662,
18.23313264443562,
17.570399250148064,
16.907665855860508,
16.112385782715442,
15.582199067285401,
14.786918994140336,
14.521825636425312,
13.991638920995271,
13.328905526707715,
12.666172132420158,
12.268532095847625,
11.937165398703847,
11.340705343845052,
10.677971949557495,
10.280331912984963,
10.94306530727252,
10.94306530727252,
10.412878591842478,
