Y(hoy),Y(ayer)
1.1144846780639526,2.1360429209722724
1.0543930167164035,2.1360429209722724
1.0543930167164035,2.0759512596247234
0.9943013553688544,1.595217968844338
1.0543930167164035,1.1745763394115016
1.0543930167164035,1.2947596621065998
0.9342096940213054,1.8956762755820833
1.0543930167164035,2.1360429209722724
1.0543930167164035,1.655309630191887
1.0543930167164035,1.2947596621065998
1.0543930167164035,1.8956762755820833
0.9943013553688544,2.1360429209722724
0.45347640324092,2.1360429209722724
0.21310975785073083,2.1360429209722724
0.21310975785073083,2.0158595982771743
0.5736597259360181,1.535126307496789
1.595217968844338,1.1745763394115016
2.0158595982771743,1.1745763394115016
2.1360429209722724,1.1745763394115016
2.1360429209722724,1.1745763394115016
2.1360429209722724,1.1745763394115016
2.1360429209722724,1.1745763394115016
2.1360429209722724,1.655309630191887
2.1360429209722724,1.1745763394115016
2.3163179050149196,1.7754929528869852
2.857142857142854,1.3548513234541488
3.2577539327931717,1.1745763394115016
4.179159406788919,1.1745763394115016
3.698426116008534,1.655309630191887
4.719984358916854,2.1360429209722724
5.260809311044788,1.7754929528869852
5.901787032085302,1.3548513234541488
6.102092569910461,1.7754929528869852
6.102092569910461,1.4149429848016908
6.222275892605559,2.1360429209722724
6.8231925060810426,2.0759512596247234
7.424109119556526,1.7754929528869852
8.02502573303201,1.3548513234541488
8.505759023812395,1.8956762755820833
9.106675637287879,1.4149429848016908
9.747653358328392,2.1360429209722724
10.468753294498974,2.1360429209722724
11.63052541388491,2.3163179050149196
11.149792123104525,2.736959534447756
12.391686457620523,3.0975095025330504
13.072725286226067,3.0975095025330504
14.034191867786845,3.0975095025330504
13.55345857700646,3.0975095025330504
15.236025094737812,3.0975095025330504
14.815383465304969,3.5181511319658867
16.197491676298583,3.998884422746272
15.716758385518197,3.998884422746272
17.158958257859354,3.2176928252281414
16.678224967078968,3.2176928252281414
17.759874871334837,3.818609438703625
18.36079148481032,4.058976084093821
18.961708098285804,4.4796177135266575
19.081891420980902,4.960351004307043
19.802991357151484,5.020442665654592
19.26216640502355,5.020442665654592
18.961708098285804,5.020442665654592
21.966291165663222,5.020442665654592
21.425466213535287,5.020442665654592
21.00482458410245,5.020442665654592
20.524091293322066,5.020442665654592
23.688918790959605,4.419526052179108
23.16812439261419,4.11906774544137
22.687391101833803,4.659892697569305
24.85069091034554,4.29934272948401
24.430049280912705,5.020442665654592
26.292890782686705,5.080534327002141
25.87224915325386,5.741542601825174
25.331424201125927,5.260809311044788
28.215823945808246,6.102092569910461
27.674998993680312,6.222275892605559
27.254357364247475,6.943375828776141
26.77362407346709,6.943375828776141
29.8983904635396,6.342459215300657
29.357565511411664,6.102092569910461
28.936923881978828,6.102092569910461
31.58095698127095,6.102092569910461
31.040132029143017,6.102092569910461
30.61949039971018,6.102092569910461
33.263523499002304,6.102092569910461
32.84288186956947,6.582825860690853
32.30205691744153,6.222275892605559
34.34517340325817,7.063559151471239
33.744256789782696,7.183742474166337
34.94609001673366,7.664475764946722
36.38828988907482,7.183742474166337
35.907556598294434,8.145209055727108
35.42682330751405,8.145209055727108
38.07085640680617,8.145209055727108
37.59012311602579,8.145209055727108
37.1093898252454,8.145209055727108
39.75342292453753,8.325484039769755
39.33278129510469,8.746125669202591
38.79195634297675,9.106675637287879
41.19562279687869,9.467225605373173
40.7148895060983,10.248417202891297
40.23415621531791,9.82777557345846
41.79653941035417,10.789242155019231
42.397456023829655,10.66905883232414
42.91825042217508,10.248417202891297
43.118555960000236,10.068142218848656
42.637822669219844,10.428692186933944
42.03690605574437,10.789242155019231
41.556172764963975,10.548875509629042
40.9552561514885,10.068142218848656
40.35433953801301,11.029608800409427
40.11397289262282,11.089700461756976
40.35433953801301,12.411717011403042
40.9552561514885,11.8708920592751
40.474522860708106,11.390158768494715
39.99378956992772,12.71217531814078
39.513056279147335,12.231442027360394
39.03232298836694,12.171350366012845
38.551589697586564,12.65208365679323
38.19103972950127,13.132816947573616
39.99378956992772,13.55345857700646
39.513056279147335,14.094283529134394
39.03232298836694,14.154375190481943
39.03232298836694,14.154375190481943
38.431406374891466,14.094283529134394
38.19103972950127,13.793825222396649
38.19103972950127,13.313091931616263
38.551589697586564,13.192908608921165
38.19103972950127,13.192908608921165
39.03232298836694,13.613550238354001
38.551589697586564,13.914008545091747
38.07085640680617,13.313091931616263
37.469939793330695,13.192908608921165
37.04929816389785,13.253000270268714
37.1093898252454,14.394741835872132
36.688748195812565,13.793825222396649
36.14792324368463,15.055750110695165
35.66718995290424,15.115841772042714
35.06627333942876,15.115841772042714
37.830489761415976,15.055750110695165
37.2295731479405,14.75529180395742
36.74883985716011,14.334650174524583
36.32819822772727,14.75529180395742
35.907556598294434,14.394741835872132
35.42682330751405,15.53648340147555
37.830489761415976,15.115841772042714
37.3497564706356,15.957125030908387
36.869023179855205,15.53648340147555
36.38828988907482,15.236025094737812
35.907556598294434,15.776850046865746
35.42682330751405,16.197491676298583
34.825906694038565,16.798408289774066
34.58554004864837,16.43785832168878
34.22499008056308,16.978683273816713
33.744256789782696,17.038774935164263
33.14334017630721,16.678224967078968
32.902973530917016,16.257583337646132
32.54242356283173,16.077308353603485
32.06169027205134,16.077308353603485
31.46077365857586,15.716758385518197
30.919948706447926,15.175933433390263
30.37912375431999,15.236025094737812
29.778207140844508,15.957125030908387
29.177290527369024,15.53648340147555
29.057107204673926,15.055750110695165
28.57637391389354,14.51492515856723
27.975457300418057,14.154375190481943
27.374540686942574,15.055750110695165
26.893807396162188,14.995658449347616
26.292890782686705,14.394741835872132
26.893807396162188,13.67364189970155
27.01399071885728,13.253000270268714
26.413074105381796,13.793825222396649
25.93234081460141,13.373183592963812
25.331424201125927,12.892450302183427
24.97087423304064,12.351625350055492
25.331424201125927,11.991075381970198
25.812157491906312,11.390158768494715
25.271332539778378,10.969517139061878
25.812157491906312,10.488783848281493
24.85069091034554,10.068142218848656
24.369957619565156,9.947958896153558
24.00940765147987,9.226858959982977
25.091057555735738,9.106675637287879
24.610324264955345,9.106675637287879
25.091057555735738,9.106675637287879
24.490140942260254,9.106675637287879
24.249774296870058,9.04658397594033
23.769041006089672,8.746125669202591
23.288307715309287,8.265392378422206
22.687391101833803,8.145209055727108
22.206657811053418,8.145209055727108
24.12959097417496,8.145209055727108
23.648857683394574,8.265392378422206
23.16812439261419,8.786186776767622
26.05252413729651,8.505759023812395
25.571790846516123,8.145209055727108
25.091057555735738,9.04658397594033
24.610324264955345,8.98649231459278
25.091057555735738,8.505759023812395
24.610324264955345,8.145209055727108
24.12959097417496,8.98649231459278
24.12959097417496,8.625942346507493
24.490140942260254,9.467225605373173
24.00940765147987,10.008050557501107
25.091057555735738,10.068142218848656
24.610324264955345,10.068142218848656
24.249774296870058,10.068142218848656
24.89075201791057,9.707592250763362
25.091057555735738,9.286950621330526
24.490140942260254,10.008050557501107
24.249774296870058,9.587408928068264
23.88922432878477,10.068142218848656
23.408491038004385,10.248417202891297
23.04794106991909,10.789242155019231
24.85069091034554,10.548875509629042
24.369957619565156,10.188325541543747
26.05252413729651,10.969517139061878
25.571790846516123,10.548875509629042
26.112615798644057,11.209883784452074
25.93234081460141,11.63052541388491
25.69197416921122,12.051167043317747
25.371485308690957,12.411717011403042
26.05252413729651,12.832358640835878
25.571790846516123,14.094283529134394
25.571790846516123,13.55345857700646
25.091057555735738,13.192908608921165
26.05252413729651,15.055750110695165
26.05252413729651,14.51492515856723
25.631882507863672,15.296116756085361
25.271332539778378,15.716758385518197
25.852218599471342,16.077308353603485
26.05252413729651,15.957125030908387
25.75206583055877,15.476391740128001
25.371485308690957,15.055750110695165
26.05252413729651,14.51492515856723
27.01399071885728,14.154375190481943
26.533257428076894,14.875475126652518
27.134174041552377,14.274558513177034
27.07408238020483,14.154375190481943
27.01399071885728,14.154375190481943
26.593349089424443,13.914008545091747
26.232799121339156,13.433275254311361
26.172707459991607,13.072725286226067
26.81368518103212,12.65208365679323
26.292890782686705,12.291533688707943
27.975457300418057,12.952541963530976
27.49472400963767,13.192908608921165
27.73509065502786,13.192908608921165
27.254357364247475,12.71217531814078
28.456190591198443,12.171350366012845
27.975457300418057,12.111258704665296
27.614907332332763,12.111258704665296
29.8983904635396,12.111258704665296
29.357565511411664,12.051167043317747
28.936923881978828,11.8708920592751
29.8983904635396,11.510342091189813
29.297473850064115,11.089700461756976
29.217351634934055,11.089700461756976
30.37912375431999,11.390158768494715
29.8983904635396,11.8708920592751
31.100223690490566,11.510342091189813
31.100223690490566,11.089700461756976
30.980040367795475,10.90942547771433
30.73967372240528,10.428692186933944
30.37912375431999,10.068142218848656
31.220407013185664,10.008050557501107
30.61949039971018,9.707592250763362
31.861384734226178,9.286950621330526
33.98462343517289,9.106675637287879
33.5038901443925,9.106675637287879
33.023156853612115,9.106675637287879
32.54242356283173,9.106675637287879
37.3497564706356,9.106675637287879
36.74883985716011,9.106675637287879
36.32819822772727,9.106675637287879
35.907556598294434,9.106675637287879
35.42682330751405,9.106675637287879
34.94609001673366,9.106675637287879
34.46535672595327,8.98649231459278
39.513056279147335,8.505759023812395
39.03232298836694,8.02502573303201
38.551589697586564,7.604384103599173
38.07085640680617,7.183742474166337
40.9552561514885,6.8231925060810426
40.474522860708106,6.402550876648206
39.99378956992772,5.921817585867821
40.9552561514885,5.501175956434977
40.474522860708106,5.080534327002141
40.11397289262282,5.020442665654592
41.43598944226888,4.900259342959494
42.03690605574437,4.4796177135266575
41.43598944226888,4.058976084093821
40.8350728287934,3.698426116008534
40.35433953801301,3.2777844865756904
39.75342292453753,3.0975095025330504
39.27268963375714,3.0975095025330504
40.23415621531791,3.0975095025330504
39.75342292453753,3.0975095025330504
40.99531725905353,2.9773261798379522
41.07543947418359,2.496592889057567
40.8350728287934,2.1360429209722724
40.35433953801301,2.1360429209722724
39.81351458588507,2.1360429209722724
39.27268963375714,
38.67177302028166,
38.25113139084882,
38.19103972950127,
38.431406374891466,
39.03232298836694,
38.611681358934106,
38.07085640680617,
37.59012311602579,
37.1093898252454,
36.688748195812565,
36.02773992098953,
35.787373275599336,
35.42682330751405,
34.825906694038565,
34.58554004864837,
34.22499008056308,
33.744256789782696,
33.263523499002304,
32.782790208221925,
32.30205691744153,
31.821323626661147,
31.220407013185664,
30.73967372240528,
30.258940431624893,
30.138757108929795,
30.67958206105773,
31.100223690490566,
30.980040367795475,
30.499307077015082,
30.018573786234697,
29.417657172759213,
28.81674055928373,
28.336007268503344,
27.73509065502786,
27.134174041552377,
26.593349089424443,
26.05252413729651,
25.571790846516123,
25.091057555735738,
26.81368518103212,
26.292890782686705,
25.812157491906312,
25.331424201125927,
27.01399071885728,
26.533257428076894,
25.93234081460141,
25.451607523821025,
25.21124087843083,
24.85069091034554,
24.369957619565156,
24.00940765147987,
24.97087423304064,
24.490140942260254,
24.610324264955345,
24.18968263552251,
25.091057555735738,
25.331424201125927,
24.97087423304064,
25.812157491906312,
25.812157491906312,
25.331424201125927,
24.730507587650443,
24.490140942260254,
24.12959097417496,
24.12959097417496,
24.12959097417496,
24.85069091034554,
24.369957619565156,
25.852218599471342,
25.331424201125927,
27.01399071885728,
26.533257428076894,
26.05252413729651,
25.571790846516123,
25.091057555735738,
24.610324264955345,
24.12959097417496,
23.648857683394574,
23.288307715309287,
23.9292854363498,
24.12959097417496,
24.610324264955345,
25.091057555735738,
25.091057555735738,
25.091057555735738,
26.05252413729651,
25.571790846516123,
25.21124087843083,
27.254357364247475,
26.83371573481464,
29.65802381814941,
29.057107204673926,
28.69655723658863,
28.215823945808246,
27.73509065502786,
31.380651443445792,
30.859857045100377,
30.37912375431999,
32.58248467039676,
32.06169027205134,
33.3837068216974,
33.98462343517289,
33.68416512843515,
33.14334017630721,
32.902973530917016,
32.54242356283173,
31.941506949356246,
31.46077365857586,
31.220407013185664,
30.859857045100377,
30.258940431624893,
29.778207140844508,
29.057107204673926,
28.57637391389354,
27.975457300418057,
27.374540686942574,
27.134174041552377,
26.653440750771992,
26.172707459991607,
25.451607523821025,
25.091057555735738,
25.091057555735738,
24.490140942260254,
23.769041006089672,
23.528674360699476,
23.16812439261419,
22.687391101833803,
22.266749472400967,
22.24671891861845,
23.16812439261419,
22.687391101833803,
23.769041006089672,
24.369957619565156,
24.85069091034554,
24.309865958217607,
24.85069091034554,
23.88922432878477,
23.408491038004385,
22.927757747223993,
22.32684113374851,
22.08647448835832,
21.725924520273026,
21.125007906797542,
20.524091293322066,
20.16354132523677,
20.16354132523677,
20.103449663889222,
20.043358002541673,
19.562624711761288,
18.961708098285804,
18.36079148481032,
17.880058194029935,
17.39932490324955,
18.12042483942013,
17.639691548639746,
20.043358002541673,
19.562624711761288,
19.081891420980902,
18.601158130200517,
21.00482458410245,
20.524091293322066,
19.923174679846582,
19.682808034456386,
19.3222580663711,
18.841524775590706,
18.240608162115223,
17.699783209987288,
17.158958257859354,
16.678224967078968,
16.197491676298583,
15.776850046865746,
15.236025094737812,
15.836941708213295,
15.957125030908387,
15.476391740128001,
15.055750110695165,
14.394741835872132,
14.154375190481943,
13.67364189970155,
13.313091931616263,
13.072725286226067,
13.112786393791097,
14.034191867786845,
13.55345857700646,
14.57501681991478,
14.995658449347616,
14.51492515856723,
14.094283529134394,
13.914008545091747,
13.67364189970155,
13.313091931616263,
13.012633624878518,
13.072725286226067,
12.591991995445682,
12.231442027360394,
12.832358640835878,
12.291533688707943,
12.832358640835878,
11.8708920592751,
11.390158768494715,
10.789242155019231,
10.548875509629042,
10.068142218848656,
9.527317266720715,
8.98649231459278,
8.385575701117297,
8.145209055727108,
8.02502573303201,
7.544292442251624,
6.943375828776141,
6.703009183385944,
6.342459215300657,
5.741542601825174,
5.501175956434977,
5.14062598834969,
5.14062598834969,
5.14062598834969,
4.659892697569305,
4.21922051435395,
4.900259342959494,
4.900259342959494,
4.29934272948401,
3.698426116008534,
3.2176928252281414,
3.0975095025330504,
3.3378761479232395,
3.938792761398723,
