Y(hoy),Y(ayer)
6.834118262689678,7.761945014692259
7.541033883263069,7.231758299262211
7.099211620404702,6.767844923260924
7.761945014692259,6.436478226117146
7.099211620404702,5.906291510687105
6.70157158383217,5.773744831829596
6.237658207830883,5.773744831829596
5.707471492400835,5.1110114375420395
5.309831455828302,4.580824722111998
4.845918079827015,4.1169113461107045
4.514551382683237,3.5867246306806635
4.580824722111998,3.5204512912519093
4.580824722111998,3.3879046123944008
3.918091327824442,2.990264575821868
3.5204512912519093,2.5263511998205814
3.5204512912519093,2.3275311815343116
3.5204512912519093,2.3275311815343116
3.3879046123944008,2.3275311815343116
3.1228112546793767,1.929891144961772
2.725171218106837,1.4659777689604852
2.3938045209630587,1.2671577506742295
2.46007786039182,1.2671577506742295
1.929891144961772,1.2008844112454682
1.5322511083892465,0.6044243563866729
1.2008844112454682,0.20678431981413326
0.6927888089583405,0.20678431981413326
0.47187767752916443,0.20678431981413326
1.0020643929591984,0.20678431981413326
0.47187767752916443,0.20678431981413326
1.1346110718167068,0.20678431981413326
0.6927888089583405,0.07423764095662477
0.47187767752916443,-0.45594907447342337
0.20678431981413326,-0.8535891110459488
0.20678431981413326,-0.8535891110459488
0.20678431981413326,-0.8535891110459488
0.07423764095662477,-0.8535891110459488
-0.5222224139021705,-0.8535891110459488
-0.8535891110459488,-0.8535891110459488
-0.8535891110459488,-0.8535891110459488
-0.8535891110459488,-0.8535891110459488
-0.5222224139021705,-0.8535891110459488
0.07423764095662477,-1.2512291476184885
-0.389675735044662,-1.7151425236197753
-0.5884957533309318,-1.8476892024772837
-0.05830903790088371,-1.2512291476184885
1.5322511083892465,-1.648869184191014
2.923991236393107,-0.8535891110459488
3.5204512912519093,-0.8535891110459488
3.7855446489669333,-0.8535891110459488
4.315731364396974,-0.8535891110459488
4.978464758684531,-0.8535891110459488
5.6411981529720805,-0.8535891110459488
6.171384868402129,-0.8535891110459488
11.208158664987543,-0.8535891110459488
10.81051862841501,-0.8535891110459488
12.798718811277674,-0.8535891110459488
12.268532095847625,-0.8535891110459488
11.870892059275093,-0.8535891110459488
15.582199067285401,-0.8535891110459488
13.859092242137756,-0.8535891110459488
13.328905526707715,-0.8535891110459488
16.775119177003,-0.8535891110459488
16.377479140430466,-0.1908557167583922
16.510025819287975,0.20678431981413326
15.847292425000418,0.20678431981413326
15.184559030712869,0.7369710352441814
14.65437231528282,1.2671577506742295
13.991638920995271,1.5322511083892465
13.527725544993984,2.0624378238192946
14.190458939281534,2.3275311815343116
15.71474574614291,2.725171218106837
15.317105709570377,3.255357933536885
16.775119177003,3.7855446489669333
16.244932461572958,4.448278043254483
17.835492607863088,5.1110114375420395
17.30530589243304,6.171384868402129
19.028412717580686,5.6411981529720805
18.36567932329313,7.099211620404702
19.73532833815407,7.629398335834743
20.265515053584117,8.424678408979808
19.82369279072575,9.352505160982389
21.54679961587339,8.954865124409856
20.950339561014594,11.738345380417584
22.342079689018455,11.208158664987543
24.462826550738633,10.677971949557495
22.872266404448496,13.06381216899269
25.78829333931374,12.666172132420158
25.390653302741207,14.389278957567804
27.776493522176402,13.859092242137756
25.920840018171248,14.786918994140336
25.258106623883698,15.582199067285401
24.72791990845365,17.17275921357553
23.932639835308585,16.510025819287975
23.402453119878544,15.979839103857934
22.60717304673348,17.437852571290556
22.07698633130343,16.775119177003
21.54679961587339,16.311205801001712
21.01661290044335,15.847292425000418
20.4864261850133,15.449652388427886
20.022512809012014,14.985739012426599
19.691146111868235,14.65437231528282
19.160959396438194,16.244932461572958
19.028412717580686,15.71474574614291
19.293506075295703,17.63667258957682
19.95623946958326,17.040212534718023
20.618972863870816,16.64257249814549
21.149159579300857,18.763319359865662
21.679346294730898,18.100585965578105
21.281706258158366,19.492326093581973
21.01661290044335,19.95623946958326
20.4864261850133,20.4864261850133
19.95623946958326,21.347979597587127
19.42605275415322,20.884066221585833
18.89586603872317,21.811892973588414
18.431952662721883,22.60717304673348
17.968039286720597,22.209533010160946
18.431952662721883,23.00481308330601
19.028412717580686,23.667546477593568
19.691146111868235,24.19773319302361
19.889966130154505,25.78829333931374
19.42605275415322,25.258106623883698
19.09468605700944,24.72791990845365
19.757419451296997,27.643946843318894
20.088786148440768,27.24630680674636
20.618972863870816,26.053386697028763
20.618972863870816,25.523199981598715
20.353879506155792,24.993013266168674
19.82369279072575,24.462826550738633
19.22723273586695,23.932639835308585
19.205141622724028,23.13735976216352
19.757419451296997,22.60717304673348
20.353879506155792,22.07698633130343
20.884066221585833,21.54679961587339
21.41425293701588,20.751519542728325
21.811892973588414,20.15505948786953
22.342079689018455,20.552699524442062
22.739719725590987,20.088786148440768
22.209533010160946,21.01661290044335
23.468726459307298,20.4864261850133
23.402453119878544,19.82369279072575
22.872266404448496,19.22723273586695
22.209533010160946,19.757419451296997
22.739719725590987,20.221332827298284
23.468726459307298,20.751519542728325
24.241915419309443,21.149159579300857
23.667546477593568,21.54679961587339
24.529099890167387,22.07698633130343
24.993013266168674,22.209533010160946
25.523199981598715,21.679346294730898
24.993013266168674,21.281706258158366
24.59537322959614,20.751519542728325
24.529099890167387,20.221332827298284
24.59537322959614,19.558599433010727
24.59537322959614,19.09468605700944
24.462826550738633,20.022512809012014
25.390653302741207,19.558599433010727
25.65574666045623,20.088786148440768
25.65574666045623,20.088786148440768
25.65574666045623,20.088786148440768
25.58947332102747,20.884066221585833
25.523199981598715,20.353879506155792
25.05928660559743,20.751519542728325
24.794193247882404,20.353879506155792
25.302288850169532,20.751519542728325
25.58947332102747,21.149159579300857
25.78829333931374,21.149159579300857
26.451026733601296,21.082886239872103
26.716120091316313,20.4864261850133
26.716120091316313,20.088786148440768
26.84866677017383,20.088786148440768
27.423035711889703,20.15505948786953
27.643946843318894,20.751519542728325
27.113760127888845,21.149159579300857
26.716120091316313,21.149159579300857
27.643946843318894,21.149159579300857
27.113760127888845,21.54679961587339
27.90904020103391,22.872266404448496
28.571773595321467,22.342079689018455
29.764693705039065,21.944439652445922
29.234506989609024,23.402453119878544
31.62034720904422,22.739719725590987
31.156433833042932,22.342079689018455
30.55997377818413,23.203633101592274
33.74109407076439,22.739719725590987
33.21090735533435,22.739719725590987
32.68072063990431,23.00481308330601
32.15053392447426,22.474626367875963
35.33165421705452,23.269906441021035
34.80146750162448,22.872266404448496
34.27128078619444,22.474626367875963
33.93991408905066,23.534999798736052
34.536374143909455,24.19773319302361
33.47600071304937,24.0651865141661
34.006187428479414,23.601273138164807
34.27128078619444,24.0651865141661
33.74109407076439,23.932639835308585
33.21090735533435,23.534999798736052
32.68072063990431,24.993013266168674
32.01798724561675,24.462826550738633
31.752893887901728,25.523199981598715
31.222707172471686,24.860466587311166
30.55997377818413,24.0651865141661
30.02978706275409,23.601273138164807
29.89724038389658,24.19773319302361
29.433327007895286,24.860466587311166
28.43922691646396,25.523199981598715
27.776493522176402,25.390653302741207
27.643946843318894,24.993013266168674
27.113760127888845,24.59537322959614
26.782393430745074,24.59537322959614
27.643946843318894,24.59537322959614
27.113760127888845,24.59537322959614
29.632147026181556,24.19773319302361
28.969413631894,23.733819817022322
28.43922691646396,24.264006532452363
28.041586879891426,23.800093156451076
31.355253851329195,24.72791990845365
30.692520457041645,25.258106623883698
30.22860708104035,24.772102134739484
32.15053392447426,25.523199981598715
30.55997377818413,25.05928660559743
30.02978706275409,24.59537322959614
29.49960034732404,25.125559945026183
28.969413631894,24.59537322959614
28.43922691646396,25.65574666045623
27.776493522176402,25.65574666045623
27.511400164461378,25.65574666045623
27.113760127888845,26.119660036457518
26.583573412458804,26.64984675188756
26.185933375886272,27.24630680674636
25.78829333931374,26.716120091316313
25.258106623883698,28.505500255892713
24.860466587311166,27.90904020103391
24.462826550738633,30.162333741611597
23.932639835308585,29.49960034732404
23.269906441021035,28.969413631894
22.60717304673348,31.885440566759243
21.944439652445922,31.355253851329195
21.41425293701588,30.825067135899154
20.751519542728325,31.62034720904422
20.221332827298284,31.222707172471686
19.691146111868235,31.090160493614178
19.160959396438194,30.626247117612884
18.498226002150638,30.02978706275409
18.100585965578105,29.367053668466532
17.835492607863088,28.83686695303649
17.17275921357553,28.83686695303649
16.510025819287975,28.83686695303649
15.979839103857934,28.704320274178976
15.582199067285401,28.306680237606443
15.648472406714156,27.643946843318894
15.317105709570377,27.113760127888845
14.963647899283679,26.716120091316313
14.521825636425312,27.113760127888845
15.317105709570377,28.43922691646396
15.71474574614291,27.90904020103391
15.71474574614291,27.511400164461378
15.847292425000418,30.294880420469113
15.781019085571664,29.764693705039065
15.71474574614291,29.234506989609024
15.184559030712869,28.83686695303649
14.521825636425312,32.15053392447426
15.758927972428744,31.62034720904422
16.244932461572958,31.090160493614178
15.847292425000418,30.692520457041645
15.582199067285401,34.006187428479414
15.71474574614291,33.34345403419186
16.112385782715442,32.87954065819057
15.582199067285401,32.54817396104679
16.775119177003,32.945813997619325
16.244932461572958,32.415627282189284
15.847292425000418,31.885440566759243
16.510025819287975,31.48780053018671
16.510025819287975,31.090160493614178
15.847292425000418,30.55997377818413
15.758927972428744,29.89724038389658
17.040212534718023,29.234506989609024
16.510025819287975,28.571773595321467
17.17275921357553,27.90904020103391
16.775119177003,27.37885348560387
16.819301403288833,26.981213449031337
17.835492607863088,26.583573412458804
17.30530589243304,26.053386697028763
17.30530589243304,25.523199981598715
16.841392516431753,24.993013266168674
18.100585965578105,24.462826550738633
17.570399250148064,24.0651865141661
18.697046020436908,23.667546477593568
18.697046020436908,23.13735976216352
18.630772681008153,22.739719725590987
18.100585965578105,22.342079689018455
19.42605275415322,21.811892973588414
19.95623946958326,21.41425293701588
20.088786148440768,21.01661290044335
20.221332827298284,20.4864261850133
21.149159579300857,20.022512809012014
21.149159579300857,19.42605275415322
21.74561963415966,19.028412717580686
22.342079689018455,18.630772681008153
22.938539743877257,18.16685930500686
23.402453119878544,17.30530589243304
23.402453119878544,16.775119177003
23.402453119878544,16.244932461572958
23.402453119878544,15.052012351855353
22.872266404448496,14.521825636425312
22.474626367875963,15.052012351855353
23.13735976216352,15.582199067285401
23.667546477593568,15.582199067285401
24.330279871881118,15.184559030712869
24.529099890167387,14.720645654711582
25.05928660559743,14.521825636425312
25.523199981598715,15.052012351855353
25.65574666045623,15.582199067285401
25.65574666045623,15.184559030712869
25.65574666045623,14.720645654711582
25.65574666045623,14.521825636425312
25.65574666045623,14.521825636425312
26.053386697028763,14.919465672997845
26.583573412458804,15.582199067285401
26.119660036457518,15.979839103857934
25.65574666045623,16.64257249814549
25.65574666045623,16.775119177003
25.65574666045623,16.775119177003
25.58947332102747,17.040212534718023
25.523199981598715,17.570399250148064
24.860466587311166,17.084394761003857
24.39655321130987,17.901765947291842
24.330279871881118,17.968039286720597
24.0651865141661,17.968039286720597
23.534999798736052,18.100585965578105
23.269906441021035,18.763319359865662
22.872266404448496,19.028412717580686
22.342079689018455,18.630772681008153
21.811892973588414,18.14476819186394
21.281706258158366,18.962139378151925
20.618972863870816,19.028412717580686
20.353879506155792,19.028412717580686
19.82369279072575,19.028412717580686
19.293506075295703,19.028412717580686
18.23313264443562,19.558599433010727
17.570399250148064,19.028412717580686
16.907665855860508,20.4864261850133
16.64257249814549,21.944439652445922
16.112385782715442,21.811892973588414
15.449652388427886,21.149159579300857
14.919465672997845,21.149159579300857
15.184559030712869,21.149159579300857
14.786918994140336,21.149159579300857
15.71474574614291,21.613072955302144
15.582199067285401,22.07698633130343
15.317105709570377,21.613072955302144
14.919465672997845,21.149159579300857
14.521825636425312,20.884066221585833
14.12418559985278,20.309697279869958
13.130085508421452,20.751519542728325
12.53362545356265,21.21543291872961
12.003438738132608,21.944439652445922
10.015238555269946,21.41425293701588
10.545425270699987,21.811892973588414
9.683871858126167,21.347979597587127
9.087411803267365,20.884066221585833
8.424678408979808,20.4864261850133
7.894491693549767,20.088786148440768
9.15368514269612,20.884066221585833
8.689771766694832,20.618972863870816
,20.287606166727038
,20.884066221585833
,20.4864261850133
,20.088786148440768
,21.01661290044335
,20.618972863870816
,20.530608411299134
,20.088786148440768
,21.149159579300857
,21.149159579300857
,21.149159579300857
,21.082886239872103
,20.751519542728325
,20.353879506155792
,19.95623946958326
,19.42605275415322
,18.962139378151925
,18.36567932329313
,17.968039286720597
,17.968039286720597
,18.36567932329313
,18.763319359865662
,18.36567932329313
,17.835492607863088
,17.30530589243304
,16.907665855860508
,16.57629915871673
,16.112385782715442
,15.71474574614291
,15.582199067285401
,14.919465672997845
,14.521825636425312
,14.12418559985278
,13.461452205565223
,13.328905526707715
,12.931265490135182
,12.53362545356265
,12.003438738132608
,11.605798701560076
,10.94306530727252
,10.412878591842478
,11.075611986130028
,10.677971949557495
,10.015238555269946
,9.352505160982389
,8.822318445552341
,8.093311711836037
,8.557225087837324
