Y(hoy),Y(ayer)
9.02113846383861,11.340705343845052
9.15368514269612,11.274432004416298
9.683871858126167,10.677971949557495
10.0815118946987,10.280331912984963
9.683871858126167,9.88269187641243
9.087411803267365,9.352505160982389
8.954865124409856,8.954865124409856
9.087411803267365,8.2921317301223
7.099211620404702,7.629398335834743
6.502751565545907,6.966664941547194
6.436478226117146,6.834118262689678
5.773744831829596,6.834118262689678
5.177284776970794,6.70157158383217
4.647098061540753,6.237658207830883
4.580824722111998,5.773744831829596
4.514551382683237,5.773744831829596
4.647098061540753,5.6411981529720805
4.713371400969507,5.1110114375420395
3.6529979701094177,4.713371400969507
2.3938045209630587,4.315731364396974
2.3275311815343116,3.8518179883956876
1.9961644843905333,4.05063800668195
1.4880688821034056,3.6529979701094177
1.3334310901029767,4.448278043254483
1.399704429531738,3.918091327824442
2.194984502676803,3.1228112546793767
1.7310711266755163,2.725171218106837
1.5985244478179936,3.255357933536885
2.23916672896263,2.990264575821868
1.7973444661042635,2.5926245392493286
2.3275311815343116,2.3275311815343116
1.929891144961772,2.3275311815343116
1.5985244478179936,2.194984502676803
0.9357910535304512,1.399704429531738
0.42769545124332353,1.2671577506742295
0.20678431981413326,1.2671577506742295
0.47187767752916443,1.2671577506742295
0.20678431981413326,1.2671577506742295
0.20678431981413326,1.2671577506742295
0.20678431981413326,1.2671577506742295
0.20678431981413326,1.2671577506742295
0.7369710352441814,0.8695177141016899
0.2730576592428946,0.20678431981413326
0.20678431981413326,0.20678431981413326
0.6486065826724996,0.47187767752916443
0.20678431981413326,1.1346110718167068
0.7369710352441814,0.7369710352441814
0.2730576592428946,0.20678431981413326
0.20678431981413326,0.20678431981413326
0.47187767752916443,0.20678431981413326
1.1346110718167068,0.20678431981413326
1.2671577506742295,0.20678431981413326
1.2671577506742295,0.67069769581542
1.3334310901029767,1.1346110718167068
1.7310711266755163,0.67069769581542
1.2671577506742295,0.20678431981413326
2.3275311815343116,0.20678431981413326
2.46007786039182,0.20678431981413326
2.725171218106837,0.6044243563866729
2.3275311815343116,1.0020643929591984
3.255357933536885,0.33933099867164174
2.7914445575355984,0.20678431981413326
3.1228112546793767,0.20678431981413326
2.3938045209630587,0.20678431981413326
3.5204512912519093,0.20678431981413326
2.990264575821868,0.20678431981413326
3.5204512912519093,0.20678431981413326
3.5204512912519093,0.6044243563866729
2.990264575821868,1.0020643929591984
2.46007786039182,0.47187767752916443
1.7973444661042635,0.8695177141016899
1.2671577506742295,1.2671577506742295
0.7369710352441814,1.2671577506742295
0.20678431981413326,1.2671577506742295
-0.45594907447342337,1.2671577506742295
-0.9861357899034573,1.5322511083892465
-1.5163225053335054,2.2612578421055503
-2.0465092207635536,2.3275311815343116
-2.5766959361935875,2.3275311815343116
-2.974335972766127,2.3275311815343116
-2.974335972766127,2.3938045209630587
-2.974335972766127,3.3216312729656394
-2.974335972766127,2.8577178969643597
-2.974335972766127,3.5867246306806635
-2.974335972766127,4.183184685539466
-2.974335972766127,4.647098061540753
-2.974335972766127,3.918091327824442
-2.974335972766127,4.448278043254483
-0.7210424321884403,3.918091327824442
-1.383775826475997,4.713371400969507
-1.913962541906045,4.845918079827015
-2.444149257336079,5.442378134685818
-2.8417892939086187,5.906291510687105
4.315731364396974,6.436478226117146
3.6529979701094177,6.834118262689678
3.1228112546793767,6.9003916021184395
2.65889787867809,7.496851656977235
2.194984502676803,7.099211620404702
1.664797787246755,7.894491693549767
1.1346110718167068,7.894491693549767
0.6044243563866729,7.894491693549767
0.07423764095662477,7.496851656977235
5.6411981529720805,7.032938280975948
5.1110114375420395,6.834118262689678
6.171384868402129,6.834118262689678
5.773744831829596,7.032938280975948
6.70157158383217,7.563124996405989
6.966664941547194,8.027038372407276
7.629398335834743,8.557225087837324
7.761945014692259,9.02113846383861
7.4305783175484805,9.750145197554922
6.966664941547194,9.219958482124873
7.541033883263069,10.214058573556208
7.761945014692259,11.075611986130028
7.231758299262211,10.545425270699987
6.834118262689678,11.340705343845052
7.761945014692259,11.340705343845052
7.298031638690972,11.274432004416298
7.496851656977235,11.340705343845052
6.966664941547194,11.870892059275093
6.966664941547194,11.340705343845052
7.629398335834743,12.401078774705141
7.894491693549767,12.467352114133895
7.894491693549767,13.196358847850206
7.960765032978522,14.389278957567804
8.557225087837324,13.925365581566517
8.093311711836037,13.90327446842359
9.617598518697413,13.461452205565223
9.087411803267365,14.720645654711582
10.147785234127454,14.256732278710288
10.677971949557495,15.184559030712869
10.147785234127454,15.582199067285401
11.208158664987543,15.648472406714156
11.47325202270256,16.377479140430466
11.075611986130028,15.847292425000418
12.047620964418442,16.775119177003
12.003438738132608,16.775119177003
11.47325202270256,16.841392516431753
11.141885325558782,17.371579231861794
11.804618719846339,17.835492607863088
11.340705343845052,18.674954907293987
12.268532095847625,18.23313264443562
12.401078774705141,18.23313264443562
12.401078774705141,17.968039286720597
12.401078774705141,18.630772681008153
12.842901037563507,19.028412717580686
14.12418559985278,19.09468605700944
13.593998884422739,19.691146111868235
14.698554541568662,19.293506075295703
15.71474574614291,20.552699524442062
15.184559030712869,20.088786148440768
16.244932461572958,21.01661290044335
16.64257249814549,21.54679961587339
15.979839103857934,22.40835302844721
16.57629915871673,21.944439652445922
15.979839103857934,22.872266404448496
17.17275921357553,23.33617978044979
17.835492607863088,23.402453119878544
18.100585965578105,23.402453119878544
17.702945929005573,23.932639835308585
18.674954907293987,23.534999798736052
18.962139378151925,24.794193247882404
19.42605275415322,24.330279871881118
19.95623946958326,25.390653302741207
19.492326093581973,25.65574666045623
19.09468605700944,26.119660036457518
19.42605275415322,26.64984675188756
19.028412717580686,26.716120091316313
21.01661290044335,26.84866677017383
20.4864261850133,27.710220182747648
19.95623946958326,27.24630680674636
20.618972863870816,28.174133558748935
20.15505948786953,28.770593613607737
21.01661290044335,28.903140292465245
20.552699524442062,28.83686695303649
20.353879506155792,28.704320274178976
20.088786148440768,28.21831578503477
20.4864261850133,29.101960310751508
20.088786148440768,28.571773595321467
21.01661290044335,29.764693705039065
21.325888484444206,29.49960034732404
22.651355273019313,29.101960310751508
22.07698633130343,30.957613814756662
23.269906441021035,30.294880420469113
22.60717304673348,29.89724038389658
23.269906441021035,30.957613814756662
22.60717304673348,30.42742709932662
23.402453119878544,30.02978706275409
22.872266404448496,30.02978706275409
22.209533010160946,31.156433833042932
21.944439652445922,30.55997377818413
21.54679961587339,30.162333741611597
21.149159579300857,32.01798724561675
22.342079689018455,31.554073869615465
21.944439652445922,31.28898051190044
22.342079689018455,30.692520457041645
22.342079689018455,30.162333741611597
22.010712991874676,30.692520457041645
21.54679961587339,31.28898051190044
22.12116855758927,31.951713906187997
21.54679961587339,31.48780053018671
22.342079689018455,32.415627282189284
22.40835302844721,33.2771806947631
22.938539743877257,32.81326731876182
23.402453119878544,33.74109407076439
23.402453119878544,34.13873410733692
23.402453119878544,33.47600071304937
23.402453119878544,33.01208733704808
23.402453119878544,32.415627282189284
23.071086422734766,32.283080603331776
22.474626367875963,32.74699397933306
22.209533010160946,33.07836067647684
22.209533010160946,32.415627282189284
21.944439652445922,31.885440566759243
21.54679961587339,31.355253851329195
21.21543291872961,32.74699397933306
21.082886239872103,32.15053392447426
21.01661290044335,31.752893887901728
20.552699524442062,33.2771806947631
19.95623946958326,32.81326731876182
19.42605275415322,32.283080603331776
19.028412717580686,32.15053392447426
18.962139378151925,31.686620548472973
18.89586603872317,31.090160493614178
18.36567932329313,30.42742709932662
17.835492607863088,29.764693705039065
17.30530589243304,29.300780329037778
16.775119177003,28.704320274178976
16.112385782715442,28.041586879891426
15.449652388427886,27.776493522176402
14.786918994140336,27.37885348560387
14.190458939281534,26.84866677017383
13.593998884422739,26.185933375886272
12.931265490135182,25.523199981598715
12.268532095847625,25.05928660559743
11.738345380417584,24.59537322959614
11.406978683273806,24.0651865141661
12.047620964418442,23.534999798736052
12.33480543527638,23.13735976216352
12.268532095847625,22.673446386162233
11.738345380417584,22.209533010160946
11.274432004416298,22.143259670732192
11.208158664987543,21.54679961587339
11.208158664987543,21.149159579300857
11.738345380417584,21.082886239872103
11.340705343845052,20.751519542728325
12.268532095847625,20.353879506155792
11.605798701560076,19.95623946958326
11.141885325558782,19.492326093581973
11.075611986130028,18.962139378151925
10.81051862841501,18.498226002150638
10.412878591842478,18.100585965578105
11.47325202270256,18.674954907293987
10.94306530727252,18.630772681008153
10.015238555269946,18.23313264443562
12.268532095847625,17.835492607863088
11.738345380417584,17.371579231861794
11.274432004416298,16.841392516431753
12.135985416990117,16.64257249814549
11.47325202270256,15.979839103857934
12.798718811277674,15.582199067285401
13.328905526707715,16.046112443286688
13.328905526707715,16.510025819287975
12.798718811277674,15.847292425000418
12.401078774705141,15.781019085571664
12.798718811277674,16.377479140430466
12.401078774705141,16.112385782715442
13.328905526707715,15.847292425000418
13.925365581566517,16.841392516431753
14.389278957567804,16.377479140430466
14.786918994140336,17.437852571290556
15.493834614713727,17.570399250148064
15.71474574614291,17.106485874146777
15.184559030712869,17.63667258957682
14.65437231528282,17.17275921357553
14.720645654711582,18.100585965578105
15.250832370141623,18.763319359865662
15.71474574614291,19.028412717580686
15.71474574614291,19.028412717580686
15.71474574614291,19.028412717580686
15.71474574614291,19.028412717580686
15.71474574614291,19.82369279072575
15.71474574614291,19.293506075295703
16.244932461572958,20.088786148440768
16.64257249814549,20.088786148440768
15.979839103857934,20.088786148440768
15.317105709570377,20.287606166727038
14.65437231528282,20.884066221585833
15.228741256998703,20.4864261850133
16.244932461572958,20.088786148440768
15.71474574614291,21.41425293701588
16.64257249814549,22.143259670732192
15.979839103857934,22.342079689018455
16.510025819287975,23.203633101592274
15.582199067285401,22.739719725590987
17.570399250148064,23.733819817022322
17.040212534718023,24.19773319302361
15.979839103857934,25.05928660559743
17.835492607863088,24.59537322959614
18.100585965578105,25.523199981598715
17.702945929005573,26.053386697028763
18.674954907293987,26.64984675188756
18.962139378151925,26.716120091316313
19.42605275415322,26.716120091316313
19.95623946958326,26.31848005474378
20.088786148440768,25.722019999884985
20.088786148440768,25.523199981598715
20.15505948786953,24.860466587311166
20.552699524442062,24.59537322959614
20.088786148440768,25.258106623883698
21.01661290044335,25.65574666045623
20.4864261850133,25.65574666045623
20.15505948786953,25.65574666045623
20.884066221585833,25.125559945026183
21.01661290044335,24.59537322959614
20.552699524442062,24.72791990845365
20.15505948786953,25.390653302741207
20.79570176901416,25.722019999884985
21.01661290044335,26.583573412458804
20.353879506155792,26.185933375886272
20.265515053584117,25.78829333931374
21.01661290044335,25.324379963312452
20.618972863870816,24.794193247882404
20.4864261850133,25.390653302741207
19.95623946958326,24.860466587311166
19.42605275415322,25.65574666045623
19.028412717580686,25.65574666045623
19.95623946958326,25.65574666045623
19.42605275415322,25.523199981598715
19.028412717580686,25.05928660559743
20.088786148440768,24.529099890167387
20.088786148440768,24.0651865141661
20.022512809012014,23.711728703879402
19.95623946958326,24.0651865141661
19.293506075295703,23.402453119878544
19.028412717580686,22.938539743877257
18.630772681008153,22.40835302844721
18.100585965578105,22.143259670732192
18.89586603872317,21.613072955302144
18.498226002150638,20.884066221585833
18.962139378151925,20.287606166727038
18.89586603872317,20.751519542728325
18.23313264443562,21.149159579300857
17.968039286720597,20.751519542728325
17.570399250148064,20.287606166727038
17.040212534718023,20.884066221585833
16.708845837574245,21.082886239872103
16.775119177003,20.4864261850133
16.775119177003,20.022512809012014
16.775119177003,19.42605275415322
16.775119177003,19.028412717580686
16.244932461572958,19.028412717580686
15.71474574614291,18.89586603872317
17.570399250148064,18.36567932329313
16.907665855860508,17.901765947291842
16.510025819287975,17.570399250148064
15.979839103857934,17.106485874146777
17.570399250148064,16.57629915871673
17.040212534718023,16.046112443286688
16.510025819287975,16.57629915871673
15.979839103857934,16.112385782715442
15.317105709570377,16.775119177003
15.052012351855353,16.377479140430466
14.65437231528282,15.71474574614291
14.389278957567804,15.250832370141623
13.726545563280247,14.588098975854066
13.328905526707715,14.389278957567804
12.864992150706428,13.859092242137756
12.467352114133895,13.395178866136469
12.401078774705141,12.798718811277674
12.33480543527638,12.401078774705141
12.268532095847625,12.33480543527638
11.804618719846339,11.804618719846339
11.340705343845052,11.274432004416298
11.738345380417584,10.94306530727252
12.268532095847625,10.479151931271232
11.738345380417584,10.94306530727252
11.274432004416298,10.545425270699987
12.268532095847625,
11.738345380417584,
11.340705343845052,
11.870892059275093,
11.406978683273806,
12.003438738132608,
11.605798701560076,
11.340705343845052,
11.075611986130028,
11.141885325558782,
10.677971949557495,
10.147785234127454,
10.015238555269946,
