Y(hoy),Y(ayer)
14.521825636425312,9.750145197554922
14.698554541568662,9.15368514269612
15.449652388427886,8.954865124409856
15.449652388427886,8.954865124409856
14.786918994140336,8.822318445552341
14.65437231528282,8.358405069551054
15.228741256998703,7.894491693549767
15.449652388427886,7.828218354121013
14.919465672997845,7.231758299262211
14.256732278710288,6.834118262689678
13.660272223851493,6.767844923260924
13.461452205565223,6.436478226117146
13.328905526707715,5.972564850115859
12.798718811277674,5.773744831829596
12.135985416990117,5.243558116399548
11.870892059275093,4.713371400969507
11.340705343845052,4.713371400969507
11.075611986130028,4.580824722111998
11.208158664987543,4.05063800668195
11.208158664987543,3.5867246306806635
11.208158664987543,3.3879046123944008
10.545425270699987,2.7914445575355984
10.0815118946987,2.3275311815343116
10.015238555269946,2.3275311815343116
9.750145197554922,2.2612578421055503
9.219958482124873,1.7310711266755163
8.557225087837324,1.399704429531738
8.027038372407276,2.0624378238192946
8.601407314123158,1.929891144961772
8.822318445552341,1.4659777689604852
8.2921317301223,1.2671577506742295
7.629398335834743,1.664797787246755
6.966664941547194,2.194984502676803
6.70157158383217,1.7973444661042635
6.171384868402129,1.3334310901029767
5.773744831829596,1.2671577506742295
5.773744831829596,1.2671577506742295
5.707471492400835,1.2671577506742295
5.6411981529720805,1.2671577506742295
5.1110114375420395,1.2671577506742295
4.779644740398261,1.2671577506742295
5.420287021542897,1.0020643929591984
5.3761047952570635,0.4056043381004031
4.845918079827015,0.20678431981413326
4.514551382683237,0.20678431981413326
4.580824722111998,0.6044243563866729
4.580824722111998,1.0020643929591984
4.05063800668195,0.4056043381004031
3.5867246306806635,0.20678431981413326
4.448278043254483,0.20678431981413326
3.7855446489669333,0.6044243563866729
4.580824722111998,0.20678431981413326
4.580824722111998,1.664797787246755
3.918091327824442,1.1346110718167068
3.454177951823155,2.194984502676803
3.5204512912519093,1.664797787246755
3.5204512912519093,1.1346110718167068
4.315731364396974,0.47187767752916443
3.7855446489669333,0.20678431981413326
4.315731364396974,0.20678431981413326
3.7855446489669333,0.20678431981413326
3.1228112546793767,0.20678431981413326
2.5263511998205814,0.20678431981413326
2.46007786039182,1.0020643929591984
2.46007786039182,0.47187767752916443
2.5263511998205814,0.8695177141016899
2.46007786039182,0.33933099867164174
2.46007786039182,0.20678431981413326
2.46007786039182,0.6044243563866729
2.46007786039182,1.2008844112454682
2.46007786039182,1.2671577506742295
2.46007786039182,1.2671577506742295
2.46007786039182,1.2671577506742295
2.46007786039182,1.2671577506742295
2.46007786039182,1.2671577506742295
2.46007786039182,1.2671577506742295
2.46007786039182,1.2671577506742295
2.46007786039182,1.2671577506742295
2.46007786039182,1.399704429531738
2.46007786039182,1.929891144961772
3.299540159822719,2.3275311815343116
2.725171218106837,3.1228112546793767
2.3275311815343116,2.5926245392493286
4.580824722111998,4.05063800668195
4.05063800668195,4.647098061540753
3.5204512912519093,4.713371400969507
2.990264575821868,4.713371400969507
2.3938045209630587,5.442378134685818
3.5204512912519093,4.978464758684531
3.1228112546793767,5.972564850115859
3.3879046123944008,6.436478226117146
3.1228112546793767,7.298031638690972
2.8577178969643597,6.834118262689678
3.5204512912519093,7.761945014692259
2.990264575821868,8.2921317301223
3.454177951823155,9.15368514269612
3.5204512912519093,8.689771766694832
3.5204512912519093,9.617598518697413
3.5204512912519093,10.81051862841501
3.8518179883956876,10.147785234127454
3.3879046123944008,12.069712077561363
4.448278043254483,11.47325202270256
4.580824722111998,13.196358847850206
4.845918079827015,12.53362545356265
4.448278043254483,14.521825636425312
5.420287021542897,13.859092242137756
5.707471492400835,16.377479140430466
5.906291510687105,15.71474574614291
7.0108471678330275,15.184559030712869
6.436478226117146,17.702945929005573
7.761945014692259,17.040212534718023
7.231758299262211,18.16685930500686
6.569024904974661,18.763319359865662
5.906291510687105,19.028412717580686
5.243558116399548,19.492326093581973
4.647098061540753,20.530608411299134
4.845918079827015,19.95623946958326
4.448278043254483,22.342079689018455
5.3761047952570635,21.811892973588414
5.972564850115859,21.281706258158366
6.569024904974661,23.932639835308585
7.231758299262211,23.402453119878544
7.761945014692259,22.872266404448496
7.298031638690972,25.125559945026183
6.9003916021184395,24.462826550738633
7.496851656977235,27.423035711889703
8.557225087837324,26.84866677017383
8.027038372407276,26.31848005474378
9.88269187641243,25.78829333931374
9.286231821553635,29.8088759313249
9.750145197554922,29.234506989609024
9.219958482124873,28.704320274178976
8.954865124409856,28.174133558748935
10.147785234127454,31.156433833042932
9.617598518697413,30.55997377818413
10.147785234127454,32.72490286619014
10.015238555269946,32.15053392447426
9.750145197554922,31.62034720904422
9.352505160982389,35.0665608593395
8.954865124409856,34.536374143909455
10.147785234127454,34.006187428479414
9.617598518697413,33.47600071304937
10.81051862841501,36.657121005629634
11.47325202270256,36.126934290199586
12.135985416990117,35.596747574769545
12.33480543527638,37.51867441820345
12.401078774705141,37.054761042202166
12.53362545356265,38.57904784906354
13.130085508421452,37.98258779420474
14.168367826138613,39.639421279923624
13.593998884422739,39.04296122506483
15.449652388427886,42.26826374393093
14.985739012426599,41.69389480221505
16.112385782715442,41.16370808678501
16.775119177003,40.63352137135496
17.371579231861794,40.10333465592491
17.835492607863088,44.21228170050775
17.835492607863088,43.5495483062202
17.835492607863088,43.019361590790155
17.371579231861794,44.74246841593779
16.841392516431753,45.9353885256554
17.371579231861794,45.40520181022535
17.968039286720597,46.46557524108544
18.630772681008153,45.9353885256554
19.22723273586695,45.40520181022535
19.82369279072575,44.74246841593779
20.088786148440768,44.477375058222776
20.221332827298284,44.34482837936527
20.884066221585833,43.68209498507771
21.325888484444206,43.41700162736269
22.342079689018455,43.019361590790155
21.811892973588414,42.48917487536011
21.41425293701588,41.95898815993007
23.402453119878544,41.296254765642516
22.872266404448496,41.03116140792749
24.462826550738633,40.76606805021247
23.932639835308585,40.10333465592491
24.462826550738633,41.95898815993007
23.800093156451076,41.49507478392878
23.402453119878544,41.428801444500024
23.402453119878544,41.03116140792749
22.872266404448496,42.29035485707385
22.342079689018455,41.82644148107256
22.938539743877257,42.886814911932646
23.932639835308585,42.75426823307514
23.468726459307298,42.3566281965026
24.993013266168674,44.079735021650244
24.462826550738633,43.5495483062202
25.523199981598715,43.15190826964766
25.65574666045623,42.886814911932646
25.722019999884985,42.42290153593136
26.384753394172535,42.886814911932646
25.78829333931374,42.62172155421762
26.981213449031337,42.22408151764509
27.643946843318894,41.56134812335753
28.24040689817769,41.296254765642516
28.704320274178976,40.898614729069976
28.24040689817769,40.36842801363994
27.842766861605156,39.705694619352386
28.969413631894,39.04296122506483
28.43922691646396,38.38022783077727
27.90904020103391,37.916314454775986
30.825067135899154,38.51277450963478
30.162333741611597,38.91041454620732
29.632147026181556,38.84414120677856
29.035686971322754,38.31395449134852
30.02978706275409,37.78376777591848
29.49960034732404,37.187307721059675
28.306680237606443,36.524574326772125
27.842766861605156,35.72929425362706
28.43922691646396,35.99438761134208
27.90904020103391,35.464200895912036
30.294880420469113,37.187307721059675
29.764693705039065,36.59084766620087
29.234506989609024,36.39202764791461
30.957613814756662,35.86184093248457
30.162333741611597,35.33165421705452
29.69842036561031,34.66892082276697
29.234506989609024,33.873640749621906
28.83686695303649,33.34345403419186
30.02978706275409,33.07836067647684
31.090160493614178,32.48190062161804
30.55997377818413,32.945813997619325
31.664529435330053,32.54817396104679
31.090160493614178,32.15053392447426
32.945813997619325,31.48780053018671
32.415627282189284,30.957613814756662
33.34345403419186,30.294880420469113
33.21090735533435,29.764693705039065
32.68072063990431,29.234506989609024
32.01798724561675,30.957613814756662
31.752893887901728,32.01798724561675
31.355253851329195,31.554073869615465
31.951713906187997,31.090160493614178
32.945813997619325,30.55997377818413
32.415627282189284,30.162333741611597
34.006187428479414,32.15053392447426
33.47600071304937,31.62034720904422
33.01208733704808,31.090160493614178
32.415627282189284,34.27128078619444
32.98999622390516,33.74109407076439
33.21090735533435,33.21090735533435
32.87954065819057,32.68072063990431
32.415627282189284,32.34935394276053
33.07836067647684,31.885440566759243
34.27128078619444,31.42152719075795
33.74109407076439,32.216807263903014
34.40382746505195,33.21090735533435
34.07246076790817,32.68072063990431
33.52018293933521,32.283080603331776
34.27128078619444,34.33755412562319
33.873640749621906,33.74109407076439
33.74109407076439,34.867740841053234
33.07836067647684,35.19910753819701
32.81326731876182,34.536374143909455
32.415627282189284,34.006187428479414
31.752893887901728,33.34345403419186
31.222707172471686,33.07836067647684
34.27128078619444,32.81326731876182
33.74109407076439,32.283080603331776
33.21090735533435,34.006187428479414
32.68072063990431,33.47600071304937
32.15053392447426,33.47600071304937
31.62034720904422,32.81326731876182
31.222707172471686,32.34935394276053
34.27128078619444,33.60854739190688
33.74109407076439,32.945813997619325
34.27128078619444,34.80146750162448
33.34345403419186,34.27128078619444
36.39202764791461,35.33165421705452
35.72929425362706,34.80146750162448
35.26538087762577,34.27128078619444
34.80146750162448,33.74109407076439
33.74109407076439,33.34345403419186
36.39202764791461,34.006187428479414
35.72929425362706,34.4701008044807
35.19910753819701,35.11074308562534
34.66892082276697,34.66892082276697
34.40382746505195,34.80146750162448
36.657121005629634,34.13873410733692
36.126934290199586,33.674820731335636
35.596747574769545,35.39792755648328
35.19910753819701,34.80146750162448
37.187307721059675,34.27128078619444
37.717494436489716,35.464200895912036
37.054761042202166,35.0665608593395
36.59084766620087,34.40382746505195
37.054761042202166,34.13873410733692
36.524574326772125,33.873640749621906
37.717494436489716,33.34345403419186
37.717494436489716,35.11074308562534
37.187307721059675,34.536374143909455
36.657121005629634,35.0665608593395
38.51277450963478,34.66892082276697
37.98258779420474,34.13873410733692
37.4524010787747,33.74109407076439
36.92221436334465,35.39792755648328
38.77786786734981,34.80146750162448
38.247681151919764,34.27128078619444
37.58494775763221,36.39202764791461
37.054761042202166,35.92811427191332
36.78966768448714,35.596747574769545
36.39202764791461,34.93401418048199
35.86184093248457,34.27128078619444
35.464200895912036,33.74109407076439
37.98258779420474,35.33165421705452
37.31985439991719,34.80146750162448
36.8559410239159,37.4524010787747
38.6453211884923,36.98848770277341
37.98258779420474,36.39202764791461
37.4524010787747,35.86184093248457
36.92221436334465,36.92221436334465
36.39202764791461,36.2594809690571
35.92811427191332,35.596747574769545
35.33165421705452,34.93401418048199
34.66892082276697,34.40382746505195
34.13873410733692,34.867740841053234
33.47600071304937,35.33165421705452
32.945813997619325,34.867740841053234
32.415627282189284,34.40382746505195
33.21090735533435,35.13283419876826
32.68072063990431,34.536374143909455
32.216807263903014,36.2594809690571
31.48780053018671,35.596747574769545
30.957613814756662,36.657121005629634
30.294880420469113,36.98848770277341
29.764693705039065,39.08714345135067
29.300780329037778,38.51277450963478
28.571773595321467,37.98258779420474
28.306680237606443,37.4524010787747
27.90904020103391,39.838241298209894
27.24630680674636,39.308054582779846
26.981213449031337,38.6453211884923
26.583573412458804,38.115134473062255
25.920840018171248,39.9707879770674
25.65574666045623,39.308054582779846
25.523199981598715,38.77786786734981
24.993013266168674,41.82644148107256
24.529099890167387,41.16370808678501
25.302288850169532,40.63352137135496
24.72791990845365,43.15190826964766
24.330279871881118,42.48917487536011
26.583573412458804,43.28445494850518
26.053386697028763,43.28445494850518
25.523199981598715,42.886814911932646
24.72791990845365,42.09153483878758
24.286097645595284,41.627621462786294
24.462826550738633,42.75426823307514
23.932639835308585,42.29035485707385
23.402453119878544,41.16370808678501
22.872266404448496,46.46557524108544
22.342079689018455,45.9353885256554
21.679346294730898,45.40520181022535
21.149159579300857,44.87501509479531
20.4864261850133,44.34482837936527
19.95623946958326,43.81464166393522
19.42605275415322,43.28445494850518
19.028412717580686,48.89559768680647
19.95623946958326,48.32122874509059
19.42605275415322,47.791042029660545
20.221332827298284,47.260855314230504
20.884066221585833,50.70706896452579
21.01661290044335,50.17688224909574
20.68524620329957,49.6466955336657
20.221332827298284,49.31532883652193
19.95623946958326,48.851415460520634
19.293506075295703,48.32122874509059
19.028412717580686,47.923588708518054
19.42605275415322,49.955971117666564
19.95623946958326,49.381602175950675
19.42605275415322,50.70706896452579
18.89586603872317,50.309428927953256
18.36567932329313,49.91178889138072
17.968039286720597,49.381602175950675
18.89586603872317,48.851415460520634
18.498226002150638,48.32122874509059
18.763319359865662,47.791042029660545
18.498226002150638,47.260855314230504
18.14476819186394,46.598121919942955
18.89586603872317,46.06793520451291
18.36567932329313,45.60402182851162
19.028412717580686,47.52594867194553
19.028412717580686,46.99576195651548
19.09468605700944,46.53184858051419
19.73532833815407,45.80284184679789
19.160959396438194,45.53774848908286
19.82369279072575,45.14010845251033
19.293506075295703,44.54364839765153
19.028412717580686,44.477375058222776
21.01661290044335,44.609921737080285
20.4864261850133,45.14010845251033
19.95623946958326,44.609921737080285
19.42605275415322,44.146008361079
20.751519542728325,43.59373053250604
20.221332827298284,45.44938403651119
20.265515053584117,44.87501509479531
21.01661290044335,44.34482837936527
20.552699524442062,47.260855314230504
21.01661290044335,46.598121919942955
20.088786148440768,46.06793520451291
20.552699524442062,45.60402182851162
21.01661290044335,45.14010845251033
21.347979597587127,44.609921737080285
21.878166313017168,44.079735021650244
22.342079689018455,43.41700162736269
22.342079689018455,43.28445494850518
22.872266404448496,43.019361590790155
22.342079689018455,42.48917487536011
23.402453119878544,41.95898815993007
23.711728703879402,41.428801444500024
23.269906441021035,40.898614729069976
24.462826550738633,40.36842801363994
26.053386697028763,39.838241298209894
25.523199981598715,39.37432792220861
24.993013266168674,38.91041454620732
27.643946843318894,40.96488806849874
27.113760127888845,40.36842801363994
26.64984675188756,39.838241298209894
27.643946843318894,41.49507478392878
26.981213449031337,41.82644148107256
26.716120091316313,41.16370808678501
28.969413631894,40.63352137135496
28.505500255892713,40.10333465592491
30.02978706275409,39.57314794049488
29.49960034732404,39.04296122506483
29.89724038389658,38.51277450963478
29.632147026181556,37.916314454775986
29.234506989609024,37.78376777591848
28.83686695303649,37.78376777591848
29.89724038389658,37.4524010787747
29.433327007895286,36.98848770277341
29.234506989609024,36.78966768448714
28.571773595321467,37.4524010787747
28.306680237606443,36.98848770277341
27.90904020103391,36.458300987343364
27.37885348560387,35.86184093248457
26.914940109602583,36.92221436334465
27.776493522176402,36.458300987343364
27.113760127888845,37.4524010787747
28.969413631894,36.92221436334465
28.43922691646396,36.39202764791461
29.89724038389658,35.86184093248457
29.367053668466532,35.33165421705452
29.101960310751508,34.80146750162448
28.83686695303649,34.27128078619444
29.234506989609024,33.74109407076439
28.83686695303649,33.21090735533435
29.764693705039065,32.68072063990431
29.49960034732404,32.283080603331776
28.969413631894,33.80736741019315
29.101960310751508,33.21090735533435
29.764693705039065,35.33165421705452
29.16823365018027,34.80146750162448
29.764693705039065,34.27128078619444
28.704320274178976,34.006187428479414
28.041586879891426,33.47600071304937
27.776493522176402,33.01208733704808
30.02978706275409,32.48190062161804
29.49960034732404,33.2771806947631
28.969413631894,32.68072063990431
28.571773595321467,34.33755412562319
30.55997377818413,33.74109407076439
30.957613814756662,35.39792755648328
30.22860708104035,34.80146750162448
29.764693705039065,35.99438761134208
29.101960310751508,35.464200895912036
30.869249362184988,37.31985439991719
30.294880420469113,36.657121005629634
29.764693705039065,38.048861133633494
29.234506989609024,38.51277450963478
31.090160493614178,37.58494775763221
31.090160493614178,37.31985439991719
30.55997377818413,36.92221436334465
30.02978706275409,36.39202764791461
32.15053392447426,35.72929425362706
31.62034720904422,35.6630209141983
31.090160493614178,36.17111651648543
30.55997377818413,35.86184093248457
30.162333741611597,35.33165421705452
31.355253851329195,34.80146750162448
30.825067135899154,34.40382746505195
30.162333741611597,35.33165421705452
29.89724038389658,34.93401418048199
29.49960034732404,36.78966768448714
28.969413631894,36.126934290199586
30.55997377818413,35.72929425362706
30.096060402182843,37.4524010787747
29.49960034732404,36.92221436334465
31.090160493614178,36.2594809690571
31.090160493614178,35.53047423534079
30.42742709932662,35.92811427191332
30.162333741611597,36.39202764791461
29.764693705039065,37.31985439991719
29.234506989609024,36.78966768448714
28.83686695303649,37.85004111534723
29.89724038389658,38.38022783077727
29.367053668466532,39.57314794049488
29.101960310751508,39.04296122506483
28.704320274178976,39.04296122506483
28.24040689817769,38.51277450963478
27.776493522176402,37.916314454775986
28.704320274178976,37.85004111534723
28.174133558748935,38.31395449134852
29.300780329037778,38.6453211884923
29.764693705039065,37.98258779420474
29.49960034732404,37.85004111534723
28.83686695303649,38.38022783077727
28.174133558748935,38.51277450963478
29.49960034732404,37.98258779420474
28.969413631894,37.4524010787747
28.43922691646396,36.78966768448714
28.041586879891426,38.247681151919764
30.02978706275409,37.717494436489716
30.02978706275409,37.187307721059675
29.49960034732404,36.78966768448714
28.83686695303649,40.898614729069976
28.306680237606443,40.36842801363994
28.041586879891426,39.90451463763865
27.643946843318894,39.308054582779846
27.113760127888845,38.77786786734981
26.716120091316313,39.838241298209894
27.643946843318894,39.308054582779846
27.24630680674636,38.91041454620732
27.643946843318894,38.51277450963478
27.113760127888845,38.048861133633494
26.31848005474378,38.57904784906354
25.78829333931374,38.115134473062255
26.583573412458804,39.10923456449358
26.053386697028763,39.57314794049488
26.583573412458804,38.6453211884923
26.053386697028763,38.38022783077727
25.390653302741207,37.98258779420474
24.860466587311166,37.4524010787747
24.330279871881118,36.92221436334465
23.800093156451076,38.84414120677856
23.402453119878544,38.247681151919764
26.716120091316313,37.85004111534723
25.58947332102747,38.77786786734981
24.993013266168674,38.247681151919764
24.462826550738633,37.78376777591848
23.932639835308585,37.187307721059675
23.534999798736052,36.657121005629634
26.053386697028763,36.126934290199586
25.65574666045623,35.86184093248457
25.65574666045623,36.39202764791461
24.72791990845365,37.231489947345516
24.19773319302361,36.78966768448714
22.872266404448496,37.187307721059675
22.342079689018455,36.657121005629634
21.54679961587339,36.126934290199586
21.149159579300857,35.464200895912036
19.95623946958326,35.19910753819701
19.42605275415322,34.80146750162448
18.962139378151925,34.40382746505195
18.36567932329313,35.86184093248457
17.702945929005573,35.33165421705452
17.17275921357553,34.80146750162448
16.708845837574245,34.40382746505195
16.775119177003,37.4524010787747
16.244932461572958,36.92221436334465
15.582199067285401,36.458300987343364
14.919465672997845,36.2594809690571
15.449652388427886,35.79556759305581
14.919465672997845,36.524574326772125
,36.2594809690571
,35.72929425362706
,35.33165421705452
,34.80146750162448
,34.33755412562319
,33.78527629705023
,33.34345403419186
,35.596747574769545
,35.0665608593395
,34.536374143909455
,36.39202764791461
,35.86184093248457
,35.33165421705452
,34.80146750162448
,34.13873410733692
,33.873640749621906
,33.40972737362062
,35.11074308562534
,34.536374143909455
,34.006187428479414
,33.60854739190688
,36.39202764791461
,35.86184093248457
,35.33165421705452
,34.80146750162448
,34.27128078619444
,33.80736741019315
,33.07836067647684
,32.81326731876182
,32.415627282189284
,34.006187428479414
,33.47600071304937
,33.07836067647684
,34.867740841053234
,34.40382746505195
,35.39792755648328
,35.464200895912036
,35.33165421705452
,34.867740841053234
,34.27128078619444
,33.60854739190688
,32.945813997619325
,32.283080603331776
,31.62034720904422
,31.222707172471686
,31.222707172471686
,31.090160493614178
,30.55997377818413
,29.89724038389658
,29.632147026181556
,29.234506989609024
,28.704320274178976
,28.174133558748935
,27.776493522176402
,27.423035711889703
,26.84866677017383
,27.710220182747648
,27.37885348560387
,26.84866677017383
,26.119660036457518
,25.65574666045623
,26.716120091316313
,26.31848005474378
,25.920840018171248
,24.462826550738633
,23.932639835308585
,23.402453119878544
,22.916448630734337
,22.474626367875963
,23.733819817022322
,24.19773319302361
,23.402453119878544
,22.872266404448496
,22.342079689018455
,21.811892973588414
,21.281706258158366
,19.73532833815407
,19.293506075295703
,20.4864261850133
,21.01661290044335
,20.4864261850133
,19.95623946958326
,19.160959396438194
,18.763319359865662
,18.36567932329313
,17.901765947291842
,17.371579231861794
,16.64257249814549
,16.046112443286688
,16.244932461572958
