Y(hoy),Y(ayer)
7.894491693549767,6.834118262689678
7.894491693549767,6.834118262689678
7.894491693549767,6.834118262689678
7.629398335834743,6.834118262689678
7.231758299262211,6.834118262689678
7.099211620404702,6.834118262689678
6.834118262689678,6.436478226117146
6.70157158383217,5.906291510687105
6.237658207830883,5.773744831829596
5.3761047952570635,5.773744831829596
4.91219141925577,5.508651474114572
4.514551382683237,4.845918079827015
4.183184685539466,4.978464758684531
3.918091327824442,5.3761047952570635
3.5204512912519093,4.91219141925577
3.5204512912519093,4.713371400969507
3.3879046123944008,4.713371400969507
3.1228112546793767,4.183184685539466
2.5926245392493286,3.6529979701094177
2.46007786039182,3.255357933536885
2.194984502676803,2.7914445575355984
1.664797787246755,3.1228112546793767
1.3334310901029767,2.990264575821868
1.2671577506742295,2.5263511998205814
1.2008844112454682,2.3275311815343116
1.1346110718167068,2.3275311815343116
0.47187767752916443,1.929891144961772
0.20678431981413326,1.3334310901029767
0.20678431981413326,1.1346110718167068
-0.12458237732964506,0.6044243563866729
-0.7210424321884403,1.0020643929591984
-1.2512291476184885,0.33933099867164174
-1.7814158630485224,0.20678431981413326
-2.3116025784785705,0.20678431981413326
-2.8417892939086187,0.20678431981413326
-1.2512291476184885,0.14051098038538612
-1.913962541906045,-0.45594907447342337
-1.2512291476184885,-0.8535891110459488
-1.913962541906045,-0.8535891110459488
-2.444149257336079,-0.8535891110459488
-2.908062633337366,-0.8535891110459488
-1.2512291476184885,-0.8535891110459488
-1.7814158630485224,-0.8535891110459488
-2.245329239049809,-0.8535891110459488
-2.179055899621062,-0.8535891110459488
-2.70924261505111,-0.8535891110459488
-2.974335972766127,-0.8535891110459488
-2.0465092207635536,-0.8535891110459488
-2.444149257336079,-0.8535891110459488
-2.0465092207635536,-0.8535891110459488
-2.0023269944777127,-0.8535891110459488
-1.4721402790476645,-0.8535891110459488
-1.913962541906045,-1.11868246876098
-1.2512291476184885,-1.7151425236197753
-1.7814158630485224,-1.913962541906045
-2.1127825601923007,-1.383775826475997
-2.0465092207635536,-0.8535891110459488
-2.0465092207635536,-0.8535891110459488
-2.0465092207635536,-0.8535891110459488
-2.0465092207635536,-0.8535891110459488
-2.0465092207635536,-0.8535891110459488
-2.0465092207635536,-0.8535891110459488
-2.0465092207635536,-0.8535891110459488
-2.0465092207635536,-0.8535891110459488
-2.0465092207635536,-0.7873157716172017
-2.0465092207635536,-0.1908557167583922
-2.1127825601923007,0.20678431981413326
-2.0465092207635536,0.20678431981413326
-2.0465092207635536,0.20678431981413326
-2.0465092207635536,0.20678431981413326
-2.0465092207635536,0.20678431981413326
-2.0465092207635536,0.6044243563866729
-2.0465092207635536,1.2008844112454682
-1.4721402790476645,1.2671577506742295
-1.913962541906045,1.2671577506742295
-1.383775826475997,1.2671577506742295
-1.7814158630485224,1.3334310901029767
-1.1849558081897271,1.929891144961772
-1.7814158630485224,2.3938045209630587
-0.9198624504747102,2.725171218106837
-0.8535891110459488,3.3879046123944008
-0.8535891110459488,3.5204512912519093
-0.8535891110459488,3.5204512912519093
-0.8535891110459488,3.5204512912519093
-0.8535891110459488,3.5867246306806635
-0.8535891110459488,4.448278043254483
-0.8535891110459488,3.918091327824442
-0.6768602059025994,4.713371400969507
0.07423764095662477,5.243558116399548
-0.3234023956159007,5.84001817125835
0.20678431981413326,6.569024904974661
0.2730576592428946,6.038838189544613
0.9136999403875308,6.834118262689678
0.33933099867164174,7.298031638690972
1.1346110718167068,7.828218354121013
0.6044243563866729,7.894491693549767
0.20678431981413326,7.496851656977235
1.1346110718167068,7.032938280975948
0.6044243563866729,6.569024904974661
1.1346110718167068,6.171384868402129
0.67069769581542,5.773744831829596
0.2730576592428946,5.773744831829596
1.0020643929591984,5.906291510687105
1.4438866558175647,6.569024904974661
2.23916672896263,6.834118262689678
1.664797787246755,7.298031638690972
2.46007786039182,7.828218354121013
2.5926245392493286,8.093311711836037
3.299540159822719,8.623498427266078
3.5204512912519093,9.087411803267365
3.5204512912519093,9.948965215841184
3.3879046123944008,9.485051839839898
3.1228112546793767,10.412878591842478
2.725171218106837,11.075611986130028
2.3938045209630587,11.340705343845052
2.46007786039182,11.804618719846339
2.46007786039182,12.135985416990117
3.299540159822719,11.47325202270256
2.725171218106837,11.340705343845052
3.5204512912519093,11.340705343845052
3.5867246306806635,11.738345380417584
4.05063800668195,12.33480543527638
4.448278043254483,12.401078774705141
3.7855446489669333,12.401078774705141
4.448278043254483,12.798718811277674
3.7855446489669333,13.395178866136469
4.647098061540753,13.593998884422739
5.177284776970794,14.455552296996558
5.6411981529720805,13.991638920995271
5.773744831829596,14.919465672997845
5.707471492400835,15.515925727856647
5.6411981529720805,15.582199067285401
5.1110114375420395,15.052012351855353
4.779644740398261,14.65437231528282
5.420287021542897,15.449652388427886
5.707471492400835,15.052012351855353
5.950473736972938,14.963647899283679
6.70157158383217,15.781019085571664
6.303931547259637,15.317105709570377
6.834118262689678,16.377479140430466
6.9003916021184395,16.112385782715442
7.298031638690972,15.847292425000418
6.834118262689678,16.64257249814549
7.761945014692259,16.112385782715442
7.960765032978522,16.907665855860508
8.2921317301223,17.30530589243304
7.894491693549767,17.901765947291842
8.822318445552341,18.100585965578105
8.49095174840857,18.763319359865662
8.071220598693117,18.763319359865662
9.396687387268223,18.188950418149787
8.822318445552341,18.940048265009004
10.147785234127454,20.79570176901416
10.479151931271232,20.221332827298284
10.015238555269946,19.691146111868235
11.075611986130028,20.4864261850133
11.274432004416298,20.022512809012014
11.804618719846339,19.492326093581973
12.268532095847625,19.028412717580686
12.401078774705141,20.552699524442062
12.798718811277674,19.95623946958326
12.401078774705141,19.42605275415322
13.328905526707715,21.082886239872103
13.328905526707715,21.613072955302144
12.798718811277674,21.149159579300857
12.401078774705141,22.143259670732192
14.389278957567804,22.60717304673348
13.859092242137756,23.468726459307298
13.328905526707715,23.00481308330601
12.798718811277674,23.932639835308585
14.12418559985278,24.462826550738633
13.593998884422739,24.59537322959614
13.593998884422739,25.58947332102747
14.168367826138613,24.993013266168674
14.389278957567804,24.59537322959614
13.859092242137756,26.451026733601296
13.461452205565223,25.920840018171248
15.493834614713727,25.258106623883698
14.919465672997845,24.72791990845365
14.389278957567804,24.19773319302361
15.781019085571664,23.667546477593568
16.311205801001712,25.05928660559743
16.775119177003,25.523199981598715
16.775119177003,24.993013266168674
17.30530589243304,24.59537322959614
16.775119177003,25.58947332102747
17.835492607863088,25.125559945026183
17.30530589243304,26.053386697028763
16.775119177003,26.64984675188756
18.630772681008153,26.583573412458804
18.100585965578105,26.053386697028763
17.570399250148064,25.65574666045623
17.040212534718023,26.31848005474378
18.89586603872317,26.782393430745074
18.431952662721883,27.511400164461378
17.901765947291842,26.981213449031337
18.100585965578105,27.24630680674636
17.702945929005573,26.84866677017383
18.763319359865662,27.643946843318894
18.962139378151925,27.180033467317607
18.89586603872317,26.451026733601296
18.36567932329313,25.722019999884985
17.835492607863088,26.627755638744638
17.371579231861794,26.053386697028763
16.841392516431753,25.65574666045623
18.36567932329313,28.483409142749792
17.835492607863088,27.90904020103391
17.30530589243304,27.37885348560387
18.89586603872317,28.174133558748935
18.962139378151925,27.643946843318894
18.89586603872317,27.180033467317607
18.36567932329313,26.84866677017383
17.901765947291842,27.511400164461378
18.16685930500686,27.776493522176402
17.702945929005573,27.776493522176402
18.763319359865662,28.041586879891426
19.028412717580686,29.300780329037778
19.160959396438194,28.704320274178976
19.82369279072575,29.632147026181556
20.088786148440768,29.035686971322754
19.95623946958326,28.571773595321467
19.492326093581973,28.21831578503477
19.028412717580686,29.013595858179833
19.028412717580686,29.764693705039065
19.09468605700944,29.234506989609024
19.492326093581973,28.704320274178976
19.028412717580686,28.041586879891426
19.95623946958326,27.776493522176402
19.42605275415322,27.511400164461378
19.09468605700944,26.84866677017383
19.82369279072575,29.300780329037778
19.95623946958326,28.704320274178976
19.42605275415322,28.174133558748935
18.89586603872317,29.89724038389658
18.23313264443562,29.764693705039065
17.835492607863088,29.234506989609024
17.835492607863088,28.770593613607737
17.17275921357553,28.174133558748935
16.907665855860508,27.776493522176402
16.510025819287975,27.710220182747648
15.979839103857934,26.981213449031337
15.449652388427886,26.31848005474378
14.919465672997845,25.854566678742493
14.521825636425312,25.65574666045623
14.65437231528282,25.258106623883698
15.184559030712869,24.794193247882404
15.449652388427886,24.264006532452363
14.919465672997845,23.800093156451076
14.389278957567804,23.402453119878544
13.859092242137756,22.938539743877257
13.328905526707715,22.40835302844721
12.864992150706428,21.811892973588414
12.135985416990117,21.281706258158366
11.870892059275093,20.751519542728325
11.517434248988394,20.088786148440768
12.268532095847625,19.558599433010727
11.738345380417584,19.160959396438194
11.208158664987543,18.697046020436908
10.74424528898625,18.16685930500686
10.147785234127454,17.968039286720597
10.479151931271232,17.437852571290556
10.015238555269946,16.907665855860508
10.94306530727252,16.510025819287975
10.677971949557495,16.046112443286688
10.147785234127454,15.582199067285401
9.485051839839898,15.515925727856647
9.02113846383861,14.919465672997845
9.087411803267365,15.449652388427886
9.087411803267365,15.052012351855353
9.617598518697413,14.588098975854066
9.087411803267365,14.389278957567804
10.147785234127454,13.726545563280247
10.147785234127454,12.931265490135182
10.015238555269946,12.467352114133895
9.750145197554922,13.196358847850206
9.352505160982389,12.798718811277674
8.954865124409856,12.599898792991404
10.280331912984963,13.196358847850206
9.617598518697413,13.461452205565223
10.94306530727252,12.931265490135182
10.81051862841501,12.53362545356265
10.280331912984963,13.726545563280247
11.208158664987543,13.06381216899269
10.677971949557495,14.455552296996558
11.47325202270256,14.521825636425312
11.075611986130028,14.985739012426599
12.047620964418442,15.449652388427886
12.33480543527638,14.985739012426599
12.577807679848483,14.65437231528282
13.328905526707715,15.184559030712869
12.931265490135182,15.582199067285401
13.461452205565223,15.582199067285401
13.859092242137756,15.582199067285401
13.461452205565223,15.648472406714156
14.389278957567804,16.64257249814549
14.521825636425312,16.112385782715442
14.588098975854066,16.775119177003
14.919465672997845,16.907665855860508
14.521825636425312,17.349488118718874
15.493834614713727,17.040212534718023
15.71474574614291,16.510025819287975
15.847292425000418,15.979839103857934
16.510025819287975,16.244932461572958
16.841392516431753,17.30530589243304
16.708845837574245,17.901765947291842
16.775119177003,17.968039286720597
16.775119177003,18.962139378151925
17.30530589243304,18.36567932329313
17.835492607863088,17.968039286720597
17.30530589243304,20.022512809012014
16.841392516431753,19.42605275415322
17.702945929005573,20.088786148440768
17.040212534718023,20.221332827298284
18.36567932329313,21.01661290044335
18.89586603872317,20.552699524442062
18.36567932329313,20.022512809012014
18.03431262614935,19.470234980439052
18.630772681008153,19.028412717580686
18.89586603872317,20.353879506155792
18.23313264443562,20.884066221585833
17.835492607863088,20.287606166727038
18.14476819186394,20.088786148440768
17.702945929005573,20.552699524442062
18.89586603872317,21.082886239872103
19.95623946958326,21.149159579300857
19.42605275415322,20.751519542728325
20.088786148440768,20.088786148440768
20.552699524442062,20.088786148440768
21.01661290044335,20.088786148440768
21.281706258158366,20.15505948786953
21.856075199874248,20.884066221585833
22.07698633130343,21.54679961587339
21.54679961587339,22.209533010160946
23.13735976216352,22.2758063495897
22.60717304673348,23.00481308330601
21.811892973588414,22.474626367875963
21.281706258158366,22.739719725590987
21.41425293701588,22.474626367875963
22.07698633130343,23.269906441021035
21.347979597587127,22.739719725590987
21.811892973588414,23.402453119878544
20.751519542728325,23.733819817022322
20.221332827298284,24.330279871881118
21.01661290044335,24.59537322959614
20.4864261850133,24.59537322959614
21.01661290044335,24.59537322959614
20.552699524442062,24.0651865141661
19.82369279072575,23.534999798736052
19.558599433010727,23.00481308330601
19.09468605700944,22.474626367875963
19.028412717580686,24.462826550738633
19.028412717580686,23.932639835308585
19.09468605700944,23.402453119878544
19.95623946958326,22.872266404448496
19.492326093581973,25.58947332102747
19.691146111868235,24.993013266168674
19.028412717580686,25.523199981598715
18.763319359865662,24.993013266168674
18.36567932329313,24.330279871881118
17.835492607863088,23.667546477593568
17.30530589243304,23.00481308330601
16.775119177003,22.540899707304725
16.775119177003,23.13735976216352
16.775119177003,22.673446386162233
16.244932461572958,22.143259670732192
15.71474574614291,21.811892973588414
15.250832370141623,21.281706258158366
14.65437231528282,21.149159579300857
13.991638920995271,20.751519542728325
13.527725544993984,20.221332827298284
13.328905526707715,19.757419451296997
12.798718811277674,19.22723273586695
12.135985416990117,19.82369279072575
11.47325202270256,19.42605275415322
11.141885325558782,18.89586603872317
11.738345380417584,18.36567932329313
11.340705343845052,17.901765947291842
12.268532095847625,17.30530589243304
11.738345380417584,16.841392516431753
11.075611986130028,16.57629915871673
10.81051862841501,16.112385782715442
10.280331912984963,15.71474574614291
10.015238555269946,15.250832370141623
10.457060818128312,14.720645654711582
10.015238555269946,14.521825636425312
11.208158664987543,14.12418559985278
10.677971949557495,13.527725544993984
10.147785234127454,13.660272223851493
9.617598518697413,14.12418559985278
9.02113846383861,14.521825636425312
10.015238555269946,13.991638920995271
9.485051839839898,13.196358847850206
9.352505160982389,12.53362545356265
8.689771766694832,11.870892059275093
8.027038372407276,11.340705343845052
8.601407314123158,10.81051862841501
9.087411803267365,10.280331912984963
9.131594029553199,9.88269187641243
10.015238555269946,9.418778500411143
9.352505160982389,8.954865124409856
10.147785234127454,8.888591784981102
10.015238555269946,8.2921317301223
9.750145197554922,7.894491693549767
9.352505160982389,7.960765032978522
8.689771766694832,8.557225087837324
8.424678408979808,8.159585051264791
8.027038372407276,
7.629398335834743,
7.364304978119726,
6.834118262689678,
6.171384868402129,
5.84001817125835,
6.436478226117146,
6.436478226117146,
5.906291510687105,
5.243558116399548,
4.978464758684531,
4.580824722111998,
4.1169113461107045,
3.5867246306806635,
3.5204512912519093,
2.8577178969643597,
2.3938045209630587,
