Y(hoy),Y(ayer)
5.773744831829596,4.713371400969507
5.6411981529720805,4.315731364396974
4.978464758684531,3.8518179883956876
4.514551382683237,3.5204512912519093
4.580824722111998,3.5204512912519093
4.580824722111998,3.3879046123944008
4.05063800668195,2.725171218106837
3.5204512912519093,2.3275311815343116
3.5204512912519093,2.2612578421055503
3.3879046123944008,1.929891144961772
3.1228112546793767,1.399704429531738
2.5926245392493286,1.2671577506742295
2.3275311815343116,0.8695177141016899
2.3275311815343116,0.2730576592428946
2.0624378238192946,0.20678431981413326
1.664797787246755,0.20678431981413326
1.3334310901029767,0.20678431981413326
1.2671577506742295,0.14051098038538612
1.2671577506742295,-0.45594907447342337
1.2671577506742295,-0.8535891110459488
1.2671577506742295,-0.8535891110459488
1.1346110718167068,-0.8535891110459488
0.8032443746729285,-0.8535891110459488
0.33933099867164174,-0.8535891110459488
0.9136999403875308,-0.8535891110459488
1.1346110718167068,-0.8535891110459488
0.47187767752916443,-0.8535891110459488
0.20678431981413326,-0.8535891110459488
0.07423764095662477,-0.8535891110459488
-0.45594907447342337,-0.8535891110459488
-0.1466734904725655,-0.8535891110459488
-0.5884957533309318,-1.2512291476184885
0.07423764095662477,-1.7151425236197753
-0.45594907447342337,-1.5163225053335054
0.07423764095662477,-0.9861357899034573
-0.45594907447342337,-1.648869184191014
-0.45594907447342337,-0.9861357899034573
-0.8535891110459488,-1.11868246876098
-0.8535891110459488,-1.5163225053335054
-0.8535891110459488,-1.913962541906045
-0.8535891110459488,-1.383775826475997
-0.8535891110459488,-1.383775826475997
-0.8535891110459488,-1.913962541906045
-0.8535891110459488,-1.913962541906045
-0.8535891110459488,-1.5163225053335054
-0.8535891110459488,-0.9861357899034573
-0.8535891110459488,-0.8535891110459488
-0.8535891110459488,-0.8535891110459488
-0.8535891110459488,-0.8535891110459488
-0.8535891110459488,-1.383775826475997
-0.05830903790088371,-1.8476892024772837
1.5985244478179936,-0.1466734904725655
2.3275311815343116,-0.5884957533309318
1.7973444661042635,-1.11868246876098
4.647098061540753,2.23916672896263
5.1110114375420395,1.664797787246755
6.171384868402129,1.1346110718167068
5.773744831829596,0.6044243563866729
8.336313956408134,3.5204512912519093
9.617598518697413,2.990264575821868
9.15368514269612,4.315731364396974
10.214058573556208,3.8518179883956876
14.389278957567804,3.255357933536885
13.991638920995271,2.725171218106837
15.515925727856647,2.194984502676803
15.052012351855353,1.5322511083892465
14.963647899283679,0.8695177141016899
14.521825636425312,0.20678431981413326
15.71474574614291,-0.45594907447342337
16.907665855860508,-0.8535891110459488
17.769219268434327,-0.8535891110459488
18.36567932329313,-0.8535891110459488
21.149159579300857,-0.8535891110459488
19.691146111868235,-0.8535891110459488
19.160959396438194,-0.1908557167583922
23.667546477593568,0.20678431981413326
23.13735976216352,0.20678431981413326
20.4864261850133,0.7369710352441814
26.053386697028763,1.2671577506742295
25.65574666045623,1.2671577506742295
27.643946843318894,1.664797787246755
27.113760127888845,2.194984502676803
28.969413631894,2.8577178969643597
28.43922691646396,3.3879046123944008
35.33165421705452,4.05063800668195
34.93401418048199,4.845918079827015
36.524574326772125,5.3761047952570635
36.06066095077084,6.171384868402129
35.72929425362706,7.496851656977235
42.48917487536011,7.099211620404702
44.3890106056511,7.894491693549767
43.81464166393522,7.894491693549767
45.14010845251033,8.424678408979808
45.47147514965411,9.683871858126167
45.40520181022535,9.087411803267365
44.94128843422406,10.412878591842478
44.34482837936527,11.738345380417584
43.68209498507771,13.06381216899269
43.085634930218916,12.666172132420158
42.48917487536011,14.12418559985278
42.157808178216335,15.052012351855353
42.22408151764509,15.979839103857934
42.157808178216335,15.582199067285401
43.28445494850518,17.040212534718023
42.886814911932646,16.64257249814549
44.34482837936527,17.968039286720597
43.81464166393522,18.89586603872317
43.41700162736269,18.36567932329313
42.48917487536011,19.95623946958326
42.09153483878758,19.42605275415322
41.428801444500024,20.4864261850133
41.03116140792749,21.281706258158366
37.31985439991719,23.932639835308585
37.054761042202166,23.402453119878544
36.657121005629634,22.872266404448496
36.92221436334465,25.920840018171248
36.524574326772125,25.258106623883698
37.58494775763221,27.113760127888845
36.78966768448714,26.583573412458804
36.524574326772125,29.234506989609024
36.126934290199586,28.704320274178976
35.464200895912036,28.174133558748935
34.80146750162448,27.776493522176402
34.006187428479414,31.62034720904422
33.60854739190688,31.090160493614178
33.21090735533435,30.692520457041645
34.27128078619444,33.74109407076439
33.80736741019315,33.21090735533435
34.27128078619444,35.39792755648328
33.60854739190688,34.93401418048199
33.34345403419186,36.39202764791461
32.945813997619325,35.86184093248457
32.48190062161804,38.77786786734981
31.885440566759243,38.247681151919764
31.42152719075795,37.85004111534723
33.21090735533435,40.898614729069976
32.68072063990431,40.36842801363994
32.216807263903014,42.75426823307514
31.708711661615894,42.22408151764509
33.07836067647684,43.5495483062202
32.415627282189284,44.609921737080285
30.55997377818413,44.079735021650244
30.02978706275409,47.835224255946386
32.283080603331776,47.260855314230504
31.090160493614178,46.73066859880046
32.34935394276053,46.200481883370415
33.01208733704808,45.80284184679789
32.54817396104679,45.00756177365282
33.80736741019315,48.4537754239481
34.27128078619444,47.923588708518054
34.4701008044807,47.52594867194553
35.0665608593395,46.99576195651548
34.536374143909455,46.53184858051419
36.39202764791461,45.9353885256554
35.86184093248457,45.53774848908286
36.126934290199586,45.14010845251033
35.6630209141983,44.54364839765153
36.19320762962835,44.34482837936527
35.72929425362706,43.68209498507771
36.72339434505839,43.41700162736269
37.12103438163092,44.079735021650244
37.717494436489716,43.5495483062202
38.247681151919764,43.085634930218916
38.77786786734981,42.48917487536011
38.247681151919764,43.5495483062202
37.717494436489716,43.019361590790155
36.524574326772125,44.079735021650244
37.4524010787747,43.5495483062202
36.92221436334465,43.15190826964766
38.247681151919764,42.48917487536011
37.85004111534723,41.95898815993007
38.77786786734981,41.56134812335753
38.247681151919764,41.16370808678501
37.58494775763221,40.76606805021247
37.31985439991719,39.838241298209894
36.78966768448714,38.6453211884923
36.524574326772125,38.181407812491
36.657121005629634,38.51277450963478
36.657121005629634,38.84414120677856
37.054761042202166,38.31395449134852
38.115134473062255,37.717494436489716
37.58494775763221,36.657121005629634
38.77786786734981,36.126934290199586
38.91041454620732,35.6630209141983
39.37432792220861,35.0665608593395
38.91041454620732,34.60264748333822
39.9707879770674,33.873640749621906
40.63352137135496,33.47600071304937
40.898614729069976,34.006187428479414
40.36842801363994,34.40382746505195
39.705694619352386,34.27128078619444
39.17550790392234,33.873640749621906
38.51277450963478,32.283080603331776
38.02677002049058,31.752893887901728
38.77786786734981,31.28898051190044
39.838241298209894,34.27128078619444
39.308054582779846,33.80736741019315
38.31395449134852,33.34345403419186
38.77786786734981,33.2771806947631
37.78376777591848,32.68072063990431
38.247681151919764,31.885440566759243
37.054761042202166,31.355253851329195
36.59084766620087,30.825067135899154
37.717494436489716,30.162333741611597
37.187307721059675,29.89724038389658
36.657121005629634,29.49960034732404
39.57314794049488,28.969413631894
39.04296122506483,28.43922691646396
38.51277450963478,28.041586879891426
40.10333465592491,30.55997377818413
41.20789031307084,30.02978706275409
40.63352137135496,32.15053392447426
42.09153483878758,31.686620548472973
42.09153483878758,31.222707172471686
41.82644148107256,31.222707172471686
41.428801444500024,31.48780053018671
41.03116140792749,32.15053392447426
42.26826374393093,32.415627282189284
41.69389480221505,33.07836067647684
43.5495483062202,33.34345403419186
43.019361590790155,33.34345403419186
44.34482837936527,32.945813997619325
43.68209498507771,32.48190062161804
43.28445494850518,33.07836067647684
43.28445494850518,33.80736741019315
43.28445494850518,34.80146750162448
43.28445494850518,34.27128078619444
44.87501509479531,35.39792755648328
44.34482837936527,35.0665608593395
43.81464166393522,34.536374143909455
43.28445494850518,33.873640749621906
48.05613538737557,33.60854739190688
47.52594867194553,33.21090735533435
47.06203529594424,32.68072063990431
46.46557524108544,32.283080603331776
45.9353885256554,33.80736741019315
45.40520181022535,34.93401418048199
49.18278215766441,34.27128078619444
48.58632210280561,36.2594809690571
49.6466955336657,35.596747574769545
49.6466955336657,36.458300987343364
48.98396213937815,35.90602315877041
48.718868781663126,36.657121005629634
52.032535753100895,37.717494436489716
51.502349037670854,38.51277450963478
50.972162322240806,37.98258779420474
50.50824894623952,37.12103438163092
53.092909183960984,36.657121005629634
52.562722468530936,36.126934290199586
52.032535753100895,35.596747574769545
51.502349037670854,35.0665608593395
50.972162322240806,34.66892082276697
50.309428927953256,36.39202764791461
49.779242212523215,35.92811427191332
49.24905549709317,35.464200895912036
48.4537754239481,35.86184093248457
47.791042029660545,35.464200895912036
48.851415460520634,34.93401418048199
48.38750208451935,34.536374143909455
49.779242212523215,35.39792755648328
49.24905549709317,34.93401418048199
48.58632210280561,35.86184093248457
48.05613538737557,36.39202764791461
47.39340199308802,37.054761042202166
47.12830863537299,37.4524010787747
46.73066859880046,36.92221436334465
46.200481883370415,36.657121005629634
45.80284184679789,36.524574326772125
45.00756177365282,35.92811427191332
44.477375058222776,35.464200895912036
43.68209498507771,35.464200895912036
43.15190826964766,35.92811427191332
42.48917487536011,36.39202764791461
41.95898815993007,35.92811427191332
41.49507478392878,35.464200895912036
40.898614729069976,35.596747574769545
40.23588133478243,36.458300987343364
39.9707879770674,35.99438761134208
40.037061316496164,36.72339434505839
41.95898815993007,37.25358106048843
41.296254765642516,37.717494436489716
40.898614729069976,38.247681151919764
40.36842801363994,38.77786786734981
39.9707879770674,37.916314454775986
44.34482837936527,37.4524010787747
43.81464166393522,36.92221436334465
43.28445494850518,36.39202764791461
42.75426823307514,35.86184093248457
45.40520181022535,38.822050093635646
44.87501509479531,38.247681151919764
43.81464166393522,37.717494436489716
43.28445494850518,37.187307721059675
42.75426823307514,36.78966768448714
42.22408151764509,40.6777035976408
41.56134812335753,40.10333465592491
41.03116140792749,39.57314794049488
40.76606805021247,41.95898815993007
40.36842801363994,41.428801444500024
39.838241298209894,40.76606805021247
39.308054582779846,40.037061316496164
38.84414120677856,39.9707879770674
38.247681151919764,39.9707879770674
37.78376777591848,39.9707879770674
37.717494436489716,41.428801444500024
37.717494436489716,40.96488806849874
37.187307721059675,40.36842801363994
36.657121005629634,43.5495483062202
36.126934290199586,43.019361590790155
35.596747574769545,42.48917487536011
35.0665608593395,41.95898815993007
34.536374143909455,45.9353885256554
34.006187428479414,45.40520181022535
33.47600071304937,44.87501509479531
35.596747574769545,44.34482837936527
36.524574326772125,47.260855314230504
35.99438761134208,46.73066859880046
35.0665608593395,46.33302856222792
34.40382746505195,47.65849535080304
33.74109407076439,47.260855314230504
33.07836067647684,46.73066859880046
32.415627282189284,46.06793520451291
33.21090735533435,45.40520181022535
32.74699397933306,44.87501509479531
32.283080603331776,44.34482837936527
34.27128078619444,43.88091500336398
33.74109407076439,43.41700162736269
33.21090735533435,44.87501509479531
32.54817396104679,44.34482837936527
32.283080603331776,43.81464166393522
32.72490286619014,46.33302856222792
32.283080603331776,45.9353885256554
34.050369654765255,45.40520181022535
33.47600071304937,45.60402182851162
34.867740841053234,45.53774848908286
35.464200895912036,45.14010845251033
35.464200895912036,44.477375058222776
36.39202764791461,43.81464166393522
35.92811427191332,43.35072828793393
35.596747574769545,43.41700162736269
35.0665608593395,43.81464166393522
34.66892082276697,44.87501509479531
34.13873410733692,44.34482837936527
33.60854739190688,46.244664109656256
33.34345403419186,45.670295167940374
35.33165421705452,45.9353885256554
34.80146750162448,45.47147514965411
36.39202764791461,44.87501509479531
35.86184093248457,44.34482837936527
35.33165421705452,43.68209498507771
34.66892082276697,43.41700162736269
34.4701008044807,43.019361590790155
34.27128078619444,42.3566281965026
33.74109407076439,41.95898815993007
33.21090735533435,41.296254765642516
32.74699397933306,40.63352137135496
32.34935394276053,40.10333465592491
33.07836067647684,39.44060126163736
33.74109407076439,39.17550790392234
34.27128078619444,38.77786786734981
33.60854739190688,38.31395449134852
33.34345403419186,37.85004111534723
32.945813997619325,37.85004111534723
32.415627282189284,37.717494436489716
32.415627282189284,37.187307721059675
32.945813997619325,36.78966768448714
32.945813997619325,36.657121005629634
32.415627282189284,36.524574326772125
31.885440566759243,35.92811427191332
31.355253851329195,37.31985439991719
32.216807263903014,36.657121005629634
31.62034720904422,36.126934290199586
32.74699397933306,38.048861133633494
33.21090735533435,38.51277450963478
35.19910753819701,37.98258779420474
34.205007446765684,37.31985439991719
33.74109407076439,37.054761042202166
34.27128078619444,36.657121005629634
33.47600071304937,36.06066095077084
36.126934290199586,35.72929425362706
35.596747574769545,37.4524010787747
35.0665608593395,37.054761042202166
37.49658330506054,37.85004111534723
36.92221436334465,37.4524010787747
38.77786786734981,36.78966768448714
38.247681151919764,36.524574326772125
38.247681151919764,36.126934290199586
37.85004111534723,35.596747574769545
38.6453211884923,35.13283419876826
38.115134473062255,34.66892082276697
37.4524010787747,37.4524010787747
36.92221436334465,36.98848770277341
36.657121005629634,36.78966768448714
37.717494436489716,36.657121005629634
37.187307721059675,36.39202764791461
37.717494436489716,35.72929425362706
37.58494775763221,35.99438761134208
37.054761042202166,35.464200895912036
36.2594809690571,37.31985439991719
35.99438761134208,36.657121005629634
35.596747574769545,37.187307721059675
36.126934290199586,36.72339434505839
35.596747574769545,36.2594809690571
36.657121005629634,35.86184093248457
36.92221436334465,35.33165421705452
36.524574326772125,34.867740841053234
37.4524010787747,34.536374143909455
38.55695673592062,35.11074308562534
37.98258779420474,34.80146750162448
39.838241298209894,34.27128078619444
39.308054582779846,33.74109407076439
38.6453211884923,33.34345403419186
38.115134473062255,35.39792755648328
37.4524010787747,34.80146750162448
36.92221436334465,34.40382746505195
36.524574326772125,35.19910753819701
37.58494775763221,34.536374143909455
37.054761042202166,33.873640749621906
36.78966768448714,33.34345403419186
36.2594809690571,34.536374143909455
35.99438761134208,35.33165421705452
35.596747574769545,34.93401418048199
35.13283419876826,34.006187428479414
34.536374143909455,33.47600071304937
35.11074308562534,35.72929425362706
35.596747574769545,35.0665608593395
35.26538087762577,37.054761042202166
34.80146750162448,36.39202764791461
34.536374143909455,38.38022783077727
35.13283419876826,37.717494436489716
35.596747574769545,39.57314794049488
35.6630209141983,39.04296122506483
36.92221436334465,41.296254765642516
37.4524010787747,40.63352137135496
37.4524010787747,40.10333465592491
36.78966768448714,43.019361590790155
36.524574326772125,42.48917487536011
36.126934290199586,41.95898815993007
35.596747574769545,41.428801444500024
35.13283419876826,40.898614729069976
34.580556370195296,40.23588133478243
35.33165421705452,39.705694619352386
34.867740841053234,39.2417812433511
35.33165421705452,38.91041454620732
34.536374143909455,40.76606805021247
34.006187428479414,40.30215467421118
33.52018293933521,40.10333465592491
34.27128078619444,39.705694619352386
33.74109407076439,39.308054582779846
33.21090735533435,38.91041454620732
32.74699397933306,39.705694619352386
32.01798724561675,39.44060126163736
31.355253851329195,39.44060126163736
30.692520457041645,38.91041454620732
30.096060402182843,40.6777035976408
30.55997377818413,40.10333465592491
31.090160493614178,41.03116140792749
30.096060402182843,42.02526149935882
30.55997377818413,41.428801444500024
29.69842036561031,43.019361590790155
29.101960310751508,42.48917487536011
28.83686695303649,43.94718834279273
29.234506989609024,43.41700162736269
28.83686695303649,43.81464166393522
29.764693705039065,43.15190826964766
28.83686695303649,42.62172155421762
28.306680237606443,44.079735021650244
28.041586879891426,43.5495483062202
27.643946843318894,43.019361590790155
26.981213449031337,42.48917487536011
26.716120091316313,42.02526149935882
26.185933375886272,41.428801444500024
25.920840018171248,40.898614729069976
25.390653302741207,40.36842801363994
25.125559945026183,39.9707879770674
24.72791990845365,41.229981426213755
24.0651865141661,40.76606805021247
23.800093156451076,41.73807702850088
23.402453119878544,41.428801444500024
22.938539743877257,40.898614729069976
22.40835302844721,40.36842801363994
22.342079689018455,39.9707879770674
21.878166313017168,40.898614729069976
21.54679961587339,40.43470135306869
21.01661290044335,39.838241298209894
20.552699524442062,39.17550790392234
19.82369279072575,38.51277450963478
19.558599433010727,37.98258779420474
19.160959396438194,37.31985439991719
19.42605275415322,36.524574326772125
19.028412717580686,36.2594809690571
19.95623946958326,35.86184093248457
19.95623946958326,35.464200895912036
19.293506075295703,35.92811427191332
18.630772681008153,36.39202764791461
18.100585965578105,37.31985439991719
17.570399250148064,36.78966768448714
16.775119177003,37.4524010787747
16.244932461572958,36.92221436334465
15.71474574614291,36.524574326772125
15.250832370141623,35.86184093248457
14.65437231528282,35.464200895912036
14.389278957567804,35.33165421705452
13.726545563280247,34.66892082276697
13.06381216899269,34.006187428479414
12.53362545356265,33.60854739190688
12.268532095847625,33.21090735533435
11.605798701560076,32.68072063990431
11.141885325558782,32.15053392447426
,31.62034720904422
,31.222707172471686
,32.01798724561675
,31.62034720904422
,31.156433833042932
,30.825067135899154
,30.294880420469113
,29.83096704446782
,29.234506989609024
,28.571773595321467
,27.90904020103391
,27.24630680674636
,26.981213449031337
,26.583573412458804
,26.119660036457518
,25.65574666045623
,26.31848005474378
,26.716120091316313
,26.31848005474378
,25.722019999884985
,25.523199981598715
,24.993013266168674
,24.529099890167387
,23.932639835308585
,23.468726459307298
,22.872266404448496
,22.209533010160946
,21.613072955302144
,21.149159579300857
,21.01661290044335
,20.4864261850133
,20.022512809012014
,19.42605275415322
,18.829592699294416
,18.23313264443562
,17.702945929005573
,17.040212534718023
,16.57629915871673
,15.847292425000418
,15.582199067285401
,16.046112443286688
,16.64257249814549
,16.377479140430466
,15.71474574614291
,15.250832370141623
,14.65437231528282
,16.311205801001712
,15.71474574614291
,15.184559030712869
,16.775119177003
,17.570399250148064
,17.084394761003857
,17.901765947291842
,17.437852571290556
,16.907665855860508
,16.510025819287975
,15.979839103857934
,15.515925727856647
,14.919465672997845
,14.521825636425312
,14.12418559985278
,13.660272223851493
,14.12418559985278
