Y(hoy),Y(ayer)
5.707471492400835,4.183184685539466
5.1110114375420395,3.6529979701094177
4.713371400969507,4.448278043254483
4.91219141925577,4.05063800668195
5.420287021542897,3.6529979701094177
5.3761047952570635,3.5204512912519093
4.713371400969507,3.454177951823155
4.580824722111998,3.3879046123944008
3.984364667253196,2.990264575821868
3.5867246306806635,2.5263511998205814
3.078629028393536,2.3275311815343116
2.990264575821868,2.3275311815343116
3.3879046123944008,1.7973444661042635
2.7914445575355984,1.2671577506742295
0.9357910535304512,1.2671577506742295
0.47187767752916443,1.2671577506742295
0.20678431981413326,1.2008844112454682
0.4056043381004031,0.6044243563866729
0.8695177141016899,0.20678431981413326
0.8695177141016899,0.07423764095662477
0.33933099867164174,-0.45594907447342337
0.20678431981413326,-0.8535891110459488
0.20678431981413326,-0.8535891110459488
0.20678431981413326,-0.8535891110459488
0.20678431981413326,-0.8535891110459488
0.14051098038538612,-0.8535891110459488
0.07423764095662477,-0.8535891110459488
-0.45594907447342337,-0.8535891110459488
-0.8535891110459488,-0.8535891110459488
-0.8535891110459488,-0.8535891110459488
-0.8535891110459488,-0.9861357899034573
-0.8535891110459488,-1.5163225053335054
-1.1849558081897271,-1.913962541906045
-1.5163225053335054,-1.913962541906045
-1.913962541906045,-1.383775826475997
-1.1849558081897271,-1.648869184191014
-0.8535891110459488,-1.2512291476184885
-0.8535891110459488,-1.648869184191014
-0.654769092759679,-0.8535891110459488
-0.12458237732964506,-0.8535891110459488
0.33933099867164174,-0.8535891110459488
0.8695177141016899,-0.8535891110459488
1.2671577506742295,-0.8535891110459488
1.7089800135325959,-0.8535891110459488
2.3275311815343116,-0.8535891110459488
3.0565379152506154,-0.8535891110459488
2.46007786039182,-0.8535891110459488
3.5867246306806635,-0.8535891110459488
3.984364667253196,-0.8535891110459488
4.448278043254483,-0.8535891110459488
3.3879046123944008,-0.7210424321884403
4.448278043254483,-0.1908557167583922
4.845918079827015,0.20678431981413326
5.3761047952570635,0.20678431981413326
8.557225087837324,0.20678431981413326
11.47325202270256,0.20678431981413326
9.88269187641243,0.20678431981413326
9.352505160982389,0.20678431981413326
12.401078774705141,0.20678431981413326
11.870892059275093,0.67069769581542
14.919465672997845,1.2008844112454682
14.389278957567804,1.929891144961772
16.244932461572958,2.3275311815343116
17.30530589243304,2.725171218106837
16.775119177003,3.255357933536885
17.835492607863088,4.183184685539466
17.30530589243304,3.6529979701094177
16.907665855860508,4.580824722111998
20.353879506155792,3.7855446489669333
23.13735976216352,4.315731364396974
22.673446386162233,5.1110114375420395
22.07698633130343,5.707471492400835
25.258106623883698,5.773744831829596
24.661646569024896,6.303931547259637
24.19773319302361,7.099211620404702
23.667546477593568,7.629398335834743
27.113760127888845,9.087411803267365
26.51730007303005,8.557225087837324
26.053386697028763,9.88269187641243
28.43922691646396,10.545425270699987
27.90904020103391,11.208158664987543
30.02978706275409,11.738345380417584
29.49960034732404,13.06381216899269
28.969413631894,12.666172132420158
31.222707172471686,15.449652388427886
30.55997377818413,14.919465672997845
31.885440566759243,14.389278957567804
33.80736741019315,16.510025819287975
33.21090735533435,16.112385782715442
32.68072063990431,17.570399250148064
32.283080603331776,18.03431262614935
37.98258779420474,19.160959396438194
35.33165421705452,18.763319359865662
34.80146750162448,20.088786148440768
34.27128078619444,20.353879506155792
38.77786786734981,21.811892973588414
38.38022783077727,20.884066221585833
39.17550790392234,24.993013266168674
41.428801444500024,24.462826550738633
41.03116140792749,23.932639835308585
43.28445494850518,23.402453119878544
42.886814911932646,22.872266404448496
43.94718834279273,22.342079689018455
44.411101718794015,26.914940109602583
44.34482837936527,26.31848005474378
43.81464166393522,25.78829333931374
43.28445494850518,27.37885348560387
41.95898815993007,28.969413631894
41.296254765642516,28.43922691646396
41.03116140792749,27.90904020103391
40.898614729069976,30.957613814756662
40.36842801363994,30.294880420469113
39.838241298209894,29.764693705039065
39.308054582779846,29.367053668466532
38.77786786734981,31.62034720904422
38.247681151919764,32.415627282189284
37.78376777591848,32.01798724561675
38.77786786734981,34.27128078619444
38.247681151919764,33.74109407076439
37.85004111534723,33.21090735533435
39.308054582779846,35.86184093248457
39.838241298209894,35.33165421705452
39.308054582779846,34.93401418048199
38.976687885636075,36.657121005629634
39.57314794049488,37.717494436489716
39.57314794049488,38.247681151919764
39.04296122506483,39.838241298209894
38.51277450963478,39.308054582779846
37.98258779420474,41.69389480221505
38.77786786734981,41.16370808678501
38.247681151919764,43.019361590790155
38.247681151919764,42.48917487536011
37.78376777591848,43.94718834279273
38.51277450963478,43.5495483062202
38.048861133633494,43.35072828793393
37.58494775763221,43.15190826964766
39.90451463763865,42.29035485707385
39.44060126163736,42.09153483878758
39.04296122506483,41.69389480221505
38.6453211884923,41.229981426213755
38.115134473062255,41.03116140792749
37.187307721059675,41.49507478392878
37.58494775763221,41.95898815993007
37.054761042202166,41.49507478392878
36.78966768448714,41.03116140792749
36.43620987420045,41.03116140792749
35.99438761134208,41.03116140792749
37.717494436489716,41.49507478392878
37.187307721059675,41.82644148107256
36.78966768448714,41.16370808678501
36.657121005629634,40.50097469249745
36.2594809690571,39.838241298209894
34.735194162195725,39.44060126163736
35.37583644334036,38.6453211884923
34.80146750162448,38.115134473062255
35.464200895912036,37.187307721059675
34.93401418048199,36.657121005629634
34.27128078619444,36.126934290199586
33.60854739190688,35.6630209141983
33.34345403419186,35.464200895912036
32.945813997619325,35.72929425362706
32.415627282189284,36.325754308485855
32.216807263903014,35.72929425362706
32.15053392447426,35.19910753819701
31.62034720904422,34.536374143909455
30.957613814756662,34.13873410733692
30.493700438755376,33.74109407076439
29.49960034732404,33.2771806947631
28.969413631894,32.68072063990431
31.090160493614178,32.15053392447426
30.626247117612884,31.62034720904422
32.15053392447426,30.957613814756662
31.62034720904422,30.22860708104035
32.01798724561675,30.02978706275409
31.752893887901728,30.162333741611597
31.39943607761503,30.55997377818413
32.15053392447426,29.963513723325335
31.62034720904422,29.49960034732404
31.62034720904422,28.969413631894
31.156433833042932,28.306680237606443
30.957613814756662,27.90904020103391
30.55997377818413,28.704320274178976
29.89724038389658,28.306680237606443
30.294880420469113,29.632147026181556
29.764693705039065,29.101960310751508
29.234506989609024,30.02978706275409
28.83686695303649,30.825067135899154
29.234506989609024,30.294880420469113
30.096060402182843,31.885440566759243
31.156433833042932,31.48780053018671
31.355253851329195,30.825067135899154
31.885440566759243,30.294880420469113
30.825067135899154,29.49960034732404
30.294880420469113,28.969413631894
29.764693705039065,28.505500255892713
29.057778084465674,27.90904020103391
30.825067135899154,29.234506989609024
30.361153759897867,28.704320274178976
29.764693705039065,28.306680237606443
29.234506989609024,29.89724038389658
31.156433833042932,29.367053668466532
31.62034720904422,30.02978706275409
32.15053392447426,29.49960034732404
29.89724038389658,29.101960310751508
30.02978706275409,30.692520457041645
29.963513723325335,30.22860708104035
30.91343158847083,30.825067135899154
30.825067135899154,30.42742709932662
30.294880420469113,31.48780053018671
29.89724038389658,32.15053392447426
31.885440566759243,32.01798724561675
31.355253851329195,31.42152719075795
30.957613814756662,31.951713906187997
31.62034720904422,32.945813997619325
30.957613814756662,32.415627282189284
30.294880420469113,33.2771806947631
31.134342719900012,32.945813997619325
30.55997377818413,32.415627282189284
30.162333741611597,31.885440566759243
31.951713906187997,30.55997377818413
32.415627282189284,30.162333741611597
31.48780053018671,31.686620548472973
32.415627282189284,31.090160493614178
31.951713906187997,32.15053392447426
31.355253851329195,31.62034720904422
31.885440566759243,31.156433833042932
32.945813997619325,30.692520457041645
32.415627282189284,30.361153759897867
34.006187428479414,30.957613814756662
33.40972737362062,31.929622793045077
33.07836067647684,31.48780053018671
32.54817396104679,31.62034720904422
32.01798724561675,32.68072063990431
31.48780053018671,32.15053392447426
31.222707172471686,31.222707172471686
33.47600071304937,34.33755412562319
32.945813997619325,33.74109407076439
32.415627282189284,33.21090735533435
34.13873410733692,34.13873410733692
35.0665608593395,33.47600071304937
35.464200895912036,32.81326731876182
35.53047423534079,32.283080603331776
35.0665608593395,32.54817396104679
34.536374143909455,33.07836067647684
35.464200895912036,32.68072063990431
34.93401418048199,31.355253851329195
41.428801444500024,31.355253851329195
40.898614729069976,32.415627282189284
42.75426823307514,33.07836067647684
42.09153483878758,32.54817396104679
41.82644148107256,33.47600071304937
41.428801444500024,32.945813997619325
41.03116140792749,34.60264748333822
41.95898815993007,34.006187428479414
41.428801444500024,35.11074308562534
40.10333465592491,34.80146750162448
42.003170386215906,34.27128078619444
41.428801444500024,33.74109407076439
42.09153483878758,33.34345403419186
41.56134812335753,34.13873410733692
40.50097469249745,35.596747574769545
40.23588133478243,35.0665608593395
39.705694619352386,36.39202764791461
39.44060126163736,35.99438761134208
39.04296122506483,35.92811427191332
39.838241298209894,36.39202764791461
39.308054582779846,36.126934290199586
38.91041454620732,35.72929425362706
44.079735021650244,35.33165421705452
43.48327496679144,34.93401418048199
43.019361590790155,34.13873410733692
42.48917487536011,33.674820731335636
41.03116140792749,33.34345403419186
40.43470135306869,35.0665608593395
40.898614729069976,34.536374143909455
39.705694619352386,34.13873410733692
39.44060126163736,38.51277450963478
39.04296122506483,37.98258779420474
38.51277450963478,37.4524010787747
38.048861133633494,37.054761042202166
37.4524010787747,42.22408151764509
37.054761042202166,41.69389480221505
36.126934290199586,41.296254765642516
35.596747574769545,40.76606805021247
35.596747574769545,44.079735021650244
35.26538087762577,43.61582164564895
34.80146750162448,43.019361590790155
34.40382746505195,43.28445494850518
34.006187428479414,42.62172155421762
33.47600071304937,42.3566281965026
33.01208733704808,44.079735021650244
32.45980950847512,43.5495483062202
33.21090735533435,43.085634930218916
32.68072063990431,42.48917487536011
33.21090735533435,41.95898815993007
32.68072063990431,41.56134812335753
32.34935394276053,40.23588133478243
33.07836067647684,39.705694619352386
33.74109407076439,38.77786786734981
34.27128078619444,38.31395449134852
33.74109407076439,37.85004111534723
33.07836067647684,40.63352137135496
32.54817396104679,40.10333465592491
31.885440566759243,41.03116140792749
31.355253851329195,41.03116140792749
32.01798724561675,40.63352137135496
31.48780053018671,40.23588133478243
30.825067135899154,39.838241298209894
30.294880420469113,39.04296122506483
29.89724038389658,38.38022783077727
31.090160493614178,37.85004111534723
30.55997377818413,38.77786786734981
32.216807263903014,38.247681151919764
32.15053392447426,40.36842801363994
31.023887154185417,39.705694619352386
31.62034720904422,42.3566281965026
32.945813997619325,41.69389480221505
32.415627282189284,43.019361590790155
33.74109407076439,41.16370808678501
34.60264748333822,40.63352137135496
34.13873410733692,39.9707879770674
36.78966768448714,39.308054582779846
35.0665608593395,38.6453211884923
34.27128078619444,37.916314454775986
33.60854739190688,37.4524010787747
33.34345403419186,36.92221436334465
33.78527629705023,36.39202764791461
33.34345403419186,35.99438761134208
35.33165421705452,35.33165421705452
34.80146750162448,34.80146750162448
35.33165421705452,34.27128078619444
34.536374143909455,33.60854739190688
31.885440566759243,33.07836067647684
31.355253851329195,32.81326731876182
32.945813997619325,32.415627282189284
32.415627282189284,34.006187428479414
34.33755412562319,33.47600071304937
34.27128078619444,33.07836067647684
34.006187428479414,34.33755412562319
33.47600071304937,33.873640749621906
32.945813997619325,33.47600071304937
32.415627282189284,32.945813997619325
32.945813997619325,32.283080603331776
34.27128078619444,32.01798724561675
33.74109407076439,31.62034720904422
35.596747574769545,31.222707172471686
35.19910753819701,30.692520457041645
36.19320762962835,30.096060402182843
39.838241298209894,30.02978706275409
39.308054582779846,30.55997377818413
38.91041454620732,30.02978706275409
36.657121005629634,31.686620548472973
39.57314794049488,31.090160493614178
38.91041454620732,32.15053392447426
38.247681151919764,31.885440566759243
37.4524010787747,31.355253851329195
36.98848770277341,30.692520457041645
37.98258779420474,30.42742709932662
36.39202764791461,30.02978706275409
35.86184093248457,29.49960034732404
38.6453211884923,29.101960310751508
37.27567217363135,29.632147026181556
37.98258779420474,29.16823365018027
37.187307721059675,29.89724038389658
36.524574326772125,29.367053668466532
36.126934290199586,31.090160493614178
35.464200895912036,30.55997377818413
37.85004111534723,32.945813997619325
36.126934290199586,32.415627282189284
33.34345403419186,33.2771806947631
33.34345403419186,32.945813997619325
33.47600071304937,32.54817396104679
34.536374143909455,32.01798724561675
34.07246076790817,31.355253851329195
35.33165421705452,31.355253851329195
34.80146750162448,32.48190062161804
34.006187428479414,31.885440566759243
33.47600071304937,33.54227405247813
36.39202764791461,32.945813997619325
35.79556759305581,34.006187428479414
34.27128078619444,34.80146750162448
33.60854739190688,35.92811427191332
35.33165421705452,35.464200895912036
34.80146750162448,36.39202764791461
34.33755412562319,35.0665608593395
33.873640749621906,34.4701008044807
33.34345403419186,34.33755412562319
34.66892082276697,33.07836067647684
35.33165421705452,32.54817396104679
34.80146750162448,35.39792755648328
34.27128078619444,34.80146750162448
33.74109407076439,34.27128078619444
33.07836067647684,35.86184093248457
32.54817396104679,36.39202764791461
32.283080603331776,35.86184093248457
35.33165421705452,35.19910753819701
34.80146750162448,34.536374143909455
34.27128078619444,34.27128078619444
33.80736741019315,33.873640749621906
33.34345403419186,35.0665608593395
34.27128078619444,34.536374143909455
33.60854739190688,36.524574326772125
33.34345403419186,35.86184093248457
33.40972737362062,36.78966768448714
33.74109407076439,37.98258779420474
34.205007446765684,37.58494775763221
35.33165421705452,38.51277450963478
34.80146750162448,37.98258779420474
33.80736741019315,37.187307721059675
34.27128078619444,36.126934290199586
35.33165421705452,35.72929425362706
34.80146750162448,34.93401418048199
33.74109407076439,34.536374143909455
33.34345403419186,35.0665608593395
31.090160493614178,35.464200895912036
30.626247117612884,36.126934290199586
30.02978706275409,35.72929425362706
28.83686695303649,37.4524010787747
32.15053392447426,37.054761042202166
31.686620548472973,36.657121005629634
31.090160493614178,36.126934290199586
33.21090735533435,35.72929425362706
32.68072063990431,34.006187428479414
33.07836067647684,33.60854739190688
32.68072063990431,34.33755412562319
30.55997377818413,34.867740841053234
30.162333741611597,35.33165421705452
29.234506989609024,34.536374143909455
28.83686695303649,34.66892082276697
30.383244873040788,35.26538087762577
30.957613814756662,34.80146750162448
30.294880420469113,34.27128078619444
29.764693705039065,33.74109407076439
29.234506989609024,33.34345403419186
28.704320274178976,32.945813997619325
28.306680237606443,32.415627282189284
29.49960034732404,31.885440566759243
31.090160493614178,31.28898051190044
30.55997377818413,31.355253851329195
30.162333741611597,31.885440566759243
30.294880420469113,31.355253851329195
29.764693705039065,30.825067135899154
29.300780329037778,30.294880420469113
28.571773595321467,31.885440566759243
28.041586879891426,31.355253851329195
27.445126825032624,30.957613814756662
26.84866677017383,30.692520457041645
26.31848005474378,30.22860708104035
25.78829333931374,31.42152719075795
25.258106623883698,30.957613814756662
24.462826550738633,31.951713906187997
24.0651865141661,33.07836067647684
21.811892973588414,32.415627282189284
21.281706258158366,33.74109407076439
22.209533010160946,34.13873410733692
22.342079689018455,33.60854739190688
17.968039286720597,32.945813997619325
16.377479140430466,32.48190062161804
15.317105709570377,32.74699397933306
14.786918994140336,33.21090735533435
15.184559030712869,31.355253851329195
14.786918994140336,30.825067135899154
17.968039286720597,30.294880420469113
17.968039286720597,29.764693705039065
16.244932461572958,29.234506989609024
15.582199067285401,29.764693705039065
14.919465672997845,31.090160493614178
14.389278957567804,30.55997377818413
13.925365581566517,32.01798724561675
13.328905526707715,31.48780053018671
12.666172132420158,32.283080603331776
11.274432004416298,31.885440566759243
10.76633640212917,31.48780053018671
10.214058573556208,30.55997377818413
10.147785234127454,30.162333741611597
9.617598518697413,29.234506989609024
9.88269187641243,28.571773595321467
9.485051839839898,27.842766861605156
,27.776493522176402
,28.43922691646396
,28.041586879891426
,29.764693705039065
,29.300780329037778
,28.571773595321467
,27.90904020103391
,27.37885348560387
,26.914940109602583
,26.31848005474378
,25.920840018171248
,25.523199981598715
,24.993013266168674
,24.59537322959614
,24.19773319302361
,23.800093156451076
,22.872266404448496
,21.944439652445922
,21.41425293701588
,22.07698633130343
,21.679346294730898
,19.95623946958326
,19.42605275415322
,19.028412717580686
,17.968039286720597
,17.570399250148064
,16.907665855860508
,16.377479140430466
,15.847292425000418
,15.979839103857934
,17.30530589243304
,16.775119177003
,16.244932461572958
,15.71474574614291
,15.184559030712869
,14.65437231528282
,14.190458939281534
,13.726545563280247
,13.328905526707715
,12.666172132420158
,12.135985416990117
,11.47325202270256
,11.075611986130028
,10.677971949557495
,10.280331912984963
,9.88269187641243
,9.352505160982389
,8.954865124409856
,8.954865124409856
