Y(hoy),Y(ayer)
4.647098061540753,8.954865124409856
4.580824722111998,9.352505160982389
4.448278043254483,10.214058573556208
4.183184685539466,9.750145197554922
3.6529979701094177,10.677971949557495
3.5204512912519093,11.870892059275093
3.5204512912519093,11.208158664987543
3.5204512912519093,13.107994395278524
3.3879046123944008,12.53362545356265
3.1228112546793767,13.461452205565223
2.5926245392493286,13.925365581566517
2.3275311815343116,14.389278957567804
1.7973444661042635,13.991638920995271
1.3334310901029767,13.527725544993984
1.2671577506742295,13.328905526707715
1.2008844112454682,12.798718811277674
1.1346110718167068,12.268532095847625
0.67069769581542,11.738345380417584
0.2730576592428946,11.208158664987543
0.20678431981413326,10.677971949557495
0.20678431981413326,10.147785234127454
0.14051098038538612,9.485051839839898
0.07423764095662477,9.219958482124873
-0.45594907447342337,8.822318445552341
-0.8535891110459488,8.2921317301223
-0.8535891110459488,7.828218354121013
-0.8535891110459488,7.231758299262211
-0.8535891110459488,6.569024904974661
-0.8535891110459488,5.906291510687105
-0.8535891110459488,5.442378134685818
-0.8535891110459488,4.845918079827015
-1.11868246876098,4.183184685539466
-1.5163225053335054,3.5204512912519093
-1.9802358813347922,2.8577178969643597
-2.0465092207635536,2.46007786039182
-2.0465092207635536,2.3275311815343116
-2.0465092207635536,2.3275311815343116
-2.0465092207635536,2.3275311815343116
-2.0465092207635536,1.929891144961772
-2.1127825601923007,1.4659777689604852
-2.179055899621062,1.2671577506742295
-2.0465092207635536,1.2671577506742295
-2.179055899621062,1.2671577506742295
-2.0465092207635536,0.8695177141016899
-2.0465092207635536,0.4056043381004031
-1.4721402790476645,0.20678431981413326
-1.913962541906045,0.20678431981413326
-1.11868246876098,0.20678431981413326
-0.8535891110459488,-0.05830903790088371
-0.3234023956159007,-0.7210424321884403
-0.05830903790088371,-0.8535891110459488
0.20678431981413326,-0.8535891110459488
0.6486065826724996,-0.45594907447342337
1.0020643929591984,-0.05830903790088371
1.2671577506742295,-0.7210424321884403
2.3938045209630587,-0.8535891110459488
2.3275311815343116,-0.8535891110459488
6.966664941547194,-0.8535891110459488
7.496851656977235,-0.8535891110459488
8.027038372407276,-0.8535891110459488
11.340705343845052,-1.2512291476184885
13.06381216899269,-1.7151425236197753
12.53362545356265,-1.7814158630485224
14.919465672997845,-1.2070469213326476
14.521825636425312,-1.5163225053335054
16.244932461572958,-1.913962541906045
19.293506075295703,-1.7151425236197753
20.221332827298284,-1.2070469213326476
19.82369279072575,-1.5163225053335054
21.944439652445922,-1.2512291476184885
21.281706258158366,-0.8535891110459488
20.884066221585833,-0.8535891110459488
23.733819817022322,-0.8535891110459488
23.13735976216352,-0.8535891110459488
22.60717304673348,-0.8535891110459488
24.72791990845365,-0.8535891110459488
24.19773319302361,-0.8535891110459488
39.838241298209894,-0.7210424321884403
41.03116140792749,-0.1908557167583922
42.003170386215906,0.20678431981413326
41.428801444500024,0.20678431981413326
42.22408151764509,0.8695177141016899
41.7601681416438,1.2671577506742295
41.16370808678501,1.2671577506742295
40.63352137135496,1.664797787246755
40.16960799535367,2.3275311815343116
39.57314794049488,3.1228112546793767
38.976687885636075,2.990264575821868
40.36842801363994,2.5926245392493286
39.9707879770674,3.255357933536885
41.03116140792749,3.918091327824442
40.30215467421118,4.448278043254483
40.898614729069976,4.845918079827015
40.50097469249745,5.906291510687105
41.097434747356246,7.231758299262211
41.428801444500024,7.761945014692259
41.03116140792749,8.2921317301223
42.003170386215906,8.954865124409856
42.22408151764509,9.485051839839898
42.3566281965026,10.147785234127454
43.019361590790155,11.47325202270256
42.22408151764509,11.075611986130028
43.019361590790155,13.06381216899269
41.428801444500024,12.53362545356265
40.898614729069976,12.135985416990117
40.36842801363994,15.449652388427886
39.9707879770674,14.919465672997845
40.898614729069976,14.389278957567804
40.43470135306869,16.510025819287975
40.23588133478243,16.112385782715442
39.838241298209894,17.570399250148064
39.838241298209894,17.968039286720597
39.308054582779846,18.498226002150638
38.77786786734981,19.160959396438194
38.247681151919764,19.82369279072575
37.717494436489716,21.01661290044335
37.25358106048843,20.4864261850133
36.657121005629634,22.60717304673348
36.126934290199586,22.07698633130343
35.596747574769545,21.679346294730898
35.464200895912036,24.462826550738633
34.93401418048199,23.932639835308585
34.27128078619444,23.402453119878544
33.74109407076439,23.00481308330601
33.40972737362062,26.053386697028763
33.80736741019315,24.860466587311166
33.34345403419186,28.174133558748935
34.27128078619444,27.643946843318894
33.74109407076439,29.49960034732404
33.07836067647684,30.825067135899154
32.81326731876182,30.42742709932662
32.415627282189284,31.885440566759243
31.752893887901728,33.60854739190688
31.48780053018671,33.07836067647684
31.090160493614178,35.33165421705452
30.626247117612884,34.80146750162448
30.096060402182843,36.92221436334465
29.49960034732404,36.524574326772125
29.49960034732404,38.247681151919764
29.89724038389658,37.85004111534723
29.3228714421807,39.838241298209894
29.89724038389658,39.308054582779846
29.234506989609024,42.3566281965026
30.02978706275409,41.69389480221505
29.89724038389658,41.16370808678501
29.234506989609024,43.61582164564895
29.89724038389658,43.019361590790155
29.234506989609024,44.079735021650244
30.02978706275409,43.5495483062202
30.162333741611597,43.15190826964766
29.367053668466532,42.62172155421762
29.89724038389658,42.22408151764509
30.162333741611597,41.69389480221505
30.02978706275409,41.229981426213755
30.42742709932662,41.03116140792749
29.89724038389658,40.50097469249745
31.090160493614178,39.9707879770674
30.55997377818413,39.9707879770674
30.162333741611597,39.57314794049488
30.096060402182843,38.976687885636075
30.493700438755376,38.91041454620732
31.090160493614178,39.04296122506483
30.55997377818413,39.90451463763865
30.825067135899154,39.44060126163736
30.42742709932662,40.36842801363994
30.825067135899154,40.76606805021247
30.162333741611597,40.16960799535367
29.632147026181556,39.44060126163736
31.090160493614178,38.77786786734981
30.55997377818413,38.115134473062255
30.162333741611597,37.58494775763221
29.49960034732404,36.78966768448714
28.969413631894,36.657121005629634
29.632147026181556,36.2594809690571
30.957613814756662,35.72929425362706
30.55997377818413,35.33165421705452
31.156433833042932,34.80146750162448
31.090160493614178,34.33755412562319
30.55997377818413,33.74109407076439
30.22860708104035,33.34345403419186
30.825067135899154,32.945813997619325
30.162333741611597,32.48190062161804
28.969413631894,32.283080603331776
30.02978706275409,32.283080603331776
29.632147026181556,31.752893887901728
31.090160493614178,31.222707172471686
32.15053392447426,30.825067135899154
31.752893887901728,30.361153759897867
32.283080603331776,29.632147026181556
32.415627282189284,28.969413631894
32.945813997619325,28.306680237606443
33.01208733704808,27.90904020103391
32.945813997619325,28.770593613607737
32.415627282189284,28.306680237606443
32.45980950847512,28.83686695303649
33.21090735533435,28.571773595321467
34.27128078619444,27.975313540462672
33.74109407076439,27.776493522176402
35.596747574769545,28.174133558748935
35.0665608593395,28.571773595321467
42.29035485707385,28.306680237606443
41.89271482050131,27.776493522176402
41.428801444500024,28.704320274178976
40.50097469249745,28.21831578503477
39.90451463763865,29.101960310751508
39.04296122506483,29.69842036561031
38.51277450963478,29.101960310751508
37.98258779420474,28.83686695303649
41.95898815993007,29.234506989609024
41.428801444500024,29.632147026181556
41.296254765642516,28.903140292465245
41.03116140792749,28.903140292465245
40.96488806849874,29.234506989609024
40.36842801363994,29.632147026181556
38.91041454620732,29.367053668466532
38.38022783077727,29.89724038389658
37.58494775763221,30.02978706275409
37.187307721059675,29.89724038389658
36.78966768448714,29.49960034732404
37.49658330506054,29.101960310751508
37.78376777591848,29.632147026181556
38.247681151919764,30.162333741611597
38.77786786734981,30.692520457041645
37.98258779420474,29.632147026181556
37.31985439991719,29.16823365018027
36.524574326772125,30.825067135899154
35.86184093248457,30.361153759897867
35.0665608593395,29.89724038389658
34.66892082276697,30.294880420469113
33.07836067647684,29.83096704446782
32.415627282189284,29.367053668466532
32.01798724561675,29.101960310751508
31.62034720904422,29.764693705039065
31.090160493614178,29.101960310751508
30.42742709932662,29.49960034732404
29.764693705039065,30.02978706275409
29.101960310751508,30.692520457041645
28.43922691646396,31.355253851329195
27.776493522176402,31.885440566759243
27.24630680674636,31.48780053018671
26.716120091316313,30.825067135899154
28.174133558748935,30.22860708104035
28.704320274178976,31.664529435330053
28.041586879891426,31.48780053018671
27.445126825032624,31.885440566759243
27.113760127888845,32.74699397933306
27.776493522176402,33.2771806947631
28.174133558748935,33.34345403419186
27.776493522176402,33.34345403419186
28.704320274178976,33.40972737362062
27.90904020103391,34.80146750162448
28.43922691646396,34.27128078619444
29.764693705039065,33.873640749621906
29.234506989609024,35.86184093248457
30.02978706275409,35.33165421705452
30.02978706275409,37.4524010787747
29.49960034732404,36.92221436334465
28.969413631894,39.308054582779846
29.565873686752802,38.6453211884923
30.02978706275409,41.16370808678501
30.825067135899154,40.76606805021247
30.294880420469113,41.95898815993007
29.89724038389658,41.428801444500024
32.15053392447426,41.03116140792749
31.62034720904422,40.63352137135496
31.62034720904422,40.23588133478243
31.222707172471686,39.308054582779846
30.162333741611597,40.63352137135496
29.89724038389658,40.23588133478243
30.361153759897867,40.10333465592491
29.89724038389658,39.639421279923624
30.825067135899154,39.10923456449358
30.294880420469113,39.61733016678071
31.39943607761503,38.77786786734981
30.825067135899154,38.247681151919764
29.89724038389658,37.85004111534723
32.283080603331776,38.6453211884923
29.963513723325335,38.115134473062255
32.01798724561675,39.37432792220861
30.55997377818413,40.898614729069976
30.02978706275409,40.43470135306869
33.2771806947631,39.838241298209894
32.68072063990431,40.36842801363994
33.34345403419186,39.90451463763865
33.34345403419186,39.308054582779846
33.01208733704808,38.51277450963478
32.415627282189284,37.98258779420474
31.752893887901728,37.4524010787747
31.48780053018671,37.054761042202166
31.222707172471686,36.657121005629634
34.27128078619444,36.2594809690571
33.74109407076439,35.596747574769545
32.945813997619325,35.0665608593395
32.415627282189284,34.536374143909455
31.885440566759243,33.34345403419186
33.40972737362062,33.07836067647684
34.27128078619444,32.54817396104679
33.74109407076439,31.885440566759243
33.34345403419186,31.222707172471686
32.74699397933306,30.825067135899154
33.21090735533435,30.162333741611597
32.283080603331776,29.632147026181556
32.68072063990431,28.969413631894
33.07836067647684,28.571773595321467
34.40382746505195,27.776493522176402
33.93991408905066,27.37885348560387
33.52018293933521,27.113760127888845
34.006187428479414,27.776493522176402
33.54227405247813,27.511400164461378
33.144634015905595,26.84866677017383
32.68072063990431,26.716120091316313
32.283080603331776,26.84866677017383
33.60854739190688,27.37885348560387
34.27128078619444,27.90904020103391
33.93991408905066,28.969413631894
33.34345403419186,28.571773595321467
32.68072063990431,30.361153759897867
31.355253851329195,29.764693705039065
30.825067135899154,29.367053668466532
30.42742709932662,30.692520457041645
29.89724038389658,30.02978706275409
31.023887154185417,29.367053668466532
31.62034720904422,28.571773595321467
34.006187428479414,28.041586879891426
33.60854739190688,27.643946843318894
32.15053392447426,27.180033467317607
31.222707172471686,26.716120091316313
33.21090735533435,27.113760127888845
32.74699397933306,27.975313540462672
34.27128078619444,27.511400164461378
33.74109407076439,28.43922691646396
31.885440566759243,28.969413631894
31.48780053018671,29.83096704446782
31.090160493614178,29.367053668466532
30.626247117612884,30.361153759897867
30.02978706275409,30.825067135899154
30.096060402182843,30.294880420469113
30.096060402182843,29.764693705039065
30.02978706275409,29.234506989609024
29.49960034732404,28.571773595321467
28.174133558748935,28.10786021932018
27.643946843318894,27.776493522176402
26.981213449031337,28.969413631894
26.583573412458804,28.571773595321467
26.119660036457518,29.89724038389658
26.31848005474378,29.367053668466532
25.78829333931374,30.55997377818413
26.583573412458804,31.885440566759243
26.053386697028763,31.355253851329195
25.523199981598715,32.283080603331776
24.993013266168674,31.752893887901728
23.402453119878544,31.222707172471686
23.00481308330601,30.361153759897867
22.342079689018455,30.825067135899154
21.41425293701588,31.48780053018671
21.01661290044335,32.01798724561675
20.420152845584546,32.68072063990431
19.691146111868235,33.60854739190688
19.160959396438194,33.07836067647684
18.498226002150638,34.006187428479414
17.835492607863088,34.40382746505195
17.30530589243304,34.27128078619444
16.775119177003,33.80736741019315
16.775119177003,33.34345403419186
17.30530589243304,33.34345403419186
16.775119177003,34.205007446765684
17.835492607863088,33.40972737362062
17.30530589243304,33.34345403419186
13.461452205565223,32.68072063990431
13.328905526707715,32.15053392447426
12.798718811277674,31.62034720904422
12.268532095847625,31.222707172471686
11.738345380417584,32.945813997619325
11.274432004416298,32.415627282189284
11.208158664987543,33.34345403419186
10.74424528898625,33.873640749621906
10.280331912984963,34.40382746505195
9.750145197554922,34.40382746505195
9.087411803267365,34.33755412562319
8.756045106123587,34.006187428479414
8.2921317301223,33.47600071304937
8.822318445552341,32.415627282189284
8.2921317301223,32.01798724561675
,31.48780053018671
,31.222707172471686
,31.885440566759243
,32.283080603331776
,31.48780053018671
,31.090160493614178
,30.55997377818413
,30.02978706275409
,29.632147026181556
,29.101960310751508
,30.294880420469113
,31.156433833042932
,32.15053392447426
,31.62034720904422
,33.21090735533435
,32.74699397933306
,32.283080603331776
,31.885440566759243
,31.48780053018671
,30.825067135899154
,30.294880420469113
,29.764693705039065
,29.234506989609024
,28.903140292465245
,29.632147026181556
,29.49960034732404
,29.035686971322754
,28.83686695303649
,27.90904020103391
,27.37885348560387
,26.84866677017383
,26.31848005474378
,25.722019999884985
,25.65574666045623
,25.65574666045623
,25.258106623883698
,24.794193247882404
,24.59537322959614
,24.19773319302361
,23.13735976216352
,22.60717304673348
,22.07698633130343
,21.41425293701588
,20.751519542728325
,20.15505948786953
,19.691146111868235
,19.160959396438194
,18.630772681008153
,18.100585965578105
,17.570399250148064
,17.106485874146777
,16.708845837574245
,16.510025819287975
,16.046112443286688
,15.582199067285401
,15.582199067285401
,16.046112443286688
,16.57629915871673
,16.64257249814549
,15.979839103857934
,15.582199067285401
,14.65437231528282
,14.256732278710288
,13.328905526707715
,12.666172132420158
,11.870892059275093
,11.340705343845052
,10.94306530727252
,10.280331912984963
,10.0815118946987
,9.88269187641243
,9.352505160982389
,8.822318445552341
,8.159585051264791
,7.364304978119726
,6.834118262689678
,7.032938280975948
,7.496851656977235
