Y(hoy),Y(ayer)
3.5204512912519093,9.750145197554922
3.5204512912519093,9.219958482124873
3.5204512912519093,9.750145197554922
3.5204512912519093,10.147785234127454
2.990264575821868,10.015238555269946
2.46007786039182,9.352505160982389
2.46007786039182,10.412878591842478
2.3275311815343116,9.88269187641243
2.0624378238192946,10.81051862841501
1.5322511083892465,10.147785234127454
1.2671577506742295,9.485051839839898
1.2671577506742295,8.954865124409856
1.2671577506742295,8.954865124409856
1.1346110718167068,8.954865124409856
0.47187767752916443,8.822318445552341
0.20678431981413326,8.159585051264791
0.20678431981413326,7.828218354121013
0.20678431981413326,7.298031638690972
0.20678431981413326,6.834118262689678
0.20678431981413326,6.834118262689678
0.20678431981413326,6.834118262689678
0.14051098038538612,6.834118262689678
0.07423764095662477,6.436478226117146
-0.45594907447342337,5.84001817125835
-0.8535891110459488,5.6411981529720805
0.07423764095662477,4.978464758684531
-0.45594907447342337,4.713371400969507
-0.45594907447342337,5.3761047952570635
-0.8535891110459488,4.779644740398261
-0.8535891110459488,4.91219141925577
-0.8535891110459488,5.420287021542897
-0.8535891110459488,5.1110114375420395
-0.8535891110459488,4.713371400969507
-0.8535891110459488,4.713371400969507
-0.8535891110459488,4.713371400969507
-0.8535891110459488,4.315731364396974
-0.8535891110459488,3.6529979701094177
-0.8535891110459488,2.8577178969643597
-0.8535891110459488,2.5926245392493286
-0.9861357899034573,3.3879046123944008
-0.9861357899034573,3.3879046123944008
-1.5163225053335054,2.990264575821868
-1.9802358813347922,2.5263511998205814
-0.9861357899034573,2.5926245392493286
-1.5163225053335054,3.255357933536885
-1.5163225053335054,2.7914445575355984
-1.9802358813347922,2.3275311815343116
-2.0465092207635536,2.3275311815343116
-1.648869184191014,2.3275311815343116
-2.179055899621062,2.3275311815343116
-0.9861357899034573,2.3275311815343116
-0.8535891110459488,2.3275311815343116
-0.8535891110459488,2.3275311815343116
-0.8535891110459488,2.2612578421055503
-0.8535891110459488,1.7973444661042635
-0.8535891110459488,1.399704429531738
-0.8535891110459488,2.2612578421055503
-0.8535891110459488,1.7973444661042635
-0.9861357899034573,2.46007786039182
-1.5163225053335054,1.929891144961772
-1.8476892024772837,1.3334310901029767
-1.2070469213326476,1.2671577506742295
-0.9198624504747102,1.2671577506742295
-0.8535891110459488,1.2671577506742295
-0.8535891110459488,1.2671577506742295
-0.8535891110459488,1.2671577506742295
-0.8535891110459488,1.2671577506742295
-0.7873157716172017,1.2671577506742295
-0.1466734904725655,1.2671577506742295
-0.7210424321884403,1.1346110718167068
0.20678431981413326,0.67069769581542
0.20678431981413326,0.33933099867164174
0.20678431981413326,1.0020643929591984
0.4056043381004031,1.2671577506742295
0.9357910535304512,1.2671577506742295
1.7310711266755163,1.2671577506742295
2.23916672896263,1.2671577506742295
2.46007786039182,1.2671577506742295
3.0565379152506154,1.2671577506742295
3.5204512912519093,1.4659777689604852
3.8518179883956876,1.929891144961772
3.3879046123944008,2.3275311815343116
4.448278043254483,2.3938045209630587
4.580824722111998,2.3275311815343116
4.845918079827015,2.2612578421055503
4.448278043254483,1.7973444661042635
5.3761047952570635,1.399704429531738
6.038838189544613,2.2612578421055503
6.70157158383217,1.7973444661042635
7.298031638690972,2.3275311815343116
7.806127240978093,2.3275311815343116
8.557225087837324,2.3938045209630587
8.027038372407276,2.725171218106837
10.412878591842478,3.3879046123944008
9.88269187641243,3.3879046123944008
9.352505160982389,2.990264575821868
11.208158664987543,2.5263511998205814
12.268532095847625,2.3938045209630587
11.738345380417584,2.5263511998205814
11.340705343845052,3.1228112546793767
13.593998884422739,3.6529979701094177
13.06381216899269,3.5204512912519093
15.449652388427886,3.7855446489669333
14.919465672997845,4.448278043254483
14.389278957567804,4.713371400969507
16.64257249814549,4.713371400969507
16.112385782715442,4.713371400969507
16.510025819287975,4.713371400969507
15.979839103857934,4.647098061540753
15.582199067285401,4.315731364396974
17.614581476433898,3.8518179883956876
17.040212534718023,4.05063800668195
18.36567932329313,3.6529979701094177
18.89586603872317,4.647098061540753
19.492326093581973,4.713371400969507
20.4864261850133,4.713371400969507
20.022512809012014,4.779644740398261
22.60717304673348,5.508651474114572
22.07698633130343,4.978464758684531
21.54679961587339,5.773744831829596
21.01661290044335,5.773744831829596
25.258106623883698,5.972564850115859
24.59537322959614,6.569024904974661
24.131459853594855,6.834118262689678
23.667546477593568,6.303931547259637
23.13735976216352,5.773744831829596
28.174133558748935,6.171384868402129
27.643946843318894,6.767844923260924
27.180033467317607,7.099211620404702
26.583573412458804,7.761945014692259
26.053386697028763,7.894491693549767
29.367053668466532,7.894491693549767
28.704320274178976,7.894491693549767
30.073969289039923,8.888591784981102
31.885440566759243,8.2921317301223
31.42152719075795,10.015238555269946
30.825067135899154,9.352505160982389
33.52018293933521,9.948965215841184
32.945813997619325,9.352505160982389
32.415627282189284,10.015238555269946
34.84564972791032,9.485051839839898
34.27128078619444,10.214058573556208
35.72929425362706,10.81051862841501
36.39202764791461,11.406978683273806
37.49658330506054,12.003438738132608
36.92221436334465,11.605798701560076
38.822050093635646,12.864992150706428
38.247681151919764,12.401078774705141
40.63352137135496,13.395178866136469
40.10333465592491,13.859092242137756
39.57314794049488,14.720645654711582
41.95898815993007,14.256732278710288
41.428801444500024,15.317105709570377
40.898614729069976,15.847292425000418
40.36842801363994,16.57629915871673
41.428801444500024,17.702945929005573
39.9707879770674,17.040212534718023
43.019361590790155,17.968039286720597
42.3566281965026,18.498226002150638
41.95898815993007,17.968039286720597
40.898614729069976,19.82369279072575
40.36842801363994,19.160959396438194
43.019361590790155,20.088786148440768
42.3566281965026,20.353879506155792
42.09153483878758,21.613072955302144
41.69389480221505,21.01661290044335
41.16370808678501,21.944439652445922
40.63352137135496,21.370070710730047
39.9707879770674,22.07698633130343
39.308054582779846,21.679346294730898
38.6453211884923,21.590981842159223
37.98258779420474,21.149159579300857
38.51277450963478,21.944439652445922
37.58494775763221,21.347979597587127
39.838241298209894,21.149159579300857
39.37432792220861,21.613072955302144
40.36842801363994,22.07698633130343
40.898614729069976,21.54679961587339
40.23588133478243,21.01661290044335
39.705694619352386,20.4864261850133
39.08714345135067,20.022512809012014
40.36842801363994,19.470234980439052
39.838241298209894,19.028412717580686
40.898614729069976,20.221332827298284
40.76606805021247,19.82369279072575
40.50097469249745,21.01661290044335
40.14751688221075,20.552699524442062
41.428801444500024,20.022512809012014
40.898614729069976,19.42605275415322
41.95898815993007,19.028412717580686
40.36842801363994,20.353879506155792
41.428801444500024,21.082886239872103
40.898614729069976,20.884066221585833
39.838241298209894,20.309697279869958
39.308054582779846,21.01661290044335
38.77786786734981,20.618972863870816
38.247681151919764,20.221332827298284
37.717494436489716,19.757419451296997
37.187307721059675,19.22723273586695
36.72339434505839,19.691146111868235
35.6630209141983,19.293506075295703
36.126934290199586,20.552699524442062
37.4524010787747,20.088786148440768
36.8559410239159,21.01661290044335
37.4524010787747,20.4864261850133
36.78966768448714,19.82369279072575
36.657121005629634,19.09468605700944
36.524574326772125,19.558599433010727
36.2594809690571,19.028412717580686
35.72929425362706,20.751519542728325
35.464200895912036,20.221332827298284
35.19910753819701,20.221332827298284
34.66892082276697,19.558599433010727
34.13873410733692,19.09468605700944
33.47600071304937,20.353879506155792
33.2771806947631,19.691146111868235
33.21090735533435,21.613072955302144
32.68072063990431,21.01661290044335
32.216807263903014,21.944439652445922
31.48780053018671,21.370070710730047
31.090160493614178,22.143259670732192
31.090160493614178,23.269906441021035
30.42742709932662,22.60717304673348
29.764693705039065,24.0651865141661
29.101960310751508,24.19773319302361
28.969413631894,23.733819817022322
28.43922691646396,23.534999798736052
27.90904020103391,24.330279871881118
28.041586879891426,23.800093156451076
28.704320274178976,24.59537322959614
28.10786021932018,24.72791990845365
27.511400164461378,25.324379963312452
26.981213449031337,26.451026733601296
26.716120091316313,25.78829333931374
27.643946843318894,27.643946843318894
27.180033467317607,27.113760127888845
26.981213449031337,26.583573412458804
26.716120091316313,26.119660036457518
26.782393430745074,25.523199981598715
27.180033467317607,24.860466587311166
26.716120091316313,24.59537322959614
27.643946843318894,26.451026733601296
27.180033467317607,25.987113357600002
26.583573412458804,25.78829333931374
26.053386697028763,25.390653302741207
25.65574666045623,24.993013266168674
27.643946843318894,24.529099890167387
27.113760127888845,23.932639835308585
26.583573412458804,23.468726459307298
26.053386697028763,22.872266404448496
26.84866677017383,22.474626367875963
26.31848005474378,23.00481308330601
25.78829333931374,22.342079689018455
26.84866677017383,21.878166313017168
26.31848005474378,21.370070710730047
27.423035711889703,22.07698633130343
27.643946843318894,21.613072955302144
27.113760127888845,21.01661290044335
26.716120091316313,20.353879506155792
27.643946843318894,19.691146111868235
27.113760127888845,19.160959396438194
27.842766861605156,18.697046020436908
28.041586879891426,18.16685930500686
28.748502500464816,17.702945929005573
28.969413631894,16.907665855860508
28.83686695303649,16.244932461572958
28.571773595321467,15.781019085571664
28.174133558748935,15.582199067285401
29.49960034732404,15.449652388427886
28.969413631894,14.985739012426599
28.43922691646396,14.389278957567804
28.041586879891426,13.726545563280247
30.02978706275409,13.461452205565223
30.02978706275409,13.859092242137756
30.825067135899154,14.256732278710288
30.294880420469113,13.660272223851493
30.825067135899154,13.395178866136469
30.294880420469113,12.931265490135182
29.764693705039065,12.467352114133895
29.234506989609024,13.196358847850206
28.83686695303649,12.798718811277674
30.02978706275409,12.931265490135182
31.090160493614178,12.401078774705141
30.55997377818413,14.256732278710288
29.565873686752802,13.593998884422739
30.02978706275409,14.985739012426599
28.969413631894,15.449652388427886
28.174133558748935,14.919465672997845
27.776493522176402,14.455552296996558
28.748502500464816,13.90327446842359
28.969413631894,13.461452205565223
30.02978706275409,14.720645654711582
29.565873686752802,15.781019085571664
31.090160493614178,15.184559030712869
30.55997377818413,16.377479140430466
30.02978706275409,16.112385782715442
29.565873686752802,15.847292425000418
28.969413631894,16.64257249814549
29.54378257360988,16.775119177003
28.969413631894,16.775119177003
30.825067135899154,16.775119177003
30.162333741611597,17.437852571290556
29.49960034732404,16.907665855860508
28.704320274178976,17.437852571290556
28.174133558748935,17.040212534718023
27.776493522176402,18.674954907293987
29.234506989609024,18.100585965578105
30.294880420469113,17.570399250148064
29.764693705039065,18.36567932329313
28.83686695303649,17.968039286720597
31.885440566759243,19.293506075295703
31.222707172471686,18.630772681008153
30.825067135899154,20.552699524442062
31.885440566759243,19.95623946958326
31.355253851329195,21.082886239872103
30.825067135899154,21.613072955302144
30.294880420469113,22.143259670732192
29.89724038389658,22.209533010160946
31.090160493614178,21.679346294730898
30.55997377818413,21.149159579300857
31.686620548472973,21.811892973588414
32.15053392447426,22.673446386162233
32.283080603331776,22.209533010160946
32.283080603331776,23.13735976216352
32.216807263903014,22.673446386162233
32.15053392447426,22.209533010160946
31.48780053018671,22.209533010160946
31.090160493614178,22.673446386162233
33.47600071304937,23.269906441021035
32.81326731876182,23.711728703879402
37.98258779420474,23.269906441021035
37.31985439991719,25.523199981598715
36.78966768448714,24.993013266168674
36.39202764791461,24.462826550738633
35.86184093248457,26.583573412458804
35.33165421705452,26.053386697028763
34.80146750162448,25.523199981598715
34.27128078619444,24.860466587311166
32.15053392447426,24.59537322959614
31.355253851329195,25.58947332102747
40.36842801363994,24.993013266168674
39.838241298209894,26.451026733601296
39.308054582779846,25.920840018171248
38.77786786734981,25.258106623883698
41.95898815993007,24.59537322959614
41.428801444500024,23.932639835308585
40.898614729069976,23.468726459307298
40.36842801363994,23.733819817022322
39.57314794049488,24.19773319302361
39.04296122506483,25.58947332102747
40.63352137135496,24.993013266168674
39.9707879770674,24.59537322959614
39.37432792220861,26.451026733601296
40.898614729069976,25.920840018171248
40.36842801363994,25.258106623883698
39.838241298209894,24.72791990845365
38.77786786734981,24.0651865141661
38.247681151919764,23.800093156451076
37.717494436489716,23.402453119878544
37.717494436489716,22.872266404448496
37.717494436489716,22.474626367875963
37.717494436489716,23.99891317473734
37.187307721059675,25.125559945026183
36.72339434505839,24.462826550738633
35.99438761134208,26.31848005474378
35.596747574769545,25.722019999884985
35.464200895912036,25.523199981598715
35.19910753819701,24.993013266168674
34.80146750162448,24.59537322959614
36.126934290199586,25.523199981598715
35.596747574769545,25.125559945026183
35.0665608593395,26.31848005474378
34.66892082276697,25.78829333931374
38.247681151919764,25.78829333931374
37.717494436489716,25.258106623883698
37.187307721059675,24.72791990845365
36.657121005629634,24.0651865141661
40.898614729069976,23.601273138164807
40.36842801363994,24.330279871881118
39.838241298209894,24.330279871881118
39.308054582779846,23.733819817022322
38.77786786734981,24.19773319302361
38.31395449134852,23.733819817022322
39.308054582779846,23.402453119878544
38.77786786734981,22.739719725590987
37.717494436489716,22.474626367875963
37.054761042202166,23.269906441021035
36.524574326772125,23.402453119878544
35.86184093248457,23.00481308330601
35.33165421705452,22.474626367875963
34.80146750162448,22.07698633130343
34.40382746505195,21.54679961587339
35.33165421705452,21.01661290044335
34.66892082276697,20.4864261850133
34.13873410733692,19.95623946958326
33.873640749621906,19.42605275415322
33.47600071304937,19.028412717580686
32.945813997619325,19.82369279072575
32.283080603331776,19.293506075295703
31.752893887901728,18.89586603872317
31.28898051190044,18.23313264443562
32.216807263903014,17.570399250148064
31.62034720904422,16.97393919528926
32.74699397933306,18.763319359865662
33.21090735533435,18.23313264443562
32.54817396104679,17.968039286720597
31.951713906187997,17.437852571290556
31.355253851329195,16.841392516431753
30.825067135899154,16.377479140430466
30.294880420469113,15.91356576442918
29.764693705039065,16.510025819287975
29.101960310751508,15.979839103857934
28.83686695303649,15.317105709570377
28.306680237606443,14.588098975854066
27.710220182747648,14.521825636425312
27.113760127888845,14.389278957567804
26.716120091316313,13.859092242137756
27.643946843318894,13.395178866136469
27.113760127888845,12.798718811277674
28.174133558748935,12.401078774705141
28.704320274178976,13.196358847850206
28.041586879891426,12.599898792991404
27.511400164461378,12.135985416990117
26.84866677017383,11.605798701560076
27.37885348560387,11.340705343845052
28.041586879891426,12.003438738132608
28.704320274178976,11.47325202270256
27.975313540462672,11.009338646701273
28.43922691646396,10.412878591842478
27.37885348560387,10.280331912984963
26.782393430745074,10.94306530727252
29.234506989609024,10.280331912984963
31.090160493614178,10.147785234127454
30.55997377818413,9.88269187641243
30.02978706275409,9.352505160982389
28.571773595321467,8.424678408979808
31.090160493614178,7.894491693549767
30.42742709932662,8.424678408979808
30.162333741611597,8.822318445552341
29.632147026181556,8.2921317301223
29.035686971322754,7.761945014692259
29.013595858179833,6.834118262689678
30.294880420469113,6.569024904974661
29.764693705039065,6.105111528973374
31.355253851329195,6.767844923260924
30.825067135899154,
31.951713906187997,
32.54817396104679,
33.21090735533435,
32.54817396104679,
32.283080603331776,
31.885440566759243,
31.355253851329195,
32.15053392447426,
31.752893887901728,
32.15053392447426,
31.686620548472973,
31.222707172471686,
32.68072063990431,
32.216807263903014,
31.62034720904422,
34.27128078619444,
33.74109407076439,
33.21090735533435,
33.74109407076439,
33.21090735533435,
32.68072063990431,
32.283080603331776,
33.21090735533435,
32.68072063990431,
33.74109407076439,
34.27128078619444,
34.4701008044807,
34.66892082276697,
35.33165421705452,
34.867740841053234,
35.33165421705452,
34.4701008044807,
34.006187428479414,
33.52018293933521,
34.80146750162448,
34.27128078619444,
35.33165421705452,
34.66892082276697,
34.4701008044807,
34.40382746505195,
34.27128078619444,
33.80736741019315,
33.21090735533435,
32.68072063990431,
32.34935394276053,
34.006187428479414,
33.47600071304937,
32.945813997619325,
32.415627282189284,
35.33165421705452,
34.80146750162448,
35.0665608593395,
34.536374143909455,
35.33165421705452,
34.867740841053234,
34.4701008044807,
34.006187428479414,
33.47600071304937,
32.945813997619325,
32.415627282189284,
32.45980950847512,
33.21090735533435,
32.68072063990431,
31.885440566759243,
31.355253851329195,
32.415627282189284,
33.21090735533435,
31.686620548472973,
32.68072063990431,
32.15053392447426,
31.156433833042932,
31.62034720904422,
30.55997377818413,
30.02978706275409,
29.89724038389658,
29.367053668466532,
29.101960310751508,
28.704320274178976,
28.041586879891426,
27.776493522176402,
30.02978706275409,
29.49960034732404,
28.969413631894,
28.571773595321467,
30.55997377818413,
31.090160493614178,
30.42742709932662,
29.963513723325335,
30.02978706275409,
29.565873686752802,
28.969413631894,
28.43922691646396,
27.90904020103391,
27.37885348560387,
26.914940109602583,
26.31848005474378,
25.78829333931374,
27.90904020103391,
27.37885348560387,
26.84866677017383,
28.83686695303649,
28.306680237606443,
27.643946843318894,
27.113760127888845,
26.583573412458804,
25.920840018171248,
25.65574666045623,
25.258106623883698,
24.72791990845365,
25.78829333931374,
26.583573412458804,
24.993013266168674,
26.053386697028763,
25.523199981598715,
24.330279871881118,
23.800093156451076,
23.534999798736052,
23.13735976216352,
22.474626367875963,
22.209533010160946,
22.342079689018455,
22.342079689018455,
22.342079689018455,
22.010712991874676,
21.41425293701588,
20.81779288215708,
20.221332827298284,
19.691146111868235,
19.160959396438194,
18.697046020436908,
17.968039286720597,
17.702945929005573,
17.30530589243304,
16.64257249814549,
16.377479140430466,
15.979839103857934,
15.582199067285401,
16.510025819287975,
15.71474574614291,
15.317105709570377,
14.919465672997845,
14.389278957567804,
13.859092242137756,
13.461452205565223,
14.389278957567804,
13.925365581566517,
13.859092242137756,
13.328905526707715,
12.798718811277674,
12.401078774705141,
13.328905526707715,
12.798718811277674,
13.925365581566517,
14.389278957567804,
13.925365581566517,
13.328905526707715,
12.864992150706428,
12.135985416990117,
11.605798701560076,
11.141885325558782,
11.208158664987543,
10.545425270699987,
10.147785234127454,
9.02113846383861,
8.689771766694832,
7.761945014692259,
6.569024904974661,
5.972564850115859,
6.436478226117146,
