Y(hoy),Y(ayer)
6.834118262689678,4.713371400969507
7.298031638690972,4.713371400969507
7.761945014692259,5.420287021542897
7.231758299262211,4.978464758684531
6.834118262689678,5.1110114375420395
6.834118262689678,4.713371400969507
6.834118262689678,5.508651474114572
6.767844923260924,5.1110114375420395
6.70157158383217,4.845918079827015
6.038838189544613,4.448278043254483
5.773744831829596,4.05063800668195
5.773744831829596,3.5867246306806635
5.6411981529720805,3.5204512912519093
4.978464758684531,3.255357933536885
4.382004703825729,2.7914445575355984
3.7855446489669333,2.3938045209630587
3.454177951823155,2.2612578421055503
3.5204512912519093,1.664797787246755
3.5204512912519093,1.2008844112454682
3.5204512912519093,0.7369710352441814
3.189084594108131,0.4056043381004031
2.5926245392493286,1.0020643929591984
1.929891144961772,0.8695177141016899
1.399704429531738,0.33933099867164174
1.9740733712476128,0.20678431981413326
2.194984502676803,0.20678431981413326
1.664797787246755,-0.1908557167583922
1.3334310901029767,-0.654769092759679
1.2671577506742295,-0.1466734904725655
1.2671577506742295,-0.5884957533309318
1.2008844112454682,-0.45594907447342337
1.1346110718167068,-0.8535891110459488
0.6044243563866729,-0.8535891110459488
0.20678431981413326,-0.8535891110459488
1.1346110718167068,-0.8535891110459488
0.67069769581542,-0.8535891110459488
0.47187767752916443,-0.8535891110459488
0.20678431981413326,-0.8535891110459488
0.20678431981413326,-0.8535891110459488
0.20678431981413326,-0.8535891110459488
0.20678431981413326,-0.9861357899034573
0.20678431981413326,-1.8476892024772837
0.20678431981413326,-1.913962541906045
0.07423764095662477,-1.913962541906045
-0.389675735044662,-1.7814158630485224
-0.7873157716172017,-1.11868246876098
-0.1466734904725655,-1.7814158630485224
0.07423764095662477,-1.383775826475997
-0.45594907447342337,-0.9198624504747102
-0.8535891110459488,-0.8535891110459488
0.07423764095662477,-0.8535891110459488
-0.45594907447342337,-1.648869184191014
0.07423764095662477,-1.2512291476184885
-0.45594907447342337,-1.648869184191014
-0.7873157716172017,-0.8535891110459488
-0.1466734904725655,-1.2512291476184885
-0.1908557167583922,-1.648869184191014
-0.5884957533309318,-0.9861357899034573
-0.8535891110459488,-0.8535891110459488
-0.8535891110459488,-1.2512291476184885
-0.8535891110459488,-1.7372336367626815
-0.8535891110459488,-0.9861357899034573
-0.8535891110459488,-0.8535891110459488
-0.8535891110459488,-0.8535891110459488
-0.7873157716172017,-0.7210424321884403
0.14051098038538612,-0.05830903790088371
0.47187767752916443,-0.6768602059025994
1.5322511083892465,0.07423764095662477
2.990264575821868,0.20678431981413326
3.5204512912519093,0.20678431981413326
3.7855446489669333,0.6044243563866729
3.3879046123944008,1.2671577506742295
4.359913590682808,1.5322511083892465
4.580824722111998,2.194984502676803
4.647098061540753,2.3275311815343116
4.978464758684531,2.5263511998205814
5.442378134685818,2.990264575821868
6.038838189544613,3.454177951823155
6.70157158383217,3.5204512912519093
7.761945014692259,4.183184685539466
7.231758299262211,3.6529979701094177
9.087411803267365,4.91219141925577
8.557225087837324,5.3761047952570635
8.159585051264791,6.171384868402129
9.750145197554922,5.773744831829596
10.457060818128312,7.496851656977235
11.782527606703418,6.966664941547194
11.208158664987543,6.569024904974661
13.107994395278524,7.960765032978522
12.53362545356265,9.485051839839898
14.389278957567804,8.822318445552341
13.925365581566517,8.2921317301223
15.052012351855353,10.74424528898625
15.758927972428744,10.147785234127454
17.040212534718023,11.738345380417584
16.510025819287975,11.208158664987543
17.835492607863088,13.196358847850206
18.36567932329313,12.53362545356265
17.835492607863088,12.135985416990117
19.95623946958326,14.455552296996558
19.42605275415322,13.859092242137756
19.028412717580686,14.919465672997845
19.691146111868235,15.515925727856647
19.293506075295703,16.55420804557381
18.630772681008153,15.979839103857934
18.100585965578105,15.582199067285401
21.281706258158366,17.835492607863088
20.751519542728325,17.30530589243304
23.667546477593568,18.36567932329313
23.13735976216352,19.160959396438194
22.60717304673348,19.691146111868235
22.07698633130343,20.751519542728325
21.679346294730898,21.944439652445922
24.993013266168674,21.41425293701588
24.529099890167387,23.181541988449354
26.097568923314597,22.60717304673348
25.523199981598715,24.993013266168674
27.511400164461378,24.462826550738633
26.84866677017383,23.932639835308585
31.090160493614178,26.64984675188756
30.42742709932662,26.053386697028763
30.02978706275409,25.523199981598715
29.49960034732404,28.174133558748935
27.90904020103391,27.643946843318894
33.47600071304937,27.113760127888845
33.01208733704808,28.903140292465245
32.415627282189284,30.42742709932662
31.885440566759243,29.764693705039065
34.006187428479414,29.234506989609024
35.596747574769545,32.15053392447426
35.0665608593395,31.62034720904422
34.536374143909455,31.090160493614178
38.247681151919764,34.40382746505195
37.717494436489716,33.74109407076439
37.187307721059675,33.21090735533435
36.657121005629634,32.68072063990431
36.126934290199586,36.2594809690571
38.822050093635646,35.596747574769545
42.75426823307514,35.0665608593395
42.22408151764509,37.58494775763221
41.69389480221505,36.92221436334465
41.16370808678501,38.77786786734981
40.63352137135496,38.247681151919764
40.10333465592491,40.63352137135496
45.40520181022535,40.10333465592491
44.87501509479531,39.57314794049488
44.411101718794015,39.17550790392234
43.81464166393522,41.097434747356246
43.28445494850518,41.73807702850088
44.477375058222776,41.296254765642516
44.21228170050775,41.428801444500024
44.34482837936527,40.898614729069976
44.34482837936527,40.23588133478243
43.81464166393522,39.57314794049488
43.28445494850518,38.91041454620732
42.62172155421762,38.247681151919764
42.157808178216335,37.85004111534723
42.22408151764509,39.17550790392234
42.22408151764509,39.90451463763865
42.22408151764509,39.9707879770674
43.019361590790155,39.9707879770674
42.48917487536011,39.57314794049488
42.886814911932646,39.04296122506483
42.3566281965026,38.57904784906354
43.15190826964766,38.115134473062255
42.62172155421762,39.10923456449358
43.28445494850518,38.6453211884923
43.5495483062202,39.57314794049488
43.15190826964766,40.96488806849874
44.079735021650244,40.36842801363994
43.28445494850518,39.9707879770674
42.75426823307514,41.95898815993007
42.22408151764509,41.49507478392878
41.56134812335753,41.472983670785865
41.097434747356246,41.03116140792749
41.20789031307084,41.82644148107256
41.95898815993007,41.229981426213755
41.49507478392878,40.63352137135496
41.95898815993007,40.10333465592491
41.097434747356246,39.639421279923624
40.50097469249745,39.04296122506483
39.9707879770674,38.38022783077727
39.17550790392234,37.916314454775986
38.77786786734981,38.51277450963478
38.247681151919764,38.91041454620732
37.85004111534723,38.91041454620732
36.657121005629634,38.91041454620732
36.2594809690571,38.51277450963478
35.596747574769545,37.98258779420474
36.480392100486284,37.31985439991719
36.657121005629634,36.657121005629634
36.126934290199586,35.596747574769545
35.72929425362706,34.93401418048199
34.80146750162448,34.40382746505195
35.33165421705452,34.867740841053234
34.80146750162448,35.33165421705452
34.27128078619444,34.80146750162448
33.60854739190688,34.13873410733692
33.34345403419186,33.40972737362062
32.945813997619325,33.21090735533435
32.415627282189284,32.68072063990431
31.752893887901728,32.15053392447426
31.090160493614178,31.62034720904422
30.55997377818413,31.222707172471686
28.83686695303649,30.825067135899154
30.294880420469113,30.294880420469113
31.885440566759243,29.632147026181556
31.355253851329195,29.101960310751508
31.686620548472973,30.294880420469113
32.15053392447426,32.216807263903014
32.945813997619325,31.62034720904422
33.2771806947631,32.01798724561675
32.68072063990431,31.355253851329195
33.21090735533435,31.28898051190044
32.15053392447426,31.885440566759243
31.48780053018671,32.81326731876182
31.222707172471686,32.283080603331776
35.37583644334036,31.686620548472973
34.80146750162448,31.090160493614178
34.27128078619444,30.42742709932662
33.74109407076439,30.162333741611597
33.21090735533435,30.957613814756662
32.68072063990431,30.957613814756662
35.464200895912036,30.692520457041645
35.19910753819701,30.294880420469113
34.80146750162448,29.764693705039065
34.4701008044807,29.234506989609024
34.13873410733692,30.626247117612884
33.873640749621906,30.02978706275409
33.34345403419186,29.632147026181556
33.07836067647684,31.090160493614178
32.68072063990431,30.825067135899154
32.15053392447426,30.294880420469113
31.62034720904422,29.83096704446782
31.222707172471686,29.278689215894858
34.006187428479414,30.02978706275409
33.34345403419186,29.632147026181556
32.87954065819057,30.891340475327908
32.415627282189284,30.42742709932662
34.27128078619444,31.355253851329195
33.74109407076439,31.885440566759243
33.21090735533435,32.216807263903014
32.68072063990431,31.885440566759243
32.34935394276053,31.42152719075795
32.74699397933306,32.01798724561675
33.21090735533435,31.48780053018671
32.68072063990431,32.283080603331776
32.34935394276053,32.01798724561675
33.07836067647684,31.355253851329195
33.74109407076439,30.825067135899154
34.27128078619444,30.42742709932662
34.27128078619444,31.686620548472973
33.60854739190688,31.090160493614178
33.07836067647684,32.216807263903014
32.54817396104679,31.885440566759243
34.050369654765255,31.222707172471686
33.47600071304937,30.55997377818413
32.945813997619325,30.162333741611597
32.415627282189284,30.825067135899154
35.33165421705452,30.294880420469113
34.867740841053234,30.162333741611597
36.39202764791461,30.891340475327908
35.79556759305581,31.885440566759243
36.126934290199586,31.355253851329195
35.464200895912036,31.42152719075795
34.80146750162448,32.01798724561675
34.40382746505195,32.283080603331776
35.33165421705452,32.01798724561675
34.867740841053234,31.222707172471686
35.33165421705452,30.957613814756662
34.66892082276697,30.55997377818413
34.40382746505195,30.096060402182843
36.524574326772125,30.692520457041645
35.99438761134208,30.162333741611597
35.596747574769545,31.929622793045077
35.19910753819701,31.355253851329195
36.126934290199586,31.62034720904422
35.596747574769545,31.222707172471686
36.524574326772125,32.216807263903014
35.99438761134208,33.2771806947631
35.72929425362706,32.68072063990431
35.33165421705452,33.34345403419186
34.80146750162448,34.006187428479414
34.13873410733692,33.47600071304937
33.873640749621906,36.39202764791461
33.47600071304937,35.86184093248457
33.40972737362062,35.33165421705452
34.536374143909455,36.92221436334465
33.93991408905066,37.4524010787747
33.47600071304937,36.92221436334465
36.39202764791461,36.2594809690571
35.79556759305581,35.86184093248457
35.33165421705452,36.458300987343364
36.126934290199586,36.98848770277341
35.596747574769545,37.4524010787747
35.72929425362706,36.92221436334465
36.39202764791461,36.458300987343364
35.79556759305581,35.72929425362706
36.39202764791461,37.187307721059675
35.33165421705452,36.657121005629634
34.80146750162448,36.126934290199586
38.02677002049058,35.596747574769545
37.58494775763221,39.57314794049488
35.86184093248457,39.04296122506483
35.33165421705452,38.51277450963478
34.80146750162448,38.115134473062255
34.40382746505195,42.75426823307514
39.838241298209894,42.22408151764509
39.308054582779846,41.69389480221505
38.84414120677856,41.16370808678501
36.78966768448714,40.63352137135496
38.976687885636075,45.00756177365282
39.308054582779846,44.34482837936527
38.91041454620732,43.81464166393522
39.838241298209894,43.28445494850518
39.838241298209894,44.87501509479531
39.308054582779846,44.477375058222776
38.77786786734981,45.40520181022535
38.247681151919764,44.87501509479531
39.838241298209894,44.34482837936527
43.5495483062202,43.81464166393522
43.019361590790155,43.28445494850518
42.48917487536011,42.820541572503885
42.09153483878758,42.22408151764509
46.200481883370415,41.69389480221505
45.670295167940374,41.229981426213755
45.14010845251033,40.63352137135496
44.609921737080285,40.10333465592491
44.079735021650244,41.49507478392878
48.58632210280561,43.15190826964766
48.05613538737557,42.48917487536011
47.52594867194553,41.95898815993007
47.06203529594424,41.03116140792749
47.791042029660545,43.15190826964766
47.260855314230504,42.75426823307514
46.73066859880046,42.22408151764509
48.32122874509059,41.7601681416438
47.52594867194553,41.252072539356675
47.06203529594424,41.95898815993007
48.58632210280561,41.49507478392878
48.05613538737557,40.76606805021247
46.46557524108544,40.23588133478243
45.80284184679789,41.49507478392878
45.53774848908286,40.898614729069976
45.14010845251033,43.5495483062202
44.477375058222776,43.019361590790155
43.94718834279273,42.48917487536011
43.37281940107685,41.95898815993007
45.670295167940374,46.200481883370415
45.07383511308157,45.53774848908286
44.609921737080285,45.00756177365282
44.079735021650244,44.54364839765153
47.52594867194553,44.079735021650244
46.99576195651548,44.609921737080285
46.53184858051419,44.079735021650244
46.99576195651548,43.5495483062202
46.33302856222792,43.019361590790155
45.73656850736913,42.3566281965026
45.40520181022535,41.82644148107256
44.94128843422406,41.56134812335753
44.34482837936527,41.16370808678501
43.81464166393522,40.63352137135496
43.28445494850518,40.10333465592491
45.9353885256554,39.639421279923624
45.338928470796596,39.04296122506483
44.87501509479531,38.51277450963478
44.34482837936527,37.98258779420474
43.81464166393522,37.4524010787747
47.791042029660545,36.92221436334465
47.260855314230504,36.39202764791461
46.73066859880046,35.86184093248457
49.6466955336657,37.4524010787747
48.98396213937815,36.92221436334465
48.4537754239481,36.524574326772125
47.989862047946815,36.78966768448714
48.58632210280561,36.524574326772125
47.52594867194553,35.99438761134208
46.86321527765797,35.33165421705452
46.33302856222792,34.80146750162448
45.53774848908286,34.006187428479414
45.27265513136784,33.60854739190688
44.87501509479531,32.68072063990431
44.34482837936527,32.34935394276053
43.68209498507771,33.01208733704808
43.41700162736269,32.54817396104679
43.019361590790155,34.006187428479414
42.3566281965026,33.47600071304937
41.82644148107256,35.0665608593395
41.296254765642516,34.66892082276697
41.03116140792749,34.27128078619444
40.63352137135496,33.74109407076439
40.10333465592491,35.39792755648328
39.57314794049488,34.80146750162448
39.04296122506483,36.2594809690571
38.57904784906354,35.72929425362706
38.115134473062255,34.93401418048199
38.84414120677856,34.27128078619444
39.308054582779846,33.60854739190688
39.838241298209894,32.945813997619325
39.308054582779846,32.54817396104679
38.6453211884923,34.006187428479414
38.38022783077727,33.47600071304937
37.98258779420474,36.524574326772125
37.31985439991719,35.86184093248457
36.92221436334465,35.33165421705452
35.99438761134208,36.2594809690571
35.464200895912036,35.596747574769545
34.80146750162448,34.93401418048199
33.873640749621906,34.27128078619444
33.60854739190688,33.873640749621906
33.21090735533435,33.47600071304937
32.68072063990431,32.81326731876182
34.66892082276697,33.21090735533435
34.006187428479414,32.81326731876182
33.60854739190688,33.74109407076439
35.33165421705452,34.536374143909455
34.93401418048199,34.13873410733692
33.74109407076439,34.93401418048199
33.07836067647684,35.86184093248457
32.415627282189284,37.717494436489716
32.084260585045506,37.187307721059675
32.15053392447426,38.51277450963478
31.48780053018671,38.115134473062255
31.090160493614178,37.187307721059675
31.355253851329195,36.2594809690571
30.957613814756662,35.72929425362706
31.885440566759243,36.657121005629634
33.47600071304937,36.2594809690571
32.945813997619325,37.4524010787747
35.33165421705452,36.92221436334465
34.80146750162448,37.4524010787747
34.33755412562319,38.31395449134852
34.27128078619444,38.6453211884923
33.74109407076439,37.98258779420474
33.21090735533435,37.4524010787747
32.81326731876182,36.92221436334465
32.283080603331776,38.51277450963478
32.945813997619325,37.916314454775986
32.415627282189284,37.4524010787747
34.33755412562319,37.85004111534723
33.74109407076439,37.31985439991719
34.80146750162448,36.8559410239159
37.31985439991719,39.57314794049488
36.524574326772125,39.17550790392234
35.464200895912036,40.037061316496164
37.58494775763221,42.79845045936097
37.31985439991719,42.22408151764509
36.524574326772125,41.69389480221505
37.31985439991719,41.296254765642516
37.054761042202166,42.75426823307514
36.657121005629634,42.3566281965026
36.39202764791461,41.95898815993007
35.86184093248457,41.428801444500024
36.458300987343364,40.898614729069976
35.99438761134208,40.50097469249745
39.705694619352386,39.838241298209894
41.95898815993007,39.17550790392234
41.296254765642516,38.77786786734981
40.76606805021247,38.247681151919764
40.10333465592491,37.85004111534723
38.77786786734981,40.6777035976408
39.838241298209894,41.95898815993007
39.308054582779846,41.428801444500024
38.91041454620732,40.898614729069976
39.35223680906569,40.43470135306869
39.705694619352386,39.9707879770674
40.50097469249745,40.898614729069976
40.898614729069976,40.36842801363994
40.36842801363994,41.95898815993007
39.9707879770674,41.428801444500024
38.77786786734981,40.10333465592491
38.247681151919764,39.57314794049488
38.51277450963478,39.17550790392234
38.115134473062255,38.51277450963478
39.61733016678071,37.98258779420474
39.04296122506483,37.31985439991719
39.838241298209894,36.78966768448714
39.17550790392234,37.187307721059675
38.91041454620732,39.37432792220861
41.69389480221505,38.77786786734981
41.16370808678501,38.247681151919764
40.63352137135496,40.96488806849874
39.9707879770674,40.36842801363994
39.705694619352386,39.838241298209894
39.308054582779846,41.229981426213755
38.51277450963478,41.69389480221505
37.98258779420474,42.09153483878758
37.4524010787747,41.69389480221505
36.92221436334465,41.296254765642516
36.524574326772125,40.10333465592491
38.77786786734981,39.44060126163736
38.247681151919764,39.04296122506483
37.85004111534723,39.838241298209894
38.6453211884923,40.6777035976408
38.38022783077727,40.23588133478243
37.98258779420474,40.36842801363994
38.51277450963478,39.838241298209894
38.91041454620732,39.308054582779846
38.247681151919764,38.91041454620732
37.78376777591848,39.705694619352386
37.187307721059675,39.10923456449358
36.657121005629634,39.705694619352386
36.126934290199586,39.9707879770674
35.6630209141983,40.43470135306869
36.657121005629634,40.96488806849874
36.126934290199586,41.428801444500024
35.72929425362706,41.95898815993007
38.247681151919764,41.56134812335753
37.78376777591848,41.16370808678501
37.187307721059675,40.69979471078371
39.838241298209894,40.23588133478243
39.308054582779846,39.838241298209894
38.84414120677856,39.308054582779846
39.308054582779846,38.84414120677856
38.91041454620732,38.51277450963478
39.705694619352386,38.048861133633494
39.17550790392234,37.58494775763221
38.38022783077727,37.187307721059675
37.85004111534723,36.72339434505839
37.25358106048843,38.247681151919764
36.657121005629634,37.717494436489716
36.126934290199586,37.187307721059675
35.596747574769545,36.78966768448714
35.0665608593395,39.705694619352386
34.60264748333822,39.17550790392234
34.006187428479414,38.6453211884923
33.40972737362062,37.98258779420474
34.80146750162448,37.4524010787747
35.33165421705452,36.92221436334465
34.66892082276697,36.39202764791461
33.873640749621906,35.86184093248457
33.34345403419186,35.33165421705452
32.54817396104679,34.80146750162448
32.283080603331776,34.13873410733692
32.15053392447426,33.54227405247813
31.686620548472973,34.13873410733692
30.957613814756662,35.33165421705452
30.692520457041645,34.867740841053234
30.162333741611597,34.80146750162448
29.89724038389658,34.33755412562319
30.02978706275409,33.873640749621906
31.090160493614178,33.47600071304937
30.55997377818413,33.01208733704808
30.02978706275409,32.48190062161804
32.15053392447426,32.283080603331776
31.62034720904422,31.885440566759243
31.222707172471686,31.355253851329195
30.957613814756662,30.692520457041645
30.957613814756662,30.02978706275409
30.692520457041645,29.49960034732404
30.294880420469113,29.101960310751508
29.83096704446782,28.704320274178976
29.234506989609024,28.24040689817769
28.704320274178976,27.113760127888845
28.174133558748935,26.31848005474378
27.643946843318894,25.78829333931374
27.113760127888845,24.993013266168674
26.583573412458804,24.462826550738633
26.053386697028763,23.932639835308585
25.65574666045623,23.402453119878544
27.113760127888845,23.00481308330601
26.716120091316313,22.474626367875963
27.710220182747648,21.811892973588414
27.24630680674636,21.281706258158366
26.84866677017383,20.751519542728325
26.31848005474378,20.088786148440768
24.993013266168674,19.82369279072575
24.462826550738633,19.470234980439052
23.932639835308585,19.028412717580686
23.534999798736052,21.082886239872103
22.40835302844721,20.4864261850133
22.38626191530429,20.088786148440768
23.402453119878544,22.07698633130343
22.872266404448496,21.613072955302144
22.60717304673348,21.54679961587339
22.143259670732192,21.149159579300857
21.54679961587339,20.751519542728325
20.884066221585833,20.287606166727038
20.221332827298284,19.82369279072575
19.691146111868235,19.42605275415322
19.160959396438194,18.630772681008153
18.630772681008153,18.100585965578105
17.835492607863088,17.570399250148064
17.30530589243304,17.040212534718023
16.708845837574245,16.510025819287975
16.377479140430466,15.979839103857934
15.582199067285401,16.510025819287975
16.775119177003,15.71474574614291
14.256732278710288,15.317105709570377
13.328905526707715,14.12418559985278
12.931265490135182,13.726545563280247
11.738345380417584,13.06381216899269
11.274432004416298,12.53362545356265
12.33480543527638,12.401078774705141
11.870892059275093,12.003438738132608
11.075611986130028,11.340705343845052
14.389278957567804,11.870892059275093
13.859092242137756,
13.328905526707715,
12.798718811277674,
