Y(hoy),Y(ayer)
9.02113846383861,5.707471492400835
9.15368514269612,5.243558116399548
9.683871858126167,4.978464758684531
10.147785234127454,5.508651474114572
10.147785234127454,4.845918079827015
9.485051839839898,4.448278043254483
9.219958482124873,4.05063800668195
8.822318445552341,3.5204512912519093
8.159585051264791,3.0565379152506154
7.894491693549767,2.5263511998205814
8.027038372407276,2.3275311815343116
8.557225087837324,2.3275311815343116
8.954865124409856,1.929891144961772
8.159585051264791,1.4659777689604852
7.960765032978522,1.2671577506742295
7.894491693549767,1.2671577506742295
7.761945014692259,1.2671577506742295
7.099211620404702,1.0020643929591984
6.834118262689678,0.33933099867164174
6.70157158383217,0.20678431981413326
6.171384868402129,0.20678431981413326
5.773744831829596,0.20678431981413326
5.707471492400835,0.20678431981413326
5.6411981529720805,0.20678431981413326
5.177284776970794,0.20678431981413326
4.647098061540753,0.14051098038538612
4.580824722111998,-0.389675735044662
3.918091327824442,-0.8535891110459488
3.5204512912519093,-0.8535891110459488
3.5204512912519093,-0.8535891110459488
3.5204512912519093,-0.8535891110459488
3.5204512912519093,-0.8535891110459488
3.5204512912519093,-0.8535891110459488
3.5204512912519093,-0.8535891110459488
3.0565379152506154,-0.8535891110459488
2.46007786039182,-0.8535891110459488
2.46007786039182,-0.7873157716172017
2.46007786039182,-0.1466734904725655
2.46007786039182,-0.45594907447342337
1.929891144961772,-0.8535891110459488
1.399704429531738,-0.8535891110459488
1.3334310901029767,-0.8535891110459488
1.5322511083892465,-0.3234023956159007
2.194984502676803,-0.8535891110459488
1.7310711266755163,0.20678431981413326
2.194984502676803,0.07423764095662477
1.3334310901029767,-0.45594907447342337
1.2671577506742295,-0.8535891110459488
1.2671577506742295,-0.8535891110459488
1.2671577506742295,-0.7873157716172017
1.2671577506742295,-0.1908557167583922
1.2008844112454682,-0.5884957533309318
1.1346110718167068,-0.45594907447342337
0.47187767752916443,-0.8535891110459488
0.38351322495748263,-0.7873157716172017
1.1346110718167068,-0.12458237732964506
0.67069769581542,-0.5884957533309318
0.5381510169579116,-0.45594907447342337
0.20678431981413326,-0.8535891110459488
0.20678431981413326,-0.1908557167583922
0.20678431981413326,0.20678431981413326
0.2730576592428946,0.20678431981413326
0.67069769581542,0.20678431981413326
1.1346110718167068,0.20678431981413326
0.67069769581542,0.20678431981413326
0.2730576592428946,0.20678431981413326
0.20678431981413326,0.20678431981413326
0.20678431981413326,0.20678431981413326
0.47187767752916443,1.0020643929591984
0.9136999403875308,0.47187767752916443
1.1346110718167068,1.2671577506742295
0.5381510169579116,1.399704429531738
0.5381510169579116,1.9961644843905333
1.1346110718167068,2.5263511998205814
0.67069769581542,3.1228112546793767
0.5381510169579116,2.990264575821868
0.20678431981413326,2.5926245392493286
0.38351322495748263,3.3879046123944008
1.0020643929591984,2.8577178969643597
1.2671577506742295,3.5204512912519093
1.2671577506742295,3.8518179883956876
1.3334310901029767,4.382004703825729
1.9740733712476128,4.845918079827015
1.399704429531738,5.707471492400835
2.46007786039182,5.243558116399548
2.504260086677661,6.303931547259637
3.5204512912519093,7.1654849598334565
2.990264575821868,8.424678408979808
2.990264575821868,7.761945014692259
2.46007786039182,9.087411803267365
3.5204512912519093,9.948965215841184
3.1228112546793767,9.485051839839898
3.918091327824442,11.009338646701273
3.3879046123944008,10.412878591842478
4.580824722111998,12.003438738132608
4.580824722111998,11.47325202270256
4.580824722111998,12.864992150706428
4.448278043254483,12.401078774705141
4.183184685539466,13.395178866136469
3.7855446489669333,13.660272223851493
4.580824722111998,14.12418559985278
4.05063800668195,14.985739012426599
4.580824722111998,14.521825636425312
4.978464758684531,15.515925727856647
4.448278043254483,16.024021330143768
5.6411981529720805,15.582199067285401
5.906291510687105,17.879674834148922
6.480660452402979,17.30530589243304
6.767844923260924,16.775119177003
6.966664941547194,19.82369279072575
8.027038372407276,19.160959396438194
7.496851656977235,18.630772681008153
8.822318445552341,21.679346294730898
8.2921317301223,21.01661290044335
7.960765032978522,20.4864261850133
7.894491693549767,23.534999798736052
7.828218354121013,22.872266404448496
7.761945014692259,22.342079689018455
7.231758299262211,25.324379963312452
6.9003916021184395,24.72791990845365
7.541033883263069,24.19773319302361
6.966664941547194,27.37885348560387
8.822318445552341,26.84866677017383
8.2921317301223,26.31848005474378
9.485051839839898,25.78829333931374
10.147785234127454,29.101960310751508
10.457060818128312,28.43922691646396
10.015238555269946,27.90904020103391
11.738345380417584,30.361153759897867
11.208158664987543,29.764693705039065
12.268532095847625,30.825067135899154
12.798718811277674,31.222707172471686
12.401078774705141,32.72490286619014
13.461452205565223,32.15053392447426
14.168367826138613,31.62034720904422
14.389278957567804,35.13283419876826
13.859092242137756,34.536374143909455
13.461452205565223,34.006187428479414
14.389278957567804,33.47600071304937
13.925365581566517,37.717494436489716
14.12418559985278,37.187307721059675
13.461452205565223,36.657121005629634
12.864992150706428,36.126934290199586
12.467352114133895,35.596747574769545
13.06381216899269,39.838241298209894
14.12418559985278,39.308054582779846
13.660272223851493,38.77786786734981
15.184559030712869,38.247681151919764
14.65437231528282,40.36842801363994
15.71474574614291,41.56134812335753
15.71474574614291,40.898614729069976
15.71474574614291,42.820541572503885
16.510025819287975,42.22408151764509
15.979839103857934,43.94718834279273
17.17275921357553,43.28445494850518
17.835492607863088,45.14010845251033
18.89586603872317,44.477375058222776
18.36567932329313,43.68209498507771
19.95623946958326,43.15190826964766
19.42605275415322,42.48917487536011
19.42605275415322,41.82644148107256
19.028412717580686,41.36252810507127
19.95623946958326,41.82644148107256
19.82369279072575,41.56134812335753
19.558599433010727,41.16370808678501
19.205141622724028,40.50097469249745
20.4864261850133,39.838241298209894
20.022512809012014,39.17550790392234
21.01661290044335,39.90451463763865
20.353879506155792,39.44060126163736
20.265515053584117,40.36842801363994
21.01661290044335,41.229981426213755
22.07698633130343,40.76606805021247
21.54679961587339,41.73807702850088
22.07698633130343,41.428801444500024
21.54679961587339,40.898614729069976
21.149159579300857,40.36842801363994
24.19773319302361,39.9707879770674
23.534999798736052,41.95898815993007
23.13735976216352,41.49507478392878
22.60717304673348,41.03116140792749
24.19773319302361,41.428801444500024
23.534999798736052,40.76606805021247
24.993013266168674,40.10333465592491
26.583573412458804,39.44060126163736
26.053386697028763,38.91041454620732
25.58947332102747,38.77786786734981
24.59537322959614,38.247681151919764
25.920840018171248,37.78376777591848
25.65574666045623,37.187307721059675
26.362662281029614,36.72339434505839
25.78829333931374,35.99438761134208
27.643946843318894,36.92221436334465
27.113760127888845,36.39202764791461
27.37885348560387,35.86184093248457
26.84866677017383,37.31985439991719
28.43922691646396,36.657121005629634
27.90904020103391,35.99438761134208
27.37885348560387,35.33165421705452
30.294880420469113,34.66892082276697
29.764693705039065,34.006187428479414
29.234506989609024,33.60854739190688
30.957613814756662,33.21090735533435
30.294880420469113,32.74699397933306
31.134342719900012,32.01798724561675
30.55997377818413,31.355253851329195
32.415627282189284,30.692520457041645
31.885440566759243,30.096060402182843
33.21090735533435,30.361153759897867
33.40972737362062,30.825067135899154
34.27128078619444,32.216807263903014
33.80736741019315,31.62034720904422
33.34345403419186,31.222707172471686
35.37583644334036,33.07836067647684
34.80146750162448,32.68072063990431
35.53047423534079,32.415627282189284
36.39202764791461,31.752893887901728
37.717494436489716,31.090160493614178
37.187307721059675,30.55997377818413
36.78966768448714,30.162333741611597
36.657121005629634,30.825067135899154
35.99438761134208,30.42742709932662
35.72929425362706,30.162333741611597
37.4524010787747,30.162333741611597
35.33165421705452,30.692520457041645
38.77786786734981,30.55997377818413
38.247681151919764,30.096060402182843
36.78966768448714,30.096060402182843
38.77786786734981,30.692520457041645
38.247681151919764,30.825067135899154
37.78376777591848,30.42742709932662
37.187307721059675,30.02978706275409
36.72339434505839,31.929622793045077
37.717494436489716,31.355253851329195
38.77786786734981,30.825067135899154
38.247681151919764,30.294880420469113
37.58494775763221,34.27128078619444
37.31985439991719,33.74109407076439
36.98848770277341,33.21090735533435
37.49658330506054,32.68072063990431
36.524574326772125,32.945813997619325
35.99438761134208,32.34935394276053
35.596747574769545,32.81326731876182
36.2594809690571,32.283080603331776
35.72929425362706,34.13873410733692
35.26538087762577,33.47600071304937
34.80146750162448,34.40382746505195
34.27128078619444,34.60264748333822
33.80736741019315,35.19910753819701
33.21090735533435,35.464200895912036
32.54817396104679,35.72929425362706
32.283080603331776,36.39202764791461
34.006187428479414,35.86184093248457
36.126934290199586,35.464200895912036
35.596747574769545,35.92811427191332
35.0665608593395,36.524574326772125
34.536374143909455,36.524574326772125
33.47600071304937,35.92811427191332
32.945813997619325,35.72929425362706
32.54817396104679,36.325754308485855
36.657121005629634,35.86184093248457
35.33165421705452,35.33165421705452
34.80146750162448,34.93401418048199
34.27128078619444,34.27128078619444
33.74109407076439,33.74109407076439
33.34345403419186,33.34345403419186
34.580556370195296,35.39792755648328
34.006187428479414,34.80146750162448
35.33165421705452,35.464200895912036
34.80146750162448,35.53047423534079
34.33755412562319,36.2594809690571
35.33165421705452,35.72929425362706
33.74109407076439,36.78966768448714
33.21090735533435,37.38612773934594
32.68072063990431,37.187307721059675
32.283080603331776,36.78966768448714
33.2771806947631,36.458300987343364
32.68072063990431,35.950205385056236
33.80736741019315,37.187307721059675
34.40382746505195,36.657121005629634
34.66892082276697,40.96488806849874
35.33165421705452,40.36842801363994
34.867740841053234,39.838241298209894
35.33165421705452,39.308054582779846
34.4701008044807,38.77786786734981
36.657121005629634,38.247681151919764
36.126934290199586,37.717494436489716
35.596747574769545,40.36842801363994
36.92221436334465,39.90451463763865
36.524574326772125,39.37432792220861
37.58494775763221,38.91041454620732
37.717494436489716,40.36842801363994
37.187307721059675,39.838241298209894
36.657121005629634,39.308054582779846
36.524574326772125,40.898614729069976
35.99438761134208,40.36842801363994
35.19910753819701,39.705694619352386
34.66892082276697,39.17550790392234
33.873640749621906,41.03116140792749
33.60854739190688,40.36842801363994
33.21090735533435,39.838241298209894
32.54817396104679,42.3566281965026
32.283080603331776,41.69389480221505
32.216807263903014,43.019361590790155
32.15053392447426,42.48917487536011
31.686620548472973,41.82644148107256
31.090160493614178,41.16370808678501
30.55997377818413,42.75426823307514
30.02978706275409,42.22408151764509
29.565873686752802,41.69389480221505
29.035686971322754,42.22408151764509
28.969413631894,41.69389480221505
28.969413631894,41.229981426213755
29.234506989609024,43.019361590790155
28.83686695303649,42.55544821478887
29.89724038389658,43.81464166393522
30.02978706275409,43.35072828793393
29.367053668466532,42.75426823307514
28.903140292465245,42.3566281965026
28.903140292465245,47.52594867194553
28.306680237606443,46.99576195651548
27.776493522176402,46.46557524108544
27.113760127888845,45.9353885256554
26.451026733601296,45.40520181022535
25.920840018171248,44.87501509479531
25.125559945026183,44.34482837936527
24.462826550738633,49.51414885480819
23.932639835308585,48.851415460520634
23.402453119878544,48.32122874509059
22.938539743877257,50.70706896452579
22.342079689018455,50.17688224909574
22.342079689018455,49.84551555195196
22.07698633130343,49.381602175950675
21.41425293701588,48.98396213937815
20.884066221585833,50.17688224909574
20.618972863870816,50.57452228566828
20.221332827298284,49.91178889138072
19.558599433010727,49.24905549709317
19.09468605700944,48.58632210280561
21.01661290044335,47.923588708518054
20.4864261850133,47.260855314230504
20.088786148440768,46.79694193822922
21.21543291872961,49.381602175950675
22.07698633130343,48.851415460520634
21.54679961587339,48.32122874509059
21.149159579300857,47.791042029660545
23.13735976216352,51.76744239538587
22.474626367875963,51.23725567995583
22.342079689018455,50.70706896452579
21.679346294730898,50.17688224909574
21.21543291872961,49.91178889138072
23.97682206159442,49.381602175950675
23.402453119878544,48.91768879994939
22.872266404448496,48.58632210280561
22.474626367875963,48.12240872680432
25.258106623883698,47.52594867194553
24.59537322959614,46.86321527765797
25.258106623883698,46.06793520451291
24.59537322959614,45.53774848908286
24.0651865141661,45.9353885256554
23.534999798736052,46.46557524108544
25.523199981598715,47.39340199308802
24.993013266168674,46.86321527765797
24.462826550738633,47.65849535080304
26.053386697028763,47.65849535080304
25.65574666045623,47.39340199308802
27.643946843318894,46.73066859880046
27.113760127888845,46.06793520451291
26.583573412458804,45.40520181022535
27.37885348560387,44.87501509479531
26.84866677017383,44.34482837936527
26.31848005474378,43.81464166393522
25.78829333931374,43.28445494850518
25.65574666045623,42.75426823307514
25.65574666045623,42.22408151764509
26.362662281029614,41.69389480221505
25.78829333931374,41.097434747356246
27.643946843318894,40.96488806849874
27.113760127888845,40.43470135306869
26.583573412458804,40.898614729069976
26.053386697028763,39.838241298209894
25.390653302741207,39.308054582779846
24.860466587311166,38.77786786734981
24.59537322959614,38.247681151919764
26.31848005474378,37.717494436489716
25.78829333931374,37.187307721059675
25.258106623883698,36.78966768448714
28.704320274178976,36.524574326772125
28.041586879891426,35.86184093248457
27.511400164461378,35.39792755648328
26.981213449031337,34.867740841053234
28.704320274178976,34.536374143909455
28.174133558748935,35.0665608593395
27.643946843318894,35.464200895912036
27.113760127888845,35.33165421705452
26.583573412458804,34.80146750162448
26.053386697028763,34.27128078619444
25.523199981598715,33.80736741019315
24.993013266168674,33.21090735533435
24.59537322959614,32.68072063990431
27.688129069604727,32.283080603331776
27.113760127888845,33.07836067647684
26.583573412458804,32.48190062161804
26.053386697028763,32.945813997619325
25.65574666045623,34.33755412562319
28.43922691646396,33.74109407076439
28.704320274178976,33.34345403419186
28.174133558748935,35.39792755648328
27.511400164461378,34.80146750162448
27.24630680674636,35.464200895912036
26.84866677017383,35.19910753819701
26.185933375886272,34.40382746505195
25.920840018171248,33.80736741019315
25.523199981598715,33.34345403419186
24.993013266168674,33.74109407076439
24.529099890167387,34.33755412562319
24.529099890167387,34.40382746505195
24.993013266168674,34.27128078619444
25.523199981598715,33.74109407076439
24.860466587311166,33.2771806947631
24.39655321130987,32.81326731876182
25.523199981598715,32.48190062161804
25.05928660559743,33.07836067647684
24.59537322959614,32.945813997619325
26.583573412458804,32.48190062161804
26.053386697028763,34.27128078619444
26.84866677017383,33.80736741019315
27.445126825032624,33.21090735533435
28.041586879891426,33.74109407076439
28.748502500464816,33.34345403419186
28.969413631894,32.945813997619325
30.02978706275409,32.48190062161804
29.49960034732404,32.01798724561675
31.090160493614178,31.62034720904422
30.55997377818413,31.156433833042932
29.89724038389658,30.626247117612884
29.632147026181556,30.096060402182843
29.234506989609024,30.096060402182843
28.83686695303649,30.55997377818413
29.8088759313249,31.090160493614178
30.02978706275409,32.01798724561675
30.55997377818413,31.48780053018671
31.090160493614178,32.283080603331776
31.090160493614178,31.752893887901728
30.42742709932662,31.222707172471686
30.02978706275409,33.2771806947631
30.02978706275409,32.68072063990431
29.49960034732404,32.15053392447426
28.969413631894,31.62034720904422
29.234506989609024,34.33755412562319
28.83686695303649,33.74109407076439
30.825067135899154,34.536374143909455
30.22860708104035,35.39792755648328
29.764693705039065,34.93401418048199
30.825067135899154,35.86184093248457
30.162333741611597,36.39202764791461
32.15053392447426,35.86184093248457
31.62034720904422,35.19910753819701
31.090160493614178,34.536374143909455
30.626247117612884,34.006187428479414
31.090160493614178,33.54227405247813
29.89724038389658,33.34345403419186
29.234506989609024,34.33755412562319
28.903140292465245,33.74109407076439
28.969413631894,35.33165421705452
28.63804693475022,34.80146750162448
28.174133558748935,36.2594809690571
27.643946843318894,35.72929425362706
27.113760127888845,35.99438761134208
26.716120091316313,36.39202764791461
28.969413631894,35.92811427191332
28.372953577035204,35.596747574769545
27.90904020103391,34.93401418048199
27.511400164461378,34.66892082276697
30.825067135899154,35.39792755648328
30.162333741611597,35.33165421705452
29.69842036561031,34.66892082276697
30.294880420469113,34.40382746505195
29.764693705039065,34.006187428479414
29.101960310751508,33.34345403419186
28.83686695303649,32.81326731876182
28.43922691646396,32.415627282189284
27.90904020103391,34.006187428479414
27.445126825032624,33.47600071304937
26.892848996459662,33.07836067647684
28.21831578503477,34.33755412562319
27.643946843318894,34.006187428479414
28.83686695303649,33.47600071304937
28.041586879891426,32.81326731876182
27.37885348560387,32.415627282189284
26.84866677017383,32.945813997619325
26.716120091316313,33.873640749621906
26.583573412458804,33.34345403419186
26.053386697028763,34.40382746505195
25.65574666045623,34.006187428479414
26.583573412458804,33.54227405247813
26.119660036457518,33.2771806947631
26.053386697028763,32.68072063990431
25.523199981598715,32.216807263903014
24.860466587311166,31.686620548472973
24.264006532452363,31.28898051190044
23.667546477593568,32.54817396104679
23.33617978044979,31.885440566759243
23.402453119878544,33.07836067647684
22.872266404448496,32.54817396104679
22.342079689018455,32.15053392447426
21.811892973588414,31.686620548472973
21.281706258158366,31.222707172471686
22.209533010160946,32.15053392447426
21.679346294730898,31.62034720904422
22.2758063495897,33.07836067647684
21.679346294730898,32.54817396104679
21.149159579300857,31.885440566759243
20.884066221585833,31.355253851329195
20.4864261850133,30.692520457041645
19.95623946958326,30.42742709932662
19.42605275415322,30.02978706275409
19.028412717580686,29.49960034732404
21.01661290044335,28.969413631894
20.4864261850133,29.300780329037778
19.95623946958326,29.764693705039065
19.95623946958326,29.101960310751508
19.42605275415322,28.571773595321467
18.89586603872317,27.90904020103391
18.23313264443562,27.24630680674636
17.769219268434327,26.716120091316313
17.835492607863088,27.643946843318894
17.835492607863088,27.180033467317607
17.835492607863088,26.451026733601296
17.17275921357553,26.185933375886272
16.510025819287975,25.78829333931374
15.847292425000418,25.258106623883698
15.184559030712869,24.661646569024896
14.65437231528282,24.330279871881118
14.190458939281534,23.667546477593568
13.726545563280247,23.402453119878544
13.328905526707715,23.269906441021035
12.268532095847625,22.60717304673348
11.340705343845052,22.143259670732192
11.141885325558782,21.54679961587339
,21.149159579300857
,20.751519542728325
,20.287606166727038
,20.884066221585833
,20.353879506155792
,20.4864261850133
,20.022512809012014
,19.691146111868235
,19.160959396438194
,18.630772681008153
,18.03431262614935
,17.570399250148064
,16.907665855860508
,16.244932461572958
,15.781019085571664
,15.052012351855353
,14.455552296996558
,13.859092242137756
,13.328905526707715
,11.870892059275093
,11.406978683273806
,12.135985416990117
,11.539525362131315
,12.003438738132608
