Y(hoy),Y(ayer)
3.5204512912519093,12.401078774705141
4.359913590682808,12.798718811277674
3.7855446489669333,13.395178866136469
4.580824722111998,13.328905526707715
4.1169113461107045,12.798718811277674
3.5867246306806635,12.401078774705141
3.5204512912519093,12.33480543527638
3.5204512912519093,12.003438738132608
3.5204512912519093,11.539525362131315
3.5204512912519093,12.003438738132608
2.990264575821868,11.605798701560076
2.46007786039182,11.738345380417584
2.46007786039182,11.340705343845052
2.3275311815343116,10.94306530727252
2.0624378238192946,10.479151931271232
1.5322511083892465,10.280331912984963
1.2671577506742295,10.94306530727252
1.1346110718167068,10.545425270699987
0.6044243563866729,10.412878591842478
0.2730576592428946,9.88269187641243
0.2730576592428946,9.418778500411143
0.67069769581542,9.750145197554922
0.20678431981413326,9.219958482124873
1.1346110718167068,9.617598518697413
1.2671577506742295,9.15368514269612
1.2671577506742295,8.689771766694832
1.2008844112454682,8.2921317301223
1.1346110718167068,8.689771766694832
0.67069769581542,8.027038372407276
0.2730576592428946,7.563124996405989
0.20678431981413326,7.055029394118868
0.20678431981413326,7.761945014692259
0.20678431981413326,7.298031638690972
0.20678431981413326,6.569024904974661
0.20678431981413326,5.84001817125835
0.20678431981413326,6.303931547259637
0.07423764095662477,5.773744831829596
-0.5884957533309318,7.541033883263069
-0.8535891110459488,6.966664941547194
-0.8535891110459488,7.231758299262211
-0.8535891110459488,6.834118262689678
-0.7210424321884403,6.767844923260924
-0.05830903790088371,6.436478226117146
0.20678431981413326,5.906291510687105
0.20678431981413326,5.773744831829596
0.07423764095662477,5.773744831829596
-0.45594907447342337,5.508651474114572
-0.8535891110459488,4.845918079827015
0.07423764095662477,4.713371400969507
-0.45594907447342337,4.713371400969507
0.20678431981413326,5.177284776970794
0.20678431981413326,5.508651474114572
0.20678431981413326,4.845918079827015
0.14051098038538612,4.713371400969507
0.07423764095662477,4.713371400969507
-0.45594907447342337,4.713371400969507
-0.7873157716172017,4.448278043254483
-0.05830903790088371,4.05063800668195
0.20678431981413326,3.5867246306806635
0.20678431981413326,3.5867246306806635
0.20678431981413326,4.183184685539466
0.20678431981413326,4.315731364396974
0.20678431981413326,3.7855446489669333
0.2730576592428946,3.6529979701094177
0.9136999403875308,4.448278043254483
0.33933099867164174,4.448278043254483
1.1346110718167068,3.7855446489669333
0.47187767752916443,3.6529979701094177
0.20678431981413326,4.315731364396974
0.33933099867164174,3.6529979701094177
1.0020643929591984,3.5204512912519093
1.2671577506742295,3.5204512912519093
1.1346110718167068,3.255357933536885
0.67069769581542,2.7914445575355984
0.2730576592428946,2.3275311815343116
0.4056043381004031,1.7973444661042635
1.0020643929591984,1.399704429531738
1.4438866558175647,2.2612578421055503
2.46007786039182,1.7973444661042635
1.929891144961772,2.5263511998205814
3.0565379152506154,3.1228112546793767
3.918091327824442,3.3879046123944008
4.315731364396974,2.990264575821868
4.183184685539466,2.5263511998205814
3.6529979701094177,2.5263511998205814
4.580824722111998,3.1228112546793767
4.05063800668195,2.990264575821868
4.845918079827015,2.5263511998205814
4.448278043254483,2.3275311815343116
5.3761047952570635,2.725171218106837
6.038838189544613,3.3879046123944008
6.70157158383217,3.1228112546793767
7.298031638690972,2.65889787867809
7.894491693549767,3.3879046123944008
8.557225087837324,2.8577178969643597
9.219958482124873,3.5204512912519093
9.926874102698264,3.5204512912519093
10.722154175843329,3.5204512912519093
12.047620964418442,3.5204512912519093
11.47325202270256,3.5867246306806635
12.842901037563507,4.448278043254483
13.638181110708572,3.918091327824442
15.449652388427886,4.713371400969507
14.919465672997845,4.448278043254483
14.389278957567804,3.8518179883956876
16.775119177003,3.5204512912519093
16.244932461572958,3.5204512912519093
17.084394761003857,3.5204512912519093
16.64257249814549,3.5204512912519093
17.835492607863088,3.5204512912519093
19.42605275415322,3.7855446489669333
18.89586603872317,4.24945802496822
18.36567932329313,3.8518179883956876
21.01661290044335,4.448278043254483
20.4864261850133,4.713371400969507
19.95623946958326,5.177284776970794
21.811892973588414,5.508651474114572
21.21543291872961,4.91219141925577
23.667546477593568,4.382004703825729
23.071086422734766,3.7855446489669333
22.60717304673348,3.3879046123944008
25.523199981598715,2.769353444392678
24.92673992673992,3.3879046123944008
24.462826550738633,3.8518179883956876
27.37885348560387,4.448278043254483
26.84866677017383,4.713371400969507
26.31848005474378,4.713371400969507
28.748502500464816,4.91219141925577
28.174133558748935,5.508651474114572
30.02978706275409,5.773744831829596
29.565873686752802,5.773744831829596
31.090160493614178,5.773744831829596
30.55997377818413,5.773744831829596
32.68072063990431,5.3761047952570635
32.15053392447426,4.890100306112849
31.62034720904422,5.508651474114572
34.536374143909455,5.1110114375420395
34.006187428479414,4.845918079827015
33.47600071304937,5.3761047952570635
36.39202764791461,5.773744831829596
35.86184093248457,5.84001817125835
35.33165421705452,6.569024904974661
38.247681151919764,6.038838189544613
37.78376777591848,6.834118262689678
37.187307721059675,7.298031638690972
39.308054582779846,7.761945014692259
38.77786786734981,7.364304978119726
39.882423524495735,6.9003916021184395
41.69389480221505,6.966664941547194
41.229981426213755,7.761945014692259
40.63352137135496,7.364304978119726
43.28445494850518,7.231758299262211
42.75426823307514,6.834118262689678
42.22408151764509,7.828218354121013
43.28445494850518,7.894491693549767
43.61582164564895,8.358405069551054
43.15190826964766,8.888591784981102
44.21228170050775,9.15368514269612
44.91919732108114,9.617598518697413
45.71447739422621,10.479151931271232
46.99576195651548,10.015238555269946
46.53184858051419,11.075611986130028
47.52594867194553,11.340705343845052
46.99576195651548,11.804618719846339
46.598121919942955,12.135985416990117
47.52594867194553,11.539525362131315
46.99576195651548,12.135985416990117
48.05613538737557,11.605798701560076
48.58632210280561,12.401078774705141
48.05613538737557,12.003438738132608
47.52594867194553,11.517434248988394
46.99576195651548,12.33480543527638
46.598121919942955,12.53362545356265
47.52594867194553,13.06381216899269
46.99576195651548,13.527725544993984
46.200481883370415,14.985739012426599
45.670295167940374,14.389278957567804
46.598121919942955,13.859092242137756
45.9353885256554,15.317105709570377
47.260855314230504,14.720645654711582
47.52594867194553,14.521825636425312
46.99576195651548,15.515925727856647
46.33302856222792,14.919465672997845
45.80284184679789,16.510025819287975
46.46557524108544,15.979839103857934
46.00166186508415,15.317105709570377
45.53774848908286,14.65437231528282
46.200481883370415,16.377479140430466
45.53774848908286,15.71474574614291
45.27265513136784,15.184559030712869
44.87501509479531,16.64257249814549
44.34482837936527,15.979839103857934
43.81464166393522,15.515925727856647
43.28445494850518,14.963647899283679
45.14010845251033,15.847292425000418
44.54364839765153,16.64257249814549
45.14010845251033,16.377479140430466
44.609921737080285,15.781019085571664
44.079735021650244,15.582199067285401
43.5495483062202,15.582199067285401
43.019361590790155,15.582199067285401
42.3566281965026,16.046112443286688
42.09153483878758,16.64257249814549
41.69389480221505,16.57629915871673
41.16370808678501,16.046112443286688
40.63352137135496,16.57629915871673
40.16960799535367,18.630772681008153
39.57314794049488,18.03431262614935
38.91041454620732,17.570399250148064
38.38022783077727,17.040212534718023
37.58494775763221,17.835492607863088
37.31985439991719,17.30530589243304
36.78966768448714,16.841392516431753
36.524574326772125,16.907665855860508
36.657121005629634,17.30530589243304
36.126934290199586,18.16685930500686
35.596747574769545,17.702945929005573
35.13283419876826,18.697046020436908
34.536374143909455,19.160959396438194
33.873640749621906,19.691146111868235
33.40972737362062,20.088786148440768
35.33165421705452,20.884066221585833
34.80146750162448,20.353879506155792
34.27128078619444,21.082886239872103
33.80736741019315,20.4864261850133
34.27128078619444,20.088786148440768
33.21090735533435,21.01661290044335
32.68072063990431,20.618972863870816
32.283080603331776,20.15505948786953
33.21090735533435,20.221332827298284
32.68072063990431,21.01661290044335
32.216807263903014,20.552699524442062
31.62034720904422,20.022512809012014
30.825067135899154,19.42605275415322
30.162333741611597,19.028412717580686
29.89724038389658,20.265515053584117
30.55997377818413,21.01661290044335
30.02978706275409,20.4864261850133
31.885440566759243,19.95623946958326
31.222707172471686,19.42605275415322
31.885440566759243,18.763319359865662
31.355253851329195,18.498226002150638
30.825067135899154,18.03431262614935
30.294880420469113,17.901765947291842
29.764693705039065,17.570399250148064
29.300780329037778,17.106485874146777
28.83686695303649,16.64257249814549
30.294880420469113,16.244932461572958
29.764693705039065,15.71474574614291
29.234506989609024,15.250832370141623
31.355253851329195,14.786918994140336
30.825067135899154,14.389278957567804
31.929622793045077,13.925365581566517
32.216807263903014,13.395178866136469
32.68072063990431,12.931265490135182
33.21090735533435,12.467352114133895
32.216807263903014,12.599898792991404
32.68072063990431,13.107994395278524
31.62034720904422,12.798718811277674
31.156433833042932,12.401078774705141
30.55997377818413,12.401078774705141
30.02978706275409,12.268532095847625
31.090160493614178,11.738345380417584
30.692520457041645,11.340705343845052
31.090160493614178,11.340705343845052
31.134342719900012,11.804618719846339
31.929622793045077,12.135985416990117
31.355253851329195,11.47325202270256
32.216807263903014,11.274432004416298
32.45980950847512,11.804618719846339
33.21090735533435,12.135985416990117
32.74699397933306,11.539525362131315
32.415627282189284,12.069712077561363
31.885440566759243,11.605798701560076
31.42152719075795,12.53362545356265
30.825067135899154,13.06381216899269
30.294880420469113,13.461452205565223
31.355253851329195,13.461452205565223
29.89724038389658,13.527725544993984
33.21090735533435,14.455552296996558
32.68072063990431,13.991638920995271
32.15053392447426,14.985739012426599
34.536374143909455,15.449652388427886
33.93991408905066,15.052012351855353
35.33165421705452,14.588098975854066
34.80146750162448,14.65437231528282
34.27128078619444,15.515925727856647
33.60854739190688,15.052012351855353
33.07836067647684,15.979839103857934
32.283080603331776,16.64257249814549
32.01798724561675,16.775119177003
31.62034720904422,17.437852571290556
31.222707172471686,16.907665855860508
32.415627282189284,18.674954907293987
34.27128078619444,18.100585965578105
33.74109407076439,18.36567932329313
33.21090735533435,17.968039286720597
32.87954065819057,18.962139378151925
33.47600071304937,18.498226002150638
32.45980950847512,18.89586603872317
34.33755412562319,18.36567932329313
33.74109407076439,17.968039286720597
33.34345403419186,19.691146111868235
34.33755412562319,19.160959396438194
34.27128078619444,18.763319359865662
33.80736741019315,20.088786148440768
33.40972737362062,19.691146111868235
34.050369654765255,19.22723273586695
34.27128078619444,19.691146111868235
33.60854739190688,19.293506075295703
33.52018293933521,20.088786148440768
34.27128078619444,20.4864261850133
35.33165421705452,21.082886239872103
34.80146750162448,21.149159579300857
34.66892082276697,21.01661290044335
34.40382746505195,20.4864261850133
35.11074308562534,20.15505948786953
34.536374143909455,21.613072955302144
36.43620987420045,21.01661290044335
35.86184093248457,20.4864261850133
36.657121005629634,22.143259670732192
36.126934290199586,22.2758063495897
35.464200895912036,23.534999798736052
38.51277450963478,22.872266404448496
37.85004111534723,22.474626367875963
37.31985439991719,24.19773319302361
36.8559410239159,23.667546477593568
36.39202764791461,23.00481308330601
35.86184093248457,22.342079689018455
38.51277450963478,22.2758063495897
37.98258779420474,23.97682206159442
37.4524010787747,23.402453119878544
36.92221436334465,22.872266404448496
36.39202764791461,22.474626367875963
35.86184093248457,25.258106623883698
35.464200895912036,24.72791990845365
37.717494436489716,24.264006532452363
37.187307721059675,23.711728703879402
36.72339434505839,24.529099890167387
36.2594809690571,24.0651865141661
37.4524010787747,23.534999798736052
36.8559410239159,23.13735976216352
36.524574326772125,22.673446386162233
38.247681151919764,23.667546477593568
38.77786786734981,23.13735976216352
38.976687885636075,22.739719725590987
39.37432792220861,24.19773319302361
38.91041454620732,23.667546477593568
39.838241298209894,23.13735976216352
39.308054582779846,22.474626367875963
40.63352137135496,22.209533010160946
40.10333465592491,22.209533010160946
43.81464166393522,21.944439652445922
43.15190826964766,21.370070710730047
42.687994893646376,22.143259670732192
42.22408151764509,21.679346294730898
41.69389480221505,22.209533010160946
41.16370808678501,21.679346294730898
39.57314794049488,21.149159579300857
39.04296122506483,21.811892973588414
46.200481883370415,21.281706258158366
45.60402182851162,20.751519542728325
45.14010845251033,20.221332827298284
44.609921737080285,20.088786148440768
48.58632210280561,19.691146111868235
48.05613538737557,19.22723273586695
47.52594867194553,19.691146111868235
46.99576195651548,19.293506075295703
46.6643952593717,19.160959396438194
47.260855314230504,18.630772681008153
46.200481883370415,18.03431262614935
45.53774848908286,17.702945929005573
45.27265513136784,17.040212534718023
44.87501509479531,16.377479140430466
44.34482837936527,15.71474574614291
43.88091500336398,15.250832370141623
43.41700162736269,14.720645654711582
45.14010845251033,14.521825636425312
44.477375058222776,14.985739012426599
44.01346168222149,15.449652388427886
44.609921737080285,14.919465672997845
44.079735021650244,14.256732278710288
43.5495483062202,13.527725544993984
43.019361590790155,13.461452205565223
42.48917487536011,13.328905526707715
42.09153483878758,12.798718811277674
44.34482837936527,12.33480543527638
43.81464166393522,11.738345380417584
43.28445494850518,11.340705343845052
44.94128843422406,12.135985416990117
45.40520181022535,11.738345380417584
46.244664109656256,11.340705343845052
45.670295167940374,11.340705343845052
47.52594867194553,11.274432004416298
46.99576195651548,11.340705343845052
46.46557524108544,11.340705343845052
45.9353885256554,10.81051862841501
45.40520181022535,10.280331912984963
44.87501509479531,10.81051862841501
44.34482837936527,10.94306530727252
43.81464166393522,10.412878591842478
43.28445494850518,9.750145197554922
42.820541572503885,9.02113846383861
42.29035485707385,8.822318445552341
43.81464166393522,8.2921317301223
43.28445494850518,7.894491693549767
42.75426823307514,7.496851656977235
45.9353885256554,6.966664941547194
45.40520181022535,6.502751565545907
44.87501509479531,5.906291510687105
44.34482837936527,5.773744831829596
48.58632210280561,5.773744831829596
48.05613538737557,6.171384868402129
47.52594867194553,7.032938280975948
46.99576195651548,6.569024904974661
46.53184858051419,7.496851656977235
47.52594867194553,
46.99576195651548,
46.46557524108544,
45.80284184679789,
45.27265513136784,
44.477375058222776,
43.94718834279273,
43.15190826964766,
42.48917487536011,
41.95898815993007,
41.296254765642516,
40.76606805021247,
40.50097469249745,
40.10333465592491,
39.57314794049488,
38.91041454620732,
38.38022783077727,
37.85004111534723,
37.717494436489716,
37.187307721059675,
36.657121005629634,
36.657121005629634,
36.657121005629634,
35.99438761134208,
35.72929425362706,
35.33165421705452,
34.66892082276697,
34.40382746505195,
34.27128078619444,
33.74109407076439,
33.34345403419186,
34.27128078619444,
33.74109407076439,
34.80146750162448,
35.33165421705452,
34.80146750162448,
34.13873410733692,
33.60854739190688,
32.945813997619325,
32.415627282189284,
34.006187428479414,
33.34345403419186,
34.27128078619444,
33.74109407076439,
33.21090735533435,
32.68072063990431,
32.34935394276053,
34.80146750162448,
34.13873410733692,
33.74109407076439,
33.21090735533435,
32.68072063990431,
32.283080603331776,
36.657121005629634,
36.126934290199586,
35.596747574769545,
36.524574326772125,
36.2594809690571,
35.86184093248457,
35.53047423534079,
35.596747574769545,
36.19320762962835,
35.596747574769545,
36.657121005629634,
36.98848770277341,
36.524574326772125,
37.58494775763221,
37.717494436489716,
37.187307721059675,
36.78966768448714,
37.4524010787747,
37.4524010787747,
36.78966768448714,
38.247681151919764,
39.838241298209894,
39.308054582779846,
38.84414120677856,
37.85004111534723,
39.308054582779846,
38.77786786734981,
38.115134473062255,
37.4524010787747,
36.92221436334465,
36.458300987343364,
35.86184093248457,
35.19910753819701,
34.66892082276697,
34.40382746505195,
36.657121005629634,
38.77786786734981,
38.247681151919764,
37.717494436489716,
37.187307721059675,
36.126934290199586,
35.72929425362706,
40.14751688221075,
39.57314794049488,
41.428801444500024,
40.96488806849874,
43.019361590790155,
42.3566281965026,
41.95898815993007,
43.019361590790155,
42.48917487536011,
41.82644148107256,
41.296254765642516,
41.95898815993007,
41.49507478392878,
41.428801444500024,
40.96488806849874,
40.36842801363994,
39.705694619352386,
39.17550790392234,
38.51277450963478,
37.98258779420474,
38.77786786734981,
38.247681151919764,
39.37432792220861,
39.838241298209894,
40.16960799535367,
40.76606805021247,
41.428801444500024,
42.003170386215906,
42.22408151764509,
42.3566281965026,
43.063543817075995,
43.28445494850518,
42.75426823307514,
42.22408151764509,
41.69389480221505,
41.16370808678501,
40.69979471078371,
40.10333465592491,
39.57314794049488,
39.04296122506483,
38.84414120677856,
38.6453211884923,
38.115134473062255,
37.4524010787747,
36.92221436334465,
36.59084766620087,
36.657121005629634,
35.99438761134208,
35.33165421705452,
34.867740841053234,
34.13873410733692,
33.873640749621906,
33.47600071304937,
33.873640749621906,
33.34345403419186,
34.580556370195296,
36.39202764791461,
35.86184093248457,
35.33165421705452,
37.717494436489716,
37.187307721059675,
37.58494775763221,
37.31985439991719,
36.78966768448714,
36.126934290199586,
35.596747574769545,
35.0665608593395,
34.536374143909455,
33.873640749621906,
33.34345403419186,
32.68072063990431,
32.15053392447426,
31.62034720904422,
31.156433833042932,
31.090160493614178,
30.626247117612884,
30.096060402182843,
30.55997377818413,
31.090160493614178,
31.686620548472973,
32.15053392447426,
32.15053392447426,
31.62034720904422,
31.156433833042932,
30.55997377818413,
29.89724038389658,
29.367053668466532,
28.969413631894,
29.89724038389658,
29.234506989609024,
30.55997377818413,
31.090160493614178,
30.096060402182843,
30.55997377818413,
29.69842036561031,
29.234506989609024,
28.571773595321467,
28.041586879891426,
27.37885348560387,
26.716120091316313,
26.185933375886272,
25.58947332102747,
25.523199981598715,
24.993013266168674,
24.330279871881118,
23.800093156451076,
23.13735976216352,
22.474626367875963,
22.209533010160946,
22.342079689018455,
22.2758063495897,
21.679346294730898,
21.41425293701588,
21.01661290044335,
20.4864261850133,
20.022512809012014,
19.492326093581973,
18.962139378151925,
18.36567932329313,
17.702945929005573,
17.040212534718023,
17.702945929005573,
17.040212534718023,
17.835492607863088,
17.30530589243304,
16.64257249814549,
15.979839103857934,
15.317105709570377,
14.65437231528282,
14.12418559985278,
13.461452205565223,
12.931265490135182,
12.268532095847625,
11.605798701560076,
11.340705343845052,
10.81051862841501,
10.545425270699987,
10.147785234127454,
10.412878591842478,
10.015238555269946,
10.94306530727252,
10.346605252413717,
9.88269187641243,
9.219958482124873,
8.954865124409856,
8.954865124409856,
8.689771766694832,
8.2921317301223,
8.822318445552341,
8.2921317301223,
