Y(hoy),Y(ayer)
12.401078774705141,11.870892059275093
12.069712077561363,11.340705343845052
11.67207204098883,12.401078774705141
11.340705343845052,12.401078774705141
12.003438738132608,12.401078774705141
11.539525362131315,12.401078774705141
12.003438738132608,12.401078774705141
11.340705343845052,12.666172132420158
11.075611986130028,13.06381216899269
11.208158664987543,13.461452205565223
11.208158664987543,13.06381216899269
11.208158664987543,12.467352114133895
10.677971949557495,12.401078774705141
10.147785234127454,12.401078774705141
10.147785234127454,12.003438738132608
10.015238555269946,11.539525362131315
9.750145197554922,11.274432004416298
9.219958482124873,10.677971949557495
9.087411803267365,10.214058573556208
9.087411803267365,10.147785234127454
8.954865124409856,10.147785234127454
8.689771766694832,9.750145197554922
8.159585051264791,9.15368514269612
7.894491693549767,8.954865124409856
7.894491693549767,8.954865124409856
7.563124996405989,8.557225087837324
7.0108471678330275,8.027038372407276
7.761945014692259,8.358405069551054
7.298031638690972,7.894491693549767
7.231758299262211,8.822318445552341
6.834118262689678,8.358405069551054
7.496851656977235,7.894491693549767
7.032938280975948,7.894491693549767
6.834118262689678,7.828218354121013
6.834118262689678,7.298031638690972
6.834118262689678,7.629398335834743
6.502751565545907,7.099211620404702
5.994655963258779,7.828218354121013
5.773744831829596,7.231758299262211
6.215567094687962,6.834118262689678
6.303931547259637,6.834118262689678
5.773744831829596,6.834118262689678
5.773744831829596,6.834118262689678
5.707471492400835,6.834118262689678
5.3761047952570635,6.436478226117146
4.890100306112849,5.906291510687105
5.3761047952570635,5.773744831829596
4.978464758684531,6.303931547259637
5.1110114375420395,6.767844923260924
4.647098061540753,6.436478226117146
4.978464758684531,5.972564850115859
4.448278043254483,5.773744831829596
5.6411981529720805,5.773744831829596
5.1110114375420395,6.171384868402129
4.647098061540753,6.569024904974661
4.580824722111998,5.972564850115859
4.580824722111998,6.480660452402979
4.580824722111998,6.038838189544613
4.580824722111998,6.171384868402129
4.580824722111998,5.773744831829596
4.580824722111998,5.773744831829596
4.580824722111998,5.773744831829596
4.580824722111998,5.773744831829596
3.918091327824442,5.773744831829596
3.454177951823155,5.773744831829596
3.5204512912519093,5.773744831829596
4.05063800668195,5.773744831829596
3.5204512912519093,5.773744831829596
4.580824722111998,5.707471492400835
4.580824722111998,5.1110114375420395
4.514551382683237,4.713371400969507
4.580824722111998,5.3761047952570635
4.580824722111998,5.707471492400835
4.514551382683237,5.3761047952570635
4.580824722111998,4.91219141925577
4.580824722111998,5.3761047952570635
4.580824722111998,4.978464758684531
4.580824722111998,5.773744831829596
5.155193663827873,5.707471492400835
4.713371400969507,5.3761047952570635
5.508651474114572,4.91219141925577
5.442378134685818,5.508651474114572
5.243558116399548,4.978464758684531
4.779644740398261,5.773744831829596
5.3761047952570635,5.773744831829596
4.978464758684531,5.773744831829596
6.237658207830883,5.773744831829596
6.70157158383217,5.773744831829596
6.105111528973374,5.773744831829596
5.442378134685818,5.773744831829596
5.1110114375420395,5.773744831829596
4.647098061540753,5.773744831829596
4.448278043254483,5.773744831829596
4.845918079827015,5.773744831829596
4.448278043254483,5.3761047952570635
5.442378134685818,4.978464758684531
6.038838189544613,5.707471492400835
6.569024904974661,5.773744831829596
6.70157158383217,5.773744831829596
6.237658207830883,5.773744831829596
6.480660452402979,5.773744831829596
6.038838189544613,5.773744831829596
6.70157158383217,5.508651474114572
6.038838189544613,4.845918079827015
5.773744831829596,4.713371400969507
5.773744831829596,4.713371400969507
6.105111528973374,5.243558116399548
6.70157158383217,5.6411981529720805
6.834118262689678,4.978464758684531
6.834118262689678,4.713371400969507
7.099211620404702,5.3761047952570635
7.761945014692259,5.773744831829596
7.894491693549767,5.84001817125835
7.894491693549767,6.480660452402979
7.894491693549767,6.038838189544613
7.828218354121013,6.171384868402129
7.761945014692259,5.773744831829596
7.298031638690972,6.767844923260924
7.563124996405989,6.303931547259637
7.099211620404702,6.569024904974661
8.159585051264791,5.906291510687105
8.866500671838182,6.436478226117146
9.087411803267365,6.834118262689678
9.087411803267365,6.834118262689678
9.087411803267365,6.9003916021184395
9.418778500411143,7.496851656977235
8.954865124409856,7.894491693549767
10.015238555269946,7.894491693549767
10.147785234127454,7.894491693549767
10.147785234127454,7.894491693549767
10.479151931271232,7.894491693549767
10.015238555269946,7.894491693549767
11.075611986130028,8.027038372407276
11.274432004416298,8.888591784981102
11.870892059275093,8.424678408979808
12.53362545356265,9.15368514269612
13.196358847850206,9.750145197554922
13.461452205565223,10.147785234127454
13.461452205565223,10.280331912984963
13.461452205565223,11.075611986130028
13.726545563280247,11.47325202270256
14.389278957567804,12.135985416990117
14.65437231528282,12.467352114133895
15.228741256998703,13.395178866136469
15.71474574614291,12.931265490135182
15.383379048999132,13.859092242137756
14.919465672997845,14.455552296996558
15.449652388427886,14.521825636425312
16.64257249814549,14.786918994140336
15.979839103857934,15.272923483284544
16.775119177003,14.919465672997845
17.17275921357553,14.521825636425312
17.702945929005573,16.046112443286688
18.100585965578105,15.449652388427886
17.702945929005573,16.57629915871673
19.160959396438194,16.775119177003
18.630772681008153,17.437852571290556
19.95623946958326,16.907665855860508
20.353879506155792,17.968039286720597
21.01661290044335,18.697046020436908
21.149159579300857,18.23313264443562
21.281706258158366,19.160959396438194
21.878166313017168,19.73532833815407
22.342079689018455,19.42605275415322
22.673446386162233,19.028412717580686
22.209533010160946,19.028412717580686
23.269906441021035,19.160959396438194
23.468726459307298,19.691146111868235
23.99891317473734,20.088786148440768
24.462826550738633,20.088786148440768
24.462826550738633,20.15505948786953
24.462826550738633,20.751519542728325
25.258106623883698,21.21543291872961
24.72791990845365,22.474626367875963
25.523199981598715,21.811892973588414
24.993013266168674,21.41425293701588
24.529099890167387,23.13735976216352
25.523199981598715,22.739719725590987
24.993013266168674,22.342079689018455
24.59537322959614,21.878166313017168
25.832475565599573,21.347979597587127
26.583573412458804,21.149159579300857
26.185933375886272,21.613072955302144
26.981213449031337,22.673446386162233
27.643946843318894,22.07698633130343
27.776493522176402,23.733819817022322
27.776493522176402,23.13735976216352
27.776493522176402,24.0651865141661
27.776493522176402,23.601273138164807
27.776493522176402,24.19773319302361
27.776493522176402,23.711728703879402
27.776493522176402,24.794193247882404
27.776493522176402,24.330279871881118
27.643946843318894,25.302288850169532
27.113760127888845,24.993013266168674
26.782393430745074,24.59537322959614
27.113760127888845,25.390653302741207
26.716120091316313,24.993013266168674
27.643946843318894,24.661646569024896
26.981213449031337,24.0651865141661
26.451026733601296,23.468726459307298
25.920840018171248,23.468726459307298
26.362662281029614,24.0651865141661
26.583573412458804,23.800093156451076
25.920840018171248,24.19773319302361
25.258106623883698,23.800093156451076
24.72791990845365,25.125559945026183
24.39655321130987,24.59537322959614
25.258106623883698,25.258106623883698
24.72791990845365,24.794193247882404
25.523199981598715,24.59537322959614
24.860466587311166,24.0651865141661
24.462826550738633,23.468726459307298
24.462826550738633,23.269906441021035
23.800093156451076,22.673446386162233
23.269906441021035,21.944439652445922
22.474626367875963,21.281706258158366
22.209533010160946,20.618972863870816
21.679346294730898,20.088786148440768
21.21543291872961,20.088786148440768
21.54679961587339,19.691146111868235
21.149159579300857,19.160959396438194
22.12116855758927,18.697046020436908
22.209533010160946,18.16685930500686
21.944439652445922,17.968039286720597
21.54679961587339,17.437852571290556
21.01661290044335,16.841392516431753
20.353879506155792,16.775119177003
20.088786148440768,16.775119177003
19.95623946958326,16.775119177003
19.293506075295703,16.775119177003
19.028412717580686,16.510025819287975
19.028412717580686,16.112385782715442
18.89586603872317,15.648472406714156
18.23313264443562,15.317105709570377
17.769219268434327,14.65437231528282
17.835492607863088,14.521825636425312
17.371579231861794,14.720645654711582
16.841392516431753,15.184559030712869
17.30530589243304,16.046112443286688
17.835492607863088,15.582199067285401
17.835492607863088,16.510025819287975
18.23313264443562,16.024021330143768
17.702945929005573,16.64257249814549
18.89586603872317,16.775119177003
18.89586603872317,17.040212534718023
18.36567932329313,17.702945929005573
17.968039286720597,17.968039286720597
18.763319359865662,17.968039286720597
19.205141622724028,17.968039286720597
18.763319359865662,18.431952662721883
19.95623946958326,17.968039286720597
19.492326093581973,18.962139378151925
19.42605275415322,19.028412717580686
19.028412717580686,19.028412717580686
19.293506075295703,19.028412717580686
19.95623946958326,19.42605275415322
20.088786148440768,20.022512809012014
19.95623946958326,20.088786148440768
19.42605275415322,20.088786148440768
19.95623946958326,19.691146111868235
19.42605275415322,19.22723273586695
20.552699524442062,19.09468605700944
21.01661290044335,19.691146111868235
20.552699524442062,19.293506075295703
20.15505948786953,20.022512809012014
20.420152845584546,20.088786148440768
21.01661290044335,20.088786148440768
20.618972863870816,20.088786148440768
20.353879506155792,20.022512809012014
20.088786148440768,19.42605275415322
20.221332827298284,19.028412717580686
20.552699524442062,20.022512809012014
21.082886239872103,19.558599433010727
21.21543291872961,19.82369279072575
21.613072955302144,19.22723273586695
21.149159579300857,19.691146111868235
22.209533010160946,20.552699524442062
22.40835302844721,20.088786148440768
22.938539743877257,21.082886239872103
23.402453119878544,21.149159579300857
23.402453119878544,21.149159579300857
23.402453119878544,21.149159579300857
22.872266404448496,21.149159579300857
22.342079689018455,21.149159579300857
22.938539743877257,21.149159579300857
23.402453119878544,21.149159579300857
23.269906441021035,21.149159579300857
23.00481308330601,21.149159579300857
22.474626367875963,21.149159579300857
22.342079689018455,21.54679961587339
22.474626367875963,22.07698633130343
23.13735976216352,21.679346294730898
23.13735976216352,21.21543291872961
22.474626367875963,21.01661290044335
22.342079689018455,20.4864261850133
22.209533010160946,20.088786148440768
21.944439652445922,19.691146111868235
21.54679961587339,19.22723273586695
22.12116855758927,19.82369279072575
21.54679961587339,19.293506075295703
22.342079689018455,19.42605275415322
22.474626367875963,19.028412717580686
23.181541988449354,20.022512809012014
23.402453119878544,19.558599433010727
23.402453119878544,20.088786148440768
23.402453119878544,20.088786148440768
23.402453119878544,20.552699524442062
23.402453119878544,21.082886239872103
22.938539743877257,21.149159579300857
22.342079689018455,20.884066221585833
22.342079689018455,20.221332827298284
22.209533010160946,20.088786148440768
21.944439652445922,19.691146111868235
21.41425293701588,19.028412717580686
21.149159579300857,19.028412717580686
21.01661290044335,19.028412717580686
20.4864261850133,19.492326093581973
19.757419451296997,19.82369279072575
19.205141622724028,19.160959396438194
19.757419451296997,18.498226002150638
19.293506075295703,18.100585965578105
20.088786148440768,18.674954907293987
19.95623946958326,18.36567932329313
19.293506075295703,17.968039286720597
19.028412717580686,18.630772681008153
19.028412717580686,18.962139378151925
19.95623946958326,18.431952662721883
19.42605275415322,17.835492607863088
19.691146111868235,17.17275921357553
19.293506075295703,17.570399250148064
18.630772681008153,17.17275921357553
18.100585965578105,17.040212534718023
18.630772681008153,16.57629915871673
18.23313264443562,16.112385782715442
18.36567932329313,15.71474574614291
17.702945929005573,15.184559030712869
17.040212534718023,14.720645654711582
17.570399250148064,14.455552296996558
17.040212534718023,13.925365581566517
17.30530589243304,13.461452205565223
16.775119177003,13.461452205565223
16.775119177003,
16.112385782715442,
15.847292425000418,
15.317105709570377,
14.720645654711582,
14.12418559985278,
13.461452205565223,
12.798718811277674,
12.467352114133895,
13.107994395278524,
13.328905526707715,
12.997538829563936,
12.53362545356265,
12.401078774705141,
12.401078774705141,
