Y(hoy),Y(ayer)
9.15368514269612,8.159585051264791
9.219958482124873,8.689771766694832
9.087411803267365,8.336313956408134
9.087411803267365,7.894491693549767
8.954865124409856,8.689771766694832
8.689771766694832,8.027038372407276
8.336313956408134,7.894491693549767
8.822318445552341,7.894491693549767
8.424678408979808,7.894491693549767
8.2921317301223,7.761945014692259
7.099211620404702,6.834118262689678
6.834118262689678,6.834118262689678
6.767844923260924,6.303931547259637
6.70157158383217,5.773744831829596
6.237658207830883,5.773744831829596
6.038838189544613,5.773744831829596
5.6411981529720805,5.243558116399548
5.1110114375420395,4.713371400969507
3.6529979701094177,4.183184685539466
2.3275311815343116,3.6529979701094177
2.5926245392493286,3.3879046123944008
1.2671577506742295,2.725171218106837
1.2671577506742295,2.3275311815343116
1.2671577506742295,1.664797787246755
1.1346110718167068,1.2671577506742295
0.6044243563866729,1.2008844112454682
0.2730576592428946,0.8695177141016899
0.20678431981413326,0.4056043381004031
0.20678431981413326,0.20678431981413326
0.07423764095662477,0.20678431981413326
-0.5222224139021705,0.20678431981413326
-0.8535891110459488,-0.1908557167583922
-1.1849558081897271,-0.7210424321884403
-1.7151425236197753,-0.8535891110459488
-2.1127825601923007,-0.8535891110459488
-2.0465092207635536,-0.8535891110459488
-1.4721402790476645,-0.8535891110459488
-1.913962541906045,-0.8535891110459488
-1.383775826475997,-0.8535891110459488
-1.913962541906045,-0.8535891110459488
-1.2512291476184885,-1.383775826475997
-1.7151425236197753,-1.913962541906045
-1.648869184191014,-1.383775826475997
-1.913962541906045,-0.8535891110459488
-0.9198624504747102,-0.8535891110459488
-1.1849558081897271,-0.8535891110459488
-1.648869184191014,-0.8535891110459488
-2.0465092207635536,-0.8535891110459488
-1.7372336367626815,-0.8535891110459488
-2.179055899621062,-0.8535891110459488
-1.1849558081897271,-0.8535891110459488
-0.8535891110459488,-0.9861357899034573
-0.8535891110459488,-1.7372336367626815
-0.8535891110459488,-0.9861357899034573
-0.8535891110459488,-0.8535891110459488
-0.8535891110459488,-0.8535891110459488
-0.8535891110459488,-0.7873157716172017
-0.8535891110459488,-0.1908557167583922
-0.8535891110459488,0.20678431981413326
-0.45594907447342337,0.20678431981413326
0.07423764095662477,0.20678431981413326
-0.45594907447342337,0.20678431981413326
-0.7873157716172017,0.20678431981413326
-0.05830903790088371,0.20678431981413326
0.20678431981413326,0.4056043381004031
0.20678431981413326,0.8695177141016899
0.33933099867164174,1.2671577506742295
1.0020643929591984,1.2671577506742295
1.1346110718167068,1.3334310901029767
0.8032443746729285,1.929891144961772
0.33933099867164174,2.3275311815343116
0.33933099867164174,2.3275311815343116
1.0020643929591984,2.3275311815343116
1.4438866558175647,2.3275311815343116
2.23916672896263,2.3938045209630587
1.664797787246755,2.5263511998205814
2.46007786039182,3.1228112546793767
2.46007786039182,3.6529979701094177
2.46007786039182,4.448278043254483
2.46007786039182,3.918091327824442
2.46007786039182,4.713371400969507
2.46007786039182,4.845918079827015
2.46007786039182,5.508651474114572
2.46007786039182,5.773744831829596
2.5926245392493286,6.237658207830883
3.299540159822719,6.569024904974661
3.5204512912519093,5.84001817125835
3.5204512912519093,5.773744831829596
3.5204512912519093,5.773744831829596
3.7855446489669333,5.773744831829596
3.3879046123944008,6.569024904974661
4.448278043254483,6.038838189544613
4.647098061540753,6.834118262689678
5.1110114375420395,7.298031638690972
5.6411981529720805,7.761945014692259
4.978464758684531,8.2921317301223
4.514551382683237,8.888591784981102
5.1110114375420395,8.954865124409856
4.713371400969507,9.418778500411143
5.6411981529720805,10.015238555269946
5.1110114375420395,10.147785234127454
4.779644740398261,9.948965215841184
5.420287021542897,9.352505160982389
5.707471492400835,9.948965215841184
6.171384868402129,10.94306530727252
6.70157158383217,10.412878591842478
6.834118262689678,10.457060818128312
6.834118262689678,11.274432004416298
6.834118262689678,11.47325202270256
6.9003916021184395,12.003438738132608
7.541033883263069,12.401078774705141
6.966664941547194,12.467352114133895
7.894491693549767,13.196358847850206
8.071220598693117,12.666172132420158
8.954865124409856,13.461452205565223
8.424678408979808,14.455552296996558
9.087411803267365,13.859092242137756
9.087411803267365,15.449652388427886
9.485051839839898,14.985739012426599
8.954865124409856,14.65437231528282
10.147785234127454,14.12418559985278
9.617598518697413,13.660272223851493
9.219958482124873,14.12418559985278
9.926874102698264,14.521825636425312
10.147785234127454,14.588098975854066
10.677971949557495,15.317105709570377
11.208158664987543,14.786918994140336
11.738345380417584,15.052012351855353
12.268532095847625,14.65437231528282
11.605798701560076,15.515925727856647
11.141885325558782,15.052012351855353
11.738345380417584,15.781019085571664
11.340705343845052,16.244932461572958
12.268532095847625,16.708845837574245
12.53362545356265,16.775119177003
13.107994395278524,16.708845837574245
13.461452205565223,16.510025819287975
13.461452205565223,16.046112443286688
13.593998884422739,16.57629915871673
14.256732278710288,16.112385782715442
14.521825636425312,16.841392516431753
14.65437231528282,17.371579231861794
15.228741256998703,17.901765947291842
15.71474574614291,18.36567932329313
15.71474574614291,19.22723273586695
15.71474574614291,18.763319359865662
15.71474574614291,19.691146111868235
16.377479140430466,20.088786148440768
17.040212534718023,20.088786148440768
17.570399250148064,20.088786148440768
17.437852571290556,20.088786148440768
16.907665855860508,20.088786148440768
17.835492607863088,21.082886239872103
17.30530589243304,20.4864261850133
17.835492607863088,22.07698633130343
17.835492607863088,21.613072955302144
17.835492607863088,21.54679961587339
17.835492607863088,21.149159579300857
17.835492607863088,22.38626191530429
17.17275921357553,21.811892973588414
16.775119177003,21.281706258158366
16.775119177003,24.19773319302361
16.775119177003,23.667546477593568
16.244932461572958,23.13735976216352
15.781019085571664,23.402453119878544
16.311205801001712,22.872266404448496
16.775119177003,22.40835302844721
16.775119177003,22.209533010160946
16.311205801001712,21.944439652445922
15.71474574614291,21.370070710730047
15.71474574614291,22.143259670732192
15.71474574614291,23.13735976216352
15.71474574614291,22.673446386162233
15.71474574614291,22.651355273019313
15.052012351855353,23.33617978044979
14.588098975854066,23.402453119878544
14.521825636425312,23.13735976216352
14.455552296996558,22.673446386162233
14.389278957567804,22.209533010160946
13.925365581566517,21.679346294730898
13.527725544993984,21.149159579300857
13.328905526707715,21.811892973588414
12.666172132420158,22.673446386162233
12.268532095847625,22.209533010160946
11.804618719846339,23.13735976216352
11.274432004416298,22.673446386162233
11.208158664987543,22.209533010160946
10.545425270699987,22.143259670732192
10.147785234127454,21.54679961587339
10.147785234127454,22.143259670732192
9.617598518697413,22.209533010160946
9.087411803267365,22.673446386162233
8.954865124409856,23.13735976216352
8.689771766694832,22.60717304673348
8.2921317301223,22.143259670732192
8.822318445552341,21.613072955302144
8.358405069551054,21.281706258158366
8.557225087837324,21.811892973588414
7.894491693549767,22.209533010160946
7.298031638690972,22.07698633130343
6.9003916021184395,21.54679961587339
6.834118262689678,21.082886239872103
6.834118262689678,20.4864261850133
6.767844923260924,20.088786148440768
6.70157158383217,21.01661290044335
6.038838189544613,20.552699524442062
5.773744831829596,19.95623946958326
6.171384868402129,19.492326093581973
6.70157158383217,18.89586603872317
6.834118262689678,18.36567932329313
6.9003916021184395,17.968039286720597
7.231758299262211,17.968039286720597
6.834118262689678,17.702945929005573
7.761945014692259,17.17275921357553
7.894491693549767,16.775119177003
7.894491693549767,16.311205801001712
7.894491693549767,15.781019085571664
7.828218354121013,15.250832370141623
7.761945014692259,14.521825636425312
7.231758299262211,13.991638920995271
6.9003916021184395,13.527725544993984
7.231758299262211,13.461452205565223
6.834118262689678,13.328905526707715
7.761945014692259,12.864992150706428
8.027038372407276,12.401078774705141
8.601407314123158,12.003438738132608
8.822318445552341,11.406978683273806
8.159585051264791,11.208158664987543
7.960765032978522,10.677971949557495
7.894491693549767,10.280331912984963
7.894491693549767,10.147785234127454
7.894491693549767,10.147785234127454
7.960765032978522,10.015238555269946
8.601407314123158,9.617598518697413
8.027038372407276,9.15368514269612
8.689771766694832,8.954865124409856
8.159585051264791,8.954865124409856
8.866500671838182,9.087411803267365
8.2921317301223,9.617598518697413
9.087411803267365,10.0815118946987
9.087411803267365,10.147785234127454
9.087411803267365,9.88269187641243
9.418778500411143,9.418778500411143
8.954865124409856,9.617598518697413
10.015238555269946,9.219958482124873
10.214058573556208,10.0815118946987
10.74424528898625,10.147785234127454
11.208158664987543,10.81051862841501
11.208158664987543,10.280331912984963
11.208158664987543,11.340705343845052
11.252340891273377,11.274432004416298
12.135985416990117,11.340705343845052
11.47325202270256,11.075611986130028
12.33480543527638,10.479151931271232
12.53362545356265,10.94306530727252
13.107994395278524,10.545425270699987
13.328905526707715,10.677971949557495
14.256732278710288,10.214058573556208
15.449652388427886,10.545425270699987
14.919465672997845,11.804618719846339
14.65437231528282,11.208158664987543
14.521825636425312,12.268532095847625
14.698554541568662,11.738345380417584
15.582199067285401,11.340705343845052
15.052012351855353,11.340705343845052
15.71474574614291,11.274432004416298
15.71474574614291,10.94306530727252
16.046112443286688,10.412878591842478
15.582199067285401,11.075611986130028
16.64257249814549,10.545425270699987
16.841392516431753,11.340705343845052
17.437852571290556,11.340705343845052
17.835492607863088,11.47325202270256
17.371579231861794,12.003438738132608
16.841392516431753,11.517434248988394
16.907665855860508,12.33480543527638
17.614581476433898,12.53362545356265
17.835492607863088,13.06381216899269
17.50412591071931,13.461452205565223
17.040212534718023,13.461452205565223
17.835492607863088,13.461452205565223
17.30530589243304,13.461452205565223
17.835492607863088,13.925365581566517
17.371579231861794,14.455552296996558
16.863483629574674,14.521825636425312
16.775119177003,14.12418559985278
17.30530589243304,13.726545563280247
17.968039286720597,14.12418559985278
18.674954907293987,14.65437231528282
18.89586603872317,15.449652388427886
18.23313264443562,14.985739012426599
17.835492607863088,16.046112443286688
17.835492607863088,15.449652388427886
17.30530589243304,15.052012351855353
16.775119177003,16.64257249814549
16.244932461572958,17.040212534718023
15.648472406714156,17.702945929005573
16.64257249814549,17.702945929005573
16.112385782715442,17.106485874146777
15.979839103857934,17.702945929005573
15.317105709570377,17.17275921357553
14.65437231528282,17.968039286720597
14.521825636425312,17.968039286720597
14.389278957567804,18.16685930500686
13.726545563280247,18.763319359865662
13.461452205565223,19.028412717580686
13.328905526707715,19.028412717580686
12.798718811277674,19.028412717580686
12.401078774705141,19.028412717580686
12.33480543527638,19.492326093581973
12.268532095847625,19.028412717580686
11.804618719846339,20.022512809012014
11.274432004416298,20.088786148440768
10.677971949557495,20.088786148440768
10.147785234127454,20.088786148440768
10.0815118946987,20.088786148440768
8.954865124409856,20.15505948786953
8.424678408979808,21.01661290044335
7.960765032978522,20.552699524442062
8.093311711836037,20.022512809012014
8.557225087837324,19.42605275415322
,19.028412717580686
,19.82369279072575
,19.22723273586695
,18.763319359865662
,18.36567932329313
,17.901765947291842
,17.570399250148064
,17.040212534718023
,16.57629915871673
,16.024021330143768
,16.377479140430466
,15.781019085571664
,15.847292425000418
,16.510025819287975
,16.112385782715442
,15.71474574614291
,15.052012351855353
,14.389278957567804
,13.726545563280247
,13.196358847850206
,12.798718811277674
,12.268532095847625
,11.870892059275093
,11.406978683273806
,11.208158664987543
,10.677971949557495
,10.015238555269946
,9.485051839839898
,8.954865124409856
,8.954865124409856
