Y(hoy),Y(ayer)
8.557225087837324,7.761945014692259
8.159585051264791,7.231758299262211
9.219958482124873,6.834118262689678
9.88269187641243,6.569024904974661
9.88269187641243,6.038838189544613
9.219958482124873,5.6411981529720805
8.954865124409856,5.177284776970794
8.689771766694832,4.713371400969507
8.159585051264791,4.448278043254483
7.629398335834743,3.8518179883956876
6.966664941547194,3.3879046123944008
6.767844923260924,2.990264575821868
6.569024904974661,2.5263511998205814
6.303931547259637,2.3275311815343116
5.773744831829596,2.3275311815343116
5.177284776970794,1.929891144961772
4.647098061540753,1.4659777689604852
4.580824722111998,1.2671577506742295
3.918091327824442,1.2671577506742295
3.6529979701094177,0.8695177141016899
3.1228112546793767,0.2730576592428946
2.5263511998205814,0.20678431981413326
2.46007786039182,0.20678431981413326
2.3275311815343116,-0.1908557167583922
2.0624378238192946,-0.654769092759679
1.5322511083892465,-0.05830903790088371
1.3334310901029767,0.20678431981413326
1.2671577506742295,0.20678431981413326
1.1346110718167068,-0.1908557167583922
0.5381510169579116,-0.5884957533309318
0.20678431981413326,0.07423764095662477
0.20678431981413326,-0.45594907447342337
0.20678431981413326,-0.8535891110459488
0.47187767752916443,-0.3234023956159007
0.9136999403875308,-0.8535891110459488
1.1346110718167068,-0.1908557167583922
0.47187767752916443,-0.654769092759679
0.20678431981413326,-0.8535891110459488
0.20678431981413326,-0.8535891110459488
0.07423764095662477,-0.8535891110459488
-0.5222224139021705,-0.8535891110459488
-0.8535891110459488,-0.8535891110459488
-0.8535891110459488,-0.8535891110459488
-0.8535891110459488,-1.2512291476184885
-0.8535891110459488,-1.7151425236197753
-0.9198624504747102,-1.913962541906045
-1.11868246876098,-1.913962541906045
-1.5163225053335054,-1.913962541906045
-1.648869184191014,-1.913962541906045
-1.2512291476184885,-1.913962541906045
-1.648869184191014,-1.913962541906045
-0.9861357899034573,-1.913962541906045
-1.5825958447622668,-1.913962541906045
-1.450049165904744,-1.7814158630485224
-0.9861357899034573,-1.2512291476184885
-0.8535891110459488,-0.8535891110459488
-0.8535891110459488,-0.8535891110459488
-0.45594907447342337,-0.8535891110459488
0.07423764095662477,-0.8535891110459488
1.5985244478179936,-0.8535891110459488
2.3275311815343116,-0.8535891110459488
1.7973444661042635,-0.8535891110459488
3.454177951823155,-0.3234023956159007
4.1169113461107045,0.20678431981413326
3.6529979701094177,0.7369710352441814
17.040212534718023,1.2671577506742295
16.64257249814549,1.2671577506742295
18.630772681008153,1.664797787246755
18.23313264443562,2.194984502676803
19.82369279072575,2.8577178969643597
24.0651865141661,3.3879046123944008
25.258106623883698,3.7855446489669333
24.72791990845365,4.315731364396974
27.180033467317607,4.713371400969507
26.583573412458804,5.1110114375420395
26.053386697028763,5.773744831829596
28.704320274178976,6.303931547259637
28.174133558748935,7.231758299262211
27.643946843318894,8.557225087837324
29.101960310751508,8.159585051264791
29.49960034732404,9.352505160982389
29.101960310751508,10.015238555269946
30.825067135899154,11.208158664987543
38.91041454620732,10.81051862841501
40.898614729069976,12.53362545356265
40.36842801363994,12.135985416990117
40.898614729069976,13.593998884422739
40.43470135306869,15.184559030712869
39.57314794049488,14.786918994140336
39.10923456449358,17.570399250148064
38.6453211884923,17.040212534718023
37.187307721059675,16.64257249814549
35.86184093248457,18.630772681008153
35.464200895912036,18.23313264443562
34.80146750162448,19.691146111868235
36.19320762962835,20.088786148440768
35.596747574769545,20.618972863870816
36.72339434505839,21.149159579300857
38.91041454620732,21.149159579300857
39.17550790392234,22.07698633130343
39.9707879770674,23.13735976216352
41.95898815993007,24.19773319302361
41.428801444500024,24.72791990845365
40.63352137135496,26.053386697028763
43.15190826964766,25.523199981598715
42.62172155421762,27.90904020103391
41.82644148107256,27.37885348560387
41.428801444500024,26.84866677017383
41.03116140792749,30.02978706275409
40.23588133478243,29.49960034732404
39.9707879770674,29.101960310751508
39.57314794049488,28.43922691646396
39.04296122506483,30.825067135899154
38.51277450963478,32.01798724561675
38.115134473062255,32.81326731876182
37.58494775763221,33.60854739190688
37.054761042202166,34.80146750162448
37.717494436489716,36.92221436334465
37.31985439991719,36.39202764791461
37.58494775763221,35.99438761134208
37.31985439991719,39.308054582779846
36.78966768448714,38.77786786734981
36.657121005629634,38.38022783077727
36.657121005629634,39.9707879770674
37.054761042202166,39.90451463763865
36.524574326772125,39.57314794049488
37.717494436489716,39.17550790392234
37.187307721059675,38.51277450963478
36.524574326772125,37.187307721059675
35.92811427191332,36.39202764791461
35.19910753819701,35.86184093248457
34.93401418048199,34.867740841053234
34.536374143909455,35.596747574769545
34.006187428479414,36.126934290199586
33.54227405247813,36.78966768448714
34.27128078619444,37.4524010787747
33.80736741019315,38.115134473062255
33.60854739190688,38.6453211884923
33.34345403419186,38.247681151919764
33.60854739190688,37.85004111534723
34.27128078619444,39.705694619352386
33.80736741019315,39.04296122506483
34.27128078619444,38.51277450963478
33.40972737362062,40.36842801363994
33.34345403419186,40.898614729069976
33.47600071304937,41.03116140792749
34.13873410733692,40.898614729069976
34.580556370195296,40.43470135306869
35.464200895912036,39.838241298209894
34.93401418048199,39.17550790392234
35.464200895912036,38.51277450963478
35.19910753819701,37.98258779420474
34.80146750162448,37.187307721059675
35.33165421705452,36.657121005629634
34.867740841053234,36.126934290199586
35.0665608593395,35.72929425362706
34.40382746505195,36.2594809690571
33.80736741019315,35.6630209141983
34.27128078619444,35.464200895912036
33.34345403419186,35.39792755648328
35.86184093248457,34.867740841053234
35.26538087762577,34.536374143909455
34.80146750162448,35.0665608593395
36.524574326772125,35.92811427191332
35.72929425362706,35.464200895912036
35.596747574769545,36.39202764791461
36.126934290199586,35.86184093248457
36.657121005629634,35.464200895912036
36.92221436334465,35.0665608593395
36.524574326772125,34.536374143909455
37.58494775763221,34.07246076790817
37.78376777591848,33.47600071304937
38.247681151919764,32.81326731876182
38.77786786734981,32.01798724561675
38.115134473062255,31.48780053018671
37.65122109706097,32.945813997619325
37.717494436489716,32.283080603331776
37.717494436489716,31.885440566759243
37.187307721059675,31.62034720904422
36.657121005629634,31.090160493614178
37.231489947345516,30.55997377818413
36.78966768448714,30.162333741611597
38.51277450963478,31.090160493614178
37.98258779420474,30.692520457041645
38.51277450963478,31.929622793045077
37.98258779420474,31.48780053018671
37.717494436489716,31.62034720904422
37.78376777591848,31.222707172471686
37.717494436489716,31.686620548472973
37.717494436489716,31.222707172471686
36.657121005629634,32.15053392447426
36.701303231915475,33.07836067647684
37.58494775763221,32.54817396104679
37.054761042202166,32.945813997619325
38.247681151919764,32.415627282189284
38.77786786734981,34.27128078619444
38.247681151919764,33.80736741019315
37.916314454775986,33.21090735533435
38.51277450963478,33.74109407076439
38.38022783077727,33.34345403419186
37.916314454775986,33.54227405247813
38.77786786734981,34.13873410733692
38.247681151919764,33.74109407076439
39.44060126163736,33.2771806947631
40.10333465592491,32.68072063990431
40.76606805021247,32.15053392447426
41.03116140792749,31.62034720904422
41.16370808678501,31.222707172471686
41.73807702850088,32.945813997619325
42.3566281965026,32.415627282189284
43.5495483062202,34.27128078619444
43.019361590790155,33.74109407076439
45.9353885256554,33.2771806947631
45.40520181022535,32.68072063990431
44.87501509479531,32.283080603331776
44.477375058222776,32.945813997619325
47.52594867194553,33.80736741019315
46.99576195651548,33.34345403419186
46.86321527765797,34.27128078619444
47.52594867194553,35.19910753819701
46.99576195651548,34.66892082276697
46.46557524108544,35.464200895912036
45.670295167940374,35.6630209141983
45.27265513136784,36.78966768448714
44.87501509479531,36.126934290199586
44.411101718794015,37.4524010787747
44.411101718794015,36.92221436334465
44.34482837936527,36.39202764791461
43.68209498507771,35.86184093248457
43.28445494850518,35.464200895912036
42.75426823307514,35.92811427191332
42.09153483878758,36.39202764791461
40.63352137135496,35.90602315877041
40.10333465592491,36.458300987343364
41.296254765642516,36.657121005629634
40.63352137135496,36.92221436334465
41.95898815993007,37.4524010787747
42.62172155421762,36.98848770277341
43.81464166393522,36.657121005629634
35.19910753819701,36.78966768448714
34.93401418048199,37.4524010787747
34.40382746505195,36.92221436334465
33.80736741019315,36.126934290199586
33.21090735533435,35.596747574769545
32.54817396104679,35.596747574769545
31.752893887901728,36.458300987343364
31.48780053018671,35.99438761134208
31.090160493614178,36.92221436334465
30.55997377818413,37.4524010787747
30.096060402182843,36.78966768448714
29.367053668466532,36.657121005629634
29.101960310751508,36.657121005629634
28.704320274178976,37.25358106048843
28.041586879891426,36.78966768448714
27.776493522176402,37.78376777591848
27.24630680674636,38.247681151919764
26.782393430745074,38.84414120677856
27.37885348560387,38.91041454620732
26.914940109602583,39.37432792220861
28.43922691646396,38.91041454620732
27.90904020103391,39.838241298209894
28.306680237606443,40.69979471078371
27.842766861605156,40.23588133478243
27.842766861605156,41.82644148107256
28.174133558748935,41.16370808678501
27.776493522176402,43.019361590790155
28.770593613607737,42.48917487536011
29.49960034732404,45.14010845251033
30.692520457041645,44.609921737080285
30.162333741611597,44.079735021650244
31.355253851329195,43.68209498507771
32.01798724561675,47.923588708518054
31.62034720904422,47.260855314230504
30.55997377818413,46.73066859880046
30.096060402182843,46.200481883370415
29.89724038389658,45.80284184679789
30.162333741611597,48.58632210280561
30.869249362184988,47.260855314230504
31.090160493614178,46.73066859880046
30.626247117612884,46.598121919942955
30.02978706275409,46.200481883370415
30.02978706275409,45.80284184679789
29.49960034732404,45.40520181022535
29.035686971322754,44.87501509479531
29.89724038389658,43.94718834279273
29.234506989609024,43.48327496679144
31.090160493614178,43.94718834279273
30.55997377818413,43.5495483062202
31.951713906187997,43.085634930218916
32.15053392447426,42.48917487536011
31.156433833042932,41.95898815993007
31.752893887901728,41.36252810507127
32.415627282189284,42.22408151764509
32.945813997619325,41.82644148107256
33.60854739190688,42.62172155421762
34.27128078619444,43.28445494850518
34.80146750162448,45.14010845251033
35.33165421705452,44.609921737080285
34.80146750162448,44.34482837936527
34.13873410733692,43.81464166393522
33.60854739190688,42.48917487536011
32.945813997619325,41.95898815993007
32.415627282189284,40.63352137135496
34.536374143909455,40.23588133478243
34.006187428479414,39.44060126163736
33.47600071304937,38.77786786734981
35.33165421705452,38.38022783077727
34.66892082276697,37.187307721059675
34.580556370195296,36.657121005629634
35.33165421705452,35.92811427191332
34.867740841053234,36.524574326772125
34.80146750162448,36.657121005629634
34.27128078619444,36.19320762962835
33.60854739190688,35.596747574769545
32.945813997619325,35.0665608593395
32.415627282189284,34.40382746505195
33.47600071304937,34.13873410733692
33.01208733704808,33.74109407076439
34.536374143909455,33.07836067647684
34.006187428479414,32.54817396104679
35.11074308562534,32.15053392447426
35.19910753819701,31.48780053018671
34.66892082276697,30.825067135899154
35.37583644334036,30.162333741611597
34.80146750162448,29.89724038389658
35.464200895912036,29.234506989609024
35.19910753819701,28.83686695303649
34.80146750162448,28.83686695303649
36.39202764791461,29.101960310751508
35.79556759305581,29.764693705039065
35.33165421705452,29.49960034732404
34.80146750162448,29.101960310751508
36.2594809690571,30.02978706275409
35.72929425362706,31.156433833042932
36.657121005629634,30.55997377818413
36.126934290199586,31.62034720904422
35.86184093248457,32.15053392447426
35.39792755648328,31.752893887901728
34.80146750162448,31.222707172471686
34.13873410733692,30.825067135899154
33.52018293933521,30.42742709932662
34.27128078619444,31.090160493614178
35.464200895912036,30.692520457041645
34.80146750162448,31.951713906187997
36.126934290199586,31.48780053018671
36.59084766620087,32.48190062161804
35.86184093248457,32.98999622390516
35.464200895912036,32.68072063990431
36.39202764791461,32.283080603331776
35.79556759305581,32.283080603331776
35.33165421705452,32.283080603331776
34.66892082276697,32.283080603331776
34.40382746505195,32.74699397933306
34.006187428479414,33.07836067647684
33.47600071304937,32.415627282189284
35.00028751991075,31.355253851329195
34.006187428479414,30.692520457041645
35.596747574769545,30.096060402182843
35.464200895912036,30.096060402182843
35.19910753819701,30.55997377818413
34.735194162195725,31.156433833042932
33.01208733704808,30.692520457041645
32.415627282189284,30.162333741611597
32.01798724561675,29.764693705039065
31.44361830390087,29.234506989609024
32.15053392447426,28.770593613607737
31.62034720904422,28.174133558748935
32.15053392447426,27.776493522176402
31.686620548472973,27.776493522176402
31.222707172471686,27.776493522176402
30.55997377818413,27.90904020103391
30.02978706275409,28.483409142749792
29.565873686752802,28.43922691646396
28.969413631894,27.90904020103391
28.43922691646396,27.37885348560387
27.90904020103391,26.914940109602583
27.37885348560387,28.770593613607737
26.716120091316313,28.174133558748935
26.053386697028763,27.643946843318894
25.390653302741207,29.234506989609024
24.72791990845365,29.764693705039065
24.0651865141661,29.300780329037778
23.269906441021035,28.969413631894
22.739719725590987,29.764693705039065
22.209533010160946,29.300780329037778
23.402453119878544,28.969413631894
22.739719725590987,28.43922691646396
22.07698633130343,27.975313540462672
21.613072955302144,27.776493522176402
20.884066221585833,27.90904020103391
20.618972863870816,28.43922691646396
20.221332827298284,28.83686695303649
19.757419451296997,28.83686695303649
19.205141622724028,28.903140292465245
19.95623946958326,29.83096704446782
19.42605275415322,29.367053668466532
19.42605275415322,31.929622793045077
18.36567932329313,31.355253851329195
17.835492607863088,30.825067135899154
17.30530589243304,30.294880420469113
16.64257249814549,33.74109407076439
16.377479140430466,33.21090735533435
15.979839103857934,32.68072063990431
15.582199067285401,34.80146750162448
15.71474574614291,34.27128078619444
15.052012351855353,35.33165421705452
14.65437231528282,35.99438761134208
14.455552296996558,36.657121005629634
14.057912260424025,37.4524010787747
13.461452205565223,37.054761042202166
12.864992150706428,37.187307721059675
12.401078774705141,36.78966768448714
12.401078774705141,36.39202764791461
,35.86184093248457
,35.39792755648328
,34.80146750162448
,34.40382746505195
,34.40382746505195
,34.27128078619444
,33.47600071304937
,33.21090735533435
,32.68072063990431
,32.15053392447426
,31.48780053018671
,30.825067135899154
,30.339062646754947
,30.825067135899154
,30.42742709932662
,30.02978706275409
,29.49960034732404
,28.969413631894
,28.505500255892713
,27.90904020103391
,27.445126825032624
,26.981213449031337
,26.583573412458804
,26.053386697028763
,25.58947332102747
,24.993013266168674
,24.59537322959614
,24.462826550738633
,23.932639835308585
,23.402453119878544
,22.872266404448496
,22.07698633130343
,21.41425293701588
,20.884066221585833
,20.4864261850133
,20.022512809012014
,19.62487277243948
,19.160959396438194
,18.498226002150638
,17.968039286720597
,18.100585965578105
,18.630772681008153
,19.028412717580686
,18.498226002150638
,18.100585965578105
,17.570399250148064
,17.040212534718023
,16.510025819287975
,16.112385782715442
,15.449652388427886
,14.919465672997845
,14.521825636425312
,14.12418559985278
,13.593998884422739
,13.130085508421452
,12.666172132420158
,12.268532095847625
,11.804618719846339
,11.274432004416298
,10.81051862841501
,10.457060818128312
,11.208158664987543
