Y(hoy),Y(ayer)
7.364304978119726,7.894491693549767
6.834118262689678,7.496851656977235
7.099211620404702,7.231758299262211
6.502751565545907,7.761945014692259
5.906291510687105,6.966664941547194
5.773744831829596,6.834118262689678
3.454177951823155,6.834118262689678
3.5204512912519093,6.70157158383217
3.5867246306806635,6.171384868402129
3.255357933536885,5.773744831829596
2.8577178969643597,5.243558116399548
1.9961644843905333,4.713371400969507
1.399704429531738,4.05063800668195
1.2671577506742295,3.7855446489669333
0.9357910535304512,4.315731364396974
0.33933099867164174,3.7855446489669333
1.1346110718167068,2.8577178969643597
1.1346110718167068,2.3275311815343116
0.5381510169579116,2.2612578421055503
0.20678431981413326,1.664797787246755
-0.5884957533309318,1.2671577506742295
-0.1466734904725655,1.2671577506742295
0.07423764095662477,1.2008844112454682
-0.45594907447342337,0.33933099867164174
0.07423764095662477,0.20678431981413326
-0.45594907447342337,0.20678431981413326
1.5322511083892465,0.20678431981413326
2.3275311815343116,0.20678431981413326
2.769353444392678,0.20678431981413326
4.05063800668195,-0.3234023956159007
5.1110114375420395,-0.8535891110459488
4.713371400969507,-0.8535891110459488
5.906291510687105,-0.8535891110459488
7.496851656977235,-0.8535891110459488
8.071220598693117,-0.8535891110459488
8.822318445552341,-0.8535891110459488
11.47325202270256,-0.8535891110459488
9.88269187641243,-0.8535891110459488
9.352505160982389,-0.8535891110459488
8.2921317301223,-0.8535891110459488
12.53362545356265,-0.8535891110459488
10.545425270699987,-0.8535891110459488
15.052012351855353,-0.8535891110459488
14.389278957567804,-0.8535891110459488
16.775119177003,-0.8535891110459488
16.311205801001712,-0.8535891110459488
15.71474574614291,-0.8535891110459488
17.371579231861794,-0.8535891110459488
17.901765947291842,-0.8535891110459488
17.30530589243304,-0.8535891110459488
16.841392516431753,-0.8535891110459488
16.64257249814549,-0.8535891110459488
16.244932461572958,-0.8535891110459488
15.847292425000418,-0.8535891110459488
16.510025819287975,-0.8535891110459488
17.570399250148064,-0.8535891110459488
17.040212534718023,-0.8535891110459488
19.160959396438194,-0.3234023956159007
18.630772681008153,0.20678431981413326
21.54679961587339,0.7369710352441814
21.01661290044335,1.2671577506742295
23.932639835308585,1.5322511083892465
23.534999798736052,2.0624378238192946
32.415627282189284,2.990264575821868
34.27128078619444,3.3879046123944008
33.873640749621906,4.05063800668195
35.72929425362706,4.845918079827015
37.58494775763221,4.448278043254483
37.4524010787747,5.906291510687105
36.92221436334465,5.3761047952570635
36.524574326772125,7.761945014692259
35.86184093248457,7.231758299262211
35.33165421705452,8.822318445552341
34.93401418048199,8.2921317301223
34.006187428479414,9.683871858126167
33.47600071304937,9.219958482124873
33.21090735533435,10.147785234127454
32.283080603331776,10.545425270699987
32.15053392447426,11.340705343845052
31.62034720904422,12.53362545356265
31.090160493614178,12.003438738132608
30.626247117612884,13.726545563280247
30.02978706275409,14.12418559985278
30.02978706275409,15.449652388427886
31.62034720904422,14.919465672997845
31.156433833042932,14.521825636425312
30.55997377818413,16.841392516431753
30.02978706275409,16.244932461572958
32.15053392447426,15.847292425000418
33.07836067647684,17.30530589243304
34.006187428479414,17.835492607863088
33.60854739190688,17.437852571290556
31.752893887901728,16.907665855860508
31.222707172471686,18.100585965578105
32.15053392447426,17.570399250148064
31.686620548472973,19.42605275415322
31.090160493614178,18.763319359865662
30.55997377818413,22.07698633130343
29.85305815761074,21.54679961587339
29.49960034732404,21.01661290044335
28.969413631894,23.932639835308585
28.704320274178976,23.402453119878544
27.953222427319744,25.78829333931374
28.704320274178976,25.258106623883698
28.306680237606443,27.37885348560387
29.101960310751508,26.981213449031337
28.704320274178976,28.43922691646396
28.174133558748935,28.969413631894
27.643946843318894,30.02978706275409
26.583573412458804,31.355253851329195
27.643946843318894,32.68072063990431
26.981213449031337,32.283080603331776
26.31848005474378,34.27128078619444
25.832475565599573,33.74109407076439
26.716120091316313,36.126934290199586
26.185933375886272,35.596747574769545
27.24630680674636,38.115134473062255
27.776493522176402,37.4524010787747
26.451026733601296,38.6453211884923
25.920840018171248,38.048861133633494
26.583573412458804,38.51277450963478
26.053386697028763,38.115134473062255
25.65574666045623,37.717494436489716
27.180033467317607,37.054761042202166
27.643946843318894,36.39202764791461
27.180033467317607,35.86184093248457
26.583573412458804,35.33165421705452
26.451026733601296,34.93401418048199
25.78829333931374,34.40382746505195
26.31848005474378,34.006187428479414
27.37885348560387,33.47600071304937
26.981213449031337,32.415627282189284
29.764693705039065,32.945813997619325
29.101960310751508,33.34345403419186
28.63804693475022,32.945813997619325
28.174133558748935,32.34935394276053
29.764693705039065,32.283080603331776
29.234506989609024,32.415627282189284
28.704320274178976,33.07836067647684
28.174133558748935,34.66892082276697
27.643946843318894,34.006187428479414
26.84866677017383,35.19910753819701
27.37885348560387,34.536374143909455
28.43922691646396,34.006187428479414
27.90904020103391,32.34935394276053
28.83686695303649,32.15053392447426
28.83686695303649,31.752893887901728
29.367053668466532,30.825067135899154
31.090160493614178,30.162333741611597
30.626247117612884,30.294880420469113
32.15053392447426,30.825067135899154
31.62034720904422,30.55997377818413
31.090160493614178,30.162333741611597
30.42742709932662,29.764693705039065
30.162333741611597,29.367053668466532
29.764693705039065,28.43922691646396
30.825067135899154,27.90904020103391
30.294880420469113,29.367053668466532
31.090160493614178,29.632147026181556
30.55997377818413,28.969413631894
30.096060402182843,28.571773595321467
28.83686695303649,28.24040689817769
31.885440566759243,28.770593613607737
31.28898051190044,29.234506989609024
30.825067135899154,29.764693705039065
30.294880420469113,29.234506989609024
29.89724038389658,28.174133558748935
33.21090735533435,27.643946843318894
32.68072063990431,27.113760127888845
32.15053392447426,27.643946843318894
31.62034720904422,27.180033467317607
30.825067135899154,26.716120091316313
30.02978706275409,25.523199981598715
29.49960034732404,24.860466587311166
29.035686971322754,24.59537322959614
29.83096704446782,27.37885348560387
29.234506989609024,28.483409142749792
30.42742709932662,28.041586879891426
30.42742709932662,28.174133558748935
29.89724038389658,27.643946843318894
28.969413631894,27.113760127888845
30.02978706275409,26.716120091316313
29.49960034732404,27.710220182747648
30.55997377818413,27.24630680674636
29.632147026181556,27.776493522176402
29.101960310751508,27.24630680674636
28.83686695303649,26.84866677017383
31.222707172471686,27.37885348560387
31.48780053018671,28.24040689817769
29.89724038389658,27.776493522176402
30.42742709932662,28.770593613607737
33.21090735533435,28.571773595321467
32.74699397933306,28.041586879891426
31.62034720904422,27.37885348560387
31.090160493614178,26.84866677017383
34.27128078619444,26.451026733601296
33.74109407076439,25.324379963312452
33.74109407076439,24.72791990845365
33.34345403419186,26.583573412458804
33.34345403419186,26.053386697028763
33.60854739190688,27.643946843318894
40.63352137135496,27.113760127888845
41.03116140792749,26.716120091316313
38.77786786734981,26.716120091316313
38.247681151919764,26.782393430745074
36.92221436334465,27.511400164461378
35.464200895912036,28.969413631894
39.04296122506483,28.43922691646396
38.51277450963478,28.041586879891426
38.048861133633494,29.764693705039065
37.717494436489716,29.367053668466532
37.38612773934594,29.367053668466532
36.78966768448714,29.89724038389658
36.657121005629634,30.02978706275409
36.524574326772125,29.632147026181556
39.04296122506483,29.101960310751508
38.51277450963478,29.49960034732404
38.115134473062255,29.963513723325335
41.428801444500024,29.764693705039065
40.898614729069976,29.234506989609024
40.36842801363994,30.02978706275409
39.9707879770674,29.632147026181556
43.28445494850518,30.55997377818413
42.75426823307514,30.957613814756662
42.22408151764509,30.42742709932662
41.82644148107256,30.825067135899154
41.428801444500024,30.42742709932662
40.898614729069976,31.81916722733048
38.57904784906354,31.355253851329195
38.115134473062255,30.957613814756662
32.15053392447426,30.55997377818413
31.62034720904422,31.885440566759243
28.969413631894,31.42152719075795
28.571773595321467,30.825067135899154
27.643946843318894,30.294880420469113
27.113760127888845,29.764693705039065
26.583573412458804,29.300780329037778
25.920840018171248,28.704320274178976
25.125559945026183,28.10786021932018
24.59537322959614,27.776493522176402
23.932639835308585,30.55997377818413
23.468726459307298,30.02978706275409
23.468726459307298,31.885440566759243
23.932639835308585,31.355253851329195
24.59537322959614,31.090160493614178
21.149159579300857,30.55997377818413
22.07698633130343,30.162333741611597
21.679346294730898,32.54817396104679
20.751519542728325,31.62034720904422
20.15505948786953,31.090160493614178
22.342079689018455,30.55997377818413
21.878166313017168,33.21090735533435
21.281706258158366,32.415627282189284
20.751519542728325,31.62034720904422
23.932639835308585,31.222707172471686
23.402453119878544,30.55997377818413
22.872266404448496,30.162333741611597
24.462826550738633,31.885440566759243
24.19773319302361,31.48780053018671
23.667546477593568,32.283080603331776
23.33617978044979,32.945813997619325
23.402453119878544,32.54817396104679
24.0651865141661,32.54817396104679
23.534999798736052,32.01798724561675
24.39655321130987,31.48780053018671
25.125559945026183,34.27128078619444
25.78829333931374,33.80736741019315
26.583573412458804,33.21090735533435
25.258106623883698,32.68072063990431
24.59537322959614,32.283080603331776
24.330279871881118,33.74109407076439
23.932639835308585,32.945813997619325
23.269906441021035,32.48190062161804
26.31848005474378,37.187307721059675
25.78829333931374,36.657121005629634
24.19773319302361,36.126934290199586
23.667546477593568,35.596747574769545
24.993013266168674,35.19910753819701
26.31848005474378,39.57314794049488
25.920840018171248,40.69979471078371
24.19773319302361,40.10333465592491
23.667546477593568,39.57314794049488
24.72791990845365,38.976687885636075
23.269906441021035,40.898614729069976
25.523199981598715,40.50097469249745
24.0651865141661,40.10333465592491
26.053386697028763,39.705694619352386
26.583573412458804,39.04296122506483
25.78829333931374,38.51277450963478
25.258106623883698,37.31985439991719
24.794193247882404,36.78966768448714
24.39655321130987,36.2594809690571
24.507008777024467,35.72929425362706
25.78829333931374,40.898614729069976
25.258106623883698,40.36842801363994
24.72791990845365,39.838241298209894
26.782393430745074,39.308054582779846
26.31848005474378,39.57314794049488
27.90904020103391,38.976687885636075
28.571773595321467,38.91041454620732
27.113760127888845,38.38022783077727
26.31848005474378,37.58494775763221
25.78829333931374,36.98848770277341
26.981213449031337,40.10333465592491
26.31848005474378,39.57314794049488
27.511400164461378,39.04296122506483
27.37885348560387,38.51277450963478
26.84866677017383,38.115134473062255
28.704320274178976,42.48917487536011
28.174133558748935,41.95898815993007
27.643946843318894,41.428801444500024
27.312580146175115,40.898614729069976
26.84866677017383,40.50097469249745
26.716120091316313,45.14010845251033
27.511400164461378,44.54364839765153
27.776493522176402,44.079735021650244
28.174133558748935,43.5495483062202
29.234506989609024,43.15190826964766
28.704320274178976,43.5495483062202
28.704320274178976,43.019361590790155
28.306680237606443,42.62172155421762
28.903140292465245,41.95898815993007
28.43922691646396,41.428801444500024
28.041586879891426,40.898614729069976
27.511400164461378,39.57314794049488
26.981213449031337,39.04296122506483
26.716120091316313,38.77786786734981
27.90904020103391,38.247681151919764
27.511400164461378,35.86184093248457
28.571773595321467,35.33165421705452
27.776493522176402,34.80146750162448
28.43922691646396,34.27128078619444
30.626247117612884,32.74699397933306
29.49960034732404,32.283080603331776
29.101960310751508,33.21090735533435
31.156433833042932,32.68072063990431
28.83686695303649,32.15053392447426
28.571773595321467,31.62034720904422
28.174133558748935,30.294880420469113
27.776493522176402,29.89724038389658
30.825067135899154,29.234506989609024
30.22860708104035,28.83686695303649
29.764693705039065,28.174133558748935
30.825067135899154,27.643946843318894
30.294880420469113,27.113760127888845
28.704320274178976,26.583573412458804
28.174133558748935,26.053386697028763
27.776493522176402,25.58947332102747
28.43922691646396,24.993013266168674
28.704320274178976,24.462826550738633
28.174133558748935,23.932639835308585
27.643946843318894,23.534999798736052
27.180033467317607,22.739719725590987
26.583573412458804,23.932639835308585
26.185933375886272,23.402453119878544
27.643946843318894,22.872266404448496
27.113760127888845,24.462826550738633
27.643946843318894,23.932639835308585
27.113760127888845,23.402453119878544
26.31848005474378,22.12116855758927
25.78829333931374,21.54679961587339
26.64984675188756,23.446635346164378
26.053386697028763,22.872266404448496
25.258106623883698,24.19773319302361
23.269906441021035,23.667546477593568
24.241915419309443,23.13735976216352
23.800093156451076,22.60717304673348
24.462826550738633,22.07698633130343
23.800093156451076,21.54679961587339
23.402453119878544,23.13735976216352
21.149159579300857,22.60717304673348
21.01661290044335,24.462826550738633
20.4864261850133,23.932639835308585
20.022512809012014,23.534999798736052
19.42605275415322,25.258106623883698
18.89586603872317,24.860466587311166
18.36567932329313,25.58947332102747
17.17275921357553,25.258106623883698
16.775119177003,24.72791990845365
19.95623946958326,24.661646569024896
19.42605275415322,25.258106623883698
18.962139378151925,24.794193247882404
18.36567932329313,25.258106623883698
17.968039286720597,26.583573412458804
19.691146111868235,26.053386697028763
19.293506075295703,25.65574666045623
18.89586603872317,28.704320274178976
18.36567932329313,28.174133558748935
17.968039286720597,27.643946843318894
16.775119177003,27.180033467317607
16.377479140430466,27.37885348560387
15.803110198714585,26.84866677017383
16.708845837574245,26.31848005474378
16.112385782715442,25.523199981598715
15.449652388427886,25.125559945026183
14.65437231528282,24.860466587311166
14.12418559985278,25.722019999884985
13.328905526707715,26.583573412458804
12.666172132420158,26.185933375886272
12.135985416990117,27.180033467317607
12.401078774705141,27.511400164461378
10.236149686699129,26.84866677017383
10.94306530727252,26.097568923314597
10.412878591842478,25.65574666045623
,26.716120091316313
,27.113760127888845
,27.511400164461378
,26.84866677017383
,27.90904020103391
,27.37885348560387
,28.83686695303649
,28.43922691646396
,27.37885348560387
,26.981213449031337
,28.24040689817769
,28.571773595321467
,28.041586879891426
,27.975313540462672
,29.54378257360988
,28.969413631894
,28.43922691646396
,30.825067135899154
,30.294880420469113
,29.764693705039065
,29.101960310751508
,28.43922691646396
,27.90904020103391
,27.643946843318894
,27.04748678846009
,27.643946843318894
,28.43922691646396
,30.02978706275409
,29.49960034732404
,29.101960310751508
,31.885440566759243
,31.222707172471686
,30.692520457041645
,30.162333741611597
,27.90904020103391
,27.37885348560387
,26.84866677017383
,26.31848005474378
,25.78829333931374
,29.300780329037778
,28.704320274178976
,28.174133558748935
,27.643946843318894
,30.294880420469113
,29.764693705039065
,30.825067135899154
,30.02978706275409
,29.49960034732404
,28.969413631894
,28.571773595321467
,28.174133558748935
,28.704320274178976
,28.83686695303649
,28.43922691646396
,27.776493522176402
,27.776493522176402
,28.969413631894
,28.43922691646396
,29.764693705039065
,29.367053668466532
,30.162333741611597
,30.604156004469964
,29.234506989609024
,28.704320274178976
,28.174133558748935
,27.643946843318894
,27.180033467317607
,26.716120091316313
,28.174133558748935
,27.643946843318894
,27.113760127888845
,29.764693705039065
,29.367053668466532
,28.83686695303649
,28.43922691646396
,28.041586879891426
,27.24630680674636
,26.716120091316313
,26.31848005474378
,25.722019999884985
,26.31848005474378
,27.37885348560387
,26.84866677017383
,28.704320274178976
,28.174133558748935
,27.511400164461378
,27.113760127888845
,26.716120091316313
,26.716120091316313
,26.053386697028763
,25.258106623883698
,24.860466587311166
,23.932639835308585
,23.402453119878544
,23.13735976216352
,22.07698633130343
,20.884066221585833
,20.4864261850133
,20.022512809012014
,19.42605275415322
,18.763319359865662
,18.100585965578105
,17.702945929005573
,17.106485874146777
,17.63667258957682
,18.630772681008153
,18.100585965578105
,18.100585965578105
,17.437852571290556
,16.775119177003
,16.112385782715442
,15.449652388427886
,14.919465672997845
,14.12418559985278
,13.593998884422739
,13.06381216899269
,12.53362545356265
,11.738345380417584
,11.075611986130028
,10.545425270699987
,9.485051839839898
,9.617598518697413
