Y(hoy),Y(ayer)
9.02113846383861,11.804618719846339
9.087411803267365,11.340705343845052
9.661780744983247,12.268532095847625
9.087411803267365,12.798718811277674
10.94306530727252,13.395178866136469
10.280331912984963,13.328905526707715
9.683871858126167,12.798718811277674
10.147785234127454,12.401078774705141
9.087411803267365,12.401078774705141
8.424678408979808,12.33480543527638
7.894491693549767,11.738345380417584
7.298031638690972,11.340705343845052
6.9003916021184395,12.003438738132608
7.496851656977235,11.539525362131315
7.761945014692259,11.340705343845052
7.231758299262211,12.069712077561363
6.70157158383217,13.107994395278524
6.171384868402129,12.53362545356265
5.707471492400835,12.798718811277674
5.6411981529720805,12.401078774705141
5.177284776970794,13.925365581566517
4.580824722111998,13.328905526707715
3.918091327824442,14.985739012426599
3.454177951823155,14.389278957567804
3.5204512912519093,15.317105709570377
3.5204512912519093,14.786918994140336
2.990264575821868,14.389278957567804
2.46007786039182,13.925365581566517
3.0565379152506154,13.461452205565223
3.5204512912519093,13.925365581566517
3.3879046123944008,14.256732278710288
3.1228112546793767,13.593998884422739
2.5926245392493286,12.931265490135182
2.46007786039182,12.401078774705141
2.3275311815343116,11.870892059275093
2.0624378238192946,11.340705343845052
1.664797787246755,10.94306530727252
1.3334310901029767,10.412878591842478
1.2671577506742295,9.948965215841184
1.2671577506742295,9.418778500411143
1.2671577506742295,8.954865124409856
1.2671577506742295,9.88269187641243
1.2671577506742295,9.485051839839898
1.1346110718167068,9.617598518697413
0.6044243563866729,9.219958482124873
0.20678431981413326,8.822318445552341
0.20678431981413326,8.358405069551054
0.20678431981413326,7.828218354121013
0.20678431981413326,7.496851656977235
0.07423764095662477,7.099211620404702
-0.25712905618715354,6.70157158383217
-0.6768602059025994,6.171384868402129
0.07423764095662477,5.773744831829596
-0.389675735044662,5.707471492400835
-0.45594907447342337,5.3761047952570635
-0.8535891110459488,4.845918079827015
-0.7873157716172017,4.713371400969507
-0.389675735044662,4.448278043254483
-0.8535891110459488,3.8518179883956876
0.07423764095662477,3.5204512912519093
-0.45594907447342337,3.5204512912519093
-0.7873157716172017,3.5204512912519093
-0.1466734904725655,3.5204512912519093
-0.1908557167583922,3.5204512912519093
-0.7210424321884403,3.5204512912519093
-0.8535891110459488,3.454177951823155
-0.7210424321884403,3.255357933536885
-0.1466734904725655,2.8577178969643597
0.07423764095662477,2.3938045209630587
-0.5884957533309318,2.3275311815343116
-0.8535891110459488,2.3938045209630587
-0.8535891110459488,2.3275311815343116
-0.8535891110459488,2.3275311815343116
-0.8535891110459488,2.3275311815343116
-0.8535891110459488,2.3275311815343116
-0.7873157716172017,2.3275311815343116
-0.1466734904725655,2.3275311815343116
-0.7210424321884403,2.3275311815343116
0.07423764095662477,2.3275311815343116
-0.5884957533309318,1.929891144961772
-0.8535891110459488,1.4659777689604852
-0.8535891110459488,1.2671577506742295
-0.7210424321884403,1.664797787246755
-0.1466734904725655,2.194984502676803
0.20678431981413326,1.7973444661042635
0.20678431981413326,1.3334310901029767
0.20678431981413326,1.399704429531738
0.2730576592428946,2.2612578421055503
0.6044243563866729,1.7973444661042635
0.20678431981413326,2.2612578421055503
1.1346110718167068,1.664797787246755
1.2671577506742295,1.7973444661042635
2.990264575821868,2.3275311815343116
3.5204512912519093,2.3275311815343116
3.7855446489669333,2.3275311815343116
3.3879046123944008,2.3275311815343116
4.359913590682808,2.3938045209630587
4.580824722111998,2.3275311815343116
4.580824722111998,2.3275311815343116
4.845918079827015,2.3275311815343116
4.448278043254483,2.3275311815343116
5.3761047952570635,2.5263511998205814
6.480660452402979,2.990264575821868
5.906291510687105,3.454177951823155
7.761945014692259,3.5204512912519093
7.298031638690972,3.5204512912519093
8.027038372407276,3.5204512912519093
8.601407314123158,3.5204512912519093
9.396687387268223,2.8577178969643597
10.722154175843329,2.5926245392493286
10.147785234127454,3.3216312729656394
12.003438738132608,3.5204512912519093
11.539525362131315,3.8518179883956876
13.107994395278524,4.315731364396974
12.53362545356265,4.713371400969507
14.433461183853638,4.845918079827015
13.859092242137756,5.508651474114572
15.758927972428744,5.773744831829596
15.184559030712869,5.773744831829596
17.040212534718023,5.508651474114572
16.510025819287975,4.845918079827015
17.835492607863088,4.713371400969507
17.30530589243304,4.713371400969507
16.775119177003,5.177284776970794
18.674954907293987,5.707471492400835
18.100585965578105,5.773744831829596
17.570399250148064,5.773744831829596
17.040212534718023,6.171384868402129
19.205141622724028,6.767844923260924
18.763319359865662,6.834118262689678
20.751519542728325,6.834118262689678
20.221332827298284,7.231758299262211
19.691146111868235,7.828218354121013
23.402453119878544,8.027038372407276
22.872266404448496,8.822318445552341
22.342079689018455,8.424678408979808
21.811892973588414,8.2921317301223
21.281706258158366,7.960765032978522
25.523199981598715,8.689771766694832
24.92673992673992,8.159585051264791
24.462826550738633,8.954865124409856
23.932639835308585,9.219958482124873
27.37885348560387,9.88269187641243
26.84866677017383,9.485051839839898
26.31848005474378,10.147785234127454
29.234506989609024,10.147785234127454
28.704320274178976,11.340705343845052
28.174133558748935,10.677971949557495
31.090160493614178,10.280331912984963
30.626247117612884,12.003438738132608
30.02978706275409,12.33480543527638
31.39943607761503,12.003438738132608
30.957613814756662,11.539525362131315
32.68072063990431,12.003438738132608
32.216807263903014,11.605798701560076
34.27128078619444,12.401078774705141
33.74109407076439,12.798718811277674
33.21090735533435,13.660272223851493
36.126934290199586,13.196358847850206
35.596747574769545,14.256732278710288
35.0665608593395,14.12418559985278
37.49658330506054,13.593998884422739
36.92221436334465,15.449652388427886
38.822050093635646,14.919465672997845
38.247681151919764,14.521825636425312
40.10333465592491,16.377479140430466
39.639421279923624,15.847292425000418
41.16370808678501,16.510025819287975
40.63352137135496,16.112385782715442
41.73807702850088,15.71474574614291
41.95898815993007,15.250832370141623
41.428801444500024,14.742736767854502
41.03116140792749,15.449652388427886
43.019361590790155,15.052012351855353
42.3566281965026,16.377479140430466
41.82644148107256,15.847292425000418
41.56134812335753,16.244932461572958
41.95898815993007,15.71474574614291
41.296254765642516,15.250832370141623
40.76606805021247,14.65437231528282
40.23588133478243,15.184559030712869
39.9707879770674,16.046112443286688
43.15190826964766,15.582199067285401
42.62172155421762,16.64257249814549
42.09153483878758,16.841392516431753
41.627621462786294,17.437852571290556
41.69389480221505,17.17275921357553
41.16370808678501,16.907665855860508
40.69979471078371,17.570399250148064
40.10333465592491,17.17275921357553
39.838241298209894,18.431952662721883
39.308054582779846,17.968039286720597
40.36842801363994,18.763319359865662
39.838241298209894,18.16685930500686
39.308054582779846,18.763319359865662
38.91041454620732,18.23313264443562
41.03116140792749,19.028412717580686
41.56134812335753,19.492326093581973
41.03116140792749,19.82369279072575
42.22408151764509,19.160959396438194
42.75426823307514,18.697046020436908
43.15190826964766,18.03431262614935
42.42290153593136,18.16685930500686
41.82644148107256,18.630772681008153
41.56134812335753,18.36567932329313
41.03116140792749,17.968039286720597
40.76606805021247,19.293506075295703
40.23588133478243,20.552699524442062
39.9707879770674,19.95623946958326
39.57314794049488,21.54679961587339
38.91041454620732,21.01661290044335
38.38022783077727,22.07698633130343
37.58494775763221,21.54679961587339
37.054761042202166,21.01661290044335
36.657121005629634,20.4864261850133
37.717494436489716,20.088786148440768
37.31985439991719,21.01661290044335
37.717494436489716,20.618972863870816
37.58494775763221,20.15505948786953
37.31985439991719,20.088786148440768
36.78966768448714,20.552699524442062
36.524574326772125,20.088786148440768
36.126934290199586,21.01661290044335
35.596747574769545,20.4864261850133
35.0665608593395,19.82369279072575
34.60264748333822,19.09468605700944
34.006187428479414,20.000421695869093
33.40972737362062,19.42605275415322
34.27128078619444,19.028412717580686
33.74109407076439,21.811892973588414
33.21090735533435,21.21543291872961
32.68072063990431,20.751519542728325
32.34935394276053,21.281706258158366
33.47600071304937,20.751519542728325
32.945813997619325,20.221332827298284
32.415627282189284,20.221332827298284
34.27128078619444,20.884066221585833
33.74109407076439,21.149159579300857
33.299271807906024,21.613072955302144
33.21090735533435,22.07698633130343
32.74699397933306,21.613072955302144
32.216807263903014,21.082886239872103
31.48780053018671,20.751519542728325
30.957613814756662,20.287606166727038
30.294880420469113,20.088786148440768
29.89724038389658,20.552699524442062
31.39943607761503,21.01661290044335
30.825067135899154,20.618972863870816
32.15053392447426,20.287606166727038
31.48780053018671,20.751519542728325
31.090160493614178,21.149159579300857
31.156433833042932,21.01661290044335
31.62034720904422,20.552699524442062
32.15053392447426,20.088786148440768
32.283080603331776,19.95623946958326
32.34935394276053,19.492326093581973
33.21090735533435,18.89586603872317
32.68072063990431,18.36567932329313
32.283080603331776,17.835492607863088
34.27128078619444,17.17275921357553
33.74109407076439,16.510025819287975
33.60854739190688,15.847292425000418
33.34345403419186,15.582199067285401
34.050369654765255,15.582199067285401
33.47600071304937,15.184559030712869
35.33165421705452,14.720645654711582
34.80146750162448,14.190458939281534
34.27128078619444,13.682363336994413
34.80146750162448,14.389278957567804
33.60854739190688,13.925365581566517
33.07836067647684,13.196358847850206
32.415627282189284,12.599898792991404
32.01798724561675,13.196358847850206
31.62034720904422,13.395178866136469
31.222707172471686,12.864992150706428
35.26538087762577,12.401078774705141
34.536374143909455,12.401078774705141
33.873640749621906,12.268532095847625
33.47600071304937,11.738345380417584
32.945813997619325,11.208158664987543
32.415627282189284,10.545425270699987
35.33165421705452,11.075611986130028
34.80146750162448,10.545425270699987
34.27128078619444,11.340705343845052
33.74109407076439,11.804618719846339
33.34345403419186,12.135985416990117
33.2771806947631,11.47325202270256
33.21090735533435,11.274432004416298
32.54817396104679,11.870892059275093
31.951713906187997,12.467352114133895
31.355253851329195,13.130085508421452
31.929622793045077,12.666172132420158
33.21090735533435,13.593998884422739
32.68072063990431,14.389278957567804
33.74109407076439,13.925365581566517
34.27128078619444,13.395178866136469
33.74109407076439,12.798718811277674
33.21090735533435,12.401078774705141
32.74699397933306,13.328905526707715
32.34935394276053,12.864992150706428
33.07836067647684,12.268532095847625
33.21090735533435,11.605798701560076
32.74699397933306,11.340705343845052
33.21090735533435,11.804618719846339
32.34935394276053,12.33480543527638
34.536374143909455,12.798718811277674
34.006187428479414,13.395178866136469
35.33165421705452,13.196358847850206
34.66892082276697,12.577807679848483
33.873640749621906,13.395178866136469
33.60854739190688,14.389278957567804
33.21090735533435,13.925365581566517
32.54817396104679,13.593998884422739
32.283080603331776,13.130085508421452
34.006187428479414,12.599898792991404
35.33165421705452,13.06381216899269
34.80146750162448,14.168367826138613
34.66892082276697,13.593998884422739
34.40382746505195,13.859092242137756
34.27128078619444,13.461452205565223
33.74109407076439,14.720645654711582
33.34345403419186,14.256732278710288
34.27128078619444,15.317105709570377
33.74109407076439,15.184559030712869
33.21090735533435,14.720645654711582
32.54817396104679,14.521825636425312
32.283080603331776,14.521825636425312
33.47600071304937,14.521825636425312
32.87954065819057,14.985739012426599
32.415627282189284,14.521825636425312
35.33165421705452,15.449652388427886
34.80146750162448,16.907665855860508
34.27128078619444,16.244932461572958
33.93991408905066,15.847292425000418
34.536374143909455,17.570399250148064
33.47600071304937,17.040212534718023
34.006187428479414,16.377479140430466
35.86184093248457,15.979839103857934
35.33165421705452,16.57629915871673
34.80146750162448,17.106485874146777
34.40382746505195,17.570399250148064
37.4524010787747,17.040212534718023
36.78966768448714,16.57629915871673
36.325754308485855,16.024021330143768
37.4524010787747,17.835492607863088
36.92221436334465,17.30530589243304
36.39202764791461,16.775119177003
35.86184093248457,18.763319359865662
35.19910753819701,18.299405983864375
34.66892082276697,17.835492607863088
34.006187428479414,17.371579231861794
33.40972737362062,16.907665855860508
36.126934290199586,17.901765947291842
35.596747574769545,17.30530589243304
35.13283419876826,18.763319359865662
34.536374143909455,18.299405983864375
34.006187428479414,18.03431262614935
37.717494436489716,18.16685930500686
37.187307721059675,18.674954907293987
36.72339434505839,18.36567932329313
36.78966768448714,17.968039286720597
36.524574326772125,18.962139378151925
37.054761042202166,18.498226002150638
36.524574326772125,19.757419451296997
37.717494436489716,19.160959396438194
37.187307721059675,20.79570176901416
36.72339434505839,20.221332827298284
37.31985439991719,20.4864261850133
39.04296122506483,20.088786148440768
38.51277450963478,21.41425293701588
37.98258779420474,22.143259670732192
41.69389480221505,21.944439652445922
41.03116140792749,21.370070710730047
40.63352137135496,22.143259670732192
40.10333465592491,23.269906441021035
39.57314794049488,22.60717304673348
43.063543817075995,23.203633101592274
42.48917487536011,22.673446386162233
44.34482837936527,23.203633101592274
43.81464166393522,22.739719725590987
43.35072828793393,23.733819817022322
43.81464166393522,24.330279871881118
44.21228170050775,24.330279871881118
43.68209498507771,23.733819817022322
43.41700162736269,24.19773319302361
42.886814911932646,23.800093156451076
42.62172155421762,23.932639835308585
42.22408151764509,23.468726459307298
41.69389480221505,23.468726459307298
41.16370808678501,23.932639835308585
40.69979471078371,23.667546477593568
40.10333465592491,23.13735976216352
39.44060126163736,22.60717304673348
38.976687885636075,21.944439652445922
41.428801444500024,21.679346294730898
40.76606805021247,21.21543291872961
43.28445494850518,21.149159579300857
42.75426823307514,21.082886239872103
42.22408151764509,20.751519542728325
43.15190826964766,20.287606166727038
42.886814911932646,22.143259670732192
42.48917487536011,21.54679961587339
43.019361590790155,21.01661290044335
42.48917487536011,22.60717304673348
42.75426823307514,23.269906441021035
42.09153483878758,23.269906441021035
41.428801444500024,22.872266404448496
42.75426823307514,23.446635346164378
42.22408151764509,22.474626367875963
41.69389480221505,25.258106623883698
41.296254765642516,24.72791990845365
44.87501509479531,24.19773319302361
44.34482837936527,23.402453119878544
43.81464166393522,22.872266404448496
43.28445494850518,22.474626367875963
47.52594867194553,23.13735976216352
46.99576195651548,22.739719725590987
46.46557524108544,22.342079689018455
45.9353885256554,21.679346294730898
45.40520181022535,21.01661290044335
44.94128843422406,20.353879506155792
45.9353885256554,20.088786148440768
45.40520181022535,19.42605275415322
44.34482837936527,18.89586603872317
43.68209498507771,18.36567932329313
43.15190826964766,17.968039286720597
42.48917487536011,17.968039286720597
41.95898815993007,17.968039286720597
41.428801444500024,18.498226002150638
41.03116140792749,17.835492607863088
41.95898815993007,17.30530589243304
41.428801444500024,16.841392516431753
41.95898815993007,16.64257249814549
40.898614729069976,16.244932461572958
40.36842801363994,15.847292425000418
40.037061316496164,15.449652388427886
40.63352137135496,14.919465672997845
40.10333465592491,14.389278957567804
40.898614729069976,13.859092242137756
40.36842801363994,14.985739012426599
39.838241298209894,15.317105709570377
39.17550790392234,14.720645654711582
38.6453211884923,14.256732278710288
38.38022783077727,13.859092242137756
38.02677002049058,13.461452205565223
37.58494775763221,14.256732278710288
38.77786786734981,13.991638920995271
38.247681151919764,13.593998884422739
37.58494775763221,13.130085508421452
37.054761042202166,12.599898792991404
36.78966768448714,13.06381216899269
36.39202764791461,
35.86184093248457,
35.33165421705452,
34.80146750162448,
34.33755412562319,
33.74109407076439,
33.21090735533435,
32.54817396104679,
32.283080603331776,
32.72490286619014,
32.283080603331776,
34.050369654765255,
33.47600071304937,
34.80146750162448,
35.33165421705452,
34.33755412562319,
34.80146750162448,
33.60854739190688,
33.07836067647684,
32.81326731876182,
32.283080603331776,
31.752893887901728,
31.28898051190044,
32.15053392447426,
31.62034720904422,
31.28898051190044,
30.692520457041645,
30.162333741611597,
29.49960034732404,
28.903140292465245,
31.355253851329195,
30.7587937964704,
30.294880420469113,
33.21090735533435,
32.68072063990431,
32.15053392447426,
33.21090735533435,
32.74699397933306,
32.15053392447426,
31.62034720904422,
30.957613814756662,
30.692520457041645,
30.162333741611597,
30.02978706275409,
30.55997377818413,
30.096060402182843,
31.664529435330053,
31.090160493614178,
32.98999622390516,
32.415627282189284,
34.27128078619444,
33.74109407076439,
33.21090735533435,
32.68072063990431,
32.15053392447426,
31.62034720904422,
31.090160493614178,
30.55997377818413,
30.096060402182843,
32.15053392447426,
31.62034720904422,
31.222707172471686,
31.885440566759243,
31.42152719075795,
30.957613814756662,
32.98999622390516,
32.415627282189284,
33.47600071304937,
34.050369654765255,
34.13873410733692,
33.60854739190688,
35.33165421705452,
34.80146750162448,
34.27128078619444,
33.80736741019315,
34.27128078619444,
33.74109407076439,
33.21090735533435,
32.68072063990431,
32.283080603331776,
34.80146750162448,
34.27128078619444,
33.74109407076439,
33.34345403419186,
36.126934290199586,
35.596747574769545,
37.98258779420474,
37.38612773934594,
36.92221436334465,
40.898614729069976,
40.36842801363994,
39.838241298209894,
39.308054582779846,
38.77786786734981,
38.446501170206034,
39.57314794049488,
39.04296122506483,
37.98258779420474,
37.31985439991719,
36.78966768448714,
36.524574326772125,
36.126934290199586,
35.596747574769545,
36.19320762962835,
36.657121005629634,
36.657121005629634,
36.19320762962835,
35.64092980105538,
39.57314794049488,
38.91041454620732,
38.38022783077727,
37.98258779420474,
37.4524010787747,
36.92221436334465,
36.39202764791461,
41.95898815993007,
41.428801444500024,
40.898614729069976,
40.36842801363994,
39.838241298209894,
39.17550790392234,
38.6453211884923,
38.115134473062255,
37.4524010787747,
36.92221436334465,
36.2594809690571,
35.72929425362706,
34.93401418048199,
34.40382746505195,
33.873640749621906,
33.40972737362062,
35.37583644334036,
34.80146750162448,
34.27128078619444,
33.74109407076439,
35.64092980105538,
36.96639658963049,
36.39202764791461,
37.58494775763221,
36.92221436334465,
36.59084766620087,
36.657121005629634,
36.657121005629634,
36.126934290199586,
35.464200895912036,
35.19910753819701,
34.66892082276697,
34.40382746505195,
34.33755412562319,
33.74109407076439,
33.21090735533435,
32.68072063990431,
32.283080603331776,
32.415627282189284,
32.945813997619325,
33.21090735533435,
32.68072063990431,
32.01798724561675,
31.48780053018671,
31.090160493614178,
32.15053392447426,
31.62034720904422,
33.21090735533435,
32.68072063990431,
34.31546301248027,
33.74109407076439,
35.0665608593395,
35.6630209141983,
36.19320762962835,
36.657121005629634,
36.657121005629634,
36.126934290199586,
35.464200895912036,
34.93401418048199,
34.40382746505195,
33.74109407076439,
33.21090735533435,
32.68072063990431,
32.15053392447426,
31.62034720904422,
31.090160493614178,
30.55997377818413,
30.02978706275409,
31.885440566759243,
31.222707172471686,
30.7587937964704,
31.885440566759243,
31.355253851329195,
30.294880420469113,
29.764693705039065,
29.300780329037778,
28.903140292465245,
30.02978706275409,
29.49960034732404,
28.969413631894,
31.090160493614178,
30.55997377818413,
30.02978706275409,
29.49960034732404,
28.83686695303649,
28.306680237606443,
27.776493522176402,
26.981213449031337,
26.716120091316313,
27.113760127888845,
26.716120091316313,
27.643946843318894,
27.776493522176402,
27.776493522176402,
27.643946843318894,
26.981213449031337,
26.716120091316313,
26.31848005474378,
25.920840018171248,
25.258106623883698,
24.72791990845365,
24.19773319302361,
23.667546477593568,
24.72791990845365,
25.258106623883698,
24.462826550738633,
23.667546477593568,
23.00481308330601,
22.474626367875963,
21.811892973588414,
21.149159579300857,
20.884066221585833,
20.4864261850133,
19.95623946958326,
19.42605275415322,
18.630772681008153,
18.23313264443562,
17.30530589243304,
16.841392516431753,
17.30530589243304,
16.907665855860508,
17.702945929005573,
18.36567932329313,
17.835492607863088,
17.349488118718874,
16.112385782715442,
15.847292425000418,
15.449652388427886,
14.985739012426599,
14.521825636425312,
13.859092242137756,
13.196358847850206,
12.53362545356265,
12.202258756418871,
12.268532095847625,
11.605798701560076,
11.340705343845052,
10.81051862841501,
10.147785234127454,
9.617598518697413,
9.087411803267365,
9.087411803267365,
