Y(hoy),Y(ayer)
-2.0465092207635536,-1.450049165904744
-2.5104225967648404,-1.11868246876098
-2.974335972766127,-1.7151425236197753
-2.974335972766127,-1.913962541906045
-2.974335972766127,-1.913962541906045
-2.974335972766127,-1.913962541906045
-2.974335972766127,-1.913962541906045
-2.5104225967648404,-1.913962541906045
-2.974335972766127,-1.913962541906045
-2.5104225967648404,-1.913962541906045
-2.974335972766127,-1.8476892024772837
-2.5766959361935875,-1.2512291476184885
-1.5163225053335054,-0.8535891110459488
-0.9861357899034573,-0.8535891110459488
-1.383775826475997,-0.8535891110459488
-1.648869184191014,-0.389675735044662
-1.913962541906045,-0.05830903790088371
-1.1849558081897271,-0.7210424321884403
-0.8535891110459488,-0.3234023956159007
1.7310711266755163,0.8695177141016899
2.2612578421055503,1.2671577506742295
1.7089800135325959,1.664797787246755
1.2671577506742295,2.3275311815343116
2.0624378238192946,2.8577178969643597
2.3275311815343116,3.3879046123944008
4.647098061540753,4.05063800668195
5.1110114375420395,4.845918079827015
5.906291510687105,5.3761047952570635
5.508651474114572,6.038838189544613
7.894491693549767,6.569024904974661
8.424678408979808,7.099211620404702
9.087411803267365,7.629398335834743
10.412878591842478,8.557225087837324
9.88269187641243,9.617598518697413
11.47325202270256,9.087411803267365
15.449652388427886,10.94306530727252
15.052012351855353,10.412878591842478
16.775119177003,10.015238555269946
16.244932461572958,11.738345380417584
17.437852571290556,12.798718811277674
18.674954907293987,14.12418559985278
18.100585965578105,15.184559030712869
18.89586603872317,16.311205801001712
18.100585965578105,15.847292425000418
22.07698633130343,16.775119177003
18.630772681008153,17.437852571290556
23.932639835308585,17.901765947291842
26.31848005474378,18.100585965578105
28.969413631894,18.763319359865662
28.43922691646396,20.4864261850133
27.90904020103391,19.95623946958326
27.511400164461378,22.342079689018455
32.54817396104679,21.811892973588414
30.55997377818413,24.19773319302361
30.02978706275409,23.667546477593568
29.632147026181556,23.269906441021035
33.74109407076439,27.37885348560387
33.34345403419186,26.84866677017383
35.0665608593395,26.31848005474378
34.66892082276697,25.920840018171248
45.670295167940374,29.764693705039065
46.200481883370415,29.234506989609024
46.200481883370415,28.704320274178976
45.670295167940374,28.174133558748935
44.609921737080285,30.825067135899154
44.21228170050775,30.42742709932662
43.15190826964766,31.885440566759243
42.886814911932646,31.48780053018671
42.48917487536011,32.54817396104679
41.69389480221505,33.47600071304937
39.9707879770674,33.07836067647684
40.898614729069976,35.33165421705452
40.50097469249745,34.80146750162448
41.95898815993007,34.27128078619444
41.428801444500024,33.873640749621906
40.898614729069976,37.4524010787747
40.36842801363994,36.92221436334465
39.838241298209894,36.524574326772125
38.976687885636075,39.838241298209894
38.91041454620732,39.308054582779846
38.84414120677856,38.91041454620732
37.4524010787747,42.48917487536011
36.78966768448714,41.95898815993007
36.19320762962835,41.56134812335753
35.596747574769545,44.87501509479531
35.72929425362706,44.34482837936527
36.39202764791461,43.94718834279273
36.39202764791461,45.9353885256554
35.72929425362706,46.53184858051419
35.0665608593395,46.99576195651548
34.536374143909455,47.52594867194553
32.945813997619325,46.99576195651548
32.415627282189284,46.46557524108544
32.15053392447426,46.06793520451291
31.62034720904422,45.670295167940374
30.825067135899154,45.14010845251033
30.294880420469113,44.609921737080285
29.764693705039065,44.079735021650244
29.101960310751508,43.68209498507771
28.571773595321467,42.75426823307514
27.90904020103391,42.22408151764509
28.43922691646396,41.69389480221505
27.975313540462672,41.03116140792749
27.37885348560387,40.50097469249745
26.84866677017383,39.9707879770674
26.451026733601296,39.57314794049488
25.390653302741207,38.115134473062255
24.72791990845365,37.85004111534723
24.264006532452363,38.247681151919764
23.711728703879402,39.57314794049488
23.269906441021035,39.17550790392234
24.19773319302361,39.90451463763865
24.860466587311166,39.506874601066116
25.258106623883698,39.04296122506483
24.59537322959614,38.51277450963478
24.330279871881118,38.115134473062255
24.993013266168674,37.58494775763221
24.59537322959614,36.92221436334465
25.523199981598715,36.524574326772125
24.993013266168674,36.126934290199586
24.330279871881118,35.6630209141983
23.667546477593568,35.19910753819701
25.390653302741207,34.80146750162448
24.860466587311166,34.4701008044807
23.932639835308585,35.19910753819701
23.534999798736052,34.66892082276697
25.65574666045623,35.0665608593395
25.722019999884985,34.66892082276697
26.451026733601296,33.60854739190688
25.920840018171248,32.945813997619325
25.78829333931374,32.54817396104679
25.258106623883698,31.62034720904422
24.72791990845365,31.090160493614178
25.523199981598715,30.294880420469113
25.125559945026183,29.764693705039065
25.854566678742493,29.234506989609024
26.384753394172535,28.83686695303649
26.981213449031337,28.43922691646396
27.37885348560387,27.975313540462672
26.914940109602583,28.704320274178976
26.31848005474378,28.704320274178976
25.78829333931374,28.041586879891426
26.451026733601296,27.37885348560387
27.113760127888845,26.84866677017383
27.643946843318894,26.451026733601296
27.113760127888845,25.65574666045623
26.451026733601296,25.390653302741207
25.78829333931374,24.72791990845365
26.31848005474378,24.59537322959614
26.84866677017383,25.258106623883698
28.969413631894,24.72791990845365
28.174133558748935,24.72791990845365
27.643946843318894,25.523199981598715
27.113760127888845,25.65574666045623
26.451026733601296,25.78829333931374
25.920840018171248,26.583573412458804
25.65574666045623,26.185933375886272
26.583573412458804,25.78829333931374
26.053386697028763,25.258106623883698
26.981213449031337,24.794193247882404
27.643946843318894,24.72791990845365
27.180033467317607,25.258106623883698
27.643946843318894,25.722019999884985
26.716120091316313,27.180033467317607
27.180033467317607,26.583573412458804
27.643946843318894,26.053386697028763
27.113760127888845,27.511400164461378
26.782393430745074,26.84866677017383
27.445126825032624,26.716120091316313
29.632147026181556,26.716120091316313
29.101960310751508,26.716120091316313
29.49960034732404,26.716120091316313
28.969413631894,27.643946843318894
30.096060402182843,27.113760127888845
30.493700438755376,28.704320274178976
30.692520457041645,28.174133558748935
29.89724038389658,27.37885348560387
32.415627282189284,26.84866677017383
32.01798724561675,28.571773595321467
33.47600071304937,27.90904020103391
33.07836067647684,28.770593613607737
34.27128078619444,28.174133558748935
33.21090735533435,27.643946843318894
32.54817396104679,27.113760127888845
32.283080603331776,28.306680237606443
33.2771806947631,28.83686695303649
33.40972737362062,28.24040689817769
41.296254765642516,27.776493522176402
42.22408151764509,28.770593613607737
43.5495483062202,28.306680237606443
43.15190826964766,28.83686695303649
45.14010845251033,28.571773595321467
44.477375058222776,27.997404653605592
44.079735021650244,28.770593613607737
45.14010845251033,28.306680237606443
44.609921737080285,28.969413631894
43.94718834279273,28.306680237606443
43.68209498507771,30.604156004469964
43.15190826964766,30.02978706275409
42.886814911932646,29.49960034732404
42.48917487536011,30.55997377818413
42.09153483878758,30.162333741611597
43.28445494850518,30.825067135899154
44.34482837936527,31.090160493614178
43.81464166393522,30.294880420469113
44.34482837936527,30.825067135899154
43.68209498507771,31.48780053018671
43.41700162736269,32.01798724561675
43.019361590790155,33.21090735533435
42.48917487536011,32.68072063990431
41.95898815993007,34.27128078619444
41.428801444500024,33.873640749621906
40.96488806849874,33.47600071304937
40.567248031926205,33.07836067647684
39.9707879770674,32.54817396104679
39.705694619352386,32.15053392447426
39.17550790392234,31.686620548472973
38.6453211884923,31.28898051190044
38.38022783077727,32.48190062161804
39.44060126163736,31.885440566759243
38.91041454620732,33.74109407076439
40.23588133478243,32.945813997619325
40.898614729069976,38.247681151919764
40.23588133478243,37.717494436489716
39.57314794049488,37.187307721059675
38.77786786734981,36.657121005629634
38.247681151919764,36.2594809690571
37.717494436489716,41.69389480221505
37.31985439991719,41.296254765642516
36.2594809690571,40.76606805021247
35.33165421705452,43.019361590790155
34.93401418048199,42.48917487536011
34.27128078619444,42.3566281965026
33.74109407076439,42.79845045936097
33.2771806947631,42.75426823307514
32.68072063990431,42.22408151764509
32.01798724561675,41.56134812335753
31.48780053018671,40.898614729069976
31.090160493614178,40.36842801363994
31.156433833042932,40.96488806849874
31.62034720904422,39.9707879770674
32.283080603331776,42.02526149935882
31.090160493614178,41.428801444500024
30.55997377818413,41.82644148107256
29.89724038389658,41.16370808678501
29.632147026181556,40.50097469249745
29.101960310751508,39.9707879770674
28.43922691646396,39.838241298209894
27.90904020103391,39.308054582779846
27.113760127888845,38.84414120677856
26.583573412458804,38.247681151919764
26.053386697028763,37.85004111534723
25.65574666045623,37.85004111534723
26.64984675188756,38.247681151919764
26.185933375886272,38.77786786734981
28.704320274178976,39.57314794049488
28.174133558748935,39.10923456449358
27.643946843318894,38.51277450963478
27.113760127888845,37.98258779420474
28.704320274178976,37.4524010787747
28.041586879891426,36.78966768448714
27.776493522176402,36.2594809690571
27.37885348560387,35.596747574769545
26.914940109602583,35.19910753819701
26.31848005474378,34.80146750162448
25.854566678742493,34.27128078619444
25.78829333931374,33.47600071304937
26.84866677017383,33.07836067647684
26.31848005474378,32.68072063990431
27.643946843318894,32.283080603331776
27.643946843318894,31.752893887901728
26.981213449031337,31.28898051190044
26.583573412458804,30.825067135899154
26.119660036457518,30.162333741611597
25.722019999884985,29.49960034732404
26.362662281029614,29.035686971322754
26.64984675188756,28.43922691646396
27.113760127888845,28.041586879891426
27.643946843318894,27.643946843318894
26.981213449031337,27.113760127888845
26.716120091316313,26.31848005474378
26.31848005474378,25.78829333931374
25.78829333931374,26.185933375886272
25.832475565599573,26.64984675188756
26.583573412458804,26.31848005474378
26.053386697028763,25.78829333931374
25.324379963312452,25.125559945026183
24.772102134739484,24.661646569024896
24.330279871881118,25.523199981598715
23.269906441021035,25.390653302741207
26.627755638744638,24.993013266168674
26.053386697028763,24.59537322959614
25.523199981598715,25.258106623883698
27.423035711889703,25.58947332102747
27.643946843318894,25.05928660559743
26.981213449031337,24.462826550738633
26.384753394172535,23.800093156451076
25.832475565599573,23.402453119878544
26.627755638744638,23.402453119878544
28.041586879891426,23.534999798736052
27.37885348560387,23.932639835308585
29.8088759313249,24.794193247882404
29.234506989609024,24.330279871881118
28.704320274178976,25.258106623883698
31.222707172471686,24.529099890167387
30.55997377818413,23.932639835308585
31.885440566759243,23.468726459307298
33.34345403419186,23.800093156451076
32.68072063990431,25.037195492454508
32.283080603331776,24.462826550738633
35.0665608593395,24.462826550738633
34.60264748333822,24.0651865141661
34.006187428479414,23.667546477593568
35.596747574769545,24.330279871881118
35.26538087762577,24.59537322959614
34.80146750162448,24.59537322959614
34.27128078619444,24.72791990845365
33.60854739190688,25.258106623883698
32.945813997619325,27.180033467317607
32.54817396104679,26.583573412458804
32.15053392447426,26.053386697028763
31.62034720904422,25.65574666045623
32.15053392447426,28.704320274178976
31.48780053018671,28.174133558748935
31.222707172471686,27.643946843318894
30.825067135899154,30.361153759897867
30.162333741611597,29.764693705039065
29.632147026181556,29.234506989609024
28.969413631894,31.355253851329195
28.571773595321467,30.825067135899154
28.174133558748935,32.415627282189284
27.710220182747648,31.885440566759243
27.643946843318894,33.2771806947631
27.113760127888845,32.81326731876182
26.451026733601296,32.945813997619325
26.185933375886272,32.54817396104679
25.78829333931374,31.62034720904422
25.258106623883698,30.825067135899154
24.794193247882404,30.361153759897867
24.0651865141661,29.83096704446782
23.800093156451076,29.101960310751508
23.402453119878544,28.43922691646396
23.468726459307298,28.041586879891426
24.19773319302361,27.643946843318894
23.667546477593568,26.981213449031337
24.19773319302361,26.31848005474378
23.667546477593568,25.65574666045623
23.33617978044979,24.993013266168674
23.402453119878544,24.59537322959614
22.872266404448496,24.19773319302361
22.40835302844721,23.733819817022322
21.811892973588414,23.00481308330601
21.347979597587127,22.342079689018455
21.41425293701588,21.679346294730898
22.07698633130343,21.149159579300857
21.480526276444635,22.143259670732192
22.07698633130343,21.679346294730898
21.01661290044335,22.60717304673348
20.4864261850133,23.13735976216352
20.022512809012014,22.673446386162233
19.492326093581973,22.209533010160946
19.691146111868235,22.209533010160946
19.293506075295703,21.811892973588414
19.95623946958326,21.281706258158366
19.42605275415322,20.751519542728325
19.028412717580686,20.221332827298284
18.630772681008153,19.558599433010727
18.100585965578105,19.09468605700944
17.702945929005573,20.022512809012014
18.89586603872317,19.95623946958326
18.36567932329313,19.42605275415322
19.95623946958326,19.028412717580686
19.42605275415322,18.962139378151925
19.028412717580686,18.498226002150638
18.89586603872317,18.100585965578105
18.23313264443562,17.437852571290556
17.968039286720597,16.841392516431753
17.570399250148064,17.30530589243304
16.907665855860508,16.907665855860508
16.64257249814549,18.36567932329313
16.244932461572958,17.835492607863088
15.71474574614291,19.160959396438194
15.184559030712869,19.691146111868235
14.65437231528282,19.160959396438194
15.71474574614291,18.498226002150638
15.317105709570377,17.835492607863088
15.582199067285401,17.30530589243304
15.317105709570377,16.841392516431753
14.786918994140336,16.377479140430466
14.521825636425312,15.979839103857934
13.991638920995271,15.184559030712869
12.069712077561363,14.65437231528282
11.47325202270256,14.12418559985278
12.047620964418442,13.660272223851493
14.389278957567804,14.455552296996558
13.726545563280247,14.389278957567804
13.328905526707715,13.726545563280247
12.666172132420158,12.931265490135182
12.135985416990117,12.467352114133895
11.47325202270256,13.06381216899269
11.075611986130028,12.401078774705141
11.47325202270256,12.53362545356265
12.003438738132608,13.06381216899269
11.406978683273806,13.726545563280247
12.003438738132608,14.190458939281534
10.94306530727252,13.593998884422739
10.412878591842478,13.130085508421452
9.750145197554922,12.599898792991404
9.485051839839898,12.135985416990117
8.954865124409856,11.738345380417584
8.358405069551054,11.274432004416298
7.761945014692259,10.81051862841501
7.099211620404702,10.280331912984963
6.502751565545907,10.147785234127454
6.038838189544613,9.750145197554922
5.773744831829596,9.219958482124873
3.7855446489669333,8.822318445552341
3.255357933536885,8.2921317301223
2.8577178969643597,7.828218354121013
1.929891144961772,7.364304978119726
1.399704429531738,6.966664941547194
2.194984502676803,6.436478226117146
1.664797787246755,5.972564850115859
2.194984502676803,5.773744831829596
1.5322511083892465,5.6411981529720805
0.8695177141016899,4.713371400969507
0.47187767752916443,3.7855446489669333
0.5381510169579116,3.255357933536885
1.1346110718167068,2.725171218106837
,2.3275311815343116
,2.2612578421055503
,1.664797787246755
,1.2008844112454682
,0.8695177141016899
,0.33933099867164174
,0.20678431981413326
,0.20678431981413326
,0.20678431981413326
