Y(hoy),Y(ayer)
10.0815118946987,8.954865124409856
9.617598518697413,9.485051839839898
10.214058573556208,10.015238555269946
10.147785234127454,9.750145197554922
10.147785234127454,9.15368514269612
9.551325179268652,8.954865124409856
9.087411803267365,8.689771766694832
9.087411803267365,8.027038372407276
8.954865124409856,7.894491693549767
8.689771766694832,7.894491693549767
8.159585051264791,7.496851656977235
7.563124996405989,7.032938280975948
7.099211620404702,6.834118262689678
6.767844923260924,6.834118262689678
6.70157158383217,6.436478226117146
6.105111528973374,5.84001817125835
5.707471492400835,5.508651474114572
5.177284776970794,5.1110114375420395
4.647098061540753,4.713371400969507
4.139002459253625,4.05063800668195
3.5867246306806635,3.6529979701094177
3.5204512912519093,2.8577178969643597
3.5204512912519093,2.3938045209630587
3.5204512912519093,2.3275311815343116
3.5204512912519093,2.3275311815343116
3.3879046123944008,2.3275311815343116
2.990264575821868,2.3275311815343116
2.5263511998205814,2.0624378238192946
2.46007786039182,1.399704429531738
2.46007786039182,1.2671577506742295
2.46007786039182,1.2671577506742295
2.46007786039182,1.2671577506742295
2.3275311815343116,1.2671577506742295
1.929891144961772,1.2671577506742295
1.5985244478179936,1.2671577506742295
1.2671577506742295,1.2671577506742295
1.2671577506742295,1.2671577506742295
1.1346110718167068,1.2671577506742295
0.5381510169579116,1.2671577506742295
0.47187767752916443,0.7369710352441814
1.0020643929591984,0.20678431981413326
1.1346110718167068,0.20678431981413326
0.6927888089583405,0.20678431981413326
0.9136999403875308,0.20678431981413326
0.47187767752916443,0.20678431981413326
1.1346110718167068,0.20678431981413326
0.6044243563866729,0.20678431981413326
0.20678431981413326,0.20678431981413326
0.20678431981413326,0.20678431981413326
0.20678431981413326,0.20678431981413326
0.20678431981413326,0.20678431981413326
0.47187767752916443,0.20678431981413326
1.1346110718167068,0.20678431981413326
1.2671577506742295,0.20678431981413326
1.3334310901029767,0.20678431981413326
1.664797787246755,0.20678431981413326
1.2671577506742295,0.20678431981413326
2.194984502676803,0.20678431981413326
1.8636178055330248,0.20678431981413326
1.399704429531738,0.20678431981413326
1.9740733712476128,0.20678431981413326
2.46007786039182,0.20678431981413326
2.1287111632480418,0.20678431981413326
1.5322511083892465,1.0020643929591984
1.3334310901029767,0.47187767752916443
1.399704429531738,1.2671577506742295
1.9961644843905333,1.2671577506742295
2.46007786039182,1.2671577506742295
2.46007786039182,1.399704429531738
2.990264575821868,1.929891144961772
2.46007786039182,2.3275311815343116
3.5204512912519093,2.3275311815343116
3.5204512912519093,2.3938045209630587
3.5204512912519093,3.3216312729656394
3.5204512912519093,2.8577178969643597
3.5204512912519093,3.5204512912519093
3.5204512912519093,3.5204512912519093
3.189084594108131,3.7855446489669333
2.725171218106837,4.315731364396974
3.5204512912519093,4.05063800668195
2.990264575821868,3.5867246306806635
3.5204512912519093,3.5867246306806635
3.5204512912519093,4.183184685539466
4.05063800668195,3.918091327824442
3.5204512912519093,4.448278043254483
4.580824722111998,3.918091327824442
4.580824722111998,4.713371400969507
4.580824722111998,5.1110114375420395
4.580824722111998,5.707471492400835
4.625006948397832,5.906291510687105
5.420287021542897,6.436478226117146
4.845918079827015,6.834118262689678
5.6411981529720805,6.834118262689678
5.177284776970794,6.767844923260924
4.713371400969507,6.171384868402129
5.177284776970794,5.773744831829596
5.6411981529720805,5.773744831829596
6.038838189544613,6.171384868402129
6.70157158383217,6.767844923260924
6.370204886688391,6.834118262689678
5.950473736972938,7.298031638690972
6.70157158383217,6.834118262689678
6.303931547259637,7.828218354121013
6.9003916021184395,7.894491693549767
7.231758299262211,7.364304978119726
6.834118262689678,6.966664941547194
7.761945014692259,8.689771766694832
7.298031638690972,8.027038372407276
6.9003916021184395,7.496851656977235
7.541033883263069,9.219958482124873
7.894491693549767,9.88269187641243
8.071220598693117,9.485051839839898
8.954865124409856,9.02113846383861
8.424678408979808,9.02113846383861
9.087411803267365,10.280331912984963
9.087411803267365,9.617598518697413
9.485051839839898,9.219958482124873
8.954865124409856,10.94306530727252
10.147785234127454,10.479151931271232
10.147785234127454,11.075611986130028
10.479151931271232,10.545425270699987
10.015238555269946,11.340705343845052
11.075611986130028,11.870892059275093
11.274432004416298,12.467352114133895
11.738345380417584,13.130085508421452
12.268532095847625,12.666172132420158
11.738345380417584,13.593998884422739
11.274432004416298,14.389278957567804
12.135985416990117,13.991638920995271
11.47325202270256,13.859092242137756
12.798718811277674,13.461452205565223
13.328905526707715,14.455552296996558
12.798718811277674,14.521825636425312
12.467352114133895,14.389278957567804
13.107994395278524,13.925365581566517
13.328905526707715,13.461452205565223
12.798718811277674,13.859092242137756
12.401078774705141,14.455552296996558
13.395178866136469,14.521825636425312
12.798718811277674,14.985739012426599
13.925365581566517,15.515925727856647
14.455552296996558,15.781019085571664
14.521825636425312,16.244932461572958
14.588098975854066,16.708845837574245
15.228741256998703,16.775119177003
14.65437231528282,17.437852571290556
15.71474574614291,16.907665855860508
15.383379048999132,17.570399250148064
14.786918994140336,17.106485874146777
14.588098975854066,17.63667258957682
14.521825636425312,17.17275921357553
14.521825636425312,18.100585965578105
14.389278957567804,18.630772681008153
13.859092242137756,19.028412717580686
13.461452205565223,19.028412717580686
14.389278957567804,18.962139378151925
13.991638920995271,18.431952662721883
14.521825636425312,17.968039286720597
14.521825636425312,18.431952662721883
14.521825636425312,18.89586603872317
14.521825636425312,19.42605275415322
14.521825636425312,20.287606166727038
14.698554541568662,19.82369279072575
15.449652388427886,20.884066221585833
15.052012351855353,20.4864261850133
15.184559030712869,20.088786148440768
14.588098975854066,20.088786148440768
15.582199067285401,20.088786148440768
15.052012351855353,20.088786148440768
14.588098975854066,20.088786148440768
15.228741256998703,20.287606166727038
15.449652388427886,20.884066221585833
14.985739012426599,20.751519542728325
14.588098975854066,20.221332827298284
14.389278957567804,20.088786148440768
13.726545563280247,20.287606166727038
13.638181110708572,20.884066221585833
14.389278957567804,20.751519542728325
13.925365581566517,20.221332827298284
13.859092242137756,20.088786148440768
13.461452205565223,20.088786148440768
13.395178866136469,20.088786148440768
13.328905526707715,20.088786148440768
12.864992150706428,20.088786148440768
12.467352114133895,20.088786148440768
13.107994395278524,20.022512809012014
13.328905526707715,19.42605275415322
12.798718811277674,19.028412717580686
12.33480543527638,18.962139378151925
11.738345380417584,18.630772681008153
11.340705343845052,18.100585965578105
12.268532095847625,17.968039286720597
11.738345380417584,17.702945929005573
12.33480543527638,17.106485874146777
12.135985416990117,17.702945929005573
11.870892059275093,17.17275921357553
11.340705343845052,17.702945929005573
10.74424528898625,16.907665855860508
10.147785234127454,16.775119177003
10.147785234127454,16.377479140430466
10.147785234127454,15.847292425000418
10.147785234127454,15.449652388427886
9.617598518697413,14.919465672997845
9.087411803267365,14.521825636425312
8.424678408979808,14.455552296996558
7.761945014692259,14.12418559985278
7.231758299262211,13.593998884422739
6.834118262689678,13.461452205565223
7.761945014692259,13.06381216899269
7.231758299262211,12.467352114133895
7.894491693549767,12.401078774705141
7.761945014692259,11.870892059275093
7.231758299262211,11.340705343845052
6.9003916021184395,11.075611986130028
7.231758299262211,10.412878591842478
6.834118262689678,10.147785234127454
7.761945014692259,10.147785234127454
7.894491693549767,10.015238555269946
7.894491693549767,9.485051839839898
7.894491693549767,9.087411803267365
7.894491693549767,8.623498427266078
7.828218354121013,8.115402824978958
7.761945014692259,8.888591784981102
7.231758299262211,8.424678408979808
6.834118262689678,8.954865124409856
7.761945014692259,9.087411803267365
7.298031638690972,9.750145197554922
7.231758299262211,9.617598518697413
6.834118262689678,9.15368514269612
7.828218354121013,8.954865124409856
7.364304978119726,8.954865124409856
7.894491693549767,8.954865124409856
7.894491693549767,8.954865124409856
7.894491693549767,8.954865124409856
8.071220598693117,8.954865124409856
8.822318445552341,8.954865124409856
8.358405069551054,8.954865124409856
8.557225087837324,8.954865124409856
8.027038372407276,9.087411803267365
8.093311711836037,9.88269187641243
8.623498427266078,9.485051839839898
9.087411803267365,9.219958482124873
9.15368514269612,8.954865124409856
9.683871858126167,9.418778500411143
10.0815118946987,10.015238555269946
10.0815118946987,10.214058573556208
10.015238555269946,10.479151931271232
10.412878591842478,10.94306530727252
11.208158664987543,10.412878591842478
11.340705343845052,10.412878591842478
12.53362545356265,11.009338646701273
13.06381216899269,10.412878591842478
13.196358847850206,10.94306530727252
13.792818902709001,11.340705343845052
14.455552296996558,11.870892059275093
13.991638920995271,12.931265490135182
14.85319233356909,13.461452205565223
15.582199067285401,13.461452205565223
15.052012351855353,13.461452205565223
15.648472406714156,13.461452205565223
15.317105709570377,13.859092242137756
14.963647899283679,14.389278957567804
14.521825636425312,14.521825636425312
16.55420804557381,14.521825636425312
16.112385782715442,14.65437231528282
16.907665855860508,15.052012351855353
16.907665855860508,15.582199067285401
15.582199067285401,15.847292425000418
17.17275921357553,16.244932461572958
17.702945929005573,16.510025819287975
16.708845837574245,15.979839103857934
16.64257249814549,16.64257249814549
16.775119177003,17.570399250148064
17.30530589243304,17.17275921357553
18.630772681008153,17.437852571290556
18.100585965578105,17.570399250148064
17.769219268434327,17.106485874146777
17.835492607863088,17.702945929005573
18.89586603872317,17.17275921357553
18.498226002150638,18.100585965578105
18.89586603872317,18.89586603872317
18.36567932329313,19.22723273586695
17.835492607863088,19.73532833815407
16.377479140430466,19.42605275415322
16.112385782715442,18.89586603872317
15.71474574614291,18.36567932329313
16.289114687858792,17.702945929005573
16.510025819287975,17.084394761003857
15.979839103857934,17.570399250148064
15.648472406714156,17.040212534718023
15.71474574614291,17.570399250148064
15.71474574614291,17.106485874146777
15.184559030712869,17.30530589243304
14.698554541568662,17.901765947291842
15.449652388427886,17.968039286720597
14.85319233356909,17.901765947291842
15.449652388427886,17.570399250148064
14.389278957567804,17.17275921357553
13.859092242137756,16.775119177003
13.196358847850206,16.244932461572958
12.931265490135182,15.781019085571664
12.53362545356265,15.317105709570377
12.33480543527638,14.919465672997845
11.826709832989259,14.389278957567804
11.340705343845052,13.859092242137756
10.015238555269946,13.395178866136469
9.617598518697413,12.798718811277674
9.15368514269612,12.268532095847625
9.617598518697413,11.738345380417584
9.219958482124873,11.340705343845052
,11.075611986130028
,10.280331912984963
,10.214058573556208
