Y(hoy),Y(ayer)
-1.913962541906045,-0.8535891110459488
-1.383775826475997,-0.8535891110459488
-1.11868246876098,-1.5163225053335054
-0.8535891110459488,-1.913962541906045
-2.5766959361935875,-1.913962541906045
-2.974335972766127,-1.913962541906045
-2.5766959361935875,-2.0465092207635536
-2.974335972766127,-2.7976070676227778
-2.5766959361935875,-2.179055899621062
-2.974335972766127,-1.913962541906045
-2.444149257336079,-1.913962541906045
-2.5104225967648404,-2.179055899621062
-2.908062633337366,-2.5766959361935875
-2.0465092207635536,-2.974335972766127
-2.70924261505111,-2.974335972766127
-2.974335972766127,-2.444149257336079
-2.908062633337366,-2.70924261505111
-2.5766959361935875,-2.179055899621062
-1.9802358813347922,-1.913962541906045
-2.5104225967648404,-1.913962541906045
-2.70924261505111,-1.913962541906045
-2.3116025784785705,-1.913962541906045
-2.444149257336079,-1.913962541906045
-2.70924261505111,-1.7151425236197753
-2.0465092207635536,-1.2070469213326476
-2.5766959361935875,-1.5163225053335054
-1.9802358813347922,-1.913962541906045
-2.8417892939086187,-1.8476892024772837
-2.974335972766127,-1.2512291476184885
-2.974335972766127,-0.8535891110459488
-2.974335972766127,-0.3234023956159007
-2.974335972766127,0.20678431981413326
-2.5104225967648404,0.47187767752916443
-2.974335972766127,1.1346110718167068
-2.5104225967648404,1.2671577506742295
-2.974335972766127,1.399704429531738
-2.5104225967648404,1.929891144961772
-2.0465092207635536,2.3275311815343116
-2.179055899621062,3.1228112546793767
-1.5825958447622668,2.5926245392493286
-0.9861357899034573,3.6529979701094177
0.47187767752916443,4.315731364396974
1.5322511083892465,4.845918079827015
2.0624378238192946,5.3761047952570635
2.46007786039182,6.038838189544613
2.5926245392493286,6.569024904974661
2.3938045209630587,7.231758299262211
3.0565379152506154,7.629398335834743
2.5926245392493286,8.557225087837324
4.315731364396974,9.617598518697413
5.508651474114572,9.087411803267365
4.845918079827015,11.738345380417584
6.038838189544613,11.208158664987543
6.966664941547194,10.81051862841501
6.569024904974661,12.666172132420158
7.894491693549767,13.196358847850206
7.364304978119726,14.389278957567804
8.557225087837324,13.859092242137756
9.88269187641243,15.449652388427886
9.352505160982389,16.244932461572958
11.208158664987543,16.708845837574245
13.593998884422739,16.775119177003
13.196358847850206,18.36567932329313
14.65437231528282,17.835492607863088
14.256732278710288,20.353879506155792
16.377479140430466,19.691146111868235
17.614581476433898,22.872266404448496
17.040212534718023,22.342079689018455
17.835492607863088,21.811892973588414
17.30530589243304,24.72791990845365
17.702945929005573,24.330279871881118
19.95623946958326,26.053386697028763
19.558599433010727,25.65574666045623
22.07698633130343,28.174133558748935
30.55997377818413,27.643946843318894
30.02978706275409,27.24630680674636
31.885440566759243,31.090160493614178
31.355253851329195,30.55997377818413
33.21090735533435,30.02978706275409
32.68072063990431,29.632147026181556
33.873640749621906,32.415627282189284
39.838241298209894,31.885440566759243
40.96488806849874,33.47600071304937
41.20789031307084,33.07836067647684
41.95898815993007,33.873640749621906
41.428801444500024,35.0665608593395
41.03116140792749,34.66892082276697
40.63352137135496,37.717494436489716
40.037061316496164,37.187307721059675
40.898614729069976,36.78966768448714
40.36842801363994,39.838241298209894
39.9707879770674,39.308054582779846
39.57314794049488,41.95898815993007
38.247681151919764,41.428801444500024
38.91041454620732,41.03116140792749
39.57314794049488,42.820541572503885
38.84414120677856,42.3566281965026
39.838241298209894,43.28445494850518
39.308054582779846,43.81464166393522
38.247681151919764,44.34482837936527
37.717494436489716,44.079735021650244
37.25358106048843,43.5495483062202
36.657121005629634,42.886814911932646
37.187307721059675,42.62172155421762
35.33165421705452,42.22408151764509
34.80146750162448,41.69389480221505
34.80146750162448,40.76606805021247
34.40382746505195,40.10333465592491
34.006187428479414,39.57314794049488
33.60854739190688,37.98258779420474
34.580556370195296,37.58494775763221
35.33165421705452,36.98848770277341
34.80146750162448,36.458300987343364
35.33165421705452,35.99438761134208
34.40382746505195,35.596747574769545
31.62034720904422,36.126934290199586
31.090160493614178,35.72929425362706
30.55997377818413,37.187307721059675
30.02978706275409,36.657121005629634
29.565873686752802,38.247681151919764
28.43922691646396,38.77786786734981
27.842766861605156,38.247681151919764
27.37885348560387,37.187307721059675
26.84866677017383,36.657121005629634
26.31848005474378,36.126934290199586
25.78829333931374,35.72929425362706
26.384753394172535,34.006187428479414
25.920840018171248,33.54227405247813
26.981213449031337,34.27128078619444
25.78829333931374,33.60854739190688
25.324379963312452,32.81326731876182
24.72791990845365,32.283080603331776
24.330279871881118,33.74109407076439
24.72791990845365,33.21090735533435
24.330279871881118,32.68072063990431
25.58947332102747,34.27128078619444
24.993013266168674,33.21090735533435
23.932639835308585,31.885440566759243
23.269906441021035,31.355253851329195
22.739719725590987,30.957613814756662
22.2758063495897,30.55997377818413
23.13735976216352,30.02978706275409
24.19773319302361,29.49960034732404
23.800093156451076,28.969413631894
23.33617978044979,28.770593613607737
23.402453119878544,28.174133558748935
22.739719725590987,27.710220182747648
22.342079689018455,27.04748678846009
22.38626191530429,27.511400164461378
23.181541988449354,27.113760127888845
24.59537322959614,26.716120091316313
23.402453119878544,26.053386697028763
22.872266404448496,25.58947332102747
22.40835302844721,24.72791990845365
23.402453119878544,24.59537322959614
22.872266404448496,24.19773319302361
22.474626367875963,23.733819817022322
24.462826550738633,24.993013266168674
24.462826550738633,24.462826550738633
24.462826550738633,25.523199981598715
25.58947332102747,24.72791990845365
24.993013266168674,24.19773319302361
23.932639835308585,23.534999798736052
23.468726459307298,24.0651865141661
23.932639835308585,24.529099890167387
24.39655321130987,23.800093156451076
24.330279871881118,23.534999798736052
24.462826550738633,24.19773319302361
24.462826550738633,23.534999798736052
24.72791990845365,23.534999798736052
25.390653302741207,24.19773319302361
25.45692664216996,23.932639835308585
26.119660036457518,23.468726459307298
26.64984675188756,23.733819817022322
25.920840018171248,23.269906441021035
25.258106623883698,24.72791990845365
24.72791990845365,24.19773319302361
25.65574666045623,25.523199981598715
24.993013266168674,25.05928660559743
26.185933375886272,24.59537322959614
26.716120091316313,24.59537322959614
25.390653302741207,25.05928660559743
24.860466587311166,25.390653302741207
24.462826550738633,24.794193247882404
25.523199981598715,25.258106623883698
24.993013266168674,24.860466587311166
24.59537322959614,25.58947332102747
25.987113357600002,25.258106623883698
25.78829333931374,24.72791990845365
25.390653302741207,23.99891317473734
26.981213449031337,23.534999798736052
26.31848005474378,24.462826550738633
27.643946843318894,23.932639835308585
28.041586879891426,25.523199981598715
29.234506989609024,24.794193247882404
29.89724038389658,25.390653302741207
30.02978706275409,26.053386697028763
30.692520457041645,26.451026733601296
31.355253851329195,26.053386697028763
32.945813997619325,25.65574666045623
32.415627282189284,26.31848005474378
31.885440566759243,26.716120091316313
33.21090735533435,26.185933375886272
32.54817396104679,25.854566678742493
32.283080603331776,26.31848005474378
32.45980950847512,26.716120091316313
33.47600071304937,26.053386697028763
32.945813997619325,25.523199981598715
34.13873410733692,25.125559945026183
36.39202764791461,24.19773319302361
35.86184093248457,23.601273138164807
35.33165421705452,25.523199981598715
34.80146750162448,24.993013266168674
40.36842801363994,26.31848005474378
39.838241298209894,25.920840018171248
39.308054582779846,26.84866677017383
38.77786786734981,27.37885348560387
41.95898815993007,28.041586879891426
41.428801444500024,28.83686695303649
40.898614729069976,28.571773595321467
43.063543817075995,27.975313540462672
42.48917487536011,27.975313540462672
43.81464166393522,29.035686971322754
44.34482837936527,28.43922691646396
44.21228170050775,30.096060402182843
43.68209498507771,29.49960034732404
43.28445494850518,30.692520457041645
41.95898815993007,30.55997377818413
41.428801444500024,30.162333741611597
41.03116140792749,30.02978706275409
43.5495483062202,30.096060402182843
42.9530882513614,30.55997377818413
42.48917487536011,33.21090735533435
41.95898815993007,32.61444730047555
41.428801444500024,32.15053392447426
45.40520181022535,31.62034720904422
44.87501509479531,31.090160493614178
44.411101718794015,36.126934290199586
44.609921737080285,35.596747574769545
44.079735021650244,35.0665608593395
43.5495483062202,34.536374143909455
43.019361590790155,34.006187428479414
42.48917487536011,39.308054582779846
41.95898815993007,38.77786786734981
41.49507478392878,38.247681151919764
40.76606805021247,37.717494436489716
40.10333465592491,37.187307721059675
39.44060126163736,36.78966768448714
38.77786786734981,41.49507478392878
38.247681151919764,40.898614729069976
39.35223680906569,40.36842801363994
38.77786786734981,39.9707879770674
38.247681151919764,41.95898815993007
37.85004111534723,41.428801444500024
40.23588133478243,42.48917487536011
40.898614729069976,42.02526149935882
40.23588133478243,43.019361590790155
39.57314794049488,41.95898815993007
39.17550790392234,41.428801444500024
38.77786786734981,40.76606805021247
38.247681151919764,40.50097469249745
37.717494436489716,40.10333465592491
37.187307721059675,39.57314794049488
36.524574326772125,39.10923456449358
36.2594809690571,38.51277450963478
35.86184093248457,37.916314454775986
34.536374143909455,39.308054582779846
30.825067135899154,40.96488806849874
30.42742709932662,40.36842801363994
31.090160493614178,39.838241298209894
30.55997377818413,41.03116140792749
30.162333741611597,40.63352137135496
29.234506989609024,40.16960799535367
28.83686695303649,39.705694619352386
28.43922691646396,39.308054582779846
27.90904020103391,38.77786786734981
27.24630680674636,38.31395449134852
26.185933375886272,37.58494775763221
25.65574666045623,36.92221436334465
25.523199981598715,36.458300987343364
24.993013266168674,35.90602315877041
24.19773319302361,37.76167666277556
23.667546477593568,37.187307721059675
24.59537322959614,36.657121005629634
24.241915419309443,39.57314794049488
23.667546477593568,39.04296122506483
24.462826550738633,38.51277450963478
24.131459853594855,37.98258779420474
23.800093156451076,37.4524010787747
24.860466587311166,36.92221436334465
26.053386697028763,36.39202764791461
25.523199981598715,35.99438761134208
26.583573412458804,35.596747574769545
26.053386697028763,34.536374143909455
25.65574666045623,33.47600071304937
24.993013266168674,32.945813997619325
24.529099890167387,31.355253851329195
24.462826550738633,30.825067135899154
25.125559945026183,30.42742709932662
24.59537322959614,29.632147026181556
26.31848005474378,29.367053668466532
25.78829333931374,28.969413631894
28.704320274178976,29.300780329037778
28.041586879891426,29.764693705039065
27.643946843318894,29.234506989609024
27.113760127888845,28.704320274178976
28.704320274178976,27.90904020103391
28.041586879891426,27.37885348560387
27.776493522176402,26.716120091316313
27.37885348560387,26.31848005474378
26.716120091316313,25.920840018171248
26.053386697028763,24.993013266168674
25.58947332102747,24.462826550738633
25.523199981598715,23.667546477593568
25.05928660559743,23.00481308330601
25.523199981598715,22.474626367875963
24.993013266168674,23.402453119878544
26.627755638744638,22.872266404448496
26.053386697028763,24.59537322959614
27.37885348560387,25.258106623883698
27.643946843318894,24.72791990845365
27.113760127888845,24.330279871881118
26.451026733601296,23.00481308330601
26.185933375886272,22.540899707304725
25.78829333931374,23.00481308330601
26.053386697028763,22.40835302844721
25.65574666045623,22.40835302844721
26.583573412458804,22.872266404448496
27.24630680674636,24.19773319302361
28.174133558748935,23.667546477593568
27.776493522176402,23.269906441021035
29.234506989609024,24.860466587311166
28.704320274178976,25.258106623883698
29.764693705039065,24.72791990845365
29.764693705039065,24.19773319302361
29.101960310751508,23.733819817022322
28.83686695303649,23.402453119878544
28.43922691646396,23.402453119878544
27.90904020103391,23.534999798736052
27.445126825032624,23.932639835308585
26.84866677017383,25.125559945026183
26.981213449031337,24.462826550738633
27.643946843318894,26.362662281029614
28.174133558748935,25.78829333931374
28.748502500464816,26.053386697028763
28.83686695303649,25.65574666045623
28.571773595321467,25.258106623883698
28.174133558748935,24.661646569024896
27.511400164461378,24.59537322959614
27.24630680674636,24.59537322959614
26.84866677017383,25.05928660559743
26.31848005474378,25.390653302741207
25.78829333931374,24.794193247882404
27.643946843318894,24.330279871881118
27.113760127888845,23.932639835308585
26.583573412458804,23.534999798736052
26.053386697028763,25.258106623883698
27.90904020103391,24.72791990845365
28.571773595321467,24.330279871881118
28.969413631894,26.185933375886272
28.969413631894,25.65574666045623
28.43922691646396,27.24630680674636
27.90904020103391,27.710220182747648
27.37885348560387,27.643946843318894
26.716120091316313,27.113760127888845
26.053386697028763,26.583573412458804
25.58947332102747,26.053386697028763
25.523199981598715,25.58947332102747
25.05928660559743,24.993013266168674
24.72791990845365,24.59537322959614
23.13735976216352,25.58947332102747
22.60717304673348,25.523199981598715
21.811892973588414,24.993013266168674
21.347979597587127,24.59537322959614
22.07698633130343,25.58947332102747
23.269906441021035,26.451026733601296
22.60717304673348,26.053386697028763
23.534999798736052,25.78829333931374
23.269906441021035,25.125559945026183
22.872266404448496,24.330279871881118
22.474626367875963,23.800093156451076
21.41425293701588,25.390653302741207
21.01661290044335,24.72791990845365
20.4864261850133,24.19773319302361
20.088786148440768,26.185933375886272
21.01661290044335,26.782393430745074
20.4864261850133,27.511400164461378
20.4864261850133,26.981213449031337
19.95623946958326,27.37885348560387
19.160959396438194,26.981213449031337
18.498226002150638,26.583573412458804
17.968039286720597,26.053386697028763
15.979839103857934,25.390653302741207
17.702945929005573,25.125559945026183
17.040212534718023,24.72791990845365
16.775119177003,24.19773319302361
16.112385782715442,23.534999798736052
15.781019085571664,23.534999798736052
15.052012351855353,24.0651865141661
15.582199067285401,23.932639835308585
14.389278957567804,23.534999798736052
13.593998884422739,25.258106623883698
12.931265490135182,24.794193247882404
12.467352114133895,24.330279871881118
12.33480543527638,22.872266404448496
12.268532095847625,22.342079689018455
11.738345380417584,21.811892973588414
11.208158664987543,21.281706258158366
10.545425270699987,20.751519542728325
10.214058573556208,20.088786148440768
10.191967460413288,19.82369279072575
11.075611986130028,19.558599433010727
10.545425270699987,19.028412717580686
11.738345380417584,20.81779288215708
12.268532095847625,20.221332827298284
11.738345380417584,21.41425293701588
11.075611986130028,21.944439652445922
10.412878591842478,22.60717304673348
9.617598518697413,23.00481308330601
9.087411803267365,22.2758063495897
9.087411803267365,22.209533010160946
9.087411803267365,21.54679961587339
8.424678408979808,20.751519542728325
7.761945014692259,20.221332827298284
7.231758299262211,19.558599433010727
6.767844923260924,19.293506075295703
6.303931547259637,18.89586603872317
5.906291510687105,18.36567932329313
5.508651474114572,17.968039286720597
4.978464758684531,19.22723273586695
4.05063800668195,18.763319359865662
3.255357933536885,19.691146111868235
2.8577178969643597,19.293506075295703
,18.630772681008153
,18.03431262614935
,17.437852571290556
,16.775119177003
,15.71474574614291
,14.919465672997845
,15.979839103857934
,17.040212534718023
,17.570399250148064
,17.040212534718023
,16.510025819287975
,15.979839103857934
,15.184559030712869
,14.786918994140336
,14.389278957567804
,13.859092242137756
,13.328905526707715
,12.798718811277674
,12.268532095847625
,11.804618719846339
,11.340705343845052
,11.340705343845052
,11.075611986130028
,10.545425270699987
,9.485051839839898
,8.954865124409856
,9.087411803267365
,9.948965215841184
,9.485051839839898
,10.412878591842478
,10.94306530727252
,10.412878591842478
,9.88269187641243
,9.352505160982389
,8.689771766694832
,8.027038372407276
,7.563124996405989
,7.032938280975948
,7.761945014692259
,7.298031638690972
,6.767844923260924
,6.215567094687962
,5.773744831829596
,6.569024904974661
,6.171384868402129
,5.508651474114572
,4.978464758684531
,4.05063800668195
,3.5204512912519093
,2.990264575821868
,2.46007786039182
