Y(hoy),Y(ayer)
4.647098061540753,15.582199067285401
4.580824722111998,15.052012351855353
4.580824722111998,14.65437231528282
4.580824722111998,15.184559030712869
4.1169113461107045,14.65437231528282
3.5867246306806635,14.12418559985278
3.5204512912519093,13.593998884422739
3.3879046123944008,13.461452205565223
3.1228112546793767,13.196358847850206
2.5926245392493286,12.666172132420158
2.46007786039182,12.268532095847625
2.46007786039182,11.738345380417584
2.3275311815343116,11.340705343845052
2.0624378238192946,12.003438738132608
1.5322511083892465,11.539525362131315
1.3334310901029767,11.009338646701273
1.2671577506742295,10.412878591842478
1.1346110718167068,10.015238555269946
0.47187767752916443,9.219958482124873
0.20678431981413326,8.954865124409856
0.20678431981413326,8.557225087837324
0.20678431981413326,8.093311711836037
0.20678431981413326,7.894491693549767
0.14051098038538612,8.358405069551054
0.07423764095662477,8.822318445552341
-0.45594907447342337,8.358405069551054
-0.8535891110459488,7.894491693549767
-0.8535891110459488,7.496851656977235
-0.8535891110459488,7.032938280975948
-0.8535891110459488,7.629398335834743
-0.8535891110459488,7.099211620404702
-0.8535891110459488,7.231758299262211
-0.8535891110459488,6.767844923260924
-0.8535891110459488,6.038838189544613
-0.8535891110459488,5.508651474114572
-0.8535891110459488,4.978464758684531
-0.9861357899034573,4.315731364396974
-1.648869184191014,3.7855446489669333
-2.0465092207635536,3.255357933536885
-2.0465092207635536,2.725171218106837
-1.7814158630485224,2.194984502676803
-2.179055899621062,1.664797787246755
-1.2070469213326476,1.1346110718167068
-0.9198624504747102,0.47187767752916443
-0.8535891110459488,-0.05830903790088371
-0.9861357899034573,-0.45594907447342337
-1.5163225053335054,-1.2512291476184885
-1.8476892024772837,-1.7814158630485224
-1.11868246876098,-2.3116025784785705
-0.9198624504747102,-2.8417892939086187
-0.8535891110459488,-2.0465092207635536
-0.9861357899034573,-2.642969275622349
-1.5163225053335054,-2.974335972766127
-1.9802358813347922,3.7855446489669333
-1.11868246876098,3.1228112546793767
-1.7814158630485224,2.65889787867809
-0.9861357899034573,2.194984502676803
-1.5163225053335054,1.664797787246755
-1.8476892024772837,1.1346110718167068
-1.2070469213326476,0.6044243563866729
-0.9198624504747102,0.07423764095662477
-0.8535891110459488,-0.45594907447342337
-0.8535891110459488,-0.9861357899034573
-0.8535891110459488,-1.383775826475997
-0.8535891110459488,6.767844923260924
-0.7873157716172017,6.171384868402129
-0.1466734904725655,5.6411981529720805
-0.7210424321884403,5.1110114375420395
0.07423764095662477,4.580824722111998
-0.45594907447342337,6.70157158383217
-0.8535891110459488,6.171384868402129
0.07423764095662477,5.773744831829596
-0.45594907447342337,5.3761047952570635
0.33933099867164174,4.91219141925577
0.9136999403875308,5.508651474114572
1.4438866558175647,4.978464758684531
1.9961644843905333,5.773744831829596
1.5322511083892465,5.773744831829596
3.299540159822719,5.3761047952570635
2.8577178969643597,4.779644740398261
3.5204512912519093,4.580824722111998
3.5867246306806635,3.918091327824442
4.1169113461107045,3.6529979701094177
4.580824722111998,4.448278043254483
5.420287021542897,4.448278043254483
4.845918079827015,3.7855446489669333
4.448278043254483,3.5204512912519093
6.70157158383217,3.5867246306806635
6.237658207830883,4.183184685539466
7.298031638690972,4.315731364396974
7.894491693549767,3.7855446489669333
8.601407314123158,3.5204512912519093
9.396687387268223,3.5204512912519093
10.677971949557495,3.3879046123944008
10.147785234127454,2.725171218106837
11.208158664987543,2.3275311815343116
12.798718811277674,2.7914445575355984
12.268532095847625,3.255357933536885
11.738345380417584,2.769353444392678
11.340705343845052,3.1228112546793767
14.65437231528282,2.65889787867809
14.190458939281534,3.255357933536885
13.593998884422739,2.8577178969643597
15.71474574614291,2.5926245392493286
15.184559030712869,2.3275311815343116
16.775119177003,2.3275311815343116
16.244932461572958,2.3275311815343116
17.040212534718023,2.3275311815343116
16.64257249814549,2.3938045209630587
17.702945929005573,2.5263511998205814
18.89586603872317,3.1228112546793767
18.431952662721883,2.990264575821868
19.95623946958326,2.5263511998205814
19.42605275415322,2.5263511998205814
20.552699524442062,3.1228112546793767
21.54679961587339,3.5204512912519093
21.082886239872103,3.5204512912519093
22.651355273019313,3.5204512912519093
22.07698633130343,3.5204512912519093
23.97682206159442,3.7855446489669333
23.402453119878544,4.315731364396974
25.302288850169532,4.05063800668195
24.72791990845365,3.5867246306806635
27.643946843318894,3.5204512912519093
26.981213449031337,3.7855446489669333
26.583573412458804,4.448278043254483
26.053386697028763,4.713371400969507
30.02978706275409,4.713371400969507
29.433327007895286,4.91219141925577
28.969413631894,5.3761047952570635
28.43922691646396,6.237658207830883
31.885440566759243,5.773744831829596
31.355253851329195,6.767844923260924
30.825067135899154,6.569024904974661
33.74109407076439,5.972564850115859
33.21090735533435,5.773744831829596
32.68072063990431,5.773744831829596
35.596747574769545,5.906291510687105
35.13283419876826,6.569024904974661
34.536374143909455,6.038838189544613
36.524574326772125,6.436478226117146
35.99438761134208,6.834118262689678
36.92221436334465,6.9003916021184395
36.39202764791461,7.496851656977235
35.86184093248457,7.099211620404702
35.464200895912036,7.894491693549767
38.77786786734981,7.894491693549767
38.31395449134852,7.894491693549767
37.717494436489716,7.894491693549767
41.428801444500024,7.894491693549767
40.76606805021247,7.894491693549767
40.36842801363994,7.894491693549767
39.838241298209894,8.2921317301223
39.308054582779846,8.888591784981102
43.28445494850518,8.888591784981102
42.75426823307514,8.358405069551054
42.22408151764509,8.027038372407276
43.81464166393522,8.557225087837324
43.28445494850518,9.418778500411143
45.14010845251033,8.954865124409856
44.609921737080285,10.015238555269946
45.14010845251033,10.147785234127454
44.477375058222776,10.147785234127454
43.68209498507771,10.147785234127454
43.15190826964766,9.88269187641243
42.48917487536011,9.352505160982389
42.09153483878758,10.412878591842478
44.34482837936527,9.88269187641243
43.88091500336398,10.94306530727252
43.28445494850518,11.340705343845052
45.40520181022535,11.406978683273806
44.87501509479531,12.003438738132608
45.53774848908286,12.401078774705141
45.47147514965411,12.467352114133895
45.40520181022535,13.06381216899269
44.87501509479531,12.666172132420158
44.34482837936527,13.925365581566517
43.88091500336398,13.461452205565223
43.28445494850518,14.389278957567804
43.5495483062202,14.919465672997845
43.15190826964766,15.317105709570377
44.21228170050775,15.052012351855353
44.87501509479531,14.521825636425312
45.40520181022535,15.449652388427886
44.87501509479531,14.919465672997845
44.21228170050775,16.112385782715442
43.68209498507771,15.449652388427886
43.019361590790155,17.901765947291842
42.48917487536011,17.30530589243304
41.95898815993007,16.775119177003
41.428801444500024,18.962139378151925
41.03116140792749,18.36567932329313
44.079735021650244,19.028412717580686
43.41700162736269,19.028412717580686
42.9530882513614,19.09468605700944
42.48917487536011,19.82369279072575
41.95898815993007,19.293506075295703
41.428801444500024,20.088786148440768
43.5495483062202,21.082886239872103
43.019361590790155,20.4864261850133
42.3566281965026,22.07698633130343
42.09153483878758,21.54679961587339
42.22408151764509,20.884066221585833
42.09153483878758,20.287606166727038
41.82644148107256,20.751519542728325
41.296254765642516,21.281706258158366
40.898614729069976,22.07698633130343
40.36842801363994,21.679346294730898
39.705694619352386,21.54679961587339
39.17550790392234,23.203633101592274
38.51277450963478,22.60717304673348
37.85004111534723,22.07698633130343
37.31985439991719,24.19773319302361
36.524574326772125,23.733819817022322
36.2594809690571,23.402453119878544
35.72929425362706,22.938539743877257
35.464200895912036,22.540899707304725
35.596747574769545,23.13735976216352
34.93401418048199,24.0651865141661
34.66892082276697,23.534999798736052
34.13873410733692,24.19773319302361
33.60854739190688,23.733819817022322
33.34345403419186,24.330279871881118
34.27128078619444,23.800093156451076
33.873640749621906,24.59537322959614
34.27128078619444,24.330279871881118
33.60854739190688,23.755910930165243
32.945813997619325,25.390653302741207
32.283080603331776,24.72791990845365
31.48780053018671,24.19773319302361
30.957613814756662,25.65574666045623
30.294880420469113,25.920840018171248
29.89724038389658,27.180033467317607
31.39943607761503,26.583573412458804
30.825067135899154,27.511400164461378
32.15053392447426,26.914940109602583
31.48780053018671,27.511400164461378
31.222707172471686,28.770593613607737
30.692520457041645,28.174133558748935
30.162333741611597,28.83686695303649
29.49960034732404,28.83686695303649
29.035686971322754,29.300780329037778
30.55997377818413,29.764693705039065
30.096060402182843,29.234506989609024
32.15053392447426,28.704320274178976
31.62034720904422,28.174133558748935
31.090160493614178,27.511400164461378
32.15053392447426,26.84866677017383
31.48780053018671,28.571773595321467
31.023887154185417,27.90904020103391
31.62034720904422,27.37885348560387
31.222707172471686,28.770593613607737
32.15053392447426,28.24040689817769
31.62034720904422,28.43922691646396
30.957613814756662,28.041586879891426
30.294880420469113,28.174133558748935
31.090160493614178,27.643946843318894
33.21090735533435,27.113760127888845
32.68072063990431,26.451026733601296
32.15053392447426,26.185933375886272
31.62034720904422,25.78829333931374
30.692520457041645,25.390653302741207
30.162333741611597,24.993013266168674
32.15053392447426,24.59537322959614
31.62034720904422,24.330279871881118
30.957613814756662,23.733819817022322
30.42742709932662,23.00481308330601
30.02978706275409,22.342079689018455
31.62034720904422,21.679346294730898
31.090160493614178,21.149159579300857
30.692520457041645,21.149159579300857
34.006187428479414,21.149159579300857
33.34345403419186,21.21543291872961
32.81326731876182,21.811892973588414
32.415627282189284,22.209533010160946
34.27128078619444,22.07698633130343
33.74109407076439,21.613072955302144
33.21090735533435,21.281706258158366
32.68072063990431,21.811892973588414
32.01798724561675,21.281706258158366
31.48780053018671,20.751519542728325
31.222707172471686,20.221332827298284
32.15053392447426,19.558599433010727
31.62034720904422,19.160959396438194
32.74699397933306,19.691146111868235
33.21090735533435,20.088786148440768
33.21090735533435,20.088786148440768
32.68072063990431,20.088786148440768
32.283080603331776,20.088786148440768
33.21090735533435,20.552699524442062
34.31546301248027,20.884066221585833
33.74109407076439,20.221332827298284
32.81326731876182,19.757419451296997
35.0665608593395,19.22723273586695
35.33165421705452,19.82369279072575
34.80146750162448,19.42605275415322
34.27128078619444,18.962139378151925
33.60854739190688,18.36567932329313
33.07836067647684,17.901765947291842
32.415627282189284,17.30530589243304
33.07836067647684,16.907665855860508
33.74109407076439,18.23313264443562
34.27128078619444,18.962139378151925
33.93991408905066,19.028412717580686
33.52018293933521,20.552699524442062
34.80146750162448,19.95623946958326
34.27128078619444,19.42605275415322
35.33165421705452,19.028412717580686
34.80146750162448,22.143259670732192
34.13873410733692,21.54679961587339
33.60854739190688,21.01661290044335
32.945813997619325,22.209533010160946
32.415627282189284,21.679346294730898
31.951713906187997,21.281706258158366
31.355253851329195,22.143259670732192
30.825067135899154,21.679346294730898
30.294880420469113,22.143259670732192
29.89724038389658,21.613072955302144
31.222707172471686,21.149159579300857
30.55997377818413,22.673446386162233
31.885440566759243,22.07698633130343
32.01798724561675,21.679346294730898
31.48780053018671,23.00481308330601
31.090160493614178,22.40835302844721
33.21090735533435,21.811892973588414
32.74699397933306,21.347979597587127
32.15053392447426,20.751519542728325
31.62034720904422,20.221332827298284
33.21090735533435,21.347979597587127
32.68072063990431,22.40835302844721
32.15053392447426,21.811892973588414
31.686620548472973,22.916448630734337
31.28898051190044,22.60717304673348
31.885440566759243,22.07698633130343
33.47600071304937,21.54679961587339
32.87954065819057,21.149159579300857
32.415627282189284,22.143259670732192
35.33165421705452,21.679346294730898
34.735194162195725,22.209533010160946
34.27128078619444,22.209533010160946
35.596747574769545,22.07698633130343
37.717494436489716,21.590981842159223
37.12103438163092,23.00481308330601
36.657121005629634,22.342079689018455
36.126934290199586,24.330279871881118
39.04296122506483,23.667546477593568
38.51277450963478,24.59537322959614
39.57314794049488,25.78829333931374
39.57314794049488,25.258106623883698
39.04296122506483,24.72791990845365
38.51277450963478,27.511400164461378
37.98258779420474,26.84866677017383
39.838241298209894,26.31848005474378
39.308054582779846,28.041586879891426
38.77786786734981,29.367053668466532
38.38022783077727,28.704320274178976
39.9707879770674,30.02978706275409
39.838241298209894,30.891340475327908
39.17550790392234,30.42742709932662
38.91041454620732,31.42152719075795
38.77786786734981,31.885440566759243
38.247681151919764,31.62034720904422
37.916314454775986,31.222707172471686
38.51277450963478,30.825067135899154
40.63352137135496,30.361153759897867
40.10333465592491,29.89724038389658
39.57314794049488,29.49960034732404
39.04296122506483,29.035686971322754
43.81464166393522,28.83686695303649
43.15190826964766,28.571773595321467
42.687994893646376,27.90904020103391
42.22408151764509,27.24630680674636
41.69389480221505,26.716120091316313
41.16370808678501,27.643946843318894
45.14010845251033,27.180033467317607
44.609921737080285,26.64984675188756
46.46557524108544,26.053386697028763
45.9353885256554,25.65574666045623
45.40520181022535,25.78829333931374
44.74246841593779,26.31848005474378
44.21228170050775,26.053386697028763
43.94718834279273,25.390653302741207
43.5495483062202,24.860466587311166
42.886814911932646,24.59537322959614
42.3566281965026,26.64984675188756
42.09153483878758,26.053386697028763
45.40520181022535,25.523199981598715
44.87501509479531,27.113760127888845
44.34482837936527,27.511400164461378
46.46557524108544,26.914940109602583
45.9353885256554,27.37885348560387
43.88091500336398,26.981213449031337
45.40520181022535,27.776493522176402
44.87501509479531,28.24040689817769
44.34482837936527,28.571773595321467
43.28445494850518,27.90904020103391
42.62172155421762,27.37885348560387
42.157808178216335,26.782393430745074
43.28445494850518,26.716120091316313
42.75426823307514,26.185933375886272
42.22408151764509,25.65574666045623
44.34482837936527,25.523199981598715
43.81464166393522,25.05928660559743
43.15190826964766,24.462826550738633
42.886814911932646,23.800093156451076
42.48917487536011,23.468726459307298
41.95898815993007,24.529099890167387
41.296254765642516,23.932639835308585
41.20789031307084,25.390653302741207
41.95898815993007,24.860466587311166
41.49507478392878,24.0651865141661
41.95898815993007,23.402453119878544
41.428801444500024,22.872266404448496
41.03116140792749,22.342079689018455
43.5495483062202,21.811892973588414
43.085634930218916,21.281706258158366
42.48917487536011,23.269906441021035
45.18429067879617,22.60717304673348
44.609921737080285,22.07698633130343
44.079735021650244,23.402453119878544
46.46557524108544,23.402453119878544
45.9353885256554,23.00481308330601
45.40520181022535,22.40835302844721
44.87501509479531,21.811892973588414
44.34482837936527,21.281706258158366
43.68209498507771,20.751519542728325
43.15190826964766,20.221332827298284
42.55544821478887,19.558599433010727
42.157808178216335,19.09468605700944
42.157808178216335,20.022512809012014
41.69389480221505,19.95623946958326
41.16370808678501,19.293506075295703
40.63352137135496,18.630772681008153
39.9707879770674,18.16685930500686
39.44060126163736,17.702945929005573
38.91041454620732,17.106485874146777
38.38022783077727,16.377479140430466
37.916314454775986,15.71474574614291
40.898614729069976,15.052012351855353
40.36842801363994,14.521825636425312
39.90451463763865,15.184559030712869
39.308054582779846,15.582199067285401
38.91041454620732,15.449652388427886
40.36842801363994,14.985739012426599
39.838241298209894,14.65437231528282
39.308054582779846,15.317105709570377
38.84414120677856,15.052012351855353
38.247681151919764,13.859092242137756
37.717494436489716,13.461452205565223
37.187307721059675,13.395178866136469
36.657121005629634,12.864992150706428
36.126934290199586,12.268532095847625
35.596747574769545,11.67207204098883
36.657121005629634,11.075611986130028
35.99438761134208,10.545425270699987
35.72929425362706,10.147785234127454
35.33165421705452,10.015238555269946
34.66892082276697,9.617598518697413
34.40382746505195,
34.006187428479414,
33.34345403419186,
33.07836067647684,
32.68072063990431,
32.15053392447426,
31.62034720904422,
31.090160493614178,
32.415627282189284,
35.0665608593395,
34.536374143909455,
34.07246076790817,
33.47600071304937,
32.945813997619325,
31.885440566759243,
31.355253851329195,
35.596747574769545,
35.26538087762577,
34.80146750162448,
34.27128078619444,
33.74109407076439,
33.34345403419186,
36.126934290199586,
35.596747574769545,
35.0665608593395,
34.60264748333822,
36.524574326772125,
35.86184093248457,
35.33165421705452,
34.80146750162448,
34.27128078619444,
33.80736741019315,
33.34345403419186,
33.74109407076439,
36.39202764791461,
35.72929425362706,
35.33165421705452,
34.80146750162448,
34.27128078619444,
33.34345403419186,
38.77786786734981,
38.247681151919764,
37.717494436489716,
37.187307721059675,
38.77786786734981,
38.31395449134852,
37.717494436489716,
37.187307721059675,
36.657121005629634,
36.19320762962835,
35.596747574769545,
36.126934290199586,
36.524574326772125,
35.86184093248457,
36.39202764791461,
35.596747574769545,
37.231489947345516,
38.55695673592062,
37.98258779420474,
39.838241298209894,
39.308054582779846,
38.77786786734981,
38.247681151919764,
37.58494775763221,
37.054761042202166,
36.657121005629634,
37.98258779420474,
37.4524010787747,
38.51277450963478,
37.717494436489716,
38.6453211884923,
36.92221436334465,
36.2594809690571,
35.72929425362706,
38.247681151919764,
37.717494436489716,
40.898614729069976,
40.36842801363994,
39.90451463763865,
39.308054582779846,
38.77786786734981,
37.31985439991719,
40.36842801363994,
39.838241298209894,
39.37432792220861,
38.6453211884923,
38.115134473062255,
37.4524010787747,
36.92221436334465,
36.458300987343364,
35.86184093248457,
35.33165421705452,
34.80146750162448,
34.40382746505195,
36.39202764791461,
37.717494436489716,
37.25358106048843,
35.596747574769545,
38.247681151919764,
37.717494436489716,
40.10333465592491,
39.639421279923624,
39.04296122506483,
41.296254765642516,
40.63352137135496,
41.95898815993007,
41.428801444500024,
40.96488806849874,
40.23588133478243,
39.9707879770674,
39.44060126163736,
38.976687885636075,
39.61733016678071,
39.838241298209894,
39.506874601066116,
39.04296122506483,
40.10333465592491,
39.506874601066116,
40.898614729069976,
40.36842801363994,
39.838241298209894,
39.17550790392234,
38.6453211884923,
37.85004111534723,
37.58494775763221,
37.717494436489716,
38.247681151919764,
37.85004111534723,
38.91041454620732,
39.61733016678071,
40.36842801363994,
41.95898815993007,
41.428801444500024,
40.898614729069976,
41.95898815993007,
41.296254765642516,
41.03116140792749,
40.63352137135496,
40.10333465592491,
39.44060126163736,
38.91041454620732,
38.6453211884923,
38.247681151919764,
37.717494436489716,
37.054761042202166,
36.59084766620087,
37.187307721059675,
36.657121005629634,
38.51277450963478,
37.85004111534723,
37.38612773934594,
38.51277450963478,
37.98258779420474,
36.92221436334465,
36.39202764791461,
35.86184093248457,
35.464200895912036,
36.657121005629634,
36.126934290199586,
35.86184093248457,
35.33165421705452,
34.867740841053234,
34.27128078619444,
33.60854739190688,
35.33165421705452,
34.867740841053234,
34.27128078619444,
33.74109407076439,
36.43620987420045,
35.86184093248457,
37.717494436489716,
37.187307721059675,
38.31395449134852,
38.77786786734981,
39.57314794049488,
39.04296122506483,
40.898614729069976,
40.36842801363994,
39.838241298209894,
39.308054582779846,
38.77786786734981,
38.31395449134852,
37.717494436489716,
37.187307721059675,
36.657121005629634,
36.126934290199586,
35.596747574769545,
35.6630209141983,
36.19320762962835,
36.657121005629634,
36.524574326772125,
36.2594809690571,
35.72929425362706,
35.464200895912036,
34.93401418048199,
34.27128078619444,
33.74109407076439,
33.21090735533435,
32.74699397933306,
32.15053392447426,
31.62034720904422,
31.156433833042932,
30.42742709932662,
29.89724038389658,
29.367053668466532,
28.969413631894,
30.869249362184988,
30.294880420469113,
29.764693705039065,
29.234506989609024,
31.090160493614178,
30.42742709932662,
29.963513723325335,
29.89724038389658,
29.632147026181556,
29.101960310751508,
28.83686695303649,
28.43922691646396,
27.90904020103391,
27.37885348560387,
26.84866677017383,
26.31848005474378,
25.78829333931374,
25.258106623883698,
24.59537322959614,
24.0651865141661,
23.601273138164807,
23.269906441021035,
24.330279871881118,
23.800093156451076,
23.667546477593568,
23.00481308330601,
22.474626367875963,
21.679346294730898,
21.281706258158366,
21.01661290044335,
20.4864261850133,
19.95623946958326,
19.42605275415322,
18.763319359865662,
18.498226002150638,
17.968039286720597,
17.437852571290556,
16.907665855860508,
18.674954907293987,
18.100585965578105,
17.570399250148064,
17.040212534718023,
19.160959396438194,
18.763319359865662,
19.691146111868235,
19.95623946958326,
19.42605275415322,
18.763319359865662,
18.23313264443562,
17.570399250148064,
17.040212534718023,
16.57629915871673,
15.979839103857934,
15.582199067285401,
15.184559030712869,
13.593998884422739,
13.06381216899269,
12.53362545356265,
11.870892059275093,
11.47325202270256,
11.208158664987543,
11.075611986130028,
10.015238555269946,
9.617598518697413,
9.087411803267365,
9.02113846383861,
