Y(hoy),Y(ayer)
5.6213592791300755,5.020442665654592
6.102092569910461,5.020442665654592
5.98190924721537,4.780076020264403
5.6213592791300755,4.179159406788919
5.200717649697239,4.058976084093821
5.14062598834969,3.938792761398723
4.7400149126993725,3.4580594706183376
4.359434390831559,3.0975095025330504
3.998884422746272,3.0975095025330504
3.5181511319658867,2.616776211752658
3.3378761479232395,2.1360429209722724
3.0975095025330504,2.1360429209722724
2.1360429209722724,2.1360429209722724
2.556684550405109,2.1360429209722724
2.9773261798379522,2.1360429209722724
2.556684550405109,2.1360429209722724
2.3764095663624687,1.7754929528869852
2.1360429209722724,1.2346680007590507
2.0158595982771743,1.1745763394115016
1.6152485226268496,1.2947596621065998
0.9943013553688544,1.7754929528869852
1.0543930167164035,1.2947596621065998
1.595217968844338,1.1745763394115016
2.0759512596247234,1.535126307496789
2.3764095663624687,2.0158595982771743
2.857142857142854,2.1360429209722724
3.818609438703625,2.1360429209722724
4.058976084093821,2.1360429209722724
5.681450940477625,2.1360429209722724
6.222275892605559,2.2562262436673706
6.8231925060810426,3.0975095025330504
7.424109119556526,3.698426116008534
8.02502573303201,4.058976084093821
8.505759023812395,4.419526052179108
13.313091931616263,5.020442665654592
12.952541963530976,5.200717649697239
17.158958257859354,5.6213592791300755
16.678224967078968,6.102092569910461
14.394741835872132,6.943375828776141
18.36079148481032,6.462642537995755
17.880058194029935,7.544292442251624
19.081891420980902,8.505759023812395
18.721341452895615,8.02502573303201
19.923174679846582,9.347042282678075
21.36537455218774,9.82777557345846
22.206657811053418,11.149792123104525
21.846107842968124,10.789242155019231
23.648857683394574,12.111258704665296
23.288307715309287,13.55345857700646
32.66260688552683,13.072725286226067
33.744256789782696,14.51492515856723
33.263523499002304,15.476391740128001
35.30663998481895,16.678224967078968
44.92130580042668,16.31767499899368
45.64240573659727,17.880058194029935
45.04148912312178,17.39932490324955
44.62084749368894,19.081891420980902
42.397456023829655,18.601158130200517
41.91672273304927,18.240608162115223
41.43598944226888,19.923174679846582
41.07543947418359,20.644274616017157
43.238739282695335,21.125007906797542
42.157089378439466,21.36537455218774
41.79653941035417,21.846107842968124
41.19562279687869,24.12959097417496
40.7148895060983,23.648857683394574
40.23415621531791,23.16812439261419
39.75342292453753,22.687391101833803
39.33278129510469,22.32684113374851
40.35433953801301,25.812157491906312
39.75342292453753,25.451607523821025
39.39287295645224,27.254357364247475
40.8350728287934,26.893807396162188
40.23415621531791,28.936923881978828
40.7148895060983,28.456190591198443
39.81351458588507,31.100223690490566
39.27268963375714,30.61949039971018
38.79195634297675,30.258940431624893
39.03232298836694,33.023156853612115
38.67177302028166,32.54242356283173
39.0924146497145,33.744256789782696
39.03232298836694,35.42682330751405
38.551589697586564,34.94609001673366
37.950673084111074,37.1093898252454
37.469939793330695,36.628656534465016
36.9892065025503,38.79195634297675
36.26810656637973,38.431406374891466
35.30663998481895,40.474522860708106
35.18645666212386,41.43598944226888
34.885998355386114,42.637822669219844
34.34517340325817,43.83965589617081
34.10480675786798,43.479105928085524
33.744256789782696,44.4405725096463
33.3837068216974,45.161672445816876
32.84288186956947,45.76258905929236
32.30205691744153,45.281855768511974
32.06169027205134,44.80112247773158
31.180345905620634,44.26029752560365
31.340590335880762,43.71947257347571
30.980040367795475,42.99837263730514
32.48233190148418,42.457547685177204
31.821323626661147,42.87818931461004
33.023156853612115,42.397456023829655
32.54242356283173,41.67635608765907
32.181873594746435,41.19562279687869
31.70114030396605,40.7148895060983
30.018573786234697,40.35433953801301
31.220407013185664,41.91672273304927
31.160315351838115,41.43598944226888
31.160315351838115,41.07543947418359
31.220407013185664,41.31580611957378
30.499307077015082,41.07543947418359
30.138757108929795,40.7148895060983
30.138757108929795,40.05388123127527
30.138757108929795,39.63323960184243
30.018573786234697,39.27268963375714
32.181873594746435,38.79195634297675
32.181873594746435,38.19103972950127
32.181873594746435,39.513056279147335
32.181873594746435,39.03232298836694
33.023156853612115,38.67177302028166
32.54242356283173,39.99378956992772
31.70114030396605,39.513056279147335
31.46077365857586,39.03232298836694
30.980040367795475,38.431406374891466
30.499307077015082,37.710306438720885
30.138757108929795,37.2295731479405
31.100223690490566,36.869023179855205
30.73967372240528,36.26810656637973
31.100223690490566,35.42682330751405
31.100223690490566,34.825906694038565
31.140284798055596,34.16489841921553
31.881415288008697,33.98462343517289
31.340590335880762,33.5038901443925
32.36214857878908,33.14334017630721
32.782790208221925,33.083248514959664
33.023156853612115,32.54242356283173
32.24196525609399,32.06169027205134
35.2465483234714,31.46077365857586
35.18645666212386,31.70114030396605
36.14792324368463,32.12178193339889
35.54700663020914,32.181873594746435
35.96764825964198,31.70114030396605
35.06627333942876,30.980040367795475
37.1093898252454,30.37912375431999
36.628656534465016,30.859857045100377
36.38828988907482,30.439215415667533
36.02773992098953,30.73967372240528
36.869023179855205,30.258940431624893
37.469939793330695,30.499307077015082
37.950673084111074,30.258940431624893
38.79195634297675,30.859857045100377
38.431406374891466,31.40068199722831
40.23415621531791,31.861384734226178
39.87360624723262,31.58095698127095
42.637822669219844,31.220407013185664
42.157089378439466,30.859857045100377
44.4405725096463,30.37912375431999
45.88277238198746,31.100223690490566
47.084605608938425,30.73967372240528
45.76258905929236,31.941506949356246
45.40203909120707,31.46077365857586
44.80112247773158,31.821323626661147
44.4405725096463,32.181873594746435
45.40203909120707,32.181873594746435
45.161672445816876,32.30205691744153
45.04148912312178,32.82285131578695
44.56075583234139,32.58248467039676
44.200205864256105,33.30358460656734
43.358922605390426,33.98462343517289
42.99837263730514,33.5038901443925
42.03690605574437,33.023156853612115
42.93828097595759,32.66260688552683
43.358922605390426,32.181873594746435
44.50066417099384,32.181873594746435
45.04148912312178,32.54242356283173
44.62084749368894,33.083248514959664
44.140114202908556,33.023156853612115
43.59928925078062,32.54242356283173
42.99837263730514,32.181873594746435
42.397456023829655,32.54242356283173
41.91672273304927,33.083248514959664
41.43598944226888,33.14334017630721
40.9552561514885,32.902973530917016
39.75342292453753,32.42224024013663
39.27268963375714,32.181873594746435
38.67177302028166,32.902973530917016
38.31122305219637,32.30205691744153
37.950673084111074,33.98462343517289
37.53003145467824,33.6240734670876
37.1093898252454,34.94609001673366
36.628656534465016,34.46535672595327
36.20801490503217,34.94609001673366
35.54700663020914,35.54700663020914
35.30663998481895,36.02773992098953
34.94609001673366,35.42682330751405
34.34517340325817,35.787373275599336
34.10480675786798,36.38828988907482
33.744256789782696,37.1093898252454
33.14334017630721,37.59012311602579
32.902973530917016,38.07085640680617
32.42224024013663,37.40984813198314
32.181873594746435,38.07085640680617
32.36214857878908,38.31122305219637
32.902973530917016,40.474522860708106
33.023156853612115,39.99378956992772
32.60251522417927,39.513056279147335
32.12178193339889,38.91213966567185
32.06169027205134,42.87818931461004
31.100223690490566,42.397456023829655
34.46535672595327,41.91672273304927
33.98462343517289,45.04148912312178
33.5038901443925,44.56075583234139
33.023156853612115,44.200205864256105
33.14334017630721,45.88277238198746
33.98462343517289,45.52222241390217
33.5038901443925,46.00295570468255
33.864440112477794,46.96442228624333
33.3837068216974,46.60387231815804
32.963065192264565,46.00295570468255
32.54242356283173,45.52222241390217
32.181873594746435,45.04148912312178
33.54395125195754,44.68093915503649
33.023156853612115,44.26029752560365
35.94761770585947,44.56075583234139
35.42682330751405,45.76258905929236
34.22499008056308,45.40203909120707
36.14792324368463,45.04148912312178
35.54700663020914,44.56075583234139
35.30663998481895,44.08002254156101
34.94609001673366,43.59928925078062
34.40526506460573,43.118555960000236
34.22499008056308,42.6979143305674
34.70572337134347,42.157089378439466
36.38828988907482,41.67635608765907
37.89058142276353,41.31580611957378
37.3497564706356,44.3203891869512
38.07085640680617,43.89974755751837
36.9892065025503,43.358922605390426
36.50847321176992,42.87818931461004
36.087831582337074,45.52222241390217
36.50847321176992,44.80112247773158
36.02773992098953,46.00295570468255
38.07085640680617,45.52222241390217
37.59012311602579,45.04148912312178
39.03232298836694,44.62084749368894
38.551589697586564,44.08002254156101
37.950673084111074,43.59928925078062
37.710306438720885,43.118555960000236
37.28966480928804,42.75800599191494
36.9892065025503,42.27727270113456
36.50847321176992,43.118555960000236
37.3497564706356,42.637822669219844
36.9892065025503,44.08002254156101
38.07085640680617,44.08002254156101
38.07085640680617,43.65938091212817
37.710306438720885,43.238739282695335
37.3497564706356,42.87818931461004
36.9892065025503,42.397456023829655
35.18645666212386,41.97681439439681
34.46535672595327,41.31580611957378
33.98462343517289,40.9552561514885
33.14334017630721,40.474522860708106
33.023156853612115,39.75342292453753
32.54242356283173,39.27268963375714
32.181873594746435,38.67177302028166
33.023156853612115,38.31122305219637
33.98462343517289,38.79195634297675
33.5038901443925,39.15250631106204
34.10480675786798,38.79195634297675
34.10480675786798,38.25113139084882
31.58095698127095,38.07085640680617
31.160315351838115,37.469939793330695
31.100223690490566,36.869023179855205
30.980040367795475,36.26810656637973
30.73967372240528,35.66718995290424
30.258940431624893,35.06627333942876
30.018573786234697,34.50541783351831
29.65802381814941,34.10480675786798
29.057107204673926,35.006181678081205
28.81674055928373,35.06627333942876
28.456190591198443,34.94609001673366
27.254357364247475,34.46535672595327
25.21124087843083,34.044715096520434
25.631882507863672,33.5038901443925
26.05252413729651,33.14334017630721
26.05252413729651,33.023156853612115
25.631882507863672,32.60251522417927
25.091057555735738,32.06169027205134
24.610324264955345,31.340590335880762
24.12959097417496,31.70114030396605
23.528674360699476,32.54242356283173
22.927757747223993,33.744256789782696
22.447024456443607,34.46535672595327
21.966291165663222,35.06627333942876
21.24519122949264,34.58554004864837
20.764457938712255,34.22499008056308
20.16354132523677,33.744256789782696
19.923174679846582,33.3837068216974
20.043358002541673,32.902973530917016
19.44244138906619,32.42224024013663
19.202074743676,32.902973530917016
18.721341452895615,33.80434845113024
18.12042483942013,34.22499008056308
17.519508225944648,34.94609001673366
14.154375190481943,34.58554004864837
14.635108481262328,34.46535672595327
15.53648340147555,33.864440112477794
15.957125030908387,33.263523499002304
15.957125030908387,33.32361516034986
15.53648340147555,33.744256789782696
15.115841772042714,34.34517340325817
14.75529180395742,34.94609001673366
11.029608800409427,34.825906694038565
10.789242155019231,34.22499008056308
10.428692186933944,33.6240734670876
10.068142218848656,33.263523499002304
11.149792123104525,33.864440112477794
10.729150493671682,33.5038901443925
10.188325541543747,33.14334017630721
10.128233880196198,34.70572337134347
10.308508864238846,34.22499008056308
10.90942547771433,37.1093898252454
,36.628656534465016
,36.14792324368463
,38.13094806815372
,37.710306438720885
,38.07085640680617
,37.3497564706356
,37.2295731479405
,37.2295731479405
,36.9892065025503
,36.44838155042237
,36.628656534465016
,36.9892065025503
,36.50847321176992
,36.50847321176992
,36.9892065025503
,38.551589697586564
,38.07085640680617
,37.59012311602579
,39.03232298836694
,38.31122305219637
,37.830489761415976
,37.469939793330695
,36.869023179855205
,36.38828988907482
,35.787373275599336
,35.30663998481895
,34.825906694038565
,34.28508174191063
,34.70572337134347
,35.907556598294434
,35.42682330751405
,34.94609001673366
,34.46535672595327
,33.744256789782696
,33.023156853612115
,32.54242356283173
,32.06169027205134
,31.62101808883598
,31.220407013185664
,32.181873594746435
,32.60251522417927
,33.023156853612115
,33.864440112477794
,33.3837068216974
,33.6240734670876
,32.902973530917016
,32.42224024013663
,31.58095698127095
,31.100223690490566
,30.499307077015082
,29.778207140844508
,29.357565511411664
,29.778207140844508
,29.53784049545431
,29.177290527369024
,28.57637391389354
,28.095640623113148
,28.936923881978828
,28.57637391389354
,28.336007268503344
,27.49472400963767
,27.134174041552377
,26.413074105381796
,25.69197416921122
,25.21124087843083
,25.331424201125927
,25.69197416921122
,25.091057555735738
,24.610324264955345
,24.12959097417496
,23.648857683394574
,22.927757747223993
,22.447024456443607
,21.966291165663222
,21.485557874882836
,20.764457938712255
,20.28372464793187
,19.802991357151484
,19.26216640502355
,19.081891420980902
,18.601158130200517
,18.12042483942013
,17.519508225944648
,17.038774935164263
,16.678224967078968
,16.31767499899368
,15.476391740128001
,14.635108481262328
,14.274558513177034
,14.635108481262328
,15.115841772042714
,15.115841772042714
,14.635108481262328
,14.154375190481943
,13.55345857700646
,12.952541963530976
,12.471808672750583
,11.8708920592751
,11.390158768494715
,11.029608800409427
,10.66905883232414
,10.248417202891297
,9.82777557345846
,9.467225605373173
,8.98649231459278
,8.565850685159944
,8.145209055727108
,8.325484039769755
,8.746125669202591
