Y(hoy),Y(ayer)
-2.5104225967648404,-1.913962541906045
-2.974335972766127,-2.179055899621062
-2.974335972766127,-2.70924261505111
-2.0465092207635536,-2.0465092207635536
-2.70924261505111,-1.913962541906045
-2.974335972766127,-1.913962541906045
-2.974335972766127,-1.9802358813347922
-2.974335972766127,-2.70924261505111
-2.8417892939086187,-2.5766959361935875
-1.9802358813347922,-1.913962541906045
-2.5766959361935875,-2.179055899621062
-2.974335972766127,-2.8417892939086187
-2.974335972766127,-2.974335972766127
-2.179055899621062,-2.179055899621062
-2.70924261505111,-2.179055899621062
-2.974335972766127,-2.8417892939086187
-2.974335972766127,-2.974335972766127
-1.913962541906045,-2.3116025784785705
-2.642969275622349,-2.974335972766127
-2.0465092207635536,-2.444149257336079
-2.5766959361935875,-2.5766959361935875
-2.974335972766127,-2.444149257336079
-2.974335972766127,-2.5766959361935875
-1.913962541906045,-2.974335972766127
-2.7976070676227778,-2.974335972766127
-2.444149257336079,-2.3116025784785705
-1.9802358813347922,-2.70924261505111
-1.913962541906045,-2.3116025784785705
-1.9802358813347922,-1.913962541906045
-1.913962541906045,-2.3116025784785705
-2.0465092207635536,-2.70924261505111
-1.913962541906045,-2.444149257336079
-2.974335972766127,-2.70924261505111
-2.48833148362192,-2.444149257336079
-1.9802358813347922,-2.974335972766127
-1.9802358813347922,-2.5766959361935875
-1.913962541906045,-2.3116025784785705
-2.7976070676227778,-2.974335972766127
-2.0465092207635536,-2.8417892939086187
-2.0465092207635536,-2.3116025784785705
-2.0465092207635536,-2.7755159544798573
-2.0465092207635536,-1.9802358813347922
-1.9802358813347922,-2.179055899621062
-1.9802358813347922,-2.5766959361935875
-2.0465092207635536,-2.7755159544798573
-1.9802358813347922,-2.444149257336079
-1.450049165904744,-2.8417892939086187
-0.9861357899034573,-2.444149257336079
-0.8535891110459488,-1.913962541906045
-0.8535891110459488,-1.9802358813347922
-0.7873157716172017,-1.913962541906045
-0.1466734904725655,-1.913962541906045
-0.7210424321884403,-1.913962541906045
0.14051098038538612,-1.913962541906045
0.38351322495748263,-1.9802358813347922
1.1346110718167068,-1.913962541906045
0.67069769581542,-1.5163225053335054
0.47187767752916443,-0.9198624504747102
0.20678431981413326,-0.8535891110459488
0.47187767752916443,-0.8535891110459488
1.1346110718167068,-0.8535891110459488
1.2671577506742295,-0.8535891110459488
1.4659777689604852,-0.8535891110459488
1.9961644843905333,-0.8535891110459488
2.46007786039182,-0.654769092759679
2.8577178969643597,-0.05830903790088371
2.3275311815343116,-0.45594907447342337
3.5204512912519093,0.14051098038538612
4.1169113461107045,-0.3234023956159007
4.580824722111998,0.20678431981413326
4.580824722111998,0.20678431981413326
4.448278043254483,0.07423764095662477
4.183184685539466,-0.7873157716172017
3.6529979701094177,-0.8535891110459488
3.6529979701094177,-0.8535891110459488
4.359913590682808,-0.8535891110459488
4.625006948397832,-0.8535891110459488
5.6411981529720805,-0.8535891110459488
5.1110114375420395,-0.8535891110459488
6.237658207830883,-0.8535891110459488
6.70157158383217,-0.8535891110459488
7.099211620404702,-0.8535891110459488
7.761945014692259,-0.8535891110459488
8.2921317301223,-0.8535891110459488
8.866500671838182,-0.8535891110459488
9.087411803267365,-0.8535891110459488
8.954865124409856,-0.8535891110459488
8.689771766694832,-0.8535891110459488
8.159585051264791,-0.8535891110459488
7.563124996405989,-0.8535891110459488
6.966664941547194,-0.8535891110459488
6.303931547259637,-0.8535891110459488
5.84001817125835,-0.9861357899034573
5.773744831829596,-1.5163225053335054
6.038838189544613,-1.913962541906045
6.70157158383217,-1.2512291476184885
6.70157158383217,-0.9198624504747102
6.171384868402129,-1.2512291476184885
5.773744831829596,-1.7151425236197753
5.773744831829596,-1.2512291476184885
6.171384868402129,-1.648869184191014
5.773744831829596,-0.8535891110459488
6.70157158383217,-0.9198624504747102
6.834118262689678,-1.2512291476184885
6.70157158383217,-1.7151425236197753
6.038838189544613,-1.913962541906045
5.773744831829596,-1.450049165904744
5.950473736972938,-0.9198624504747102
6.70157158383217,-0.8535891110459488
6.237658207830883,-1.383775826475997
5.906291510687105,-1.648869184191014
5.442378134685818,-0.9861357899034573
4.845918079827015,-0.8535891110459488
4.514551382683237,-0.8535891110459488
4.580824722111998,-1.2512291476184885
4.580824722111998,-1.648869184191014
4.580824722111998,-1.11868246876098
4.647098061540753,-1.5163225053335054
5.1110114375420395,-1.7151425236197753
5.6411981529720805,-1.2512291476184885
4.978464758684531,-0.8535891110459488
4.514551382683237,-0.8535891110459488
4.978464758684531,-0.8535891110459488
4.448278043254483,-0.8535891110459488
5.6411981529720805,-0.8535891110459488
5.1110114375420395,-0.8535891110459488
4.647098061540753,-0.8535891110459488
4.580824722111998,-0.8535891110459488
4.580824722111998,-0.8535891110459488
4.580824722111998,-0.8535891110459488
4.1169113461107045,-0.8535891110459488
3.5204512912519093,-0.8535891110459488
3.6529979701094177,-0.8535891110459488
4.315731364396974,-0.8535891110459488
4.183184685539466,-0.8535891110459488
3.6529979701094177,-0.8535891110459488
4.580824722111998,-0.8535891110459488
4.05063800668195,-0.8535891110459488
4.05063800668195,-0.8535891110459488
3.5204512912519093,-0.8535891110459488
4.580824722111998,-0.8535891110459488
4.183184685539466,-0.8535891110459488
4.580824722111998,-0.8535891110459488
4.580824722111998,-0.45594907447342337
4.625006948397832,-0.05830903790088371
5.3761047952570635,-0.654769092759679
4.978464758684531,-0.1466734904725655
5.3761047952570635,-0.45594907447342337
4.713371400969507,0.14051098038538612
4.580824722111998,0.20678431981413326
4.580824722111998,0.20678431981413326
4.580824722111998,0.20678431981413326
5.1110114375420395,0.20678431981413326
4.713371400969507,0.20678431981413326
5.6411981529720805,0.20678431981413326
4.978464758684531,0.20678431981413326
4.514551382683237,0.20678431981413326
4.978464758684531,0.20678431981413326
4.448278043254483,0.20678431981413326
5.6411981529720805,0.20678431981413326
5.1110114375420395,0.14051098038538612
4.779644740398261,-0.389675735044662
5.420287021542897,-0.8535891110459488
5.6411981529720805,-0.8535891110459488
4.978464758684531,-0.8535891110459488
4.580824722111998,-0.8535891110459488
4.647098061540753,-0.9198624504747102
5.1110114375420395,-1.2512291476184885
5.6411981529720805,-1.7151425236197753
5.707471492400835,-1.8476892024772837
5.508651474114572,-1.2512291476184885
5.243558116399548,-1.648869184191014
4.890100306112849,-0.8535891110459488
5.6411981529720805,-0.9198624504747102
5.1110114375420395,-1.2512291476184885
5.773744831829596,-1.7151425236197753
5.773744831829596,-1.2512291476184885
5.773744831829596,-1.648869184191014
5.84001817125835,-1.8476892024772837
6.480660452402979,-1.7814158630485224
5.906291510687105,-1.2512291476184885
6.70157158383217,-0.8535891110459488
6.171384868402129,-1.383775826475997
5.773744831829596,-1.913962541906045
6.70157158383217,-1.450049165904744
6.171384868402129,-1.11868246876098
6.834118262689678,-1.7814158630485224
6.834118262689678,-1.8476892024772837
6.9003916021184395,-1.2512291476184885
7.298031638690972,-1.8476892024772837
6.834118262689678,-1.7151425236197753
7.894491693549767,-1.2070469213326476
8.557225087837324,-1.5163225053335054
8.093311711836037,-1.913962541906045
9.617598518697413,-0.9198624504747102
9.087411803267365,-0.8535891110459488
10.147785234127454,-0.8535891110459488
10.147785234127454,-1.2512291476184885
9.617598518697413,-1.8476892024772837
9.087411803267365,-1.7151425236197753
9.617598518697413,-1.2070469213326476
10.015238555269946,-1.5163225053335054
9.219958482124873,-1.913962541906045
9.087411803267365,-1.2512291476184885
9.087411803267365,-0.8535891110459488
8.954865124409856,-0.8535891110459488
8.689771766694832,-0.8535891110459488
8.159585051264791,-0.8535891110459488
7.894491693549767,-0.8535891110459488
7.496851656977235,-0.8535891110459488
7.231758299262211,-0.8535891110459488
6.834118262689678,-0.8535891110459488
7.894491693549767,-0.8535891110459488
7.364304978119726,-0.8535891110459488
8.2921317301223,-0.8535891110459488
7.894491693549767,-0.8535891110459488
8.822318445552341,-0.654769092759679
8.49095174840857,-0.1466734904725655
8.027038372407276,-0.45594907447342337
7.761945014692259,-0.8535891110459488
7.298031638690972,-0.8535891110459488
6.569024904974661,-0.8535891110459488
6.303931547259637,-0.8535891110459488
5.773744831829596,-0.8535891110459488
5.6411981529720805,-0.8535891110459488
5.177284776970794,-0.8535891110459488
4.647098061540753,-0.8535891110459488
4.580824722111998,-0.389675735044662
4.448278043254483,-0.05830903790088371
4.183184685539466,-0.654769092759679
3.6529979701094177,-0.05830903790088371
3.5204512912519093,-0.5884957533309318
2.990264575821868,-0.45594907447342337
2.46007786039182,-0.8535891110459488
2.46007786039182,-0.05830903790088371
2.46007786039182,-0.45594907447342337
2.46007786039182,-0.7873157716172017
2.1287111632480418,-0.8535891110459488
1.664797787246755,-0.8535891110459488
1.3334310901029767,-0.8535891110459488
1.3334310901029767,-0.8535891110459488
1.7310711266755163,-0.8535891110459488
1.2671577506742295,-0.8535891110459488
2.3275311815343116,-0.7210424321884403
2.3275311815343116,-0.12458237732964506
2.0624378238192946,-0.45594907447342337
1.5322511083892465,-0.8535891110459488
1.3334310901029767,-0.45594907447342337
1.2671577506742295,-0.05830903790088371
1.2671577506742295,-0.5884957533309318
1.2671577506742295,-0.8535891110459488
1.2671577506742295,-0.8535891110459488
1.2671577506742295,-0.8535891110459488
1.2671577506742295,-0.8535891110459488
1.2008844112454682,-0.8535891110459488
0.8032443746729285,-0.8535891110459488
0.33933099867164174,-0.8535891110459488
0.9136999403875308,-0.8535891110459488
1.1346110718167068,-0.8535891110459488
1.1346110718167068,-0.9861357899034573
0.6044243563866729,-1.648869184191014
0.20678431981413326,-1.1849558081897271
1.1346110718167068,-1.648869184191014
0.6044243563866729,
1.2671577506742295,
1.2671577506742295,
1.2671577506742295,
1.2671577506742295,
1.2671577506742295,
1.2008844112454682,
0.67069769581542,
1.1346110718167068,
0.2730576592428946,
0.20678431981413326,
0.47187767752916443,
1.1346110718167068,
0.67069769581542,
1.1346110718167068,
0.20678431981413326,
0.67069769581542,
1.1346110718167068,
1.2671577506742295,
1.2671577506742295,
1.2671577506742295,
1.2671577506742295,
1.2671577506742295,
1.2671577506742295,
1.1346110718167068,
0.6044243563866729,
0.20678431981413326,
1.1346110718167068,
0.67069769581542,
1.1346110718167068,
0.6044243563866729,
0.20678431981413326,
2.23916672896263,
1.664797787246755,
1.1346110718167068,
2.3275311815343116,
2.0624378238192946,
1.664797787246755,
2.194984502676803,
1.7310711266755163,
1.929891144961772,
1.399704429531738,
1.2671577506742295,
1.2671577506742295,
1.0020643929591984,
0.7369710352441814,
0.33933099867164174,
0.20678431981413326,
0.20678431981413326,
0.2730576592428946,
0.67069769581542,
0.20678431981413326,
1.1346110718167068,
1.1346110718167068,
0.5381510169579116,
0.20678431981413326,
0.20678431981413326,
0.14051098038538612,
0.07423764095662477,
-0.5222224139021705,
-0.5884957533309318,
-0.05830903790088371,
0.20678431981413326,
0.20678431981413326,
0.20678431981413326,
0.20678431981413326,
0.14051098038538612,
0.07423764095662477,
-0.45594907447342337,
-0.8535891110459488,
-1.648869184191014,
-1.2512291476184885,
