Y(hoy),Y(ayer)
5.773744831829596,4.713371400969507
6.237658207830883,4.713371400969507
6.70157158383217,4.713371400969507
6.038838189544613,4.183184685539466
5.773744831829596,3.6529979701094177
5.6411981529720805,3.255357933536885
5.1110114375420395,2.725171218106837
4.647098061540753,2.3275311815343116
4.580824722111998,2.2612578421055503
4.448278043254483,1.929891144961772
4.183184685539466,1.399704429531738
3.6529979701094177,1.2671577506742295
3.5204512912519093,1.2671577506742295
3.5204512912519093,1.2671577506742295
3.3879046123944008,1.2671577506742295
3.1228112546793767,1.2671577506742295
2.5926245392493286,0.8695177141016899
2.46007786039182,0.4056043381004031
2.46007786039182,0.20678431981413326
2.46007786039182,0.20678431981413326
2.46007786039182,0.20678431981413326
1.929891144961772,0.20678431981413326
1.399704429531738,0.20678431981413326
1.2671577506742295,0.20678431981413326
1.2671577506742295,-0.1908557167583922
1.2671577506742295,-0.654769092759679
1.2008844112454682,-0.8535891110459488
1.1346110718167068,-0.8535891110459488
0.47187767752916443,-0.8535891110459488
0.38351322495748263,-0.8535891110459488
1.1346110718167068,-0.8535891110459488
0.7369710352441814,-0.8535891110459488
0.47187767752916443,-0.8535891110459488
0.20678431981413326,-0.8535891110459488
0.20678431981413326,-0.8535891110459488
0.20678431981413326,-0.8535891110459488
0.20678431981413326,-1.648869184191014
0.20678431981413326,-1.2512291476184885
0.20678431981413326,-1.648869184191014
0.20678431981413326,-1.5163225053335054
0.07423764095662477,-1.913962541906045
-0.45594907447342337,-1.913962541906045
-0.8535891110459488,-1.913962541906045
-0.8535891110459488,-1.913962541906045
-0.8535891110459488,-1.383775826475997
-0.8535891110459488,-1.913962541906045
-0.8535891110459488,-1.648869184191014
-0.8535891110459488,-1.913962541906045
-0.8535891110459488,-1.913962541906045
-0.8535891110459488,-1.648869184191014
-0.8535891110459488,-0.9861357899034573
-0.8535891110459488,-0.8535891110459488
-0.8535891110459488,-0.8535891110459488
-0.5222224139021705,-0.8535891110459488
0.07423764095662477,-0.8535891110459488
-0.389675735044662,-0.8535891110459488
-0.41176684818758247,-0.8535891110459488
0.14051098038538612,-0.8535891110459488
0.20678431981413326,-0.8535891110459488
0.20678431981413326,-0.8535891110459488
0.33933099867164174,-0.8535891110459488
0.9136999403875308,-0.3234023956159007
1.2671577506742295,0.20678431981413326
1.2671577506742295,0.33933099867164174
1.2671577506742295,0.8695177141016899
1.2671577506742295,1.2671577506742295
1.3334310901029767,2.0624378238192946
1.7310711266755163,1.5322511083892465
1.2671577506742295,2.3275311815343116
2.194984502676803,2.3275311815343116
1.8636178055330248,2.3938045209630587
1.399704429531738,2.5263511998205814
1.9961644843905333,2.990264575821868
2.46007786039182,3.8518179883956876
2.7914445575355984,3.3879046123944008
2.3275311815343116,4.448278043254483
3.3879046123944008,4.713371400969507
3.5204512912519093,4.713371400969507
3.3879046123944008,5.1110114375420395
3.1228112546793767,5.972564850115859
2.725171218106837,5.508651474114572
3.3879046123944008,6.436478226117146
2.725171218106837,7.761945014692259
3.6529979701094177,7.231758299262211
4.359913590682808,6.834118262689678
4.580824722111998,8.954865124409856
4.647098061540753,8.2921317301223
5.177284776970794,10.280331912984963
5.6411981529720805,9.617598518697413
5.773744831829596,11.075611986130028
5.84001817125835,11.539525362131315
6.237658207830883,12.135985416990117
5.773744831829596,12.135985416990117
6.70157158383217,11.738345380417584
6.834118262689678,11.340705343845052
6.767844923260924,12.599898792991404
6.70157158383217,13.660272223851493
6.237658207830883,13.06381216899269
5.84001817125835,14.12418559985278
5.773744831829596,15.847292425000418
5.773744831829596,15.184559030712869
6.171384868402129,14.65437231528282
5.773744831829596,17.702945929005573
6.70157158383217,17.040212534718023
6.966664941547194,16.510025819287975
7.629398335834743,18.03431262614935
8.2921317301223,18.697046020436908
8.866500671838182,19.22723273586695
9.087411803267365,19.757419451296997
9.617598518697413,20.884066221585833
10.015238555269946,20.221332827298284
9.352505160982389,22.209533010160946
9.02113846383861,21.54679961587339
9.087411803267365,23.446635346164378
9.087411803267365,22.872266404448496
9.750145197554922,24.330279871881118
9.219958482124873,24.330279871881118
10.412878591842478,23.800093156451076
11.075611986130028,23.402453119878544
11.208158664987543,22.739719725590987
11.47325202270256,22.07698633130343
11.075611986130028,21.41425293701588
12.003438738132608,20.751519542728325
12.599898792991404,20.088786148440768
13.196358847850206,19.42605275415322
13.593998884422739,19.028412717580686
14.698554541568662,19.82369279072575
14.12418559985278,19.22723273586695
15.493834614713727,19.691146111868235
15.71474574614291,19.293506075295703
15.71474574614291,20.088786148440768
15.71474574614291,20.088786148440768
15.71474574614291,20.884066221585833
15.71474574614291,20.353879506155792
15.758927972428744,21.149159579300857
16.775119177003,21.613072955302144
16.244932461572958,22.143259670732192
16.907665855860508,22.209533010160946
17.614581476433898,22.209533010160946
17.901765947291842,22.07698633130343
18.36567932329313,21.54679961587339
18.962139378151925,21.01661290044335
19.492326093581973,20.552699524442062
19.95623946958326,20.221332827298284
20.088786148440768,20.884066221585833
20.088786148440768,21.149159579300857
20.15505948786953,21.613072955302144
20.884066221585833,22.07698633130343
20.221332827298284,21.613072955302144
21.149159579300857,21.281706258158366
21.281706258158366,21.944439652445922
21.811892973588414,22.739719725590987
22.40835302844721,24.0651865141661
23.00481308330601,23.402453119878544
23.667546477593568,23.932639835308585
24.264006532452363,23.468726459307298
24.860466587311166,23.468726459307298
25.523199981598715,24.0651865141661
25.58947332102747,24.19773319302361
25.523199981598715,23.667546477593568
24.993013266168674,23.402453119878544
24.529099890167387,23.402453119878544
25.523199981598715,23.534999798736052
24.993013266168674,23.932639835308585
25.832475565599573,24.529099890167387
27.113760127888845,24.72791990845365
26.64984675188756,25.258106623883698
27.643946843318894,25.65574666045623
26.981213449031337,26.384753394172535
26.716120091316313,25.920840018171248
26.84866677017383,26.914940109602583
27.423035711889703,27.37885348560387
27.776493522176402,27.776493522176402
27.776493522176402,27.24630680674636
27.90904020103391,26.716120091316313
28.43922691646396,27.24630680674636
28.83686695303649,26.716120091316313
28.174133558748935,28.571773595321467
28.748502500464816,27.90904020103391
28.174133558748935,29.300780329037778
28.969413631894,29.764693705039065
28.969413631894,29.234506989609024
28.83686695303649,28.770593613607737
28.571773595321467,28.174133558748935
28.174133558748935,27.776493522176402
27.776493522176402,29.300780329037778
28.704320274178976,28.704320274178976
29.89724038389658,29.632147026181556
29.234506989609024,29.16823365018027
30.162333741611597,29.89724038389658
30.825067135899154,29.367053668466532
30.825067135899154,30.096060402182843
30.162333741611597,30.55997377818413
29.565873686752802,31.090160493614178
28.969413631894,31.222707172471686
28.83686695303649,32.216807263903014
28.571773595321467,31.62034720904422
28.174133558748935,31.222707172471686
29.49960034732404,33.07836067647684
28.969413631894,32.54817396104679
28.43922691646396,31.951713906187997
28.041586879891426,31.42152719075795
30.02978706275409,31.951713906187997
29.89724038389658,32.415627282189284
29.367053668466532,32.945813997619325
28.83686695303649,32.216807263903014
30.825067135899154,31.62034720904422
30.162333741611597,31.222707172471686
29.69842036561031,32.48190062161804
29.234506989609024,33.54227405247813
30.825067135899154,32.945813997619325
30.294880420469113,34.13873410733692
29.764693705039065,33.873640749621906
29.234506989609024,33.47600071304937
28.704320274178976,34.27128078619444
28.24040689817769,33.873640749621906
27.643946843318894,33.74109407076439
27.113760127888845,33.34345403419186
26.583573412458804,34.867740841053234
25.920840018171248,34.27128078619444
25.65574666045623,35.19910753819701
25.523199981598715,34.62473859648113
24.860466587311166,35.33165421705452
24.19773319302361,34.867740841053234
23.733819817022322,34.27128078619444
23.00481308330601,33.78527629705023
22.739719725590987,33.34345403419186
22.342079689018455,34.536374143909455
22.342079689018455,34.13873410733692
21.811892973588414,35.0665608593395
21.149159579300857,35.464200895912036
20.884066221585833,35.53047423534079
20.4864261850133,36.17111651648543
19.95623946958326,35.72929425362706
19.42605275415322,35.86184093248457
19.028412717580686,35.33165421705452
19.95623946958326,34.80146750162448
19.95623946958326,34.40382746505195
19.293506075295703,35.33165421705452
19.028412717580686,34.93401418048199
18.630772681008153,35.86184093248457
18.100585965578105,36.72339434505839
17.769219268434327,36.2594809690571
17.835492607863088,37.31985439991719
17.17275921357553,37.187307721059675
16.907665855860508,36.78966768448714
16.377479140430466,36.524574326772125
16.112385782715442,35.90602315877041
15.71474574614291,37.054761042202166
15.052012351855353,36.39202764791461
14.65437231528282,38.38022783077727
14.588098975854066,37.717494436489716
14.521825636425312,39.04296122506483
14.521825636425312,39.57314794049488
14.521825636425312,39.9707879770674
14.521825636425312,40.43470135306869
14.65437231528282,40.898614729069976
15.449652388427886,40.36842801363994
14.919465672997845,39.838241298209894
16.046112443286688,39.37432792220861
16.510025819287975,38.77786786734981
16.244932461572958,38.115134473062255
15.71474574614291,37.4524010787747
16.775119177003,36.78966768448714
16.377479140430466,36.2594809690571
16.775119177003,35.90602315877041
17.835492607863088,36.39202764791461
17.30530589243304,35.92811427191332
16.775119177003,35.33165421705452
19.028412717580686,34.80146750162448
18.36567932329313,34.13873410733692
19.73532833815407,33.40972737362062
19.95623946958326,33.21090735533435
19.293506075295703,32.74699397933306
19.205141622724028,32.283080603331776
19.95623946958326,31.885440566759243
19.558599433010727,31.355253851329195
19.95623946958326,30.891340475327908
19.42605275415322,30.339062646754947
19.028412717580686,31.752893887901728
21.01661290044335,31.090160493614178
20.4864261850133,32.98999622390516
19.95623946958326,32.415627282189284
19.42605275415322,32.68072063990431
20.751519542728325,32.283080603331776
20.221332827298284,31.885440566759243
20.265515053584117,31.355253851329195
21.01661290044335,30.891340475327908
20.552699524442062,30.294880420469113
21.01661290044335,29.632147026181556
20.088786148440768,28.969413631894
20.552699524442062,28.43922691646396
21.01661290044335,27.90904020103391
20.552699524442062,27.37885348560387
20.15505948786953,26.84866677017383
20.884066221585833,26.31848005474378
21.01661290044335,25.78829333931374
20.353879506155792,25.125559945026183
20.088786148440768,24.72791990845365
19.691146111868235,25.258106623883698
19.160959396438194,24.72791990845365
20.265515053584117,24.264006532452363
21.01661290044335,23.733819817022322
20.4864261850133,23.402453119878544
20.088786148440768,23.269906441021035
21.01661290044335,22.651355273019313
20.4864261850133,23.269906441021035
21.613072955302144,23.733819817022322
22.07698633130343,24.19773319302361
21.74561963415966,23.711728703879402
21.325888484444206,24.19773319302361
22.651355273019313,24.59537322959614
22.07698633130343,24.0651865141661
23.402453119878544,23.534999798736052
23.269906441021035,24.59537322959614
23.00481308330601,23.932639835308585
22.60717304673348,25.258106623883698
22.209533010160946,25.65574666045623
23.269906441021035,25.65574666045623
22.739719725590987,25.65574666045623
22.872266404448496,25.65574666045623
22.342079689018455,25.258106623883698
23.402453119878544,24.794193247882404
23.00481308330601,25.324379963312452
23.402453119878544,25.854566678742493
23.402453119878544,26.31848005474378
23.446635346164378,26.716120091316313
24.330279871881118,26.31848005474378
23.800093156451076,25.722019999884985
24.462826550738633,25.854566678742493
24.462826550738633,26.362662281029614
23.932639835308585,26.053386697028763
23.468726459307298,25.65574666045623
24.330279871881118,25.58947332102747
23.667546477593568,24.993013266168674
24.462826550738633,24.59537322959614
23.800093156451076,25.125559945026183
23.203633101592274,24.59537322959614
22.60717304673348,25.722019999884985
22.2758063495897,26.384753394172535
22.342079689018455,25.920840018171248
21.811892973588414,26.84866677017383
21.281706258158366,27.643946843318894
21.856075199874248,27.24630680674636
21.944439652445922,27.113760127888845
21.41425293701588,26.716120091316313
22.07698633130343,26.716120091316313
21.613072955302144,26.716120091316313
21.811892973588414,27.710220182747648
21.281706258158366,27.113760127888845
20.618972863870816,28.704320274178976
20.15505948786953,28.24040689817769
20.884066221585833,28.21831578503477
21.01661290044335,27.776493522176402
20.68524620329957,28.571773595321467
20.221332827298284,27.975313540462672
19.95623946958326,27.90904020103391
19.42605275415322,28.571773595321467
18.763319359865662,28.306680237606443
18.498226002150638,27.90904020103391
17.968039286720597,28.43922691646396
17.702945929005573,28.83686695303649
17.835492607863088,28.704320274178976
17.835492607863088,28.24040689817769
17.835492607863088,27.90904020103391
17.30530589243304,28.483409142749792
17.835492607863088,28.174133558748935
16.64257249814549,27.643946843318894
16.112385782715442,27.113760127888845
15.71474574614291,26.716120091316313
16.510025819287975,28.704320274178976
15.847292425000418,28.174133558748935
15.71474574614291,27.710220182747648
15.184559030712869,27.643946843318894
14.65437231528282,27.113760127888845
14.521825636425312,26.716120091316313
14.455552296996558,26.31848005474378
13.859092242137756,25.854566678742493
13.328905526707715,26.362662281029614
12.666172132420158,25.920840018171248
12.401078774705141,26.053386697028763
14.12418559985278,25.65574666045623
13.593998884422739,26.451026733601296
13.196358847850206,26.053386697028763
13.328905526707715,25.722019999884985
12.666172132420158,25.523199981598715
12.401078774705141,25.05928660559743
12.401078774705141,24.529099890167387
12.467352114133895,24.0651865141661
12.864992150706428,23.711728703879402
12.401078774705141,24.0651865141661
13.461452205565223,23.468726459307298
12.135985416990117,23.13735976216352
10.147785234127454,22.60717304673348
9.683871858126167,22.143259670732192
9.087411803267365,21.613072955302144
9.219958482124873,21.149159579300857
,21.149159579300857
,21.149159579300857
,21.149159579300857
,20.751519542728325
,20.287606166727038
,19.82369279072575
,19.42605275415322
,18.89586603872317
,18.36567932329313
,17.901765947291842
,17.30530589243304
,16.907665855860508
,17.570399250148064
,17.17275921357553
,16.775119177003
,16.112385782715442
,15.449652388427886
,14.786918994140336
,14.521825636425312
,14.521825636425312
,14.12418559985278
,13.660272223851493
,14.256732278710288
,13.726545563280247
,13.859092242137756
,13.461452205565223
,12.931265490135182
,12.401078774705141
,12.135985416990117
,11.605798701560076
,10.94306530727252
,10.412878591842478
,9.88269187641243
,9.352505160982389
,8.954865124409856
,8.2921317301223
,7.629398335834743
,7.1654849598334565
,7.894491693549767
