Y(hoy),Y(ayer)
11.870892059275093,11.340705343845052
12.53362545356265,11.738345380417584
13.107994395278524,12.33480543527638
13.328905526707715,12.401078774705141
12.732445471848912,12.135985416990117
11.870892059275093,11.539525362131315
11.274432004416298,11.340705343845052
11.208158664987543,10.94306530727252
10.545425270699987,10.479151931271232
9.88269187641243,9.88269187641243
9.219958482124873,9.485051839839898
8.954865124409856,8.954865124409856
8.424678408979808,8.557225087837324
7.894491693549767,8.159585051264791
7.099211620404702,7.496851656977235
5.707471492400835,7.099211620404702
5.6411981529720805,6.303931547259637
5.044738098113285,5.773744831829596
4.580824722111998,5.243558116399548
4.1169113461107045,4.713371400969507
2.46007786039182,4.713371400969507
3.255357933536885,4.448278043254483
2.8577178969643597,4.05063800668195
3.255357933536885,3.5867246306806635
2.725171218106837,2.990264575821868
2.46007786039182,2.5926245392493286
1.7973444661042635,2.194984502676803
1.399704429531738,1.664797787246755
1.2671577506742295,2.194984502676803
1.2671577506742295,2.3275311815343116
1.1346110718167068,2.2612578421055503
0.6044243563866729,1.664797787246755
0.47187767752916443,1.2671577506742295
0.14051098038538612,0.8695177141016899
-0.389675735044662,0.2730576592428946
-0.5884957533309318,0.20678431981413326
-0.8535891110459488,0.20678431981413326
-0.9861357899034573,0.20678431981413326
-1.913962541906045,0.07423764095662477
-2.0465092207635536,-0.45594907447342337
-2.179055899621062,-0.8535891110459488
-2.1127825601923007,-0.8535891110459488
-2.1127825601923007,-0.8535891110459488
-2.0465092207635536,-0.8535891110459488
-2.0465092207635536,-0.8535891110459488
-1.7372336367626815,-0.8535891110459488
-2.179055899621062,-0.8535891110459488
-1.11868246876098,-0.8535891110459488
-0.8535891110459488,-0.9861357899034573
-0.8535891110459488,-1.5163225053335054
-0.8535891110459488,-1.913962541906045
-0.8535891110459488,-1.7814158630485224
-0.8535891110459488,-1.11868246876098
-0.8535891110459488,-1.7151425236197753
-0.8535891110459488,-1.7814158630485224
-0.8535891110459488,-1.2512291476184885
-0.8535891110459488,-1.7814158630485224
-0.7873157716172017,-1.913962541906045
-0.05830903790088371,-1.450049165904744
-0.7210424321884403,-1.11868246876098
0.20678431981413326,-1.7151425236197753
0.33933099867164174,-1.11868246876098
0.9136999403875308,-1.648869184191014
1.1346110718167068,-0.8535891110459488
1.1346110718167068,-0.8535891110459488
0.47187767752916443,-0.7210424321884403
0.38351322495748263,-0.05830903790088371
1.2008844112454682,0.20678431981413326
0.7369710352441814,0.20678431981413326
1.2671577506742295,0.20678431981413326
1.3334310901029767,0.20678431981413326
1.929891144961772,0.20678431981413326
1.399704429531738,0.20678431981413326
2.46007786039182,0.2730576592428946
3.0565379152506154,0.8695177141016899
3.5204512912519093,0.47187767752916443
3.5204512912519093,1.2671577506742295
3.5204512912519093,1.2671577506742295
3.5204512912519093,1.3334310901029767
2.8577178969643597,1.929891144961772
2.3938045209630587,2.7914445575355984
2.46007786039182,2.3275311815343116
2.46007786039182,3.3879046123944008
2.46007786039182,3.5204512912519093
3.299540159822719,3.5204512912519093
2.725171218106837,3.1228112546793767
3.5204512912519093,2.65889787867809
4.05063800668195,3.3879046123944008
4.580824722111998,3.7855446489669333
4.05063800668195,4.382004703825729
3.6529979701094177,4.91219141925577
4.359913590682808,5.3761047952570635
4.647098061540753,5.773744831829596
5.1110114375420395,6.171384868402129
5.6411981529720805,6.767844923260924
5.773744831829596,6.966664941547194
5.773744831829596,7.828218354121013
5.773744831829596,7.364304978119726
5.773744831829596,7.894491693549767
5.773744831829596,7.894491693549767
5.773744831829596,7.629398335834743
6.171384868402129,6.966664941547194
6.70157158383217,6.834118262689678
6.834118262689678,7.231758299262211
6.834118262689678,8.093311711836037
6.9003916021184395,7.629398335834743
7.298031638690972,8.557225087837324
6.834118262689678,8.954865124409856
7.761945014692259,9.418778500411143
7.894491693549767,10.015238555269946
7.894491693549767,10.280331912984963
7.960765032978522,10.677971949557495
8.689771766694832,11.274432004416298
8.027038372407276,12.135985416990117
9.131594029553199,11.47325202270256
10.015238555269946,13.395178866136469
9.352505160982389,12.798718811277674
10.214058573556208,13.859092242137756
10.74424528898625,14.455552296996558
11.208158664987543,14.521825636425312
11.208158664987543,14.389278957567804
12.268532095847625,13.859092242137756
11.738345380417584,13.461452205565223
11.340705343845052,14.720645654711582
13.328905526707715,15.781019085571664
12.798718811277674,15.184559030712869
13.328905526707715,16.377479140430466
12.666172132420158,16.775119177003
12.401078774705141,16.775119177003
12.798718811277674,16.907665855860508
13.328905526707715,18.23313264443562
12.798718811277674,17.570399250148064
12.467352114133895,18.763319359865662
13.06381216899269,18.16685930500686
14.12418559985278,18.697046020436908
13.593998884422739,19.82369279072575
15.449652388427886,19.160959396438194
14.919465672997845,21.082886239872103
15.71474574614291,20.4864261850133
15.184559030712869,22.07698633130343
14.698554541568662,21.613072955302144
16.024021330143768,21.281706258158366
15.449652388427886,20.618972863870816
16.775119177003,19.95623946958326
16.775119177003,19.492326093581973
17.835492607863088,19.028412717580686
17.30530589243304,19.73532833815407
16.775119177003,19.42605275415322
18.89586603872317,19.028412717580686
18.36567932329313,20.287606166727038
17.968039286720597,19.82369279072575
17.702945929005573,20.884066221585833
18.23313264443562,20.618972863870816
17.702945929005573,20.221332827298284
18.89586603872317,21.082886239872103
18.36567932329313,20.618972863870816
18.03431262614935,21.347979597587127
18.674954907293987,21.944439652445922
18.962139378151925,22.209533010160946
19.028412717580686,22.673446386162233
19.028412717580686,23.269906441021035
19.028412717580686,23.402453119878544
19.293506075295703,23.402453119878544
19.95623946958326,23.402453119878544
20.552699524442062,23.402453119878544
21.01661290044335,23.932639835308585
20.552699524442062,23.534999798736052
20.15505948786953,24.529099890167387
20.353879506155792,24.59537322959614
21.01661290044335,24.59537322959614
21.149159579300857,24.993013266168674
21.21543291872961,25.58947332102747
21.856075199874248,25.65574666045623
21.281706258158366,26.64984675188756
23.13735976216352,26.053386697028763
22.474626367875963,25.65574666045623
22.60717304673348,27.643946843318894
22.07698633130343,27.113760127888845
21.41425293701588,26.451026733601296
21.149159579300857,25.78829333931374
21.281706258158366,25.324379963312452
21.878166313017168,24.794193247882404
22.342079689018455,25.258106623883698
22.342079689018455,24.860466587311166
21.811892973588414,24.993013266168674
21.281706258158366,24.59537322959614
21.811892973588414,25.920840018171248
22.07698633130343,26.64984675188756
21.41425293701588,26.716120091316313
20.884066221585833,26.583573412458804
20.353879506155792,26.119660036457518
22.07698633130343,25.65574666045623
21.54679961587339,26.053386697028763
21.01661290044335,26.64984675188756
20.4864261850133,26.583573412458804
20.088786148440768,25.920840018171248
22.07698633130343,26.64984675188756
21.41425293701588,26.185933375886272
21.149159579300857,27.180033467317607
20.618972863870816,27.511400164461378
19.95623946958326,26.84866677017383
19.42605275415322,26.185933375886272
18.962139378151925,25.78829333931374
18.89586603872317,26.31848005474378
18.36567932329313,27.24630680674636
17.901765947291842,26.716120091316313
17.17275921357553,27.776493522176402
16.775119177003,27.776493522176402
16.775119177003,27.776493522176402
16.112385782715442,28.24040689817769
15.449652388427886,28.770593613607737
14.786918994140336,28.83686695303649
14.190458939281534,28.83686695303649
13.593998884422739,28.306680237606443
13.328905526707715,27.90904020103391
12.798718811277674,28.704320274178976
12.135985416990117,28.306680237606443
11.539525362131315,28.174133558748935
11.141885325558782,27.776493522176402
11.208158664987543,27.24630680674636
11.208158664987543,26.716120091316313
10.545425270699987,28.571773595321467
9.948965215841184,27.90904020103391
9.352505160982389,27.37885348560387
9.02113846383861,28.770593613607737
9.087411803267365,28.24040689817769
9.087411803267365,27.710220182747648
9.88269187641243,27.24630680674636
9.352505160982389,26.84866677017383
9.88269187641243,26.384753394172535
9.219958482124873,25.854566678742493
9.087411803267365,25.258106623883698
9.617598518697413,24.794193247882404
10.147785234127454,24.19773319302361
10.412878591842478,23.534999798736052
10.015238555269946,23.00481308330601
11.075611986130028,22.60717304673348
11.208158664987543,22.143259670732192
10.677971949557495,21.613072955302144
10.214058573556208,21.149159579300857
10.81051862841501,20.751519542728325
11.47325202270256,20.287606166727038
12.069712077561363,19.82369279072575
12.33480543527638,19.42605275415322
12.53362545356265,18.89586603872317
13.06381216899269,18.431952662721883
13.395178866136469,17.702945929005573
14.256732278710288,17.437852571290556
15.582199067285401,17.040212534718023
15.118285691284115,16.57629915871673
14.65437231528282,15.979839103857934
15.250832370141623,15.582199067285401
16.64257249814549,15.515925727856647
16.112385782715442,14.919465672997845
15.979839103857934,14.455552296996558
15.582199067285401,13.925365581566517
16.775119177003,13.461452205565223
16.377479140430466,13.461452205565223
17.17275921357553,13.328905526707715
16.64257249814549,12.864992150706428
17.835492607863088,12.401078774705141
17.835492607863088,12.33480543527638
17.30530589243304,12.003438738132608
16.841392516431753,11.47325202270256
17.702945929005573,11.274432004416298
17.040212534718023,11.340705343845052
18.36567932329313,11.47325202270256
18.89586603872317,12.135985416990117
18.36567932329313,12.401078774705141
17.835492607863088,12.401078774705141
17.437852571290556,12.401078774705141
16.907665855860508,12.666172132420158
18.630772681008153,13.06381216899269
18.100585965578105,13.461452205565223
19.205141622724028,13.461452205565223
18.763319359865662,14.256732278710288
19.95623946958326,13.726545563280247
19.558599433010727,14.12418559985278
19.95623946958326,13.726545563280247
19.42605275415322,14.389278957567804
19.028412717580686,14.521825636425312
19.95623946958326,14.521825636425312
19.42605275415322,14.521825636425312
20.552699524442062,15.052012351855353
21.01661290044335,15.582199067285401
20.4864261850133,15.979839103857934
21.856075199874248,16.510025819287975
21.281706258158366,15.648472406714156
20.751519542728325,15.648472406714156
20.221332827298284,15.979839103857934
22.60717304673348,16.510025819287975
23.13735976216352,15.979839103857934
22.872266404448496,15.582199067285401
22.342079689018455,15.582199067285401
23.534999798736052,15.781019085571664
23.00481308330601,16.377479140430466
24.241915419309443,17.50412591071931
24.529099890167387,17.30530589243304
24.993013266168674,16.841392516431753
25.523199981598715,16.841392516431753
25.523199981598715,17.437852571290556
24.860466587311166,17.968039286720597
24.39655321130987,17.968039286720597
24.993013266168674,17.968039286720597
24.59537322959614,17.702945929005573
25.523199981598715,17.128576987289698
25.523199981598715,17.879674834148922
24.993013266168674,19.73532833815407
24.59537322959614,19.160959396438194
26.583573412458804,18.630772681008153
26.053386697028763,19.42605275415322
25.65574666045623,19.028412717580686
26.31848005474378,19.028412717580686
25.854566678742493,19.22723273586695
25.65574666045623,19.691146111868235
25.258106623883698,20.088786148440768
24.72791990845365,19.691146111868235
24.19773319302361,19.22723273586695
23.667546477593568,19.757419451296997
23.13735976216352,20.287606166727038
22.60717304673348,20.751519542728325
22.209533010160946,21.613072955302144
23.269906441021035,21.149159579300857
22.80599306501974,22.07698633130343
22.60717304673348,22.60717304673348
22.07698633130343,23.269906441021035
21.41425293701588,24.0651865141661
21.325888484444206,23.534999798736052
22.07698633130343,24.72791990845365
21.613072955302144,25.58947332102747
21.54679961587339,25.125559945026183
21.149159579300857,25.258106623883698
22.07698633130343,24.772102134739484
22.07698633130343,25.523199981598715
21.41425293701588,25.523199981598715
21.149159579300857,24.993013266168674
20.751519542728325,24.59537322959614
20.221332827298284,25.390653302741207
19.691146111868235,24.993013266168674
19.160959396438194,24.661646569024896
18.962139378151925,24.59537322959614
18.763319359865662,24.59537322959614
18.498226002150638,24.529099890167387
18.100585965578105,24.19773319302361
17.769219268434327,23.667546477593568
17.835492607863088,23.269906441021035
17.30530589243304,22.474626367875963
16.64257249814549,21.811892973588414
15.979839103857934,21.281706258158366
15.648472406714156,21.149159579300857
15.71474574614291,20.884066221585833
15.71474574614291,20.221332827298284
15.052012351855353,20.088786148440768
14.389278957567804,19.558599433010727
13.726545563280247,19.028412717580686
13.130085508421452,19.028412717580686
12.53362545356265,18.962139378151925
12.268532095847625,18.630772681008153
11.738345380417584,18.100585965578105
11.274432004416298,17.63667258957682
11.208158664987543,17.17275921357553
11.075611986130028,16.775119177003
10.81051862841501,16.244932461572958
10.280331912984963,15.781019085571664
10.015238555269946,15.317105709570377
9.617598518697413,14.919465672997845
9.087411803267365,14.389278957567804
9.087411803267365,13.925365581566517
,13.461452205565223
,13.06381216899269
,12.599898792991404
,12.33480543527638
,11.804618719846339
,11.274432004416298
,11.340705343845052
,11.340705343845052
