Y(hoy),Y(ayer)
10.214058573556208,8.954865124409856
10.677971949557495,8.954865124409856
11.208158664987543,8.954865124409856
10.545425270699987,8.888591784981102
10.0815118946987,8.358405069551054
10.147785234127454,8.689771766694832
10.147785234127454,8.159585051264791
10.147785234127454,8.822318445552341
9.485051839839898,8.2921317301223
9.087411803267365,7.894491693549767
8.557225087837324,7.496851656977235
8.159585051264791,6.9003916021184395
8.557225087837324,6.569024904974661
8.822318445552341,6.171384868402129
8.2921317301223,5.773744831829596
7.629398335834743,5.3761047952570635
7.1654849598334565,4.91219141925577
7.761945014692259,4.713371400969507
7.298031638690972,4.713371400969507
7.099211620404702,4.05063800668195
6.834118262689678,3.6529979701094177
6.70157158383217,3.255357933536885
6.038838189544613,2.5926245392493286
5.6411981529720805,2.3275311815343116
5.177284776970794,2.3938045209630587
4.647098061540753,2.3275311815343116
4.139002459253625,2.194984502676803
3.5867246306806635,1.7310711266755163
3.5204512912519093,1.2671577506742295
3.5204512912519093,1.2671577506742295
3.5204512912519093,1.2671577506742295
3.5204512912519093,1.2671577506742295
3.5204512912519093,1.2671577506742295
3.3879046123944008,1.2671577506742295
3.1228112546793767,1.2671577506742295
2.5926245392493286,1.2008844112454682
2.46007786039182,0.8695177141016899
2.46007786039182,0.4056043381004031
2.46007786039182,0.20678431981413326
2.46007786039182,0.20678431981413326
2.46007786039182,0.20678431981413326
2.46007786039182,0.20678431981413326
2.46007786039182,0.20678431981413326
2.46007786039182,0.20678431981413326
2.3275311815343116,0.20678431981413326
2.0624378238192946,0.20678431981413326
1.664797787246755,0.20678431981413326
2.194984502676803,0.20678431981413326
1.664797787246755,0.20678431981413326
2.194984502676803,0.20678431981413326
1.5322511083892465,0.20678431981413326
1.2671577506742295,0.20678431981413326
1.2671577506742295,0.20678431981413326
1.2671577506742295,0.20678431981413326
1.2671577506742295,0.20678431981413326
1.2671577506742295,0.20678431981413326
1.2671577506742295,0.20678431981413326
1.2671577506742295,0.20678431981413326
1.2008844112454682,0.20678431981413326
0.6927888089583405,0.20678431981413326
0.47187767752916443,0.20678431981413326
0.47187767752916443,0.20678431981413326
1.0020643929591984,0.20678431981413326
1.2671577506742295,0.20678431981413326
1.2671577506742295,0.7369710352441814
1.3334310901029767,0.20678431981413326
1.664797787246755,1.2671577506742295
1.2671577506742295,1.2671577506742295
2.23916672896263,1.2671577506742295
2.46007786039182,1.2671577506742295
2.5263511998205814,1.2671577506742295
3.0565379152506154,1.2671577506742295
3.5204512912519093,1.7310711266755163
3.5204512912519093,2.2612578421055503
3.0565379152506154,2.3275311815343116
2.46007786039182,2.46007786039182
2.990264575821868,3.3216312729656394
3.5204512912519093,2.8577178969643597
3.5204512912519093,3.5204512912519093
3.918091327824442,3.5867246306806635
3.3879046123944008,4.05063800668195
4.580824722111998,4.647098061540753
5.177284776970794,4.183184685539466
5.6411981529720805,3.6529979701094177
5.773744831829596,4.1169113461107045
5.773744831829596,4.647098061540753
5.773744831829596,5.1110114375420395
5.773744831829596,5.707471492400835
5.6411981529720805,5.773744831829596
5.309831455828302,6.237658207830883
4.845918079827015,5.773744831829596
4.514551382683237,6.767844923260924
4.580824722111998,7.032938280975948
4.580824722111998,7.496851656977235
4.580824722111998,7.894491693549767
4.647098061540753,8.358405069551054
5.177284776970794,8.822318445552341
5.6411981529720805,8.358405069551054
5.773744831829596,8.027038372407276
5.84001817125835,8.557225087837324
6.237658207830883,8.954865124409856
5.773744831829596,8.822318445552341
6.70157158383217,8.2921317301223
6.834118262689678,7.960765032978522
6.834118262689678,8.557225087837324
6.834118262689678,8.159585051264791
6.834118262689678,9.02113846383861
6.834118262689678,9.948965215841184
7.0108471678330275,9.352505160982389
7.894491693549767,10.94306530727252
7.364304978119726,10.479151931271232
8.557225087837324,10.457060818128312
8.027038372407276,11.274432004416298
9.88269187641243,12.135985416990117
9.286231821553635,11.47325202270256
9.88269187641243,13.395178866136469
9.219958482124873,12.798718811277674
8.954865124409856,13.859092242137756
11.208158664987543,14.455552296996558
10.677971949557495,14.521825636425312
10.147785234127454,14.521825636425312
11.208158664987543,14.588098975854066
10.677971949557495,15.317105709570377
10.214058573556208,14.786918994140336
11.208158664987543,15.582199067285401
10.677971949557495,16.57629915871673
10.280331912984963,15.979839103857934
10.677971949557495,17.570399250148064
10.214058573556208,17.040212534718023
11.208158664987543,16.907665855860508
10.81051862841501,17.040212534718023
11.605798701560076,17.63667258957682
11.075611986130028,18.16685930500686
12.268532095847625,18.630772681008153
12.864992150706428,20.022512809012014
13.328905526707715,19.42605275415322
13.593998884422739,19.028412717580686
14.256732278710288,21.01661290044335
14.919465672997845,20.552699524442062
15.493834614713727,20.15505948786953
15.71474574614291,20.088786148440768
16.244932461572958,19.95623946958326
16.64257249814549,19.492326093581973
15.979839103857934,19.028412717580686
16.64257249814549,19.42605275415322
15.979839103857934,20.287606166727038
16.775119177003,19.82369279072575
16.907665855860508,20.884066221585833
17.614581476433898,21.149159579300857
17.901765947291842,21.613072955302144
18.36567932329313,22.143259670732192
18.89586603872317,22.40835302844721
19.160959396438194,22.872266404448496
19.691146111868235,23.33617978044979
20.751519542728325,23.667546477593568
20.221332827298284,24.19773319302361
22.07698633130343,25.05928660559743
21.54679961587339,24.59537322959614
21.01661290044335,25.390653302741207
21.54679961587339,24.794193247882404
20.4864261850133,25.390653302741207
20.088786148440768,24.860466587311166
22.07698633130343,25.65574666045623
21.01661290044335,25.125559945026183
23.269906441021035,24.72791990845365
22.739719725590987,26.892848996459662
21.41425293701588,26.31848005474378
22.474626367875963,25.78829333931374
22.209533010160946,25.258106623883698
22.673446386162233,27.710220182747648
22.209533010160946,27.776493522176402
23.13735976216352,28.174133558748935
23.13735976216352,29.101960310751508
22.60717304673348,28.571773595321467
22.209533010160946,30.42742709932662
23.711728703879402,29.764693705039065
24.462826550738633,31.156433833042932
24.462826550738633,31.222707172471686
24.462826550738633,31.156433833042932
25.258106623883698,30.825067135899154
24.72791990845365,30.361153759897867
25.523199981598715,30.02978706275409
24.860466587311166,30.162333741611597
24.39655321130987,31.156433833042932
24.462826550738633,30.692520457041645
25.05928660559743,31.62034720904422
24.59537322959614,32.216807263903014
25.523199981598715,32.15053392447426
25.920840018171248,31.62034720904422
26.583573412458804,31.222707172471686
26.716120091316313,31.222707172471686
26.84866677017383,31.951713906187997
27.511400164461378,31.48780053018671
27.953222427319744,32.48190062161804
28.704320274178976,32.945813997619325
28.306680237606443,33.34345403419186
28.041586879891426,33.80736741019315
27.776493522176402,34.13873410733692
28.041586879891426,33.47600071304937
28.704320274178976,32.81326731876182
28.24040689817769,32.415627282189284
28.704320274178976,32.945813997619325
27.842766861605156,33.34345403419186
27.842766861605156,33.40972737362062
28.041586879891426,34.867740841053234
28.704320274178976,34.27128078619444
28.24040689817769,33.74109407076439
28.704320274178976,35.19910753819701
27.842766861605156,34.60264748333822
27.24630680674636,34.40382746505195
26.782393430745074,34.80146750162448
26.583573412458804,35.39792755648328
25.920840018171248,35.464200895912036
25.65574666045623,35.33165421705452
25.125559945026183,34.80146750162448
24.59537322959614,35.33165421705452
23.800093156451076,34.867740841053234
23.534999798736052,34.536374143909455
23.00481308330601,35.0665608593395
22.739719725590987,35.92811427191332
22.342079689018455,35.464200895912036
22.209533010160946,36.39202764791461
21.944439652445922,35.72929425362706
21.41425293701588,35.464200895912036
20.618972863870816,35.0665608593395
20.353879506155792,34.60264748333822
19.95623946958326,34.006187428479414
19.293506075295703,33.34345403419186
19.028412717580686,32.68072063990431
18.89586603872317,32.15053392447426
18.36567932329313,31.48780053018671
17.702945929005573,30.957613814756662
17.040212534718023,30.294880420469113
16.708845837574245,29.764693705039065
16.775119177003,29.234506989609024
16.244932461572958,28.83686695303649
15.71474574614291,28.43922691646396
15.052012351855353,27.975313540462672
14.588098975854066,27.445126825032624
14.389278957567804,26.981213449031337
13.859092242137756,26.583573412458804
13.461452205565223,25.920840018171248
14.389278957567804,25.65574666045623
13.859092242137756,25.258106623883698
14.389278957567804,24.72791990845365
13.859092242137756,24.264006532452363
13.527725544993984,23.667546477593568
13.859092242137756,23.203633101592274
13.461452205565223,22.60717304673348
14.521825636425312,22.209533010160946
15.228741256998703,21.811892973588414
15.758927972428744,21.21543291872961
16.510025819287975,21.01661290044335
15.979839103857934,20.4864261850133
17.17275921357553,20.088786148440768
17.835492607863088,19.691146111868235
18.100585965578105,19.22723273586695
17.702945929005573,18.498226002150638
18.630772681008153,18.23313264443562
19.160959396438194,17.835492607863088
19.757419451296997,17.17275921357553
20.353879506155792,17.570399250148064
20.884066221585833,17.17275921357553
21.347979597587127,17.084394761003857
21.878166313017168,17.901765947291842
21.811892973588414,17.437852571290556
21.325888484444206,16.907665855860508
22.07698633130343,17.437852571290556
23.534999798736052,17.968039286720597
22.60717304673348,18.763319359865662
23.534999798736052,18.23313264443562
23.402453119878544,19.028412717580686
22.872266404448496,19.22723273586695
22.342079689018455,20.353879506155792
22.938539743877257,19.691146111868235
23.468726459307298,20.884066221585833
23.932639835308585,20.221332827298284
23.932639835308585,20.221332827298284
23.468726459307298,20.884066221585833
23.932639835308585,21.944439652445922
24.993013266168674,21.41425293701588
25.523199981598715,22.60717304673348
24.993013266168674,23.269906441021035
23.932639835308585,22.872266404448496
23.468726459307298,22.474626367875963
23.932639835308585,24.330279871881118
23.534999798736052,23.667546477593568
25.987113357600002,23.00481308330601
27.113760127888845,24.59537322959614
26.583573412458804,24.59537322959614
27.776493522176402,24.59537322959614
28.24040689817769,24.59537322959614
28.83686695303649,24.72791990845365
29.035686971322754,25.523199981598715
29.632147026181556,26.119660036457518
30.294880420469113,25.65574666045623
30.957613814756662,27.113760127888845
31.090160493614178,26.583573412458804
31.090160493614178,27.710220182747648
30.55997377818413,27.643946843318894
30.162333741611597,27.180033467317607
30.957613814756662,26.84866677017383
31.156433833042932,27.511400164461378
31.62034720904422,27.842766861605156
32.283080603331776,28.770593613607737
32.98999622390516,28.306680237606443
33.2771806947631,28.83686695303649
33.74109407076439,28.903140292465245
34.27128078619444,28.903140292465245
33.60854739190688,29.234506989609024
33.34345403419186,29.89724038389658
32.945813997619325,29.89724038389658
32.415627282189284,29.49960034732404
33.21090735533435,28.903140292465245
32.81326731876182,29.234506989609024
33.2771806947631,29.89724038389658
32.68072063990431,29.83096704446782
32.01798724561675,29.367053668466532
31.48780053018671,28.969413631894
31.222707172471686,28.505500255892713
32.15053392447426,27.997404653605592
31.62034720904422,28.770593613607737
32.15053392447426,28.306680237606443
31.48780053018671,28.83686695303649
31.023887154185417,28.903140292465245
31.090160493614178,28.83686695303649
31.090160493614178,28.83686695303649
30.55997377818413,28.770593613607737
30.02978706275409,28.43922691646396
29.89724038389658,27.975313540462672
29.632147026181556,27.511400164461378
29.101960310751508,27.113760127888845
28.43922691646396,26.716120091316313
27.90904020103391,26.64984675188756
27.24630680674636,26.31848005474378
26.384753394172535,25.78829333931374
25.854566678742493,25.65574666045623
25.390653302741207,25.258106623883698
24.72791990845365,24.72791990845365
24.19773319302361,24.264006532452363
23.667546477593568,23.667546477593568
23.00481308330601,23.00481308330601
22.739719725590987,22.474626367875963
22.209533010160946,23.00481308330601
21.679346294730898,22.872266404448496
21.01661290044335,22.40835302844721
20.4864261850133,22.209533010160946
19.95623946958326,22.209533010160946
19.293506075295703,21.811892973588414
18.89586603872317,21.347979597587127
18.763319359865662,21.082886239872103
18.498226002150638,20.4864261850133
17.968039286720597,20.022512809012014
17.30530589243304,19.42605275415322
16.64257249814549,19.028412717580686
16.046112443286688,19.028412717580686
15.449652388427886,18.89586603872317
14.786918994140336,18.36567932329313
14.521825636425312,17.968039286720597
14.256732278710288,18.431952662721883
13.726545563280247,17.968039286720597
13.461452205565223,18.763319359865662
13.06381216899269,18.100585965578105
12.53362545356265,17.437852571290556
12.33480543527638,17.040212534718023
12.135985416990117,17.702945929005573
11.870892059275093,17.968039286720597
11.47325202270256,17.968039286720597
11.141885325558782,17.835492607863088
11.208158664987543,17.17275921357553
10.545425270699987,16.510025819287975
10.0815118946987,16.046112443286688
10.147785234127454,15.449652388427886
10.147785234127454,14.919465672997845
10.147785234127454,14.389278957567804
9.485051839839898,13.925365581566517
9.02113846383861,13.461452205565223
8.954865124409856,13.196358847850206
8.689771766694832,12.666172132420158
8.159585051264791,12.268532095847625
7.894491693549767,11.804618719846339
8.027038372407276,11.340705343845052
8.689771766694832,11.47325202270256
9.352505160982389,12.268532095847625
10.015238555269946,
10.147785234127454,
10.677971949557495,
12.666172132420158,
13.06381216899269,
