Y(hoy),Y(ayer)
10.0815118946987,8.954865124409856
9.617598518697413,9.750145197554922
8.623498427266078,9.219958482124873
8.027038372407276,8.822318445552341
8.623498427266078,8.2921317301223
10.280331912984963,7.894491693549767
9.88269187641243,8.689771766694832
9.087411803267365,9.485051839839898
10.147785234127454,9.88269187641243
10.015238555269946,9.087411803267365
8.225858390693546,8.689771766694832
8.822318445552341,7.894491693549767
8.358405069551054,7.894491693549767
8.2921317301223,7.496851656977235
7.761945014692259,6.966664941547194
7.231758299262211,6.502751565545907
6.834118262689678,5.972564850115859
7.761945014692259,6.480660452402979
7.298031638690972,6.171384868402129
7.099211620404702,5.773744831829596
6.834118262689678,5.773744831829596
6.834118262689678,6.303931547259637
6.70157158383217,5.6411981529720805
5.84001817125835,4.978464758684531
5.707471492400835,4.713371400969507
5.6411981529720805,4.713371400969507
5.044738098113285,4.448278043254483
4.647098061540753,4.05063800668195
4.580824722111998,3.5867246306806635
4.580824722111998,3.5204512912519093
4.05063800668195,3.3216312729656394
3.5867246306806635,2.8577178969643597
4.315731364396974,2.3938045209630587
3.7855446489669333,2.3275311815343116
4.05063800668195,2.3275311815343116
3.5867246306806635,2.3275311815343116
3.5204512912519093,2.3275311815343116
3.3879046123944008,2.3275311815343116
2.990264575821868,2.3275311815343116
3.034446802107695,1.929891144961772
3.5204512912519093,1.3334310901029767
3.5204512912519093,1.2671577506742295
3.189084594108131,1.664797787246755
2.5926245392493286,2.2612578421055503
2.46007786039182,2.3275311815343116
2.990264575821868,1.929891144961772
3.3879046123944008,1.4659777689604852
2.7914445575355984,1.2671577506742295
2.46007786039182,1.2671577506742295
2.1287111632480418,1.2671577506742295
1.7089800135325959,1.2671577506742295
2.3275311815343116,1.2671577506742295
1.7973444661042635,1.2671577506742295
2.46007786039182,1.2671577506742295
2.46007786039182,1.2671577506742295
2.46007786039182,1.2671577506742295
1.929891144961772,0.8695177141016899
1.5322511083892465,0.4056043381004031
1.2671577506742295,1.0020643929591984
1.2671577506742295,0.7369710352441814
1.2008844112454682,0.33933099867164174
1.2671577506742295,0.8695177141016899
0.20678431981413326,1.2671577506742295
0.6486065826724996,0.8695177141016899
1.0020643929591984,0.4056043381004031
0.7369710352441814,0.7369710352441814
0.33933099867164174,1.2671577506742295
1.1346110718167068,1.2671577506742295
1.1346110718167068,1.2671577506742295
0.7369710352441814,0.7369710352441814
0.20678431981413326,0.2730576592428946
1.2671577506742295,0.20678431981413326
1.2671577506742295,0.6044243563866729
1.2671577506742295,1.0020643929591984
1.3334310901029767,0.4056043381004031
1.7973444661042635,0.8695177141016899
1.2671577506742295,1.2671577506742295
1.929891144961772,1.2671577506742295
1.4659777689604852,1.399704429531738
1.929891144961772,2.194984502676803
1.5322511083892465,1.7973444661042635
1.929891144961772,1.7089800135325959
1.399704429531738,2.2612578421055503
2.3275311815343116,2.3275311815343116
1.7973444661042635,2.3275311815343116
2.46007786039182,2.3275311815343116
2.46007786039182,2.7914445575355984
2.46007786039182,3.3879046123944008
2.990264575821868,3.5204512912519093
2.46007786039182,3.7855446489669333
3.3879046123944008,4.448278043254483
2.725171218106837,4.713371400969507
3.255357933536885,5.707471492400835
2.725171218106837,5.1110114375420395
3.1228112546793767,6.569024904974661
2.5926245392493286,6.105111528973374
2.3275311815343116,5.84001817125835
3.5204512912519093,5.6411981529720805
2.990264575821868,5.177284776970794
3.5204512912519093,4.713371400969507
3.5204512912519093,5.243558116399548
4.05063800668195,5.773744831829596
3.5204512912519093,5.84001817125835
4.580824722111998,6.436478226117146
4.580824722111998,6.834118262689678
4.978464758684531,7.231758299262211
4.448278043254483,7.828218354121013
5.6411981529720805,7.894491693549767
5.6411981529720805,8.358405069551054
4.978464758684531,8.888591784981102
4.514551382683237,8.954865124409856
4.448278043254483,8.689771766694832
4.183184685539466,8.093311711836037
3.6529979701094177,7.894491693549767
3.5867246306806635,8.2921317301223
4.1169113461107045,8.888591784981102
4.580824722111998,9.087411803267365
4.580824722111998,9.948965215841184
4.580824722111998,9.485051839839898
4.625006948397832,10.412878591842478
5.420287021542897,11.075611986130028
4.845918079827015,11.605798701560076
5.707471492400835,12.864992150706428
5.950473736972938,12.268532095847625
6.70157158383217,13.395178866136469
6.237658207830883,13.925365581566517
6.171384868402129,13.461452205565223
5.773744831829596,14.389278957567804
6.70157158383217,14.919465672997845
6.370204886688391,15.449652388427886
5.906291510687105,15.052012351855353
5.906291510687105,14.588098975854066
6.480660452402979,14.521825636425312
7.0108471678330275,14.389278957567804
7.761945014692259,13.925365581566517
7.231758299262211,13.461452205565223
8.027038372407276,14.985739012426599
8.557225087837324,14.389278957567804
8.954865124409856,13.859092242137756
8.2921317301223,15.515925727856647
9.087411803267365,16.046112443286688
8.557225087837324,16.64257249814549
8.159585051264791,16.907665855860508
10.147785234127454,18.23313264443562
9.617598518697413,17.570399250148064
11.208158664987543,18.962139378151925
10.677971949557495,19.160959396438194
10.346605252413717,19.691146111868235
9.88269187641243,20.088786148440768
9.352505160982389,20.4864261850133
9.88269187641243,20.884066221585833
8.954865124409856,20.287606166727038
10.94306530727252,20.022512809012014
10.346605252413717,19.492326093581973
10.94306530727252,19.028412717580686
10.412878591842478,19.42605275415322
10.015238555269946,20.022512809012014
11.517434248988394,20.221332827298284
12.268532095847625,20.751519542728325
11.738345380417584,21.613072955302144
11.274432004416298,21.149159579300857
12.268532095847625,22.07698633130343
11.738345380417584,21.613072955302144
11.340705343845052,21.149159579300857
12.53362545356265,22.673446386162233
13.06381216899269,22.07698633130343
13.593998884422739,21.679346294730898
14.256732278710288,23.00481308330601
14.698554541568662,22.540899707304725
15.582199067285401,23.733819817022322
15.052012351855353,23.13735976216352
15.582199067285401,25.258106623883698
15.317105709570377,24.72791990845365
14.919465672997845,24.19773319302361
16.510025819287975,24.72791990845365
15.91356576442918,24.264006532452363
15.449652388427886,23.733819817022322
14.919465672997845,24.330279871881118
16.244932461572958,23.800093156451076
15.71474574614291,24.59537322959614
16.244932461572958,25.125559945026183
15.71474574614291,25.920840018171248
18.100585965578105,27.180033467317607
17.570399250148064,26.583573412458804
17.040212534718023,27.710220182747648
18.89586603872317,28.24040689817769
19.42605275415322,27.776493522176402
19.028412717580686,28.704320274178976
20.022512809012014,28.24040689817769
20.552699524442062,27.776493522176402
21.082886239872103,27.37885348560387
21.149159579300857,26.914940109602583
21.21543291872961,27.37885348560387
21.856075199874248,28.24040689817769
21.281706258158366,27.776493522176402
21.944439652445922,28.83686695303649
21.41425293701588,30.162333741611597
22.916448630734337,29.49960034732404
22.342079689018455,30.825067135899154
21.811892973588414,30.294880420469113
21.41425293701588,29.764693705039065
23.711728703879402,29.101960310751508
24.462826550738633,28.83686695303649
23.932639835308585,28.43922691646396
23.269906441021035,27.90904020103391
22.739719725590987,29.632147026181556
22.474626367875963,28.969413631894
22.07698633130343,30.361153759897867
21.54679961587339,30.825067135899154
21.149159579300857,30.162333741611597
22.651355273019313,29.89724038389658
23.402453119878544,29.49960034732404
23.269906441021035,29.101960310751508
23.00481308330601,30.42742709932662
22.60717304673348,29.764693705039065
22.209533010160946,31.686620548472973
23.402453119878544,31.090160493614178
24.462826550738633,32.15053392447426
23.932639835308585,31.48780053018671
23.49081757245022,31.222707172471686
23.402453119878544,31.885440566759243
23.071086422734766,31.28898051190044
22.60717304673348,31.222707172471686
23.402453119878544,31.355253851329195
24.462826550738633,31.885440566759243
23.932639835308585,31.222707172471686
23.00481308330601,30.957613814756662
23.49081757245022,30.55997377818413
23.13735976216352,30.162333741611597
22.60717304673348,31.752893887901728
22.209533010160946,31.090160493614178
24.241915419309443,32.945813997619325
23.667546477593568,32.34935394276053
23.13735976216352,32.15053392447426
22.60717304673348,31.62034720904422
24.529099890167387,31.222707172471686
25.125559945026183,32.15053392447426
25.78829333931374,31.752893887901728
26.31848005474378,33.07836067647684
26.31848005474378,32.54817396104679
25.78829333931374,32.945813997619325
25.125559945026183,32.415627282189284
24.59537322959614,32.283080603331776
24.131459853594855,32.74699397933306
23.667546477593568,33.2771806947631
25.258106623883698,33.07836067647684
24.72791990845365,32.415627282189284
24.19773319302361,32.283080603331776
23.269906441021035,32.01798724561675
26.583573412458804,31.355253851329195
26.053386697028763,30.825067135899154
26.64984675188756,30.42742709932662
26.583573412458804,31.752893887901728
26.053386697028763,31.090160493614178
25.523199981598715,33.07836067647684
25.05928660559743,32.415627282189284
24.462826550738633,34.27128078619444
23.800093156451076,33.74109407076439
23.402453119878544,33.2771806947631
25.258106623883698,32.68072063990431
26.583573412458804,32.283080603331776
26.053386697028763,33.60854739190688
25.722019999884985,34.27128078619444
26.31848005474378,33.74109407076439
27.423035711889703,33.21090735533435
26.84866677017383,32.74699397933306
25.78829333931374,32.15053392447426
27.643946843318894,31.48780053018671
26.981213449031337,30.825067135899154
26.451026733601296,30.162333741611597
25.78829333931374,29.632147026181556
27.37885348560387,29.234506989609024
26.716120091316313,28.770593613607737
26.252206715315026,28.174133558748935
27.643946843318894,27.511400164461378
27.113760127888845,26.782393430745074
26.583573412458804,26.583573412458804
26.053386697028763,25.920840018171248
25.523199981598715,25.258106623883698
24.993013266168674,24.794193247882404
24.462826550738633,24.330279871881118
23.99891317473734,23.667546477593568
23.468726459307298,23.13735976216352
23.402453119878544,22.474626367875963
22.938539743877257,21.811892973588414
22.209533010160946,21.281706258158366
21.944439652445922,20.751519542728325
21.54679961587339,20.287606166727038
21.01661290044335,20.884066221585833
20.353879506155792,20.353879506155792
19.691146111868235,20.4864261850133
19.205141622724028,20.022512809012014
19.95623946958326,19.558599433010727
19.42605275415322,19.09468605700944
18.89586603872317,18.89586603872317
18.431952662721883,18.36567932329313
17.702945929005573,17.835492607863088
17.040212534718023,17.17275921357553
16.377479140430466,16.775119177003
15.781019085571664,16.775119177003
16.244932461572958,16.64257249814549
16.775119177003,16.244932461572958
16.112385782715442,15.781019085571664
15.648472406714156,15.979839103857934
15.582199067285401,16.510025819287975
15.317105709570377,15.979839103857934
14.786918994140336,15.250832370141623
14.521825636425312,14.65437231528282
14.698554541568662,15.71474574614291
15.449652388427886,15.184559030712869
14.85319233356909,16.775119177003
15.449652388427886,16.377479140430466
14.389278957567804,17.570399250148064
13.726545563280247,17.040212534718023
13.461452205565223,18.100585965578105
15.317105709570377,17.570399250148064
14.65437231528282,18.962139378151925
14.256732278710288,18.498226002150638
15.71474574614291,19.293506075295703
16.244932461572958,19.691146111868235
15.847292425000418,20.353879506155792
17.614581476433898,21.01661290044335
17.040212534718023,21.149159579300857
16.775119177003,21.41425293701588
16.244932461572958,22.07698633130343
15.582199067285401,22.209533010160946
16.510025819287975,22.872266404448496
15.979839103857934,23.402453119878544
17.570399250148064,24.19773319302361
17.040212534718023,23.932639835308585
18.697046020436908,23.468726459307298
18.100585965578105,23.800093156451076
19.028412717580686,24.462826550738633
19.757419451296997,25.258106623883698
20.287606166727038,24.860466587311166
20.618972863870816,24.462826550738633
20.15505948786953,24.0651865141661
20.79570176901416,23.468726459307298
20.221332827298284,24.0651865141661
21.811892973588414,23.534999798736052
21.347979597587127,24.59537322959614
21.811892973588414,24.661646569024896
21.281706258158366,25.258106623883698
22.209533010160946,25.65574666045623
22.739719725590987,25.65574666045623
23.402453119878544,27.423035711889703
24.529099890167387,26.84866677017383
24.462826550738633,26.31848005474378
24.993013266168674,27.113760127888845
26.31848005474378,26.451026733601296
25.78829333931374,25.987113357600002
25.390653302741207,28.483409142749792
26.31848005474378,27.90904020103391
25.78829333931374,27.511400164461378
25.390653302741207,26.981213449031337
24.72791990845365,28.571773595321467
24.131459853594855,28.174133558748935
25.523199981598715,27.776493522176402
26.119660036457518,27.90904020103391
26.583573412458804,28.306680237606443
26.053386697028763,28.571773595321467
25.65574666045623,28.041586879891426
26.583573412458804,28.571773595321467
26.119660036457518,28.83686695303649
26.185933375886272,28.306680237606443
25.78829333931374,27.776493522176402
26.583573412458804,28.704320274178976
26.119660036457518,28.24040689817769
25.65574666045623,27.90904020103391
26.097568923314597,27.37885348560387
27.643946843318894,26.981213449031337
28.306680237606443,29.035686971322754
29.035686971322754,28.43922691646396
28.704320274178976,28.041586879891426
27.842766861605156,29.49960034732404
28.306680237606443,28.903140292465245
27.643946843318894,28.43922691646396
27.113760127888845,27.90904020103391
26.716120091316313,27.511400164461378
27.511400164461378,27.180033467317607
27.113760127888845,26.716120091316313
26.31848005474378,27.710220182747648
25.854566678742493,27.776493522176402
27.643946843318894,27.37885348560387
27.113760127888845,26.914940109602583
26.583573412458804,27.37885348560387
26.053386697028763,26.981213449031337
25.65574666045623,27.776493522176402
26.31848005474378,27.643946843318894
25.78829333931374,27.180033467317607
25.258106623883698,26.716120091316313
24.59537322959614,26.31848005474378
24.0651865141661,25.854566678742493
23.534999798736052,26.451026733601296
24.462826550738633,25.920840018171248
23.932639835308585,26.053386697028763
24.462826550738633,25.58947332102747
23.932639835308585,25.05928660559743
23.402453119878544,24.59537322959614
22.872266404448496,26.64984675188756
22.342079689018455,26.053386697028763
21.878166313017168,25.523199981598715
21.281706258158366,24.993013266168674
21.149159579300857,27.643946843318894
21.082886239872103,27.113760127888845
21.01661290044335,26.583573412458804
20.4864261850133,25.920840018171248
20.022512809012014,25.65574666045623
19.82369279072575,26.119660036457518
19.558599433010727,26.451026733601296
19.028412717580686,25.78829333931374
18.763319359865662,25.324379963312452
18.36567932329313,24.661646569024896
17.835492607863088,24.794193247882404
17.30530589243304,25.258106623883698
16.775119177003,25.58947332102747
17.702945929005573,25.258106623883698
17.17275921357553,24.72791990845365
16.907665855860508,24.264006532452363
16.377479140430466,23.667546477593568
15.847292425000418,23.269906441021035
15.052012351855353,22.872266404448496
14.786918994140336,22.2758063495897
14.256732278710288,22.07698633130343
13.726545563280247,21.54679961587339
13.461452205565223,20.884066221585833
14.389278957567804,20.618972863870816
13.859092242137756,20.221332827298284
13.196358847850206,19.691146111868235
12.931265490135182,19.160959396438194
12.53362545356265,20.884066221585833
12.069712077561363,20.420152845584546
11.47325202270256,20.221332827298284
11.141885325558782,19.691146111868235
11.208158664987543,19.028412717580686
11.208158664987543,18.36567932329313
10.545425270699987,17.835492607863088
10.0815118946987,17.30530589243304
10.015238555269946,16.907665855860508
9.750145197554922,17.570399250148064
9.219958482124873,18.36567932329313
9.087411803267365,17.968039286720597
9.087411803267365,18.763319359865662
9.02113846383861,18.100585965578105
8.424678408979808,17.570399250148064
8.159585051264791,17.040212534718023
7.629398335834743,16.510025819287975
7.099211620404702,15.979839103857934
6.834118262689678,17.570399250148064
7.761945014692259,17.040212534718023
7.364304978119726,16.510025819287975
7.099211620404702,17.30530589243304
6.834118262689678,16.907665855860508
6.834118262689678,17.570399250148064
6.834118262689678,17.17275921357553
6.767844923260924,16.775119177003
6.70157158383217,16.244932461572958
6.171384868402129,15.781019085571664
5.773744831829596,15.184559030712869
6.70157158383217,14.720645654711582
6.237658207830883,14.12418559985278
6.436478226117146,13.461452205565223
5.906291510687105,12.931265490135182
5.773744831829596,12.666172132420158
5.773744831829596,13.328905526707715
6.171384868402129,12.864992150706428
5.773744831829596,12.268532095847625
6.834118262689678,11.605798701560076
8.071220598693117,11.340705343845052
7.496851656977235,11.340705343845052
9.88269187641243,11.340705343845052
9.219958482124873,
8.822318445552341,
12.268532095847625,
11.67207204098883,
10.677971949557495,
14.12418559985278,
13.660272223851493,
13.06381216899269,
15.184559030712869,
14.65437231528282,
