Y(hoy),Y(ayer)
5.773744831829596,7.761945014692259
5.773744831829596,7.2759405255480445
5.773744831829596,6.834118262689678
5.707471492400835,7.828218354121013
5.6411981529720805,7.761945014692259
5.1110114375420395,7.231758299262211
4.647098061540753,6.70157158383217
4.580824722111998,6.237658207830883
4.514551382683237,5.773744831829596
4.183184685539466,5.773744831829596
3.918091327824442,5.6411981529720805
3.5204512912519093,5.1110114375420395
3.3879046123944008,4.713371400969507
3.1228112546793767,5.3761047952570635
2.725171218106837,4.91219141925577
2.3938045209630587,4.382004703825729
2.46007786039182,3.7855446489669333
2.3275311815343116,3.5204512912519093
1.9961644843905333,3.3879046123944008
1.399704429531738,2.7914445575355984
1.2671577506742295,2.194984502676803
0.9357910535304512,1.664797787246755
0.33933099867164174,2.0624378238192946
0.20678431981413326,1.399704429531738
0.07423764095662477,1.1346110718167068
-0.389675735044662,0.6044243563866729
-0.8535891110459488,1.0020643929591984
-0.8535891110459488,0.2730576592428946
-0.8535891110459488,0.20678431981413326
-0.8535891110459488,0.20678431981413326
-0.8535891110459488,0.20678431981413326
-0.7210424321884403,0.07423764095662477
-0.1908557167583922,-0.45594907447342337
-0.3234023956159007,-0.8535891110459488
-0.7873157716172017,-0.45594907447342337
-0.12458237732964506,-0.05830903790088371
-0.5884957533309318,-0.7210424321884403
1.5322511083892465,-0.8535891110459488
3.6529979701094177,-0.8535891110459488
3.454177951823155,-0.8535891110459488
3.5204512912519093,-0.8535891110459488
4.1169113461107045,-0.8535891110459488
3.6529979701094177,-0.8535891110459488
4.580824722111998,-0.8535891110459488
4.448278043254483,-0.8535891110459488
7.364304978119726,-0.7210424321884403
8.557225087837324,-0.05830903790088371
8.027038372407276,-0.45594907447342337
9.352505160982389,-0.8535891110459488
8.954865124409856,-0.8535891110459488
14.12418559985278,-0.8535891110459488
15.758927972428744,-0.8535891110459488
15.184559030712869,-0.8535891110459488
14.65437231528282,-0.8535891110459488
17.084394761003857,-0.8535891110459488
16.510025819287975,-0.8535891110459488
17.835492607863088,-0.389675735044662
19.293506075295703,0.14051098038538612
18.630772681008153,0.20678431981413326
19.95623946958326,0.07423764095662477
19.514417206724893,-0.45594907447342337
19.42605275415322,0.14051098038538612
20.4864261850133,-0.3234023956159007
20.088786148440768,0.20678431981413326
22.60717304673348,0.20678431981413326
22.07698633130343,0.20678431981413326
24.59537322959614,0.20678431981413326
23.932639835308585,0.7369710352441814
23.402453119878544,1.2671577506742295
26.451026733601296,1.5322511083892465
25.78829333931374,2.0624378238192946
25.258106623883698,2.8577178969643597
27.643946843318894,3.3879046123944008
27.113760127888845,3.8518179883956876
28.969413631894,4.448278043254483
28.43922691646396,4.713371400969507
30.02978706275409,5.177284776970794
29.49960034732404,5.508651474114572
31.62034720904422,4.91219141925577
31.090160493614178,5.906291510687105
33.47600071304937,7.761945014692259
32.945813997619325,7.231758299262211
34.40382746505195,8.822318445552341
34.60264748333822,8.2921317301223
35.0665608593395,9.352505160982389
35.464200895912036,10.015238555269946
39.04296122506483,11.208158664987543
39.705694619352386,10.81051862841501
40.412610239925776,12.268532095847625
41.95898815993007,12.931265490135182
41.428801444500024,14.985739012426599
40.10333465592491,14.389278957567804
36.524574326772125,13.859092242137756
37.4524010787747,16.64257249814549
36.92221436334465,15.979839103857934
38.115134473062255,15.449652388427886
38.77786786734981,17.901765947291842
38.247681151919764,17.30530589243304
37.717494436489716,18.763319359865662
37.187307721059675,18.36567932329313
36.657121005629634,18.100585965578105
36.19320762962835,18.763319359865662
35.596747574769545,19.028412717580686
37.187307721059675,19.028412717580686
36.657121005629634,20.4864261850133
36.2594809690571,19.95623946958326
37.717494436489716,19.42605275415322
37.58494775763221,22.342079689018455
37.187307721059675,21.811892973588414
38.91041454620732,21.281706258158366
37.98258779420474,23.667546477593568
37.187307721059675,23.13735976216352
36.126934290199586,22.739719725590987
35.72929425362706,25.258106623883698
35.0665608593395,24.72791990845365
34.40382746505195,24.19773319302361
33.74109407076439,27.113760127888845
33.34345403419186,26.583573412458804
34.27128078619444,26.053386697028763
33.74109407076439,25.65574666045623
33.07836067647684,28.43922691646396
32.54817396104679,27.90904020103391
32.283080603331776,27.511400164461378
33.2771806947631,29.83096704446782
32.81326731876182,29.234506989609024
33.40972737362062,28.83686695303649
34.536374143909455,31.355253851329195
33.93991408905066,30.825067135899154
33.47600071304937,30.294880420469113
35.33165421705452,32.945813997619325
34.80146750162448,32.415627282189284
34.27128078619444,35.19910753819701
33.74109407076439,34.536374143909455
33.07836067647684,34.006187428479414
32.61444730047555,36.39202764791461
31.090160493614178,35.99438761134208
31.156433833042932,38.247681151919764
31.090160493614178,37.85004111534723
30.55997377818413,39.308054582779846
30.162333741611597,40.16960799535367
29.764693705039065,39.705694619352386
29.367053668466532,40.63352137135496
31.156433833042932,41.03116140792749
30.626247117612884,40.63352137135496
30.02978706275409,40.10333465592491
29.632147026181556,39.705694619352386
28.83686695303649,38.247681151919764
31.090160493614178,37.717494436489716
30.55997377818413,37.187307721059675
30.162333741611597,35.99438761134208
31.090160493614178,36.39202764791461
30.55997377818413,35.99438761134208
30.096060402182843,35.86184093248457
30.957613814756662,35.39792755648328
30.294880420469113,34.80146750162448
31.222707172471686,34.27128078619444
31.090160493614178,33.80736741019315
30.55997377818413,33.34345403419186
30.096060402182843,35.33165421705452
29.101960310751508,34.80146750162448
31.62034720904422,34.27128078619444
31.222707172471686,36.2594809690571
32.15053392447426,35.79556759305581
31.62034720904422,35.92811427191332
31.090160493614178,36.39202764791461
30.294880420469113,37.4524010787747
29.89724038389658,37.054761042202166
30.825067135899154,38.51277450963478
31.885440566759243,37.98258779420474
31.48780053018671,37.4524010787747
32.283080603331776,36.78966768448714
32.945813997619325,36.39202764791461
32.415627282189284,35.596747574769545
33.34345403419186,35.0665608593395
33.60854739190688,34.006187428479414
33.60854739190688,33.60854739190688
34.27128078619444,32.74699397933306
33.80736741019315,33.21090735533435
35.33165421705452,34.27128078619444
34.80146750162448,33.873640749621906
34.27128078619444,33.21090735533435
34.80146750162448,32.68072063990431
33.74109407076439,32.283080603331776
33.34345403419186,32.945813997619325
35.596747574769545,32.415627282189284
34.13873410733692,31.752893887901728
36.524574326772125,31.48780053018671
35.99438761134208,31.090160493614178
35.19910753819701,30.42742709932662
35.86184093248457,30.162333741611597
35.33165421705452,32.216807263903014
34.66892082276697,31.62034720904422
32.945813997619325,32.15053392447426
32.415627282189284,31.62034720904422
33.47600071304937,31.222707172471686
33.07836067647684,31.885440566759243
34.09455188105109,32.283080603331776
33.07836067647684,31.62034720904422
32.54817396104679,31.090160493614178
31.885440566759243,30.42742709932662
31.28898051190044,30.162333741611597
33.47600071304937,29.89724038389658
32.945813997619325,29.367053668466532
32.415627282189284,28.571773595321467
31.885440566759243,28.041586879891426
34.536374143909455,29.234506989609024
34.006187428479414,30.692520457041645
34.80146750162448,30.42742709932662
34.27128078619444,30.02978706275409
33.74109407076439,29.234506989609024
36.78966768448714,29.89724038389658
35.19910753819701,29.83096704446782
34.536374143909455,29.367053668466532
36.657121005629634,28.969413631894
35.464200895912036,29.83096704446782
36.524574326772125,29.234506989609024
35.596747574769545,30.825067135899154
35.19910753819701,30.294880420469113
36.701303231915475,30.02978706275409
36.126934290199586,29.632147026181556
37.98258779420474,29.234506989609024
37.38612773934594,30.294880420469113
38.77786786734981,29.89724038389658
38.247681151919764,30.692520457041645
37.717494436489716,30.22860708104035
37.054761042202166,30.957613814756662
36.59084766620087,32.15053392447426
36.126934290199586,31.752893887901728
35.72929425362706,32.945813997619325
37.717494436489716,32.15053392447426
37.717494436489716,31.62034720904422
37.187307721059675,31.222707172471686
36.78966768448714,32.945813997619325
42.48917487536011,32.415627282189284
42.09153483878758,33.34345403419186
36.78966768448714,33.34345403419186
43.41700162736269,32.54817396104679
42.75426823307514,32.945813997619325
42.09153483878758,33.60854739190688
44.21228170050775,34.13873410733692
42.886814911932646,33.74109407076439
44.21228170050775,33.21090735533435
40.76606805021247,32.72490286619014
41.16370808678501,32.283080603331776
43.5495483062202,33.34345403419186
42.886814911932646,33.21090735533435
42.42290153593136,32.74699397933306
48.58632210280561,32.34935394276053
47.923588708518054,32.945813997619325
47.39340199308802,34.33755412562319
46.86321527765797,33.74109407076439
46.46557524108544,34.40382746505195
45.9353885256554,33.674820731335636
45.40520181022535,34.13873410733692
44.87501509479531,34.867740841053234
44.34482837936527,35.19910753819701
50.972162322240806,34.536374143909455
50.50824894623952,33.873640749621906
49.91178889138072,33.34345403419186
49.381602175950675,34.80146750162448
50.972162322240806,34.40382746505195
50.441975606810765,35.13283419876826
49.97806223080948,34.66892082276697
49.24905549709317,33.74109407076439
48.98396213937815,33.34345403419186
48.58632210280561,33.74109407076439
47.923588708518054,33.34345403419186
47.65849535080304,35.596747574769545
47.260855314230504,35.0665608593395
46.6643952593717,36.39202764791461
48.05613538737557,35.86184093248457
50.70706896452579,35.33165421705452
50.04433557023823,34.66892082276697
49.51414885480819,35.33165421705452
49.11650881823566,36.39202764791461
48.58632210280561,35.596747574769545
47.65849535080304,35.19910753819701
56.274029476541244,34.40382746505195
55.61129608225369,34.80146750162448
55.08110936682365,35.39792755648328
54.550922651393606,35.72929425362706
54.02073593596356,36.98848770277341
53.49054922053352,36.524574326772125
52.960362505103475,37.4524010787747
52.43017578967343,36.657121005629634
51.899989074243386,36.126934290199586
51.369802358813345,35.6630209141983
50.70706896452579,35.6630209141983
50.17688224909574,36.2594809690571
49.6466955336657,36.92221436334465
49.11650881823566,40.10333465592491
48.58632210280561,39.57314794049488
48.05613538737557,39.04296122506483
47.52594867194553,42.48917487536011
46.99576195651548,41.82644148107256
46.46557524108544,44.079735021650244
45.9353885256554,43.61582164564895
56.274029476541244,43.41700162736269
55.7438427611112,42.886814911932646
51.76744239538587,42.3566281965026
51.23725567995583,44.079735021650244
45.40520181022535,43.68209498507771
44.87501509479531,43.019361590790155
44.477375058222776,42.48917487536011
41.428801444500024,41.296254765642516
40.898614729069976,40.76606805021247
40.36842801363994,40.23588133478243
39.838241298209894,39.838241298209894
39.308054582779846,39.308054582779846
38.77786786734981,38.91041454620732
38.247681151919764,41.82644148107256
37.717494436489716,41.296254765642516
37.187307721059675,40.898614729069976
36.657121005629634,40.63352137135496
36.126934290199586,40.16960799535367
35.596747574769545,40.898614729069976
35.0665608593395,40.23588133478243
34.536374143909455,39.57314794049488
34.006187428479414,39.10923456449358
33.47600071304937,38.6453211884923
32.945813997619325,38.291863378205605
32.415627282189284,37.85004111534723
31.885440566759243,40.16960799535367
31.355253851329195,39.57314794049488
40.898614729069976,39.04296122506483
40.36842801363994,41.69389480221505
39.838241298209894,41.16370808678501
39.308054582779846,40.63352137135496
38.77786786734981,43.41700162736269
38.247681151919764,42.75426823307514
37.717494436489716,44.079735021650244
37.187307721059675,43.28445494850518
36.657121005629634,42.75426823307514
36.126934290199586,42.3566281965026
35.596747574769545,41.95898815993007
35.0665608593395,41.49507478392878
34.536374143909455,41.03116140792749
34.13873410733692,40.63352137135496
39.308054582779846,40.16960799535367
38.77786786734981,39.57314794049488
38.247681151919764,39.04296122506483
37.717494436489716,38.51277450963478
37.054761042202166,38.048861133633494
36.78966768448714,37.4524010787747
36.39202764791461,36.92221436334465
35.86184093248457,36.39202764791461
35.464200895912036,35.99438761134208
34.13873410733692,35.33165421705452
33.60854739190688,34.80146750162448
33.34345403419186,34.40382746505195
34.006187428479414,34.867740841053234
33.34345403419186,35.19910753819701
32.68072063990431,34.536374143909455
32.216807263903014,34.006187428479414
31.48780053018671,33.34345403419186
31.090160493614178,33.07836067647684
30.957613814756662,32.68072063990431
30.692520457041645,32.01798724561675
30.294880420469113,31.48780053018671
29.101960310751508,31.090160493614178
26.053386697028763,30.55997377818413
25.65574666045623,30.162333741611597
24.72791990845365,29.49960034732404
25.58947332102747,28.969413631894
25.125559945026183,28.571773595321467
25.58947332102747,27.37885348560387
25.258106623883698,26.981213449031337
28.041586879891426,26.053386697028763
28.43922691646396,24.72791990845365
28.704320274178976,24.19773319302361
28.174133558748935,23.800093156451076
27.776493522176402,25.125559945026183
27.37885348560387,24.462826550738633
26.716120091316313,25.920840018171248
27.15794235417468,27.24630680674636
26.716120091316313,26.053386697028763
28.571773595321467,26.64984675188756
27.90904020103391,26.583573412458804
29.234506989609024,25.920840018171248
30.162333741611597,25.258106623883698
27.776493522176402,24.59537322959614
27.90904020103391,27.37885348560387
29.49960034732404,26.84866677017383
28.969413631894,27.776493522176402
28.43922691646396,27.24630680674636
31.090160493614178,26.451026733601296
30.55997377818413,26.053386697028763
31.222707172471686,25.65574666045623
30.162333741611597,26.31848005474378
30.02978706275409,25.854566678742493
29.565873686752802,26.384753394172535
28.969413631894,27.37885348560387
29.632147026181556,26.84866677017383
30.825067135899154,28.969413631894
32.945813997619325,28.43922691646396
32.54817396104679,27.90904020103391
31.885440566759243,29.764693705039065
31.48780053018671,29.367053668466532
32.283080603331776,28.43922691646396
32.68072063990431,27.776493522176402
33.21090735533435,27.710220182747648
33.74109407076439,27.180033467317607
34.27128078619444,26.583573412458804
33.74109407076439,25.920840018171248
33.07836067647684,27.423035711889703
32.81326731876182,29.234506989609024
32.415627282189284,28.704320274178976
32.01798724561675,28.174133558748935
31.156433833042932,30.294880420469113
31.664529435330053,29.89724038389658
32.01798724561675,30.825067135899154
32.81326731876182,30.294880420469113
33.21090735533435,29.632147026181556
34.27128078619444,28.969413631894
33.74109407076439,28.505500255892713
35.33165421705452,27.975313540462672
36.78966768448714,27.975313540462672
33.21090735533435,28.43922691646396
32.81326731876182,29.764693705039065
33.674820731335636,29.234506989609024
34.27128078619444,31.355253851329195
33.60854739190688,30.825067135899154
32.945813997619325,32.216807263903014
32.415627282189284,32.68072063990431
31.885440566759243,32.283080603331776
34.27128078619444,34.27128078619444
33.74109407076439,33.74109407076439
33.74109407076439,33.21090735533435
33.07836067647684,32.68072063990431
32.81326731876182,32.15053392447426
32.415627282189284,31.48780053018671
31.885440566759243,30.957613814756662
31.42152719075795,30.42742709932662
31.023887154185417,30.162333741611597
31.134342719900012,31.885440566759243
32.415627282189284,31.48780053018671
31.885440566759243,32.15053392447426
31.355253851329195,31.62034720904422
33.21090735533435,31.222707172471686
32.54817396104679,31.885440566759243
32.01798724561675,31.42152719075795
31.48780053018671,31.752893887901728
31.222707172471686,32.216807263903014
33.21090735533435,33.21090735533435
32.68072063990431,32.68072063990431
32.283080603331776,34.27128078619444
32.415627282189284,33.80736741019315
31.885440566759243,33.47600071304937
31.355253851329195,33.74109407076439
30.825067135899154,33.34345403419186
30.294880420469113,35.596747574769545
29.89724038389658,35.00028751991075
28.83686695303649,34.536374143909455
31.62034720904422,36.39202764791461
31.222707172471686,33.21090735533435
32.216807263903014,32.68072063990431
32.68072063990431,32.01798724561675
28.969413631894,31.48780053018671
28.969413631894,31.222707172471686
29.89724038389658,32.945813997619325
29.367053668466532,32.415627282189284
29.101960310751508,33.2771806947631
28.704320274178976,32.68072063990431
28.174133558748935,32.15053392447426
27.710220182747648,31.752893887901728
27.113760127888845,31.090160493614178
26.451026733601296,30.55997377818413
24.59537322959614,30.02978706275409
24.330279871881118,29.49960034732404
24.462826550738633,29.101960310751508
23.800093156451076,32.945813997619325
23.00481308330601,32.415627282189284
22.342079689018455,31.951713906187997
21.811892973588414,31.355253851329195
21.281706258158366,30.825067135899154
21.01661290044335,31.885440566759243
20.4864261850133,31.355253851329195
20.088786148440768,30.891340475327908
19.42605275415322,30.42742709932662
18.962139378151925,30.02978706275409
18.36567932329313,29.367053668466532
19.95623946958326,29.101960310751508
19.470234980439052,28.704320274178976
19.028412717580686,28.174133558748935
18.89586603872317,27.776493522176402
18.36567932329313,29.764693705039065
17.968039286720597,29.234506989609024
17.570399250148064,28.83686695303649
16.775119177003,28.704320274178976
16.244932461572958,28.174133558748935
15.71474574614291,27.776493522176402
15.317105709570377,29.367053668466532
13.461452205565223,30.692520457041645
11.208158664987543,30.02978706275409
10.677971949557495,31.355253851329195
10.280331912984963,31.885440566759243
10.94306530727252,30.825067135899154
,30.294880420469113
,29.764693705039065
,29.234506989609024
,30.55997377818413
,30.02978706275409
,31.885440566759243
,31.48780053018671
,31.090160493614178
,30.42742709932662
,30.096060402182843
,31.752893887901728
,31.090160493614178
,30.55997377818413
,32.945813997619325
,32.415627282189284
,31.885440566759243
,31.355253851329195
,30.825067135899154
,28.704320274178976
,28.174133558748935
,27.511400164461378
,26.914940109602583
,27.445126825032624
,28.43922691646396
,27.90904020103391
,29.234506989609024
,29.764693705039065
,29.234506989609024
,28.571773595321467
,28.174133558748935
,27.776493522176402
,27.24630680674636
,26.716120091316313
,26.31848005474378
,25.78829333931374
,24.462826550738633
,23.932639835308585
,23.468726459307298
,23.33617978044979
,23.13735976216352
,22.60717304673348
,22.209533010160946
,21.811892973588414
,21.281706258158366
,20.618972863870816
,20.221332827298284
,20.088786148440768
,19.95623946958326
,19.558599433010727
,18.89586603872317
,18.36567932329313
,17.702945929005573
,17.437852571290556
,16.907665855860508
,18.100585965578105
,18.962139378151925
,18.630772681008153
,18.100585965578105
,17.570399250148064
,16.775119177003
,16.244932461572958
,15.847292425000418
,15.449652388427886
,15.052012351855353
,14.12418559985278
,13.461452205565223
,13.461452205565223
,12.931265490135182
,12.135985416990117
,11.605798701560076
,10.94306530727252
,10.412878591842478
,9.948965215841184
,9.418778500411143
,9.617598518697413
