Y(hoy),Y(ayer)
7.828218354121013,5.773744831829596
7.298031638690972,5.773744831829596
6.9003916021184395,5.773744831829596
7.629398335834743,5.773744831829596
7.894491693549767,5.773744831829596
7.761945014692259,5.508651474114572
7.298031638690972,5.1110114375420395
6.70157158383217,4.580824722111998
6.105111528973374,4.1169113461107045
5.707471492400835,3.5867246306806635
5.309831455828302,3.3879046123944008
4.845918079827015,2.7914445575355984
4.514551382683237,2.3938045209630587
4.580824722111998,2.3275311815343116
3.918091327824442,2.2612578421055503
3.454177951823155,1.7310711266755163
3.918091327824442,1.2671577506742295
3.3879046123944008,1.2671577506742295
4.580824722111998,1.1346110718167068
4.05063800668195,0.67069769581542
3.5204512912519093,0.20678431981413326
2.8577178969643597,0.07423764095662477
2.3938045209630587,-0.45594907447342337
2.46007786039182,-0.8535891110459488
2.46007786039182,-0.8535891110459488
1.929891144961772,-0.8535891110459488
1.399704429531738,-0.8535891110459488
1.1346110718167068,-0.8535891110459488
0.5381510169579116,-0.8535891110459488
0.20678431981413326,-0.8535891110459488
0.20678431981413326,-0.8535891110459488
0.20678431981413326,-0.8535891110459488
0.20678431981413326,-1.2512291476184885
0.20678431981413326,-1.7151425236197753
0.14051098038538612,-1.913962541906045
0.07423764095662477,-1.913962541906045
-0.5222224139021705,-1.5163225053335054
-0.8535891110459488,-0.8535891110459488
-0.8535891110459488,-1.2512291476184885
-0.8535891110459488,-1.7372336367626815
-0.9861357899034573,-0.9861357899034573
-1.5825958447622668,-0.8535891110459488
-1.450049165904744,-0.7210424321884403
-0.9861357899034573,0.20678431981413326
-0.8535891110459488,0.33933099867164174
-0.8535891110459488,1.1346110718167068
-0.8535891110459488,1.4659777689604852
-0.5884957533309318,2.0624378238192946
-0.05830903790088371,2.3275311815343116
0.47187767752916443,2.7914445575355984
1.5322511083892465,3.255357933536885
2.0624378238192946,4.05063800668195
2.5926245392493286,4.713371400969507
3.3879046123944008,5.243558116399548
2.8577178969643597,6.171384868402129
3.6529979701094177,7.496851656977235
9.617598518697413,7.099211620404702
9.219958482124873,7.894491693549767
13.107994395278524,10.147785234127454
12.53362545356265,9.617598518697413
12.003438738132608,9.087411803267365
11.605798701560076,10.94306530727252
10.81051862841501,11.738345380417584
14.433461183853638,11.340705343845052
13.859092242137756,13.461452205565223
15.758927972428744,12.798718811277674
15.184559030712869,12.268532095847625
17.040212534718023,14.720645654711582
16.510025819287975,14.12418559985278
17.968039286720597,15.847292425000418
18.674954907293987,15.184559030712869
18.630772681008153,17.17275921357553
18.23313264443562,16.510025819287975
17.835492607863088,17.835492607863088
17.30530589243304,17.570399250148064
16.244932461572958,17.040212534718023
15.71474574614291,17.17275921357553
17.040212534718023,18.100585965578105
19.691146111868235,17.702945929005573
21.54679961587339,20.4864261850133
21.149159579300857,19.95623946958326
25.390653302741207,19.42605275415322
25.78829333931374,21.54679961587339
29.49960034732404,22.60717304673348
28.969413631894,23.932639835308585
26.583573412458804,25.258106623883698
26.185933375886272,24.860466587311166
30.162333741611597,26.053386697028763
30.294880420469113,27.90904020103391
29.89724038389658,27.511400164461378
35.33165421705452,29.234506989609024
34.93401418048199,28.83686695303649
35.33165421705452,30.55997377818413
31.62034720904422,30.162333741611597
30.55997377818413,29.632147026181556
30.02978706275409,32.15053392447426
29.367053668466532,31.62034720904422
28.83686695303649,34.006187428479414
29.278689215894858,33.47600071304937
31.222707172471686,35.33165421705452
33.21090735533435,34.93401418048199
32.68072063990431,36.2594809690571
32.15053392447426,35.99438761134208
32.01798724561675,35.596747574769545
31.355253851329195,34.40382746505195
30.825067135899154,33.74109407076439
30.162333741611597,32.945813997619325
30.02978706275409,31.885440566759243
29.89724038389658,31.48780053018671
30.096060402182843,30.825067135899154
30.02978706275409,30.294880420469113
30.02978706275409,29.764693705039065
29.69842036561031,29.300780329037778
29.234506989609024,29.89724038389658
30.162333741611597,30.42742709932662
28.306680237606443,31.355253851329195
27.511400164461378,31.951713906187997
26.981213449031337,31.39943607761503
26.716120091316313,32.283080603331776
28.704320274178976,32.87954065819057
28.174133558748935,32.283080603331776
27.37885348560387,32.01798724561675
26.981213449031337,31.355253851329195
27.90904020103391,30.957613814756662
27.445126825032624,30.361153759897867
27.180033467317607,29.764693705039065
27.643946843318894,29.234506989609024
28.041586879891426,28.83686695303649
28.704320274178976,28.306680237606443
28.704320274178976,27.90904020103391
28.174133558748935,28.43922691646396
29.035686971322754,29.101960310751508
28.63804693475022,29.69842036561031
28.174133558748935,29.101960310751508
28.748502500464816,28.306680237606443
28.174133558748935,27.776493522176402
28.969413631894,27.37885348560387
29.101960310751508,26.84866677017383
29.764693705039065,26.31848005474378
29.764693705039065,25.78829333931374
29.367053668466532,27.643946843318894
28.43922691646396,27.24630680674636
27.90904020103391,26.716120091316313
28.483409142749792,27.24630680674636
28.969413631894,26.716120091316313
29.013595858179833,27.37885348560387
29.89724038389658,26.914940109602583
29.367053668466532,27.511400164461378
30.02978706275409,27.90904020103391
29.101960310751508,28.505500255892713
30.825067135899154,28.174133558748935
30.361153759897867,27.776493522176402
29.764693705039065,27.37885348560387
29.367053668466532,26.914940109602583
31.48780053018671,27.37885348560387
32.15053392447426,26.981213449031337
31.62034720904422,27.776493522176402
31.222707172471686,27.842766861605156
31.48780053018671,28.571773595321467
31.885440566759243,28.041586879891426
31.885440566759243,28.969413631894
31.355253851329195,29.89724038389658
31.023887154185417,29.367053668466532
31.090160493614178,30.02978706275409
30.55997377818413,30.294880420469113
30.162333741611597,30.957613814756662
30.825067135899154,31.222707172471686
30.692520457041645,30.957613814756662
30.42742709932662,30.294880420469113
31.090160493614178,29.234506989609024
30.55997377818413,28.969413631894
30.162333741611597,29.632147026181556
29.89724038389658,30.825067135899154
30.294880420469113,30.294880420469113
31.156433833042932,30.339062646754947
31.090160493614178,30.825067135899154
30.55997377818413,31.156433833042932
30.42742709932662,30.55997377818413
30.692520457041645,30.096060402182843
29.89724038389658,29.89724038389658
32.54817396104679,29.300780329037778
32.98999622390516,29.49960034732404
33.21090735533435,29.101960310751508
32.54817396104679,29.89724038389658
32.283080603331776,29.83096704446782
32.15053392447426,29.300780329037778
31.664529435330053,28.903140292465245
32.68072063990431,29.632147026181556
32.283080603331776,30.294880420469113
34.536374143909455,30.692520457041645
39.17550790392234,30.096060402182843
39.57314794049488,30.42742709932662
39.17550790392234,30.957613814756662
39.838241298209894,30.294880420469113
39.308054582779846,30.825067135899154
38.91041454620732,31.48780053018671
37.717494436489716,32.15053392447426
37.187307721059675,32.01798724561675
36.39202764791461,31.355253851329195
35.464200895912036,31.222707172471686
36.39202764791461,31.355253851329195
35.92811427191332,32.415627282189284
35.53047423534079,32.01798724561675
35.33165421705452,35.596747574769545
33.873640749621906,35.0665608593395
33.40972737362062,34.536374143909455
34.006187428479414,37.98258779420474
33.47600071304937,37.58494775763221
35.464200895912036,39.308054582779846
35.464200895912036,38.91041454620732
34.006187428479414,39.705694619352386
33.47600071304937,39.04296122506483
31.090160493614178,38.38022783077727
28.969413631894,37.717494436489716
22.342079689018455,37.31985439991719
21.944439652445922,36.92221436334465
21.54679961587339,36.39202764791461
21.01661290044335,35.86184093248457
20.221332827298284,36.39202764791461
19.558599433010727,37.31985439991719
19.028412717580686,37.4524010787747
19.82369279072575,37.054761042202166
19.73532833815407,36.657121005629634
19.293506075295703,35.99438761134208
19.95623946958326,35.33165421705452
19.359779414724457,34.40382746505195
19.293506075295703,34.4701008044807
20.884066221585833,35.596747574769545
21.082886239872103,35.19910753819701
21.01661290044335,36.657121005629634
20.420152845584546,37.98258779420474
20.088786148440768,38.51277450963478
21.082886239872103,37.4524010787747
19.889966130154505,37.054761042202166
19.42605275415322,35.86184093248457
19.028412717580686,35.33165421705452
19.82369279072575,34.93401418048199
20.353879506155792,34.006187428479414
21.856075199874248,33.60854739190688
21.41425293701588,32.415627282189284
22.07698633130343,31.355253851329195
21.613072955302144,30.825067135899154
21.41425293701588,29.234506989609024
21.082886239872103,28.704320274178976
20.552699524442062,28.174133558748935
20.088786148440768,26.451026733601296
20.884066221585833,25.920840018171248
21.856075199874248,25.390653302741207
21.41425293701588,24.59537322959614
23.13735976216352,24.0651865141661
22.60717304673348,23.402453119878544
23.402453119878544,22.342079689018455
22.872266404448496,21.811892973588414
22.342079689018455,21.41425293701588
22.60717304673348,21.01661290044335
22.209533010160946,20.4864261850133
23.181541988449354,19.558599433010727
23.402453119878544,19.09468605700944
23.932639835308585,19.691146111868235
24.462826550738633,19.160959396438194
23.800093156451076,19.558599433010727
23.13735976216352,20.088786148440768
22.695537499305154,19.82369279072575
23.269906441021035,19.160959396438194
22.60717304673348,19.028412717580686
23.534999798736052,19.028412717580686
23.99891317473734,19.42605275415322
24.529099890167387,20.751519542728325
25.191833284454937,21.082886239872103
24.72791990845365,20.552699524442062
25.324379963312452,19.95623946958326
25.65574666045623,19.492326093581973
24.993013266168674,19.160959396438194
24.529099890167387,19.691146111868235
25.390653302741207,19.42605275415322
25.722019999884985,19.028412717580686
26.64984675188756,19.95623946958326
25.987113357600002,20.81779288215708
26.583573412458804,20.420152845584546
25.987113357600002,20.088786148440768
25.258106623883698,20.884066221585833
24.72791990845365,20.287606166727038
24.860466587311166,20.221332827298284
25.65574666045623,21.01661290044335
24.72791990845365,21.149159579300857
24.131459853594855,21.01661290044335
23.800093156451076,20.4864261850133
23.269906441021035,20.022512809012014
24.59537322959614,19.492326093581973
24.993013266168674,19.028412717580686
25.65574666045623,19.95623946958326
26.362662281029614,19.42605275415322
26.583573412458804,21.082886239872103
25.920840018171248,21.149159579300857
25.258106623883698,21.01661290044335
24.59537322959614,20.552699524442062
23.932639835308585,20.221332827298284
23.13735976216352,20.884066221585833
22.739719725590987,21.21543291872961
21.149159579300857,22.143259670732192
21.149159579300857,21.679346294730898
19.42605275415322,22.60717304673348
18.630772681008153,23.13735976216352
18.100585965578105,22.60717304673348
17.769219268434327,22.143259670732192
17.835492607863088,21.811892973588414
17.239032553004286,21.41425293701588
17.30530589243304,22.872266404448496
17.835492607863088,22.342079689018455
17.30530589243304,23.402453119878544
14.521825636425312,23.932639835308585
14.057912260424025,24.59537322959614
13.461452205565223,25.258106623883698
12.798718811277674,24.72791990845365
12.135985416990117,24.59537322959614
11.738345380417584,24.993013266168674
11.274432004416298,25.78829333931374
10.81051862841501,26.451026733601296
10.214058573556208,25.920840018171248
10.015238555269946,25.258106623883698
9.617598518697413,24.72791990845365
9.087411803267365,24.59537322959614
9.087411803267365,25.258106623883698
,26.053386697028763
,26.583573412458804
,26.185933375886272
,25.920840018171248
,26.451026733601296
,25.920840018171248
,25.390653302741207
,24.794193247882404
,25.523199981598715
,25.65574666045623
,25.65574666045623
,24.72791990845365
,24.19773319302361
,23.667546477593568
,23.402453119878544
,24.0651865141661
,24.59537322959614
,24.59537322959614
,24.462826550738633
,23.932639835308585
,23.534999798736052
,23.13735976216352
,22.739719725590987
,21.811892973588414
,21.281706258158366
,21.149159579300857
,20.618972863870816
,19.42605275415322
,18.962139378151925
,18.630772681008153
,18.23313264443562
,17.30530589243304
,16.775119177003
,16.64257249814549
,16.64257249814549
,15.979839103857934
,15.582199067285401
,14.65437231528282
,13.991638920995271
,13.328905526707715
,12.666172132420158
,12.401078774705141
,12.401078774705141
,12.003438738132608
,11.406978683273806
,10.81051862841501
,10.214058573556208
,10.147785234127454
