Y(hoy),Y(ayer)
3.454177951823155,5.773744831829596
2.8577178969643597,5.3761047952570635
2.3938045209630587,4.91219141925577
2.46007786039182,4.713371400969507
2.46007786039182,4.713371400969507
2.46007786039182,4.183184685539466
1.7973444661042635,3.6529979701094177
1.3334310901029767,3.255357933536885
1.2671577506742295,2.725171218106837
1.0020643929591984,2.3275311815343116
0.7369710352441814,2.2612578421055503
0.33933099867164174,1.929891144961772
0.20678431981413326,1.399704429531738
0.20678431981413326,1.2671577506742295
-0.12458237732964506,1.2671577506742295
-0.6326779796167585,0.8695177141016899
-0.8535891110459488,0.20678431981413326
-1.1849558081897271,0.20678431981413326
-1.7151425236197753,0.20678431981413326
-2.1127825601923007,0.14051098038538612
-2.0465092207635536,-0.45594907447342337
-2.0465092207635536,-0.8535891110459488
-2.0465092207635536,-0.8535891110459488
-2.0465092207635536,-0.8535891110459488
-2.0465092207635536,-0.8535891110459488
-2.0465092207635536,-0.8535891110459488
-2.0465092207635536,-0.8535891110459488
-2.1127825601923007,-0.8535891110459488
-2.1127825601923007,-0.8535891110459488
-2.0465092207635536,-0.8535891110459488
-2.179055899621062,-0.8535891110459488
-1.11868246876098,-0.9198624504747102
-0.8535891110459488,-1.450049165904744
-0.6768602059025994,-1.913962541906045
-0.12458237732964506,-1.913962541906045
0.20678431981413326,-1.5163225053335054
0.6486065826724996,-0.9198624504747102
1.0020643929591984,-0.9861357899034573
1.399704429531738,-1.450049165904744
1.9961644843905333,-1.648869184191014
2.504260086677661,-0.9861357899034573
2.990264575821868,-0.8535891110459488
6.038838189544613,-0.8535891110459488
5.508651474114572,-0.8535891110459488
6.834118262689678,-0.654769092759679
7.496851656977235,-0.05830903790088371
8.027038372407276,0.20678431981413326
12.268532095847625,0.20678431981413326
11.870892059275093,0.20678431981413326
14.12418559985278,0.8695177141016899
13.593998884422739,1.2671577506742295
16.046112443286688,1.664797787246755
15.449652388427886,2.2612578421055503
17.040212534718023,2.725171218106837
16.510025819287975,3.3879046123944008
17.570399250148064,4.05063800668195
18.23313264443562,4.845918079827015
20.4864261850133,6.436478226117146
21.01661290044335,5.906291510687105
22.60717304673348,7.231758299262211
24.462826550738633,6.834118262689678
23.932639835308585,7.761945014692259
26.31848005474378,8.2921317301223
25.78829333931374,8.954865124409856
28.174133558748935,9.485051839839898
27.776493522176402,10.412878591842478
31.090160493614178,10.015238555269946
32.945813997619325,12.798718811277674
32.415627282189284,12.268532095847625
34.27128078619444,11.738345380417584
39.838241298209894,14.65437231528282
39.44060126163736,14.12418559985278
42.22408151764509,13.726545563280247
41.69389480221505,16.510025819287975
41.296254765642516,15.979839103857934
43.88091500336398,15.449652388427886
43.28445494850518,17.30530589243304
44.34482837936527,16.907665855860508
44.34482837936527,17.835492607863088
43.81464166393522,18.36567932329313
43.15190826964766,19.558599433010727
42.3566281965026,20.088786148440768
42.09153483878758,20.618972863870816
41.56134812335753,23.402453119878544
41.097434747356246,22.872266404448496
41.472983670785865,22.342079689018455
41.03116140792749,25.258106623883698
42.29035485707385,24.72791990845365
41.95898815993007,24.19773319302361
41.49507478392878,27.113760127888845
41.36252810507127,26.583573412458804
42.003170386215906,26.053386697028763
41.56134812335753,28.174133558748935
42.3566281965026,29.234506989609024
43.019361590790155,31.090160493614178
42.42290153593136,30.55997377818413
43.019361590790155,32.945813997619325
42.48917487536011,32.415627282189284
41.95898815993007,34.27128078619444
41.428801444500024,33.873640749621906
40.898614729069976,35.33165421705452
40.50097469249745,36.126934290199586
40.10333465592491,37.4524010787747
39.705694619352386,36.92221436334465
39.17550790392234,40.63352137135496
39.61733016678071,40.10333465592491
39.17550790392234,39.57314794049488
39.838241298209894,39.04296122506483
39.2417812433511,43.28445494850518
38.38022783077727,42.75426823307514
37.717494436489716,42.22408151764509
37.25358106048843,41.69389480221505
37.717494436489716,45.27265513136784
36.524574326772125,44.609921737080285
36.2594809690571,44.079735021650244
35.72929425362706,43.68209498507771
35.464200895912036,45.53774848908286
35.596747574769545,45.53774848908286
35.596747574769545,45.14010845251033
34.93401418048199,44.74246841593779
34.4701008044807,44.34482837936527
34.27128078619444,43.81464166393522
33.80736741019315,43.218181609076424
33.21090735533435,43.019361590790155
32.68072063990431,42.62172155421762
32.01798724561675,42.22408151764509
31.752893887901728,41.95898815993007
31.28898051190044,41.428801444500024
30.55997377818413,41.03116140792749
30.096060402182843,41.03116140792749
28.969413631894,41.03116140792749
28.969413631894,41.56134812335753
28.903140292465245,42.09153483878758
28.571773595321467,41.69389480221505
28.21831578503477,41.16370808678501
27.776493522176402,40.76606805021247
28.83686695303649,40.36842801363994
28.969413631894,39.705694619352386
28.969413631894,39.04296122506483
28.63804693475022,38.91041454620732
28.174133558748935,38.91041454620732
27.776493522176402,38.51277450963478
28.704320274178976,37.98258779420474
28.306680237606443,37.4524010787747
28.43922691646396,36.78966768448714
27.90904020103391,36.2594809690571
29.49960034732404,35.86184093248457
29.035686971322754,35.39792755648328
29.89724038389658,34.93401418048199
29.101960310751508,34.4701008044807
28.969413631894,34.40382746505195
29.49960034732404,34.27128078619444
29.49960034732404,33.80736741019315
29.035686971322754,33.34345403419186
29.8088759313249,32.945813997619325
29.234506989609024,32.415627282189284
29.89724038389658,31.752893887901728
30.02978706275409,31.090160493614178
29.367053668466532,30.55997377818413
28.83686695303649,30.162333741611597
31.222707172471686,30.825067135899154
30.02978706275409,30.361153759897867
30.361153759897867,29.89724038389658
30.825067135899154,29.49960034732404
30.162333741611597,29.101960310751508
29.89724038389658,29.89724038389658
30.02978706275409,29.49960034732404
30.02978706275409,28.704320274178976
30.073969289039923,28.24040689817769
30.891340475327908,27.643946843318894
30.42742709932662,27.113760127888845
31.090160493614178,26.716120091316313
31.090160493614178,27.710220182747648
30.55997377818413,27.24630680674636
30.096060402182843,27.90904020103391
32.01798724561675,28.306680237606443
31.48780053018671,28.969413631894
30.55997377818413,30.361153759897867
30.162333741611597,29.764693705039065
32.68072063990431,29.234506989609024
33.21090735533435,32.01798724561675
32.415627282189284,31.355253851329195
32.945813997619325,30.825067135899154
33.60854739190688,32.01798724561675
35.72929425362706,31.355253851329195
36.2594809690571,30.692520457041645
36.92221436334465,30.096060402182843
37.4524010787747,30.02978706275409
36.8559410239159,30.02978706275409
36.39202764791461,30.692520457041645
35.72929425362706,30.162333741611597
35.464200895912036,30.55997377818413
45.40520181022535,30.02978706275409
44.87501509479531,30.162333741611597
44.477375058222776,30.294880420469113
44.87501509479531,30.825067135899154
44.411101718794015,30.55997377818413
44.477375058222776,31.156433833042932
43.5495483062202,30.162333741611597
43.15190826964766,32.01798724561675
42.22408151764509,31.48780053018671
40.76606805021247,30.692520457041645
40.23588133478243,30.02978706275409
39.9707879770674,29.367053668466532
41.95898815993007,30.294880420469113
41.428801444500024,30.825067135899154
43.019361590790155,30.361153759897867
42.48917487536011,30.957613814756662
42.157808178216335,31.929622793045077
42.22408151764509,31.48780053018671
41.56134812335753,31.62034720904422
41.296254765642516,31.222707172471686
40.898614729069976,31.686620548472973
40.36842801363994,31.222707172471686
39.9707879770674,32.216807263903014
39.705694619352386,32.15053392447426
38.91041454620732,31.48780053018671
39.838241298209894,31.885440566759243
40.898614729069976,32.216807263903014
40.50097469249745,31.885440566759243
41.296254765642516,31.355253851329195
38.51277450963478,31.355253851329195
38.115134473062255,31.885440566759243
37.4524010787747,32.415627282189284
36.78966768448714,33.2771806947631
36.2594809690571,33.34345403419186
35.596747574769545,32.68072063990431
35.6630209141983,33.74109407076439
35.26538087762577,33.21090735533435
34.80146750162448,34.66892082276697
34.40382746505195,35.464200895912036
33.74109407076439,35.464200895912036
33.07836067647684,35.33165421705452
32.415627282189284,34.66892082276697
31.090160493614178,34.006187428479414
30.55997377818413,33.47600071304937
30.02978706275409,35.0665608593395
29.89724038389658,34.536374143909455
29.89724038389658,35.99438761134208
31.222707172471686,36.657121005629634
31.222707172471686,38.51277450963478
30.648338230755805,38.115134473062255
31.48780053018671,40.63352137135496
30.957613814756662,40.23588133478243
32.216807263903014,43.28445494850518
32.68072063990431,42.75426823307514
34.80146750162448,42.3566281965026
34.40382746505195,44.079735021650244
35.33165421705452,43.59373053250604
34.80146750162448,44.079735021650244
34.40382746505195,43.28445494850518
34.006187428479414,42.75426823307514
30.55997377818413,42.22408151764509
30.162333741611597,41.428801444500024
30.825067135899154,42.48917487536011
31.355253851329195,41.95898815993007
34.27128078619444,44.079735021650244
33.80736741019315,43.61582164564895
33.40972737362062,43.15190826964766
33.60854739190688,43.41700162736269
34.27128078619444,42.886814911932646
34.580556370195296,42.29035485707385
35.86184093248457,41.69389480221505
35.26538087762577,41.229981426213755
36.524574326772125,40.63352137135496
35.86184093248457,40.23588133478243
35.33165421705452,39.705694619352386
34.66892082276697,39.04296122506483
34.006187428479414,40.36842801363994
33.47600071304937,39.838241298209894
33.52018293933521,41.16370808678501
34.536374143909455,40.76606805021247
34.13873410733692,41.82644148107256
35.19910753819701,41.296254765642516
35.92811427191332,40.76606805021247
36.458300987343364,40.23588133478243
36.96639658963049,38.77786786734981
37.717494436489716,38.247681151919764
37.187307721059675,37.717494436489716
36.657121005629634,36.92221436334465
36.126934290199586,36.524574326772125
35.6630209141983,36.126934290199586
35.0665608593395,35.72929425362706
34.40382746505195,36.39202764791461
33.80736741019315,35.86184093248457
33.21090735533435,35.0665608593395
32.87954065819057,34.536374143909455
32.415627282189284,34.006187428479414
32.216807263903014,33.21090735533435
32.15053392447426,32.54817396104679
31.48780053018671,32.15053392447426
31.222707172471686,31.355253851329195
30.692520457041645,30.825067135899154
30.096060402182843,30.361153759897867
30.55997377818413,30.162333741611597
31.090160493614178,30.692520457041645
31.664529435330053,30.692520457041645
31.090160493614178,30.02978706275409
32.945813997619325,30.02978706275409
32.415627282189284,31.42152719075795
32.945813997619325,30.825067135899154
32.415627282189284,30.294880420469113
32.415627282189284,32.945813997619325
32.945813997619325,32.415627282189284
34.13873410733692,31.885440566759243
33.60854739190688,33.74109407076439
34.580556370195296,34.27128078619444
35.33165421705452,33.873640749621906
34.80146750162448,33.07836067647684
34.27128078619444,32.15053392447426
33.74109407076439,31.752893887901728
32.81326731876182,31.222707172471686
32.01798724561675,31.48780053018671
31.48780053018671,32.01798724561675
30.957613814756662,32.81326731876182
31.951713906187997,34.07246076790817
31.355253851329195,33.74109407076439
33.21090735533435,33.34345403419186
34.27128078619444,32.945813997619325
33.74109407076439,32.34935394276053
34.006187428479414,32.283080603331776
33.54227405247813,32.415627282189284
33.21090735533435,33.2771806947631
32.945813997619325,32.81326731876182
32.54817396104679,33.80736741019315
32.15053392447426,34.27128078619444
31.62034720904422,33.74109407076439
31.090160493614178,33.21090735533435
30.55997377818413,32.74699397933306
30.02978706275409,32.415627282189284
31.090160493614178,33.01208733704808
30.692520457041645,32.68072063990431
30.957613814756662,32.283080603331776
30.692520457041645,33.21090735533435
30.162333741611597,32.81326731876182
29.89724038389658,34.27128078619444
29.49960034732404,33.74109407076439
28.83686695303649,35.39792755648328
28.306680237606443,35.33165421705452
27.643946843318894,34.80146750162448
26.981213449031337,34.27128078619444
26.451026733601296,33.80736741019315
25.78829333931374,33.34345403419186
25.324379963312452,33.34345403419186
24.860466587311166,34.006187428479414
24.993013266168674,34.40382746505195
25.523199981598715,34.80146750162448
24.860466587311166,35.33165421705452
24.19773319302361,34.93401418048199
23.733819817022322,34.4701008044807
23.00481308330601,34.27128078619444
22.739719725590987,33.74109407076439
22.342079689018455,33.34345403419186
21.878166313017168,34.60264748333822
21.281706258158366,34.006187428479414
20.751519542728325,33.60854739190688
20.221332827298284,35.6630209141983
19.691146111868235,35.0665608593395
19.028412717580686,36.17111651648543
18.763319359865662,35.86184093248457
18.36567932329313,35.33165421705452
17.901765947291842,34.66892082276697
17.702945929005573,34.40382746505195
17.17275921357553,34.006187428479414
16.64257249814549,33.47600071304937
15.847292425000418,33.34345403419186
15.449652388427886,33.34345403419186
15.449652388427886,33.34345403419186
14.919465672997845,32.81326731876182
14.389278957567804,32.34935394276053
13.527725544993984,32.54817396104679
13.461452205565223,32.945813997619325
13.461452205565223,33.74109407076439
11.274432004416298,33.34345403419186
10.74424528898625,34.27128078619444
10.147785234127454,34.13873410733692
9.617598518697413,32.945813997619325
9.087411803267365,32.415627282189284
8.623498427266078,32.01798724561675
8.159585051264791,31.62034720904422
7.828218354121013,31.090160493614178
7.3201227518338925,30.55997377818413
7.099211620404702,30.096060402182843
6.70157158383217,29.49960034732404
6.171384868402129,28.83686695303649
6.436478226117146,28.174133558748935
6.038838189544613,27.776493522176402
,27.710220182747648
,26.981213449031337
,26.31848005474378
,25.78829333931374
,25.65574666045623
,25.258106623883698
,24.794193247882404
,24.330279871881118
,23.667546477593568
,23.00481308330601
,22.342079689018455
,21.878166313017168
,21.281706258158366
,20.618972863870816
,19.95623946958326
,19.42605275415322
,18.89586603872317
,18.36567932329313
,17.901765947291842
,17.30530589243304
,16.841392516431753
,16.775119177003
,16.510025819287975
,16.112385782715442
,15.449652388427886
,14.786918994140336
,14.389278957567804
,13.726545563280247
,13.196358847850206
,12.798718811277674
,12.268532095847625
,11.804618719846339
,11.47325202270256
,12.003438738132608
,12.53362545356265
,13.06381216899269
,13.461452205565223
,12.53362545356265
,11.47325202270256
,11.075611986130028
,10.677971949557495
,10.214058573556208
,9.617598518697413
,9.15368514269612
,8.557225087837324
,8.093311711836037
,7.828218354121013
,7.231758299262211
,6.834118262689678
,6.436478226117146
,5.84001817125835
,5.773744831829596
