Y(hoy),Y(ayer)
13.395178866136469,10.147785234127454
12.864992150706428,9.88269187641243
12.467352114133895,9.352505160982389
13.107994395278524,8.954865124409856
13.461452205565223,8.888591784981102
13.638181110708572,8.358405069551054
14.389278957567804,7.828218354121013
13.991638920995271,7.496851656977235
14.389278957567804,7.032938280975948
13.726545563280247,6.834118262689678
13.06381216899269,6.834118262689678
12.577807679848483,6.436478226117146
13.328905526707715,5.84001817125835
12.798718811277674,5.773744831829596
12.135985416990117,5.773744831829596
11.870892059275093,5.3761047952570635
11.47325202270256,4.91219141925577
11.009338646701273,4.647098061540753
10.412878591842478,4.05063800668195
10.0815118946987,3.5867246306806635
10.147785234127454,3.3879046123944008
9.617598518697413,2.7914445575355984
9.087411803267365,2.3275311815343116
9.219958482124873,2.3275311815343116
9.88269187641243,2.3275311815343116
9.15368514269612,2.3275311815343116
9.617598518697413,1.7973444661042635
8.424678408979808,1.2671577506742295
7.960765032978522,2.0624378238192946
8.027038372407276,1.664797787246755
8.601407314123158,1.2671577506742295
8.822318445552341,1.2671577506742295
8.2921317301223,1.2671577506742295
7.629398335834743,1.2671577506742295
6.966664941547194,1.2671577506742295
6.70157158383217,1.2671577506742295
6.171384868402129,1.1346110718167068
5.773744831829596,0.6044243563866729
6.038838189544613,0.20678431981413326
6.70157158383217,1.2008844112454682
6.038838189544613,0.7369710352441814
5.773744831829596,1.0020643929591984
5.3761047952570635,0.4056043381004031
4.845918079827015,0.20678431981413326
4.448278043254483,0.20678431981413326
4.845918079827015,0.20678431981413326
5.420287021542897,0.33933099867164174
5.3761047952570635,1.1346110718167068
4.845918079827015,0.7369710352441814
4.514551382683237,0.6044243563866729
4.580824722111998,0.20678431981413326
4.580824722111998,0.20678431981413326
4.24945802496822,0.20678431981413326
3.7855446489669333,0.20678431981413326
3.454177951823155,0.20678431981413326
3.5204512912519093,0.20678431981413326
3.5204512912519093,0.20678431981413326
3.189084594108131,0.20678431981413326
2.725171218106837,0.20678431981413326
3.255357933536885,0.20678431981413326
2.725171218106837,0.20678431981413326
2.990264575821868,0.20678431981413326
2.46007786039182,0.20678431981413326
2.46007786039182,0.20678431981413326
2.46007786039182,0.20678431981413326
2.46007786039182,0.20678431981413326
2.46007786039182,0.2730576592428946
2.1287111632480418,0.8695177141016899
1.5322511083892465,1.2671577506742295
1.3334310901029767,1.2671577506742295
1.2671577506742295,1.3334310901029767
1.5322511083892465,1.929891144961772
2.194984502676803,2.725171218106837
2.194984502676803,3.3879046123944008
1.5322511083892465,3.5867246306806635
1.2671577506742295,3.8518179883956876
1.3334310901029767,4.448278043254483
1.664797787246755,4.713371400969507
1.2671577506742295,4.845918079827015
2.23916672896263,5.508651474114572
2.46007786039182,5.773744831829596
2.46007786039182,7.761945014692259
2.3275311815343116,7.231758299262211
2.0624378238192946,6.70157158383217
1.5322511083892465,6.171384868402129
1.2671577506742295,9.88269187641243
1.3334310901029767,9.418778500411143
1.5322511083892465,8.822318445552341
2.194984502676803,8.2921317301223
1.7310711266755163,9.352505160982389
2.0624378238192946,10.479151931271232
1.664797787246755,9.88269187641243
2.194984502676803,11.539525362131315
1.7310711266755163,10.94306530727252
2.23916672896263,12.069712077561363
1.664797787246755,13.196358847850206
2.5926245392493286,12.53362545356265
1.929891144961772,14.521825636425312
1.399704429531738,13.859092242137756
1.9961644843905333,15.781019085571664
2.5263511998205814,15.184559030712869
3.1228112546793767,16.841392516431753
3.5204512912519093,16.244932461572958
3.5204512912519093,17.30530589243304
3.5204512912519093,18.16685930500686
2.990264575821868,17.702945929005573
2.5263511998205814,18.697046020436908
3.3879046123944008,19.160959396438194
2.725171218106837,19.691146111868235
3.5867246306806635,20.618972863870816
4.1169113461107045,20.088786148440768
4.580824722111998,21.41425293701588
4.580824722111998,22.673446386162233
5.1110114375420395,22.07698633130343
4.713371400969507,24.241915419309443
5.6411981529720805,23.667546477593568
5.906291510687105,23.13735976216352
6.480660452402979,26.097568923314597
6.834118262689678,25.523199981598715
6.834118262689678,24.993013266168674
6.966664941547194,28.483409142749792
7.629398335834743,27.90904020103391
8.071220598693117,27.37885348560387
8.866500671838182,26.84866677017383
8.2921317301223,30.869249362184988
9.087411803267365,30.294880420469113
9.750145197554922,29.764693705039065
10.412878591842478,29.234506989609024
11.075611986130028,31.752893887901728
11.208158664987543,32.54817396104679
11.47325202270256,34.33755412562319
11.075611986130028,33.74109407076439
12.003438738132608,33.21090735533435
12.268532095847625,35.99438761134208
11.605798701560076,35.33165421705452
11.340705343845052,34.80146750162448
10.94306530727252,37.25358106048843
10.280331912984963,36.657121005629634
10.214058573556208,38.84414120677856
10.81051862841501,38.247681151919764
11.47325202270256,37.717494436489716
12.047620964418442,40.898614729069976
12.33480543527638,40.36842801363994
12.798718811277674,39.838241298209894
13.328905526707715,39.308054582779846
12.798718811277674,42.09153483878758
13.859092242137756,41.428801444500024
13.328905526707715,43.41700162736269
12.798718811277674,42.75426823307514
12.401078774705141,44.74246841593779
14.521825636425312,44.079735021650244
15.493834614713727,45.9353885256554
14.919465672997845,45.40520181022535
14.521825636425312,47.06203529594424
16.819301403288833,46.46557524108544
16.244932461572958,47.39340199308802
18.100585965578105,46.86321527765797
17.570399250148064,46.46557524108544
18.89586603872317,45.9353885256554
18.36567932329313,45.47147514965411
17.702945929005573,44.87501509479531
17.17275921357553,44.477375058222776
16.708845837574245,44.21228170050775
16.775119177003,43.68209498507771
16.775119177003,43.28445494850518
17.614581476433898,42.820541572503885
17.040212534718023,42.42290153593136
18.409861549578963,43.085634930218916
19.73532833815407,44.21228170050775
19.160959396438194,43.5495483062202
20.4864261850133,44.21228170050775
21.01661290044335,43.5495483062202
20.552699524442062,43.41700162736269
20.15505948786953,44.146008361079
20.81779288215708,45.27265513136784
21.41425293701588,44.609921737080285
22.12116855758927,45.27265513136784
22.342079689018455,44.676195076509046
23.402453119878544,45.14010845251033
22.872266404448496,44.74246841593779
24.462826550738633,44.34482837936527
23.932639835308585,43.81464166393522
24.462826550738633,43.35072828793393
23.932639835308585,42.75426823307514
23.402453119878544,42.22408151764509
24.72791990845365,41.69389480221505
26.583573412458804,41.229981426213755
26.053386697028763,40.63352137135496
25.523199981598715,39.9707879770674
24.993013266168674,39.308054582779846
24.19773319302361,38.91041454620732
23.667546477593568,40.36842801363994
23.269906441021035,39.838241298209894
24.772102134739484,40.96488806849874
25.523199981598715,40.898614729069976
25.722019999884985,40.23588133478243
26.583573412458804,39.57314794049488
26.053386697028763,38.91041454620732
25.65574666045623,38.247681151919764
27.643946843318894,37.58494775763221
27.113760127888845,36.96639658963049
27.113760127888845,37.717494436489716
26.716120091316313,37.4524010787747
27.643946843318894,36.98848770277341
27.180033467317607,36.39202764791461
27.643946843318894,35.79556759305581
26.716120091316313,37.4524010787747
27.113760127888845,36.92221436334465
28.748502500464816,36.39202764791461
28.174133558748935,35.72929425362706
27.643946843318894,35.464200895912036
28.83686695303649,35.0665608593395
28.571773595321467,34.4701008044807
28.174133558748935,34.27128078619444
28.969413631894,33.74109407076439
30.825067135899154,33.21090735533435
30.294880420469113,32.74699397933306
29.764693705039065,32.283080603331776
28.174133558748935,32.68072063990431
31.090160493614178,33.2771806947631
31.39943607761503,33.21090735533435
30.957613814756662,32.68072063990431
32.68072063990431,33.2771806947631
32.15053392447426,32.283080603331776
33.21090735533435,34.27128078619444
33.34345403419186,33.74109407076439
33.40972737362062,34.80146750162448
34.050369654765255,35.19910753819701
33.47600071304937,34.4701008044807
34.27128078619444,35.86184093248457
33.60854739190688,35.33165421705452
33.52018293933521,34.80146750162448
35.33165421705452,37.4524010787747
34.80146750162448,36.92221436334465
34.27128078619444,36.458300987343364
36.39202764791461,36.39202764791461
35.86184093248457,35.72929425362706
33.47600071304937,35.596747574769545
34.80146750162448,36.39202764791461
34.27128078619444,35.99438761134208
35.19910753819701,36.126934290199586
35.0665608593395,35.6630209141983
34.536374143909455,35.6630209141983
34.40382746505195,36.17111651648543
34.27128078619444,35.86184093248457
33.74109407076439,35.33165421705452
33.34345403419186,34.867740841053234
34.536374143909455,34.40382746505195
35.37583644334036,35.39792755648328
35.464200895912036,34.93401418048199
34.93401418048199,35.86184093248457
34.66892082276697,36.78966768448714
34.27128078619444,36.2594809690571
33.74109407076439,38.115134473062255
33.21090735533435,37.4524010787747
32.74699397933306,38.77786786734981
32.15053392447426,38.247681151919764
31.686620548472973,37.717494436489716
31.28898051190044,37.054761042202166
33.47600071304937,36.78966768448714
32.87954065819057,37.4524010787747
32.415627282189284,36.98848770277341
31.885440566759243,36.39202764791461
35.33165421705452,35.86184093248457
34.80146750162448,34.66892082276697
34.27128078619444,34.006187428479414
33.74109407076439,33.60854739190688
33.2771806947631,36.92221436334465
32.68072063990431,36.458300987343364
32.283080603331776,35.86184093248457
33.74109407076439,35.33165421705452
33.21090735533435,37.4524010787747
34.80146750162448,36.92221436334465
34.27128078619444,36.39202764791461
35.33165421705452,35.79556759305581
34.66892082276697,35.72929425362706
34.40382746505195,36.98848770277341
34.006187428479414,36.39202764791461
33.47600071304937,37.4524010787747
34.580556370195296,37.916314454775986
35.464200895912036,38.51277450963478
35.596747574769545,38.115134473062255
35.99438761134208,39.44060126163736
35.464200895912036,38.91041454620732
36.701303231915475,39.9707879770674
37.98258779420474,39.90451463763865
37.38612773934594,39.17550790392234
38.77786786734981,38.51277450963478
38.247681151919764,37.98258779420474
37.717494436489716,39.838241298209894
37.187307721059675,39.37432792220861
36.657121005629634,38.77786786734981
36.19320762962835,39.04296122506483
35.596747574769545,38.57904784906354
35.0665608593395,38.048861133633494
34.536374143909455,39.04296122506483
34.006187428479414,38.51277450963478
33.47600071304937,41.69389480221505
35.37583644334036,41.097434747356246
34.80146750162448,40.63352137135496
34.27128078619444,40.10333465592491
35.464200895912036,39.57314794049488
35.19910753819701,41.16370808678501
34.80146750162448,40.63352137135496
36.17111651648543,40.10333465592491
35.596747574769545,40.898614729069976
35.0665608593395,40.43470135306869
34.66892082276697,39.9707879770674
37.49658330506054,43.019361590790155
36.92221436334465,42.48917487536011
38.77786786734981,41.95898815993007
38.247681151919764,41.428801444500024
37.717494436489716,43.94718834279273
37.187307721059675,43.48327496679144
36.657121005629634,43.35072828793393
35.99438761134208,43.28445494850518
35.53047423534079,43.35072828793393
35.33165421705452,44.146008361079
34.66892082276697,43.68209498507771
34.13873410733692,45.71447739422621
33.47600071304937,45.14010845251033
32.81326731876182,44.609921737080285
32.34935394276053,47.52594867194553
32.15053392447426,46.99576195651548
31.48780053018671,46.46557524108544
30.825067135899154,45.9353885256554
30.294880420469113,45.40520181022535
29.764693705039065,44.87501509479531
29.234506989609024,44.477375058222776
28.704320274178976,45.670295167940374
28.24040689817769,45.14010845251033
27.511400164461378,44.609921737080285
26.84866677017383,48.851415460520634
26.31848005474378,48.38750208451935
25.78829333931374,47.791042029660545
25.258106623883698,47.260855314230504
24.59537322959614,46.73066859880046
24.330279871881118,46.200481883370415
23.800093156451076,51.10470900109832
23.203633101592274,50.441975606810765
22.60717304673348,49.91178889138072
23.13735976216352,49.381602175950675
22.474626367875963,52.8719980525318
22.342079689018455,52.29762911081592
21.811892973588414,51.76744239538587
21.281706258158366,52.562722468530936
21.149159579300857,52.16508243195841
21.01661290044335,51.899989074243386
20.4864261850133,51.369802358813345
19.95623946958326,50.972162322240806
19.42605275415322,50.50824894623952
19.028412717580686,50.04433557023823
19.028412717580686,51.502349037670854
19.028412717580686,50.972162322240806
19.028412717580686,50.441975606810765
19.028412717580686,52.960362505103475
19.028412717580686,52.43017578967343
19.09468605700944,51.899989074243386
19.82369279072575,51.23725567995583
19.293506075295703,50.57452228566828
19.95623946958326,50.309428927953256
19.62487277243948,49.91178889138072
19.205141622724028,49.381602175950675
20.4864261850133,48.91768879994939
19.95623946958326,49.51414885480819
21.082886239872103,48.98396213937815
21.21543291872961,50.70706896452579
21.613072955302144,50.17688224909574
21.149159579300857,50.17688224909574
22.209533010160946,49.51414885480819
22.209533010160946,49.0502354788069
21.944439652445922,49.6466955336657
21.54679961587339,49.18278215766441
22.209533010160946,50.70706896452579
21.54679961587339,50.2431555885245
22.872266404448496,49.6466955336657
23.402453119878544,53.88818925710605
23.932639835308585,53.22545586281849
24.330279871881118,52.69526914738845
23.667546477593568,52.16508243195841
24.72791990845365,51.63489571652836
24.131459853594855,51.10470900109832
23.269906441021035,50.64079562509703
26.583573412458804,51.23725567995583
26.053386697028763,50.17688224909574
25.523199981598715,49.6466955336657
25.191833284454937,49.11650881823566
25.78829333931374,48.58632210280561
24.72791990845365,48.05613538737557
25.302288850169532,47.39340199308802
26.053386697028763,46.86321527765797
27.643946843318894,46.598121919942955
27.113760127888845,47.85731536908931
26.583573412458804,47.39340199308802
25.65574666045623,48.32122874509059
27.643946843318894,47.791042029660545
27.113760127888845,47.260855314230504
26.583573412458804,46.73066859880046
26.053386697028763,46.06793520451291
25.65574666045623,45.80284184679789
25.78829333931374,45.40520181022535
26.84866677017383,44.87501509479531
26.31848005474378,44.21228170050775
27.643946843318894,43.94718834279273
26.981213449031337,43.5495483062202
26.451026733601296,43.019361590790155
25.920840018171248,42.48917487536011
27.643946843318894,44.654103963366126
27.113760127888845,44.079735021650244
26.583573412458804,46.33302856222792
26.053386697028763,45.80284184679789
25.65574666045623,45.27265513136784
26.84866677017383,44.609921737080285
26.31848005474378,44.079735021650244
25.78829333931374,43.5495483062202
26.583573412458804,42.886814911932646
26.185933375886272,42.62172155421762
26.981213449031337,42.22408151764509
27.643946843318894,41.69389480221505
28.174133558748935,41.16370808678501
28.704320274178976,42.75426823307514
28.041586879891426,42.22408151764509
27.511400164461378,41.69389480221505
26.892848996459662,41.16370808678501
28.21831578503477,40.69979471078371
27.643946843318894,40.10333465592491
28.969413631894,39.57314794049488
28.83686695303649,38.91041454620732
28.571773595321467,38.6453211884923
28.174133558748935,38.247681151919764
27.776493522176402,37.717494436489716
28.969413631894,37.187307721059675
29.89724038389658,36.78966768448714
29.367053668466532,37.31985439991719
29.49960034732404,36.72339434505839
28.969413631894,36.39202764791461
30.02978706275409,35.86184093248457
29.632147026181556,35.39792755648328
30.02978706275409,34.80146750162448
30.02978706275409,35.92811427191332
29.69842036561031,35.33165421705452
29.234506989609024,36.2594809690571
30.294880420469113,35.6630209141983
29.69842036561031,35.0665608593395
28.83686695303649,34.60264748333822
32.15053392447426,34.006187428479414
31.62034720904422,33.47600071304937
31.090160493614178,34.867740841053234
30.55997377818413,36.524574326772125
30.162333741611597,35.86184093248457
29.764693705039065,35.33165421705452
29.234506989609024,36.524574326772125
28.83686695303649,36.126934290199586
30.55997377818413,35.53047423534079
30.02978706275409,35.86184093248457
29.632147026181556,36.524574326772125
31.885440566759243,37.231489947345516
31.222707172471686,36.78966768448714
30.7587937964704,39.10923456449358
31.885440566759243,38.51277450963478
31.355253851329195,37.98258779420474
30.294880420469113,40.76606805021247
29.764693705039065,40.10333465592491
29.234506989609024,39.57314794049488
30.825067135899154,41.95898815993007
28.83686695303649,41.428801444500024
32.15053392447426,41.16370808678501
31.62034720904422,40.63352137135496
30.162333741611597,40.10333465592491
31.090160493614178,40.23588133478243
30.626247117612884,41.428801444500024
30.02978706275409,40.898614729069976
29.89724038389658,41.95898815993007
29.632147026181556,40.898614729069976
29.234506989609024,40.36842801363994
29.8088759313249,39.838241298209894
28.83686695303649,39.308054582779846
31.090160493614178,38.77786786734981
30.55997377818413,38.247681151919764
31.090160493614178,37.85004111534723
30.55997377818413,40.63352137135496
30.096060402182843,40.10333465592491
30.825067135899154,39.57314794049488
30.294880420469113,39.17550790392234
30.825067135899154,41.097434747356246
30.162333741611597,41.69389480221505
29.89724038389658,44.34482837936527
29.49960034732404,43.88091500336398
28.969413631894,43.28445494850518
30.55997377818413,42.75426823307514
30.096060402182843,42.22408151764509
29.49960034732404,45.47147514965411
30.957613814756662,44.87501509479531
30.294880420469113,45.40520181022535
29.963513723325335,44.87501509479531
30.55997377818413,44.34482837936527
30.02978706275409,43.81464166393522
31.090160493614178,43.28445494850518
30.42742709932662,42.820541572503885
29.963513723325335,42.22408151764509
30.42742709932662,41.69389480221505
29.89724038389658,41.16370808678501
31.090160493614178,40.63352137135496
31.62034720904422,40.16960799535367
32.15053392447426,39.9707879770674
31.62034720904422,40.94279695535582
30.957613814756662,40.36842801363994
30.692520457041645,39.9707879770674
30.294880420469113,42.79845045936097
29.89724038389658,42.22408151764509
30.869249362184988,41.69389480221505
31.090160493614178,42.75426823307514
30.55997377818413,42.3566281965026
30.02978706275409,41.95898815993007
29.49960034732404,41.49507478392878
28.969413631894,42.48917487536011
29.234506989609024,41.95898815993007
28.83686695303649,41.428801444500024
30.825067135899154,42.886814911932646
30.162333741611597,42.22408151764509
29.632147026181556,41.56134812335753
29.764693705039065,41.03116140792749
29.101960310751508,41.428801444500024
28.571773595321467,41.95898815993007
28.041586879891426,41.56134812335753
27.511400164461378,41.16370808678501
26.981213449031337,40.63352137135496
26.716120091316313,40.16960799535367
29.49960034732404,39.9707879770674
28.969413631894,40.43470135306869
28.505500255892713,40.898614729069976
27.90904020103391,40.50097469249745
28.704320274178976,40.16960799535367
28.174133558748935,40.69979471078371
27.643946843318894,41.16370808678501
27.180033467317607,41.95898815993007
26.451026733601296,41.49507478392878
25.920840018171248,40.898614729069976
26.583573412458804,40.36842801363994
26.053386697028763,39.838241298209894
25.65574666045623,39.37432792220861
26.583573412458804,38.6453211884923
26.053386697028763,38.115134473062255
25.65574666045623,37.58494775763221
25.523199981598715,37.054761042202166
24.993013266168674,36.78966768448714
24.462826550738633,41.097434747356246
23.99891317473734,40.50097469249745
23.402453119878544,39.838241298209894
22.739719725590987,39.308054582779846
21.281706258158366,38.77786786734981
22.07698633130343,42.3566281965026
20.618972863870816,41.69389480221505
20.088786148440768,43.019361590790155
21.281706258158366,42.48917487536011
22.07698633130343,41.95898815993007
20.4864261850133,41.296254765642516
20.088786148440768,41.03116140792749
19.691146111868235,40.63352137135496
17.570399250148064,40.10333465592491
17.040212534718023,39.639421279923624
17.570399250148064,39.04296122506483
17.040212534718023,38.57904784906354
,38.048861133633494
,37.58494775763221
,37.187307721059675
,36.78966768448714
,38.02677002049058
,39.838241298209894
,39.37432792220861
,38.77786786734981
,39.04296122506483
,38.38022783077727
,37.98258779420474
,39.57314794049488
,39.04296122506483
,38.51277450963478
,39.04296122506483
,38.51277450963478
,37.85004111534723
,37.31985439991719
,36.96639658963049
,37.717494436489716
,37.31985439991719
,36.78966768448714
,37.78376777591848
,37.187307721059675
,38.6453211884923
,38.115134473062255
,37.4524010787747
,36.98848770277341
,37.51867441820345
,38.57904784906354
,37.98258779420474
,39.705694619352386
,39.04296122506483
,40.43470135306869
,40.898614729069976
,40.36842801363994
,39.838241298209894
,39.308054582779846
,38.77786786734981
,38.247681151919764
,37.717494436489716
,37.187307721059675
,36.78966768448714
,37.717494436489716
,37.4524010787747
,36.92221436334465
,36.39202764791461
,35.72929425362706
,35.464200895912036
,35.0665608593395
,34.536374143909455
,33.873640749621906
,33.47600071304937
,34.60264748333822
,34.13873410733692
,35.0665608593395
,34.13873410733692
,33.60854739190688
,32.945813997619325
,32.415627282189284
,31.885440566759243
,31.355253851329195
,30.825067135899154
,30.294880420469113
,29.89724038389658
,29.89724038389658
,29.632147026181556
,29.234506989609024
,28.704320274178976
,28.174133558748935
,27.776493522176402
,27.776493522176402
,27.37885348560387
,26.981213449031337
,26.583573412458804
,26.053386697028763
,25.258106623883698
,24.794193247882404
,24.330279871881118
,23.932639835308585
,23.534999798736052
,23.13735976216352
,22.60717304673348
,21.54679961587339
,21.01661290044335
,19.691146111868235
,19.22723273586695
,19.95623946958326
,19.558599433010727
,18.630772681008153
,17.570399250148064
,17.17275921357553
,16.112385782715442
,15.582199067285401
