Y(hoy),Y(ayer)
-0.8535891110459488,-1.913962541906045
-0.9198624504747102,-1.648869184191014
-1.7814158630485224,-1.11868246876098
-2.179055899621062,-1.7814158630485224
-2.5766959361935875,-1.913962541906045
-2.974335972766127,-1.913962541906045
-2.5104225967648404,-1.5163225053335054
-2.1127825601923007,-0.9198624504747102
-2.0465092207635536,-0.8535891110459488
-2.0465092207635536,-0.8535891110459488
-2.0465092207635536,-0.8535891110459488
-2.0465092207635536,-0.05830903790088371
-2.0465092207635536,-0.5884957533309318
-2.0465092207635536,0.20678431981413326
-1.450049165904744,0.20678431981413326
-1.913962541906045,0.20678431981413326
-0.9861357899034573,0.20678431981413326
-0.8535891110459488,0.67069769581542
-0.7873157716172017,0.20678431981413326
-0.3234023956159007,1.1346110718167068
-0.8535891110459488,0.67069769581542
0.007964301527863427,1.0020643929591984
0.07423764095662477,0.47187767752916443
-0.45594907447342337,1.2671577506742295
-0.8535891110459488,1.7310711266755163
0.07423764095662477,2.194984502676803
-0.45594907447342337,2.725171218106837
0.20678431981413326,3.255357933536885
0.20678431981413326,2.725171218106837
0.20678431981413326,2.3275311815343116
0.2730576592428946,2.3938045209630587
1.0020643929591984,2.5263511998205814
0.33933099867164174,3.1228112546793767
1.2671577506742295,3.6529979701094177
1.2671577506742295,4.448278043254483
1.399704429531738,3.918091327824442
1.9961644843905333,4.713371400969507
2.46007786039182,5.1110114375420395
2.46007786039182,5.707471492400835
2.46007786039182,5.773744831829596
2.46007786039182,5.773744831829596
2.46007786039182,6.171384868402129
2.1287111632480418,6.767844923260924
1.664797787246755,6.70157158383217
1.2671577506742295,6.171384868402129
2.3275311815343116,5.773744831829596
1.7973444661042635,5.773744831829596
2.5926245392493286,6.171384868402129
3.299540159822719,6.767844923260924
3.5204512912519093,6.834118262689678
3.5204512912519093,7.298031638690972
3.5204512912519093,6.834118262689678
3.5204512912519093,7.828218354121013
4.05063800668195,8.093311711836037
3.5204512912519093,8.689771766694832
4.580824722111998,8.954865124409856
5.1110114375420395,9.418778500411143
5.6411981529720805,9.88269187641243
4.978464758684531,10.81051862841501
4.514551382683237,10.280331912984963
4.580824722111998,11.340705343845052
4.580824722111998,11.274432004416298
4.625006948397832,11.340705343845052
5.508651474114572,11.340705343845052
4.845918079827015,11.738345380417584
5.773744831829596,12.33480543527638
5.773744831829596,12.53362545356265
6.215567094687962,13.06381216899269
5.773744831829596,13.461452205565223
7.541033883263069,13.461452205565223
6.966664941547194,13.527725544993984
8.071220598693117,14.698554541568662
8.954865124409856,14.12418559985278
8.424678408979808,16.510025819287975
9.087411803267365,15.979839103857934
9.087411803267365,15.449652388427886
9.087411803267365,17.040212534718023
9.683871858126167,17.570399250148064
9.087411803267365,17.106485874146777
10.147785234127454,16.775119177003
10.147785234127454,16.64257249814549
10.677971949557495,15.979839103857934
10.147785234127454,17.040212534718023
11.274432004416298,16.510025819287975
11.870892059275093,17.570399250148064
12.53362545356265,17.106485874146777
13.196358847850206,17.63667258957682
13.461452205565223,17.17275921357553
13.593998884422739,18.100585965578105
14.168367826138613,18.630772681008153
14.389278957567804,18.16685930500686
13.859092242137756,18.763319359865662
13.461452205565223,19.028412717580686
14.389278957567804,20.000421695869093
13.859092242137756,19.42605275415322
14.521825636425312,20.751519542728325
14.963647899283679,21.149159579300857
14.521825636425312,21.21543291872961
16.244932461572958,21.811892973588414
15.781019085571664,23.00481308330601
16.775119177003,22.342079689018455
16.775119177003,22.872266404448496
17.30530589243304,22.40835302844721
16.775119177003,22.474626367875963
17.968039286720597,23.800093156451076
18.630772681008153,23.13735976216352
19.22723273586695,24.529099890167387
19.82369279072575,24.59537322959614
20.4864261850133,25.05928660559743
21.149159579300857,24.59537322959614
21.811892973588414,25.523199981598715
22.07698633130343,26.053386697028763
21.54679961587339,26.914940109602583
21.01661290044335,26.451026733601296
20.552699524442062,27.37885348560387
20.088786148440768,28.24040689817769
21.01661290044335,27.776493522176402
20.4864261850133,28.770593613607737
21.54679961587339,28.770593613607737
22.07698633130343,28.24040689817769
21.74561963415966,27.90904020103391
21.325888484444206,28.43922691646396
22.651355273019313,28.83686695303649
22.07698633130343,28.704320274178976
23.269906441021035,28.174133558748935
22.60717304673348,29.83096704446782
22.2758063495897,29.234506989609024
22.872266404448496,28.704320274178976
22.342079689018455,30.825067135899154
23.402453119878544,30.361153759897867
23.269906441021035,30.02978706275409
22.60717304673348,29.565873686752802
23.269906441021035,29.16823365018027
22.60717304673348,29.83096704446782
23.468726459307298,30.825067135899154
23.932639835308585,30.361153759897867
24.330279871881118,30.162333741611597
23.667546477593568,30.361153759897867
24.19773319302361,29.89724038389658
23.402453119878544,30.891340475327908
25.523199981598715,31.355253851329195
24.993013266168674,31.885440566759243
25.258106623883698,31.28898051190044
24.59537322959614,31.42152719075795
24.462826550738633,31.929622793045077
24.794193247882404,31.62034720904422
24.330279871881118,31.222707172471686
25.390653302741207,32.216807263903014
25.523199981598715,33.2771806947631
24.993013266168674,32.68072063990431
24.661646569024896,33.07836067647684
25.302288850169532,32.415627282189284
25.258106623883698,32.283080603331776
24.72791990845365,33.2771806947631
24.39655321130987,32.68072063990431
24.462826550738633,34.33755412562319
23.99891317473734,33.74109407076439
24.462826550738633,34.13873410733692
23.269906441021035,33.54227405247813
23.00481308330601,33.34345403419186
22.60717304673348,33.80736741019315
22.209533010160946,34.13873410733692
23.13735976216352,33.47600071304937
23.13735976216352,32.945813997619325
22.474626367875963,32.283080603331776
22.209533010160946,31.686620548472973
21.679346294730898,31.222707172471686
21.21543291872961,32.74699397933306
21.01661290044335,32.15053392447426
20.353879506155792,33.21090735533435
19.691146111868235,32.68072063990431
19.028412717580686,32.216807263903014
18.36567932329313,31.686620548472973
17.835492607863088,31.222707172471686
17.30530589243304,31.090160493614178
16.775119177003,30.626247117612884
16.112385782715442,30.02978706275409
15.449652388427886,29.367053668466532
14.786918994140336,28.704320274178976
14.521825636425312,28.041586879891426
14.12418559985278,27.37885348560387
14.12418559985278,26.914940109602583
13.593998884422739,26.716120091316313
13.328905526707715,26.31848005474378
12.798718811277674,25.78829333931374
12.401078774705141,25.324379963312452
13.328905526707715,24.72791990845365
12.798718811277674,24.0651865141661
12.467352114133895,23.402453119878544
12.003438738132608,22.739719725590987
11.47325202270256,22.209533010160946
11.141885325558782,22.07698633130343
11.208158664987543,21.54679961587339
11.208158664987543,21.082886239872103
11.208158664987543,20.618972863870816
11.208158664987543,20.221332827298284
11.208158664987543,19.691146111868235
11.738345380417584,19.22723273586695
11.340705343845052,19.691146111868235
12.268532095847625,19.160959396438194
12.268532095847625,18.89586603872317
11.738345380417584,18.36567932329313
11.274432004416298,17.968039286720597
12.135985416990117,17.968039286720597
11.47325202270256,17.835492607863088
12.268532095847625,17.30530589243304
11.738345380417584,16.841392516431753
12.798718811277674,16.311205801001712
12.33480543527638,15.781019085571664
11.738345380417584,15.781019085571664
11.340705343845052,16.377479140430466
13.328905526707715,16.112385782715442
12.666172132420158,15.847292425000418
12.401078774705141,16.64257249814549
12.577807679848483,16.112385782715442
13.328905526707715,16.64257249814549
12.931265490135182,16.046112443286688
13.461452205565223,16.244932461572958
13.461452205565223,16.708845837574245
13.395178866136469,16.775119177003
13.328905526707715,16.775119177003
12.798718811277674,16.775119177003
12.467352114133895,16.775119177003
13.196358847850206,16.841392516431753
13.859092242137756,17.437852571290556
14.389278957567804,17.570399250148064
14.057912260424025,17.040212534718023
13.593998884422739,16.775119177003
14.168367826138613,16.64257249814549
14.389278957567804,16.046112443286688
14.389278957567804,16.244932461572958
13.859092242137756,15.847292425000418
13.461452205565223,16.708845837574245
14.521825636425312,16.775119177003
13.991638920995271,17.437852571290556
15.228741256998703,16.907665855860508
15.317105709570377,17.570399250148064
14.786918994140336,17.040212534718023
15.449652388427886,16.907665855860508
14.919465672997845,17.570399250148064
16.112385782715442,18.431952662721883
16.775119177003,17.968039286720597
17.371579231861794,18.763319359865662
17.968039286720597,18.16685930500686
18.630772681008153,18.697046020436908
19.691146111868235,18.23313264443562
19.22723273586695,19.160959396438194
20.79570176901416,20.088786148440768
20.221332827298284,19.558599433010727
21.613072955302144,21.347979597587127
22.07698633130343,20.751519542728325
21.74561963415966,22.474626367875963
21.281706258158366,21.811892973588414
22.872266404448496,23.800093156451076
22.342079689018455,23.13735976216352
21.811892973588414,25.125559945026183
23.269906441021035,24.462826550738633
22.60717304673348,26.362662281029614
21.944439652445922,25.78829333931374
21.41425293701588,26.716120091316313
20.751519542728325,26.84866677017383
20.221332827298284,27.511400164461378
20.088786148440768,27.37885348560387
19.95623946958326,26.914940109602583
19.293506075295703,26.451026733601296
18.630772681008153,26.053386697028763
18.100585965578105,25.58947332102747
17.769219268434327,25.05928660559743
17.769219268434327,24.330279871881118
17.702945929005573,23.667546477593568
18.16685930500686,23.00481308330601
18.630772681008153,22.342079689018455
17.769219268434327,21.811892973588414
17.835492607863088,21.347979597587127
18.36567932329313,21.082886239872103
17.968039286720597,20.4864261850133
18.89586603872317,20.022512809012014
18.36567932329313,19.42605275415322
17.30530589243304,19.028412717580686
16.841392516431753,18.630772681008153
16.841392516431753,18.16685930500686
16.907665855860508,18.763319359865662
15.582199067285401,18.23313264443562
15.71474574614291,18.89586603872317
15.71474574614291,18.299405983864375
15.317105709570377,18.962139378151925
14.65437231528282,18.498226002150638
14.190458939281534,18.89586603872317
13.593998884422739,18.23313264443562
13.461452205565223,17.570399250148064
13.130085508421452,17.106485874146777
12.798718811277674,16.708845837574245
12.401078774705141,17.30530589243304
12.401078774705141,16.907665855860508
12.401078774705141,17.835492607863088
12.401078774705141,17.835492607863088
12.666172132420158,17.437852571290556
13.328905526707715,17.040212534718023
12.864992150706428,16.510025819287975
12.467352114133895,16.046112443286688
12.33480543527638,16.510025819287975
12.135985416990117,16.112385782715442
11.870892059275093,15.847292425000418
11.517434248988394,16.377479140430466
12.268532095847625,16.64257249814549
11.605798701560076,16.244932461572958
10.94306530727252,15.847292425000418
10.412878591842478,15.317105709570377
9.88269187641243,14.65437231528282
9.087411803267365,14.256732278710288
8.424678408979808,13.593998884422739
7.629398335834743,13.461452205565223
6.966664941547194,13.461452205565223
6.436478226117146,13.06381216899269
5.906291510687105,12.467352114133895
5.3761047952570635,12.666172132420158
4.91219141925577,13.06381216899269
4.315731364396974,13.925365581566517
3.7855446489669333,13.461452205565223
3.454177951823155,14.389278957567804
3.255357933536885,13.991638920995271
2.725171218106837,13.660272223851493
2.0624378238192946,14.256732278710288
1.4659777689604852,14.521825636425312
1.2671577506742295,14.521825636425312
0.8695177141016899,14.521825636425312
0.6044243563866729,14.256732278710288
0.20678431981413326,13.593998884422739
0.8695177141016899,13.461452205565223
0.4056043381004031,13.06381216899269
0.20678431981413326,12.666172132420158
-0.12458237732964506,12.003438738132608
-0.6326779796167585,11.47325202270256
-0.1908557167583922,10.677971949557495
-0.7210424321884403,10.147785234127454
,9.617598518697413
,9.087411803267365
,8.557225087837324
,8.093311711836037
,7.496851656977235
,6.966664941547194
,6.436478226117146
,6.038838189544613
,5.6411981529720805
,5.243558116399548
,4.845918079827015
,4.382004703825729
,3.7855446489669333
,3.3879046123944008
,2.990264575821868
,2.5926245392493286
,2.194984502676803
,1.7310711266755163
,1.2671577506742295
,1.2008844112454682
,0.6044243563866729
,0.20678431981413326
,0.20678431981413326
,0.20678431981413326
