Y(hoy),Y(ayer)
7.894491693549767,6.834118262689678
7.894491693549767,7.231758299262211
7.496851656977235,7.761945014692259
6.834118262689678,8.159585051264791
7.364304978119726,8.601407314123158
7.761945014692259,8.027038372407276
7.761945014692259,7.496851656977235
7.099211620404702,6.834118262689678
6.436478226117146,6.767844923260924
6.105111528973374,6.436478226117146
6.70157158383217,5.906291510687105
6.303931547259637,5.773744831829596
6.70157158383217,5.773744831829596
6.171384868402129,5.3761047952570635
5.773744831829596,4.91219141925577
7.761945014692259,4.779644740398261
7.231758299262211,5.420287021542897
6.70157158383217,4.978464758684531
6.303931547259637,5.1110114375420395
6.966664941547194,4.448278043254483
6.436478226117146,3.7855446489669333
5.906291510687105,3.255357933536885
5.707471492400835,2.769353444392678
5.508651474114572,3.1228112546793767
5.243558116399548,2.5263511998205814
4.845918079827015,2.3275311815343116
4.514551382683237,2.3275311815343116
4.580824722111998,2.0624378238192946
4.580824722111998,1.4659777689604852
3.918091327824442,1.2671577506742295
3.5204512912519093,1.2671577506742295
3.5204512912519093,1.2671577506742295
3.5204512912519093,1.2671577506742295
3.5204512912519093,1.1346110718167068
2.990264575821868,0.67069769581542
2.5263511998205814,0.33933099867164174
3.255357933536885,1.0020643929591984
2.725171218106837,0.8695177141016899
2.990264575821868,0.33933099867164174
2.46007786039182,0.20678431981413326
2.46007786039182,0.20678431981413326
2.3275311815343116,0.20678431981413326
2.0624378238192946,0.20678431981413326
1.5322511083892465,-0.3234023956159007
1.2671577506742295,-0.8535891110459488
1.2671577506742295,-0.8535891110459488
1.2671577506742295,-0.8535891110459488
1.0020643929591984,-0.3234023956159007
0.6044243563866729,-0.8535891110459488
0.33933099867164174,0.20678431981413326
0.20678431981413326,-0.1908557167583922
0.20678431981413326,-0.654769092759679
0.20678431981413326,-0.8535891110459488
0.20678431981413326,-0.8535891110459488
0.20678431981413326,-0.8535891110459488
0.20678431981413326,-0.8535891110459488
0.14051098038538612,-0.8535891110459488
0.07423764095662477,-1.648869184191014
-0.389675735044662,-1.11868246876098
-0.5884957533309318,-1.648869184191014
-0.7873157716172017,-0.8535891110459488
0.07423764095662477,-1.11868246876098
-0.45594907447342337,-1.7151425236197753
0.20678431981413326,-1.5163225053335054
0.07423764095662477,-0.8535891110459488
-0.5884957533309318,-0.8535891110459488
-0.8535891110459488,-0.45594907447342337
-0.8535891110459488,-0.05830903790088371
-0.8535891110459488,-0.7210424321884403
-0.8535891110459488,-0.8535891110459488
-0.7873157716172017,-0.8535891110459488
-0.1908557167583922,-0.45594907447342337
-0.7210424321884403,0.14051098038538612
0.07423764095662477,0.20678431981413326
-0.45594907447342337,0.20678431981413326
-0.8535891110459488,0.20678431981413326
0.07423764095662477,1.0020643929591984
-0.45594907447342337,0.47187767752916443
0.20678431981413326,1.2671577506742295
0.20678431981413326,1.7310711266755163
0.20678431981413326,2.2612578421055503
0.20678431981413326,2.5263511998205814
0.2730576592428946,2.990264575821868
1.0020643929591984,3.454177951823155
0.33933099867164174,3.5204512912519093
1.2671577506742295,4.1169113461107045
1.2671577506742295,3.6529979701094177
1.4659777689604852,4.580824722111998
1.9961644843905333,5.508651474114572
2.46007786039182,4.978464758684531
2.46007786039182,5.773744831829596
2.990264575821868,7.231758299262211
2.46007786039182,6.70157158383217
3.3879046123944008,6.171384868402129
2.725171218106837,8.822318445552341
3.255357933536885,8.358405069551054
2.725171218106837,7.761945014692259
3.255357933536885,8.557225087837324
2.5926245392493286,8.027038372407276
2.3275311815343116,10.214058573556208
2.5263511998205814,9.617598518697413
3.0565379152506154,9.087411803267365
3.5204512912519093,11.274432004416298
3.5204512912519093,10.677971949557495
4.05063800668195,12.666172132420158
3.5204512912519093,12.003438738132608
4.580824722111998,11.47325202270256
4.580824722111998,14.521825636425312
4.978464758684531,13.859092242137756
4.448278043254483,13.328905526707715
5.6411981529720805,16.377479140430466
5.773744831829596,15.71474574614291
5.707471492400835,15.184559030712869
5.508651474114572,17.570399250148064
5.243558116399548,17.106485874146777
4.845918079827015,17.106485874146777
4.514551382683237,17.570399250148064
4.625006948397832,17.30530589243304
5.442378134685818,16.907665855860508
4.845918079827015,16.510025819287975
6.038838189544613,15.979839103857934
6.70157158383217,15.582199067285401
6.966664941547194,16.55420804557381
7.541033883263069,15.979839103857934
8.071220598693117,18.409861549578963
8.888591784981102,17.835492607863088
8.2921317301223,17.30530589243304
9.418778500411143,19.160959396438194
10.015238555269946,19.691146111868235
10.147785234127454,21.856075199874248
10.015238555269946,21.281706258158366
9.750145197554922,20.751519542728325
9.219958482124873,20.221332827298284
9.087411803267365,23.269906441021035
9.617598518697413,22.60717304673348
10.280331912984963,23.800093156451076
10.94306530727252,25.125559945026183
11.47325202270256,24.462826550738633
12.135985416990117,26.384753394172535
12.268532095847625,25.78829333931374
11.738345380417584,27.37885348560387
12.798718811277674,26.84866677017383
12.33480543527638,30.073969289039923
11.738345380417584,29.49960034732404
11.340705343845052,28.969413631894
13.373087752993548,28.43922691646396
13.859092242137756,27.90904020103391
13.461452205565223,32.01798724561675
14.521825636425312,31.355253851329195
15.71474574614291,30.825067135899154
15.184559030712869,32.01798724561675
16.64257249814549,31.48780053018671
16.112385782715442,31.090160493614178
15.979839103857934,30.42742709932662
15.449652388427886,29.764693705039065
14.919465672997845,29.101960310751508
14.521825636425312,28.43922691646396
15.449652388427886,27.90904020103391
14.919465672997845,27.37885348560387
14.588098975854066,26.84866677017383
14.12418559985278,26.31848005474378
13.527725544993984,25.78829333931374
14.919465672997845,25.324379963312452
15.449652388427886,24.72791990845365
14.521825636425312,24.264006532452363
14.786918994140336,23.711728703879402
14.698554541568662,24.794193247882404
15.71474574614291,24.330279871881118
15.184559030712869,25.302288850169532
16.311205801001712,24.993013266168674
16.775119177003,24.59537322959614
16.64257249814549,24.59537322959614
16.377479140430466,24.993013266168674
15.979839103857934,25.854566678742493
16.775119177003,25.390653302741207
17.835492607863088,26.31848005474378
17.30530589243304,26.716120091316313
16.377479140430466,28.571773595321467
16.863483629574674,27.90904020103391
16.510025819287975,27.37885348560387
15.979839103857934,26.981213449031337
15.582199067285401,29.764693705039065
17.614581476433898,29.234506989609024
17.040212534718023,28.704320274178976
16.510025819287975,28.174133558748935
15.979839103857934,27.643946843318894
17.835492607863088,27.113760127888845
17.30530589243304,26.716120091316313
16.64257249814549,26.583573412458804
18.630772681008153,26.053386697028763
18.03431262614935,25.65574666045623
17.570399250148064,26.053386697028763
17.040212534718023,26.64984675188756
18.498226002150638,26.716120091316313
18.03431262614935,26.185933375886272
18.89586603872317,25.65574666045623
18.36567932329313,26.053386697028763
19.160959396438194,26.451026733601296
19.73532833815407,25.78829333931374
20.088786148440768,25.65574666045623
20.088786148440768,26.119660036457518
19.95623946958326,26.451026733601296
19.42605275415322,25.78829333931374
18.89586603872317,25.324379963312452
18.36567932329313,24.794193247882404
17.968039286720597,25.258106623883698
21.01661290044335,24.860466587311166
20.4864261850133,24.462826550738633
20.022512809012014,23.99891317473734
19.42605275415322,23.402453119878544
18.89586603872317,22.739719725590987
18.36567932329313,22.474626367875963
21.01661290044335,24.19773319302361
20.353879506155792,23.733819817022322
20.088786148440768,23.468726459307298
19.691146111868235,23.667546477593568
19.160959396438194,24.330279871881118
21.281706258158366,24.59537322959614
20.751519542728325,24.794193247882404
20.221332827298284,25.258106623883698
19.691146111868235,26.583573412458804
22.12116855758927,26.053386697028763
22.2758063495897,25.65574666045623
21.679346294730898,27.643946843318894
21.41425293701588,27.113760127888845
20.884066221585833,26.451026733601296
20.353879506155792,25.78829333931374
20.088786148440768,25.324379963312452
21.01661290044335,24.794193247882404
20.552699524442062,25.78829333931374
20.353879506155792,25.258106623883698
19.95623946958326,28.43922691646396
19.95623946958326,27.776493522176402
19.492326093581973,27.24630680674636
19.028412717580686,26.84866677017383
19.42605275415322,26.31848005474378
19.95623946958326,27.113760127888845
19.42605275415322,26.583573412458804
18.763319359865662,26.053386697028763
18.100585965578105,25.523199981598715
18.89586603872317,24.993013266168674
21.01661290044335,24.59537322959614
20.4864261850133,24.860466587311166
19.95623946958326,26.053386697028763
19.492326093581973,25.523199981598715
18.498226002150638,26.451026733601296
20.221332827298284,25.854566678742493
19.691146111868235,26.31848005474378
19.160959396438194,26.716120091316313
19.160959396438194,26.782393430745074
19.73532833815407,27.511400164461378
19.95623946958326,29.300780329037778
19.293506075295703,28.704320274178976
19.028412717580686,28.174133558748935
18.630772681008153,29.632147026181556
18.100585965578105,29.035686971322754
19.205141622724028,28.83686695303649
18.630772681008153,28.43922691646396
19.95623946958326,27.90904020103391
19.293506075295703,27.445126825032624
18.89586603872317,26.84866677017383
18.23313264443562,28.571773595321467
17.968039286720597,27.90904020103391
17.570399250148064,27.37885348560387
17.040212534718023,29.300780329037778
18.100585965578105,29.764693705039065
16.64257249814549,29.234506989609024
18.89586603872317,28.770593613607737
18.23313264443562,28.21831578503477
17.702945929005573,29.101960310751508
17.17275921357553,29.89724038389658
16.775119177003,29.764693705039065
19.691146111868235,29.300780329037778
19.09468605700944,28.704320274178976
18.630772681008153,28.174133558748935
18.100585965578105,29.300780329037778
17.570399250148064,27.776493522176402
17.040212534718023,30.825067135899154
20.4864261850133,30.294880420469113
21.01661290044335,29.83096704446782
20.022512809012014,29.764693705039065
20.4864261850133,29.234506989609024
19.42605275415322,28.83686695303649
18.630772681008153,29.101960310751508
18.100585965578105,29.83096704446782
18.763319359865662,30.825067135899154
18.23313264443562,30.294880420469113
17.437852571290556,29.963513723325335
17.17275921357553,29.49960034732404
16.775119177003,28.969413631894
16.311205801001712,28.43922691646396
15.71474574614291,29.278689215894858
15.184559030712869,27.776493522176402
14.65437231528282,31.62034720904422
14.389278957567804,31.090160493614178
13.726545563280247,30.55997377818413
13.06381216899269,30.02978706275409
12.577807679848483,32.15053392447426
13.328905526707715,31.62034720904422
12.864992150706428,31.222707172471686
12.798718811277674,30.825067135899154
12.135985416990117,30.339062646754947
11.47325202270256,30.692520457041645
12.003438738132608,30.22860708104035
11.075611986130028,31.355253851329195
13.328905526707715,30.825067135899154
12.798718811277674,33.07836067647684
12.268532095847625,32.415627282189284
11.738345380417584,31.885440566759243
11.208158664987543,33.34345403419186
10.545425270699987,32.945813997619325
10.0815118946987,32.48190062161804
10.147785234127454,32.283080603331776
9.485051839839898,32.283080603331776
9.087411803267365,33.2771806947631
9.087411803267365,32.68072063990431
8.557225087837324,34.27128078619444
7.960765032978522,33.80736741019315
9.087411803267365,34.27128078619444
8.557225087837324,33.74109407076439
10.015238555269946,33.34345403419186
9.485051839839898,36.92221436334465
9.352505160982389,36.39202764791461
8.689771766694832,35.86184093248457
8.093311711836037,35.33165421705452
7.894491693549767,34.80146750162448
7.761945014692259,38.57904784906354
7.231758299262211,37.98258779420474
6.834118262689678,37.4524010787747
7.761945014692259,39.57314794049488
7.231758299262211,38.91041454620732
7.761945014692259,38.247681151919764
7.298031638690972,37.717494436489716
6.9003916021184395,37.054761042202166
7.541033883263069,36.78966768448714
7.894491693549767,38.77786786734981
7.894491693549767,38.247681151919764
7.894491693549767,37.717494436489716
7.960765032978522,37.054761042202166
8.2921317301223,36.2594809690571
7.894491693549767,35.79556759305581
8.866500671838182,36.524574326772125
8.954865124409856,37.78376777591848
8.557225087837324,37.187307721059675
8.2921317301223,38.247681151919764
7.761945014692259,38.77786786734981
7.231758299262211,38.247681151919764
6.834118262689678,37.717494436489716
7.761945014692259,37.187307721059675
7.298031638690972,36.524574326772125
7.496851656977235,36.2594809690571
6.966664941547194,35.86184093248457
7.231758299262211,35.19910753819701
6.834118262689678,34.66892082276697
8.822318445552341,34.27128078619444
8.225858390693546,33.80736741019315
7.761945014692259,33.2771806947631
8.822318445552341,32.74699397933306
8.159585051264791,32.283080603331776
7.894491693549767,33.873640749621906
7.960765032978522,33.21090735533435
8.2921317301223,32.68072063990431
7.894491693549767,35.19910753819701
8.822318445552341,34.536374143909455
8.49095174840857,36.39202764791461
8.027038372407276,35.86184093248457
8.601407314123158,35.86184093248457
9.087411803267365,35.39792755648328
9.087411803267365,34.80146750162448
9.087411803267365,34.27128078619444
8.557225087837324,33.74109407076439
8.071220598693117,33.07836067647684
9.396687387268223,32.81326731876182
8.822318445552341,32.415627282189284
10.015238555269946,31.752893887901728
9.219958482124873,31.28898051190044
9.087411803267365,32.15053392447426
10.147785234127454,31.62034720904422
9.617598518697413,31.090160493614178
11.208158664987543,30.55997377818413
10.677971949557495,30.02978706275409
11.208158664987543,29.49960034732404
10.545425270699987,28.969413631894
10.147785234127454,28.43922691646396
10.147785234127454,27.90904020103391
11.208158664987543,27.37885348560387
10.677971949557495,26.914940109602583
12.268532095847625,26.31848005474378
11.738345380417584,25.65574666045623
12.53362545356265,24.993013266168674
13.196358847850206,24.330279871881118
13.859092242137756,23.667546477593568
14.389278957567804,23.203633101592274
14.057912260424025,22.739719725590987
13.638181110708572,22.342079689018455
14.919465672997845,21.878166313017168
14.455552296996558,21.347979597587127
15.493834614713727,20.618972863870816
15.648472406714156,20.353879506155792
15.052012351855353,19.95623946958326
14.786918994140336,19.42605275415322
14.389278957567804,18.962139378151925
13.726545563280247,18.630772681008153
13.461452205565223,18.100585965578105
15.184559030712869,17.437852571290556
16.775119177003,17.040212534718023
16.244932461572958,17.63667258957682
15.781019085571664,18.16685930500686
14.65437231528282,18.630772681008153
15.979839103857934,18.14476819186394
15.515925727856647,18.763319359865662
14.919465672997845,18.498226002150638
16.510025819287975,18.100585965578105
15.91356576442918,17.437852571290556
15.449652388427886,17.040212534718023
14.919465672997845,17.570399250148064
16.244932461572958,17.17275921357553
15.71474574614291,18.431952662721883
16.64257249814549,17.968039286720597
16.112385782715442,18.962139378151925
16.244932461572958,19.42605275415322
15.71474574614291,19.82369279072575
16.775119177003,19.22723273586695
16.64257249814549,18.763319359865662
16.112385782715442,18.36567932329313
15.71474574614291,17.901765947291842
17.30530589243304,17.570399250148064
16.841392516431753,17.106485874146777
16.244932461572958,17.30530589243304
17.835492607863088,16.907665855860508
17.835492607863088,18.498226002150638
18.36567932329313,17.835492607863088
17.968039286720597,19.691146111868235
18.89586603872317,19.09468605700944
18.23313264443562,18.89586603872317
17.769219268434327,18.36567932329313
17.835492607863088,17.968039286720597
18.36567932329313,18.962139378151925
17.968039286720597,18.498226002150638
18.89586603872317,18.89586603872317
18.23313264443562,18.23313264443562
17.769219268434327,17.968039286720597
18.23313264443562,18.962139378151925
17.702945929005573,18.498226002150638
18.89586603872317,19.492326093581973
18.36567932329313,19.82369279072575
17.901765947291842,19.160959396438194
18.100585965578105,18.498226002150638
17.702945929005573,18.100585965578105
18.630772681008153,18.763319359865662
17.835492607863088,19.028412717580686
17.040212534718023,19.492326093581973
16.510025819287975,20.022512809012014
15.979839103857934,20.618972863870816
15.582199067285401,20.088786148440768
17.835492607863088,21.856075199874248
17.30530589243304,21.281706258158366
16.775119177003,21.54679961587339
16.377479140430466,21.01661290044335
17.968039286720597,20.552699524442062
15.847292425000418,20.221332827298284
15.847292425000418,22.38626191530429
17.17275921357553,21.811892973588414
16.64257249814549,21.281706258158366
17.835492607863088,20.751519542728325
17.835492607863088,23.00481308330601
17.437852571290556,22.342079689018455
16.775119177003,21.679346294730898
16.244932461572958,21.01661290044335
15.71474574614291,20.4864261850133
15.250832370141623,21.856075199874248
14.720645654711582,21.281706258158366
13.991638920995271,23.269906441021035
13.461452205565223,22.60717304673348
12.798718811277674,23.269906441021035
12.268532095847625,22.739719725590987
11.738345380417584,22.474626367875963
11.340705343845052,23.269906441021035
12.135985416990117,22.739719725590987
11.738345380417584,23.402453119878544
11.605798701560076,23.402453119878544
10.147785234127454,24.507008777024467
9.219958482124873,23.932639835308585
8.954865124409856,23.534999798736052
,26.31848005474378
,25.65574666045623
,25.125559945026183
,24.661646569024896
,24.19773319302361
,23.534999798736052
,23.00481308330601
,22.540899707304725
,24.19773319302361
,23.667546477593568
,24.529099890167387
,23.932639835308585
,23.534999798736052
,25.390653302741207
,24.72791990845365
,24.330279871881118
,25.390653302741207
,24.72791990845365
,24.0651865141661
,23.667546477593568
,24.330279871881118
,24.59537322959614
,24.59537322959614
,24.794193247882404
,25.302288850169532
,24.993013266168674
,24.529099890167387
,23.932639835308585
,23.269906441021035
,22.60717304673348
,23.733819817022322
,23.13735976216352
,24.0651865141661
,23.468726459307298
,23.402453119878544
,23.13735976216352
,22.673446386162233
,23.00481308330601
,22.474626367875963
,22.739719725590987
,22.474626367875963
,23.468726459307298
,23.00481308330601
,24.0651865141661
,24.19773319302361
,23.667546477593568
,23.269906441021035
,22.474626367875963
,21.811892973588414
,21.281706258158366
,21.149159579300857
,21.01661290044335
,20.4864261850133
,19.95623946958326
,19.42605275415322
,19.028412717580686
,19.95623946958326
,19.492326093581973
,18.763319359865662
,18.100585965578105
,17.040212534718023
,16.64257249814549
,15.979839103857934
,17.63667258957682
,17.040212534718023
,16.64257249814549
,18.100585965578105
,18.630772681008153
,18.962139378151925
,18.630772681008153
,18.100585965578105
,17.30530589243304
,16.841392516431753
,16.510025819287975
,15.847292425000418
,15.184559030712869
,14.786918994140336
,14.389278957567804
,13.859092242137756
,13.328905526707715
,12.798718811277674
,11.870892059275093
,11.340705343845052
,11.075611986130028
,10.545425270699987
,9.88269187641243
,9.418778500411143
,10.0815118946987
