Y(hoy),Y(ayer)
15.115841772042714,14.154375190481943
15.236025094737812,14.094283529134394
15.756819493083228,13.793825222396649
15.957125030908387,13.373183592963812
15.356208417432903,13.793825222396649
15.115841772042714,14.154375190481943
15.115841772042714,14.154375190481943
15.055750110695165,14.154375190481943
14.875475126652518,14.154375190481943
14.51492515856723,14.154375190481943
13.793825222396649,13.793825222396649
13.313091931616263,13.313091931616263
12.952541963530976,12.832358640835878
12.471808672750583,12.351625350055492
11.991075381970198,11.991075381970198
12.231442027360394,11.269975445799616
11.209883784452074,10.548875509629042
11.149792123104525,10.068142218848656
11.149792123104525,9.82777557345846
11.149792123104525,9.226858959982977
11.69061707523246,9.106675637287879
12.111258704665296,9.106675637287879
12.111258704665296,8.746125669202591
12.111258704665296,8.325484039769755
12.111258704665296,8.145209055727108
11.63052541388491,7.664475764946722
11.029608800409427,7.183742474166337
10.789242155019231,7.183742474166337
10.428692186933944,7.183742474166337
9.947958896153558,7.123650812818788
9.347042282678075,6.8231925060810426
8.98649231459278,6.222275892605559
8.686034007855042,6.102092569910461
8.145209055727108,5.741542601825174
7.544292442251624,5.200717649697239
7.123650812818788,5.020442665654592
7.063559151471239,4.960351004307043
7.063559151471239,4.539709374874207
6.642917522038395,4.29934272948401
6.16218423125801,4.780076020264403
6.102092569910461,5.020442665654592
5.6213592791300755,4.539709374874207
5.861725924520272,4.058976084093821
5.501175956434977,4.058976084093821
5.861725924520272,4.058976084093821
5.260809311044788,4.058976084093821
5.020442665654592,4.058976084093821
5.260809311044788,4.058976084093821
5.14062598834969,3.998884422746272
4.058976084093821,3.2577539327931717
4.699953805134335,3.818609438703625
4.900259342959494,3.2777844865756904
4.4796177135266575,3.698426116008534
4.29934272948401,3.3378761479232395
3.758517777356076,4.058976084093821
3.2176928252281414,4.058976084093821
3.998884422746272,3.698426116008534
4.058976084093821,3.1576011638805923
3.758517777356076,3.0975095025330504
3.4580594706183376,3.0975095025330504
3.0975095025330504,3.0975095025330504
3.998884422746272,3.2176928252281414
4.058976084093821,3.938792761398723
3.998884422746272,3.5782427933134358
3.938792761398723,3.498120578183368
3.4580594706183376,3.998884422746272
3.0975095025330504,4.058976084093821
3.0975095025330504,4.058976084093821
3.0975095025330504,4.058976084093821
3.0975095025330504,4.058976084093821
3.1576011638805923,4.058976084093821
3.758517777356076,4.4796177135266575
3.3378761479232395,4.960351004307043
4.058976084093821,5.020442665654592
4.058976084093821,4.659892697569305
4.058976084093821,4.179159406788919
4.058976084093821,4.4796177135266575
4.21922051435395,4.900259342959494
4.659892697569305,4.4796177135266575
4.659892697569305,4.780076020264403
4.179159406788919,5.020442665654592
5.14062598834969,5.200717649697239
4.780076020264403,5.6213592791300755
5.14062598834969,6.042000908562912
5.6213592791300755,6.402550876648206
5.14062598834969,6.943375828776141
5.98190924721537,7.183742474166337
5.380992633739886,7.063559151471239
5.080534327002141,6.462642537995755
5.14062598834969,6.222275892605559
5.14062598834969,6.8231925060810426
5.18068709591472,6.462642537995755
5.901787032085302,6.3825203228656875
5.380992633739886,7.063559151471239
6.102092569910461,7.364017458208977
6.16218423125801,7.784659087641813
6.642917522038395,8.145209055727108
7.063559151471239,8.505759023812395
7.063559151471239,8.86630899189769
7.063559151471239,8.325484039769755
7.063559151471239,8.86630899189769
7.063559151471239,9.947958896153558
6.7631008447334935,9.527317266720715
6.342459215300657,9.467225605373173
7.063559151471239,9.106675637287879
6.582825860690853,10.008050557501107
7.063559151471239,9.82777557345846
7.424109119556526,9.226858959982977
6.943375828776141,9.106675637287879
8.02502573303201,9.467225605373173
8.02502573303201,10.008050557501107
7.544292442251624,10.789242155019231
7.123650812818788,10.188325541543747
7.063559151471239,11.91095316684013
7.544292442251624,11.390158768494715
7.183742474166337,12.111258704665296
8.02502573303201,12.111258704665296
7.544292442251624,12.71217531814078
7.243834135513879,12.231442027360394
7.824720195206844,13.853916883744198
8.085117394379559,13.313091931616263
8.505759023812395,14.274558513177034
8.98649231459278,14.75529180395742
9.106675637287879,15.115841772042714
9.106675637287879,15.115841772042714
9.166767298635428,15.175933433390263
9.527317266720715,15.716758385518197
9.106675637287879,16.077308353603485
10.008050557501107,16.137400014951034
10.128233880196198,16.678224967078968
10.428692186933944,16.31767499899368
10.068142218848656,17.4594165645971
10.94948658527936,17.038774935164263
11.149792123104525,18.000241516725033
11.269975445799616,18.12042483942013
11.91095316684013,18.48097480750542
12.111258704665296,19.682808034456386
11.63052541388491,19.081891420980902
11.149792123104525,20.28372464793187
11.69061707523246,20.764457938712255
12.111258704665296,21.545649536230385
12.411717011403042,21.125007906797542
11.991075381970198,21.966291165663222
12.952541963530976,21.605741197577935
13.55345857700646,21.18509956814509
14.034191867786845,21.24519122949264
14.034191867786845,21.966291165663222
13.55345857700646,21.545649536230385
13.072725286226067,21.06491624545
14.995658449347616,20.524091293322066
14.51492515856723,20.16354132523677
14.034191867786845,21.30528289084019
13.55345857700646,20.884641261407353
14.75529180395742,21.846107842968124
14.274558513177034,22.08647448835832
15.276086202302842,22.08647448835832
15.957125030908387,22.08647448835832
15.476391740128001,22.747482763181353
15.115841772042714,22.206657811053418
15.957125030908387,23.708949344742123
15.53648340147555,23.16812439261419
15.716758385518197,24.12959097417496
15.236025094737812,24.06949931282741
15.236025094737812,23.88922432878477
15.776850046865746,23.468582699351927
16.31767499899368,23.94931599013232
16.958652720034195,23.528674360699476
17.158958257859354,24.91078257169309
17.158958257859354,24.369957619565156
17.39932490324955,25.812157491906312
17.038774935164263,25.331424201125927
17.920119301594966,25.271332539778378
18.12042483942013,25.391515862473476
18.12042483942013,25.93234081460141
18.12042483942013,26.172707459991607
18.12042483942013,26.172707459991607
18.601158130200517,26.352982444034247
18.12042483942013,26.893807396162188
19.081891420980902,27.134174041552377
19.081891420980902,27.554815670985214
18.961708098285804,27.975457300418057
18.721341452895615,27.614907332332763
18.36079148481032,27.194265702899926
19.081891420980902,27.134174041552377
18.601158130200517,27.01399071885728
18.841524775590706,26.593349089424443
18.30069982346277,26.172707459991607
18.000241516725033,26.533257428076894
19.562624711761288,27.07408238020483
20.043358002541673,27.01399071885728
20.103449663889222,26.533257428076894
20.043358002541673,26.172707459991607
19.562624711761288,27.07408238020483
19.26216640502355,27.975457300418057
19.843052464716514,27.49472400963767
20.103449663889222,28.456190591198443
20.524091293322066,28.997015543326377
21.00482458410245,28.81674055928373
21.24519122949264,28.275915607155795
21.765985627838056,28.095640623113148
21.966291165663222,28.095640623113148
21.36537455218774,27.73509065502786
21.125007906797542,27.314449025595025
21.125007906797542,27.85527397772296
21.28525233705767,27.374540686942574
21.966291165663222,27.49472400963767
21.485557874882836,27.134174041552377
21.966291165663222,27.85527397772296
20.884641261407353,27.374540686942574
20.403907970626967,28.095640623113148
20.16354132523677,28.095640623113148
21.00482458410245,28.275915607155795
20.524091293322066,28.81674055928373
21.125007906797542,28.69655723658863
21.00482458410245,28.275915607155795
20.524091293322066,28.095640623113148
20.16354132523677,27.85527397772296
21.00482458410245,27.254357364247475
20.524091293322066,26.83371573481464
20.043358002541673,26.352982444034247
19.562624711761288,26.83371573481464
19.202074743676,27.85527397772296
20.043358002541673,27.254357364247475
19.562624711761288,28.936923881978828
19.26216640502355,28.51628225254599
18.721341452895615,28.456190591198443
18.18051650076768,28.095640623113148
17.639691548639746,27.73509065502786
17.038774935164263,27.254357364247475
16.49794998303632,26.83371573481464
16.137400014951034,26.232799121339156
15.957125030908387,26.05252413729651
15.356208417432903,25.571790846516123
15.115841772042714,25.091057555735738
14.635108481262328,24.610324264955345
14.214466851829485,24.12959097417496
14.094283529134394,23.528674360699476
14.034191867786845,23.288307715309287
13.613550238354001,22.927757747223993
13.152847501356135,22.447024456443607
13.072725286226067,22.02638282701077
12.471808672750583,21.605741197577935
11.930983720622649,21.24519122949264
11.390158768494715,20.824549600059804
11.991075381970198,20.34381630927942
11.390158768494715,19.923174679846582
12.111258704665296,19.562624711761288
12.111258704665296,19.14198308232845
12.111258704665296,18.781433114243164
12.111258704665296,18.36079148481032
12.111258704665296,17.940149855377484
12.151319812230327,17.39932490324955
12.952541963530976,17.038774935164263
12.351625350055492,16.678224967078968
13.072725286226067,16.137400014951034
13.072725286226067,16.077308353603485
13.313091931616263,16.077308353603485
12.952541963530976,15.716758385518197
13.914008545091747,15.296116756085361
14.094283529134394,15.115841772042714
14.154375190481943,15.115841772042714
14.274558513177034,15.115841772042714
14.875475126652518,14.75529180395742
16.077308353603485,14.334650174524583
16.55804164438387,14.875475126652518
16.197491676298583,14.394741835872132
16.237552783863613,14.75529180395742
16.678224967078968,14.274558513177034
17.038774935164263,14.154375190481943
18.240608162115223,14.334650174524583
19.50253305041374,14.875475126652518
20.043358002541673,15.115841772042714
20.28372464793187,15.115841772042714
20.764457938712255,15.296116756085361
21.00482458410245,15.716758385518197
20.524091293322066,16.077308353603485
20.16354132523677,15.957125030908387
19.802991357151484,15.53648340147555
19.26216640502355,15.175933433390263
20.103449663889222,15.836941708213295
20.22363298658432,15.356208417432903
21.00482458410245,15.716758385518197
20.584182954669608,15.356208417432903
20.524091293322066,15.836941708213295
20.16354132523677,15.476391740128001
21.00482458410245,16.077308353603485
20.644274616017157,16.077308353603485
21.30528289084019,16.43785832168878
21.786016181620575,17.038774935164263
22.24671891861845,17.038774935164263
23.408491038004385,17.038774935164263
22.927757747223993,17.39932490324955
23.648857683394574,18.000241516725033
23.16812439261419,18.240608162115223
22.687391101833803,18.721341452895615
22.206657811053418,19.202074743676
22.507116117791156,19.202074743676
22.08647448835832,19.682808034456386
23.04794106991909,19.081891420980902
23.648857683394574,18.601158130200517
24.00940765147987,18.36079148481032
23.408491038004385,18.961708098285804
23.88922432878477,19.26216640502355
23.348399376656836,20.463999631974517
23.408491038004385,19.802991357151484
22.8075744245289,21.06491624545
22.32684113374851,21.24519122949264
22.08647448835832,21.765985627838056
23.04794106991909,21.485557874882836
22.567207779138705,21.125007906797542
23.408491038004385,22.02638282701077
23.04794106991909,22.08647448835832
23.88922432878477,22.98784940857154
23.769041006089672,22.447024456443607
23.288307715309287,24.00940765147987
23.04794106991909,23.408491038004385
24.00940765147987,24.730507587650443
23.528674360699476,24.249774296870058
23.288307715309287,25.93234081460141
22.927757747223993,25.331424201125927
22.507116117791156,26.172707459991607
21.966291165663222,26.292890782686705
21.485557874882836,26.893807396162188
21.125007906797542,27.194265702899926
21.966291165663222,27.975457300418057
22.967818854789023,27.554815670985214
22.447024456443607,27.07408238020483
21.605741197577935,26.533257428076894
23.04794106991909,26.172707459991607
22.8075744245289,26.352982444034247
22.32684113374851,26.893807396162188
21.846107842968124,26.533257428076894
21.605741197577935,26.172707459991607
21.24519122949264,26.893807396162188
22.687391101833803,26.653440750771992
22.206657811053418,26.292890782686705
21.725924520273026,25.87224915325386
23.288307715309287,25.451607523821025
21.125007906797542,25.091057555735738
20.584182954669608,24.670415926302894
19.802991357151484,24.18968263552251
19.3222580663711,24.00940765147987
18.721341452895615,23.468582699351927
18.12042483942013,23.04794106991909
17.519508225944648,22.8075744245289
17.098866596511805,22.32684113374851
17.038774935164263,21.846107842968124
16.798408289774066,21.36537455218774
16.31767499899368,20.524091293322066
15.957125030908387,20.16354132523677
15.53648340147555,19.923174679846582
14.995658449347616,19.562624711761288
14.51492515856723,19.202074743676
14.154375190481943,19.202074743676
14.995658449347616,19.081891420980902
14.51492515856723,18.48097480750542
14.995658449347616,18.240608162115223
14.51492515856723,18.961708098285804
14.154375190481943,18.961708098285804
14.094283529134394,18.48097480750542
14.034191867786845,18.12042483942013
13.433275254311361,17.639691548639746
13.192908608921165,17.219049919206903
12.832358640835878,16.978683273816713
12.351625350055492,16.49794998303632
11.991075381970198,16.077308353603485
11.8708920592751,15.716758385518197
11.450250429842264,15.175933433390263
11.089700461756976,14.995658449347616
,14.51492515856723
,14.034191867786845
,13.55345857700646
,13.192908608921165
,12.71217531814078
,12.351625350055492
,13.072725286226067
