Y(hoy),Y(ayer)
2.5926245392493286,3.3879046123944008
1.5322511083892465,2.8577178969643597
0.8695177141016899,2.194984502676803
0.33933099867164174,1.399704429531738
-0.12458237732964506,1.2671577506742295
-0.654769092759679,1.2008844112454682
-0.8535891110459488,0.67069769581542
-0.8535891110459488,0.20678431981413326
-1.1849558081897271,0.20678431981413326
-1.7151425236197753,0.20678431981413326
-2.1127825601923007,0.20678431981413326
-2.0465092207635536,-0.1908557167583922
-2.0465092207635536,-0.7210424321884403
-2.0465092207635536,-0.8535891110459488
-2.0465092207635536,-0.8535891110459488
-2.179055899621062,-0.8535891110459488
-1.11868246876098,-0.8535891110459488
-0.8535891110459488,-0.8535891110459488
-0.7210424321884403,-0.8535891110459488
-0.1908557167583922,-0.8535891110459488
-0.05830903790088371,-0.9861357899034573
2.3938045209630587,-1.450049165904744
2.504260086677661,-1.913962541906045
2.990264575821868,-1.7814158630485224
6.038838189544613,-0.9861357899034573
5.508651474114572,-0.8535891110459488
6.834118262689678,-0.8535891110459488
7.496851656977235,-0.8535891110459488
8.027038372407276,-0.7210424321884403
13.859092242137756,-0.1908557167583922
15.71474574614291,0.20678431981413326
15.184559030712869,0.20678431981413326
19.691146111868235,0.20678431981413326
20.884066221585833,0.8695177141016899
20.221332827298284,1.5322511083892465
21.41425293701588,2.0624378238192946
31.48780053018671,2.990264575821868
30.825067135899154,3.454177951823155
30.294880420469113,3.5204512912519093
34.27128078619444,4.05063800668195
33.74109407076439,4.845918079827015
33.21090735533435,6.436478226117146
32.68072063990431,5.906291510687105
32.15053392447426,7.231758299262211
41.428801444500024,6.834118262689678
41.03116140792749,7.761945014692259
42.62172155421762,8.2921317301223
41.95898815993007,8.954865124409856
43.28445494850518,9.485051839839898
48.718868781663126,10.147785234127454
47.52594867194553,11.47325202270256
46.200481883370415,11.075611986130028
45.670295167940374,12.798718811277674
46.46557524108544,13.859092242137756
46.06793520451291,15.71474574614291
46.46557524108544,15.184559030712869
45.80284184679789,14.786918994140336
45.53774848908286,17.570399250148064
45.40520181022535,17.040212534718023
44.87501509479531,18.23313264443562
44.34482837936527,19.691146111868235
43.085634930218916,20.221332827298284
42.48917487536011,20.751519542728325
42.09153483878758,21.41425293701588
42.09153483878758,21.944439652445922
42.62172155421762,23.932639835308585
43.28445494850518,23.402453119878544
43.41700162736269,25.920840018171248
41.69389480221505,25.258106623883698
41.229981426213755,27.643946843318894
40.50097469249745,27.113760127888845
40.23588133478243,29.234506989609024
39.705694619352386,30.55997377818413
39.44060126163736,30.162333741611597
39.08714345135067,32.415627282189284
39.44060126163736,31.885440566759243
39.9707879770674,31.355253851329195
38.84414120677856,30.957613814756662
38.446501170206034,34.006187428479414
37.85004111534723,33.47600071304937
37.58494775763221,32.945813997619325
37.187307721059675,35.86184093248457
35.72929425362706,35.33165421705452
35.33165421705452,37.717494436489716
34.80146750162448,37.187307721059675
34.33755412562319,39.57314794049488
33.74109407076439,39.17550790392234
33.34345403419186,41.296254765642516
34.205007446765684,40.76606805021247
33.74109407076439,41.69389480221505
34.13873410733692,43.5495483062202
33.60854739190688,43.019361590790155
33.21090735533435,42.48917487536011
32.68072063990431,42.09153483878758
32.283080603331776,45.9353885256554
31.752893887901728,45.40520181022535
30.692520457041645,45.00756177365282
30.096060402182843,46.99576195651548
29.89724038389658,48.188682066233085
30.02978706275409,48.58632210280561
31.48780053018671,47.52594867194553
30.825067135899154,47.12830863537299
32.15053392447426,46.200481883370415
32.15053392447426,45.40520181022535
31.62034720904422,44.87501509479531
31.28898051190044,44.477375058222776
31.885440566759243,45.27265513136784
31.752893887901728,44.87501509479531
31.28898051190044,44.676195076509046
32.15053392447426,45.14010845251033
31.62034720904422,44.609921737080285
31.62034720904422,44.079735021650244
31.156433833042932,43.68209498507771
31.156433833042932,44.87501509479531
31.090160493614178,44.411101718794015
31.222707172471686,45.40520181022535
31.62034720904422,44.34482837936527
32.15053392447426,43.81464166393522
31.62034720904422,43.15190826964766
31.222707172471686,42.62172155421762
30.957613814756662,44.079735021650244
31.023887154185417,43.5495483062202
31.355253851329195,43.5495483062202
32.15053392447426,42.886814911932646
31.686620548472973,42.22408151764509
31.355253851329195,41.95898815993007
32.01798724561675,41.296254765642516
30.957613814756662,40.63352137135496
31.355253851329195,40.10333465592491
32.74699397933306,39.9707879770674
31.885440566759243,39.44060126163736
33.2771806947631,38.91041454620732
31.885440566759243,38.247681151919764
32.216807263903014,37.717494436489716
33.21090735533435,37.31985439991719
32.68072063990431,36.92221436334465
32.72490286619014,36.39202764791461
33.21090735533435,35.6630209141983
33.34345403419186,35.464200895912036
33.21090735533435,35.0665608593395
32.74699397933306,34.66892082276697
32.283080603331776,34.27128078619444
33.873640749621906,33.60854739190688
34.536374143909455,32.945813997619325
35.596747574769545,32.15053392447426
35.0665608593395,31.752893887901728
36.524574326772125,31.222707172471686
35.99438761134208,30.825067135899154
35.86184093248457,30.42742709932662
35.0665608593395,30.7587937964704
34.536374143909455,30.02978706275409
35.596747574769545,29.565873686752802
35.0665608593395,29.035686971322754
37.12103438163092,28.83686695303649
36.126934290199586,29.035686971322754
37.85004111534723,29.49960034732404
38.55695673592062,29.963513723325335
38.51277450963478,30.294880420469113
38.115134473062255,30.825067135899154
36.59084766620087,30.162333741611597
36.701303231915475,30.162333741611597
37.98258779420474,30.692520457041645
37.51867441820345,30.55997377818413
39.04296122506483,30.162333741611597
38.51277450963478,30.825067135899154
41.296254765642516,30.957613814756662
45.670295167940374,30.339062646754947
45.27265513136784,31.090160493614178
46.86321527765797,32.01798724561675
46.200481883370415,31.554073869615465
47.260855314230504,31.355253851329195
47.52594867194553,32.01798724561675
46.99576195651548,31.28898051190044
46.598121919942955,31.222707172471686
45.40520181022535,31.885440566759243
44.74246841593779,31.44361830390087
44.34482837936527,31.885440566759243
45.47147514965411,32.283080603331776
44.96337954736698,32.81326731876182
45.27265513136784,33.21090735533435
44.808741755366555,32.415627282189284
44.477375058222776,31.885440566759243
44.34482837936527,31.355253851329195
43.81464166393522,31.885440566759243
43.28445494850518,32.283080603331776
42.820541572503885,32.34935394276053
43.94718834279273,32.945813997619325
43.41700162736269,32.54817396104679
44.74246841593779,32.68072063990431
45.40520181022535,32.283080603331776
44.34482837936527,31.885440566759243
43.019361590790155,31.42152719075795
42.48917487536011,32.01798724561675
41.69389480221505,32.81326731876182
41.16370808678501,33.34345403419186
40.36842801363994,33.74109407076439
39.838241298209894,34.60264748333822
39.308054582779846,34.13873410733692
38.84414120677856,35.0665608593395
38.77786786734981,35.464200895912036
38.247681151919764,35.86184093248457
37.58494775763221,36.39202764791461
36.98848770277341,37.187307721059675
36.39202764791461,36.78966768448714
35.72929425362706,37.717494436489716
34.93401418048199,37.58494775763221
34.27128078619444,37.010578815916325
33.34345403419186,37.78376777591848
33.21090735533435,37.31985439991719
32.54817396104679,38.247681151919764
32.01798724561675,39.57314794049488
31.48780053018671,39.04296122506483
30.957613814756662,38.6453211884923
32.98999622390516,41.428801444500024
32.415627282189284,40.898614729069976
31.885440566759243,40.50097469249745
31.355253851329195,43.81464166393522
33.74109407076439,43.28445494850518
34.27128078619444,46.200481883370415
33.80736741019315,45.670295167940374
33.40972737362062,45.14010845251033
33.21090735533435,46.598121919942955
32.68072063990431,46.598121919942955
32.283080603331776,46.06793520451291
33.21090735533435,45.27265513136784
32.68072063990431,44.676195076509046
33.80736741019315,45.14010845251033
34.27128078619444,44.477375058222776
34.40382746505195,44.477375058222776
34.27128078619444,44.079735021650244
33.60854739190688,43.41700162736269
33.34345403419186,42.75426823307514
32.945813997619325,42.22408151764509
32.48190062161804,42.62172155421762
31.951713906187997,43.28445494850518
31.48780053018671,44.146008361079
32.68072063990431,43.68209498507771
32.283080603331776,44.609921737080285
34.867740841053234,45.14010845251033
35.33165421705452,44.609921737080285
34.889831954196154,44.21228170050775
34.40382746505195,42.75426823307514
33.34345403419186,42.22408151764509
33.873640749621906,41.82644148107256
34.40382746505195,41.428801444500024
34.80146750162448,40.898614729069976
36.43620987420045,40.50097469249745
35.86184093248457,40.10333465592491
36.524574326772125,39.57314794049488
36.2594809690571,39.04296122506483
35.86184093248457,38.51277450963478
35.19910753819701,37.98258779420474
34.66892082276697,37.31985439991719
34.006187428479414,36.92221436334465
33.47600071304937,36.657121005629634
34.006187428479414,36.524574326772125
33.40972737362062,35.99438761134208
35.86184093248457,35.596747574769545
35.26538087762577,35.13283419876826
34.80146750162448,34.66892082276697
37.187307721059675,34.27128078619444
36.657121005629634,33.74109407076439
38.51277450963478,32.945813997619325
38.115134473062255,32.283080603331776
37.85004111534723,31.752893887901728
37.58494775763221,31.355253851329195
37.717494436489716,30.891340475327908
37.25358106048843,30.361153759897867
36.72339434505839,30.891340475327908
37.187307721059675,30.42742709932662
37.76167666277556,31.42152719075795
38.6453211884923,31.885440566759243
39.838241298209894,31.28898051190044
39.308054582779846,30.957613814756662
38.6453211884923,30.361153759897867
38.38022783077727,30.825067135899154
37.916314454775986,30.42742709932662
38.6453211884923,32.216807263903014
38.115134473062255,31.62034720904422
38.6453211884923,31.222707172471686
39.04296122506483,33.07836067647684
39.838241298209894,32.68072063990431
39.37432792220861,32.48190062161804
39.17550790392234,33.07836067647684
36.524574326772125,32.68072063990431
36.657121005629634,32.15053392447426
36.524574326772125,31.355253851329195
36.2594809690571,31.355253851329195
35.86184093248457,32.945813997619325
36.657121005629634,32.415627282189284
35.99438761134208,31.885440566759243
35.72929425362706,34.33755412562319
35.19910753819701,34.40382746505195
34.40382746505195,34.13873410733692
33.873640749621906,33.74109407076439
33.07836067647684,34.27128078619444
32.81326731876182,33.80736741019315
32.415627282189284,35.0665608593395
32.68072063990431,34.66892082276697
32.283080603331776,35.464200895912036
33.34345403419186,35.0665608593395
34.050369654765255,34.40382746505195
34.40382746505195,34.60264748333822
34.27128078619444,36.2594809690571
33.60854739190688,35.596747574769545
33.34345403419186,35.0665608593395
32.945813997619325,37.58494775763221
32.415627282189284,36.92221436334465
32.01798724561675,37.85004111534723
31.090160493614178,37.98258779420474
29.89724038389658,39.57314794049488
31.023887154185417,38.976687885636075
31.090160493614178,38.77786786734981
30.55997377818413,38.247681151919764
30.02978706275409,37.85004111534723
29.49960034732404,38.84414120677856
28.83686695303649,38.91041454620732
28.306680237606443,40.43470135306869
27.643946843318894,39.838241298209894
26.981213449031337,39.308054582779846
26.451026733601296,41.95898815993007
25.78829333931374,41.428801444500024
25.722019999884985,40.898614729069976
26.119660036457518,40.63352137135496
25.65574666045623,40.10333465592491
26.583573412458804,39.57314794049488
26.053386697028763,39.04296122506483
25.390653302741207,38.6453211884923
25.125559945026183,37.85004111534723
24.72791990845365,38.115134473062255
24.0651865141661,38.6453211884923
23.800093156451076,39.308054582779846
23.402453119878544,39.838241298209894
22.739719725590987,39.44060126163736
22.474626367875963,38.91041454620732
22.07698633130343,38.51277450963478
21.54679961587339,37.187307721059675
21.082886239872103,36.78966768448714
20.4864261850133,37.717494436489716
19.82369279072575,37.31985439991719
19.558599433010727,38.51277450963478
19.160959396438194,38.115134473062255
18.630772681008153,37.98258779420474
18.23313264443562,37.4524010787747
18.89586603872317,36.98848770277341
18.23313264443562,37.4524010787747
17.570399250148064,36.92221436334465
16.907665855860508,36.39202764791461
16.244932461572958,35.86184093248457
15.582199067285401,34.93401418048199
15.317105709570377,34.40382746505195
14.919465672997845,35.0665608593395
14.389278957567804,35.53047423534079
13.726545563280247,35.86184093248457
13.461452205565223,36.72339434505839
13.527725544993984,36.2594809690571
13.925365581566517,37.231489947345516
13.461452205565223,36.92221436334465
14.389278957567804,36.39202764791461
13.925365581566517,35.92811427191332
13.328905526707715,35.33165421705452
12.666172132420158,34.80146750162448
12.003438738132608,34.27128078619444
11.47325202270256,33.74109407076439
10.94306530727252,33.21090735533435
10.412878591842478,32.81326731876182
9.88269187641243,32.15053392447426
9.352505160982389,31.62034720904422
8.557225087837324,31.090160493614178
8.027038372407276,30.55997377818413
9.087411803267365,30.162333741611597
8.689771766694832,30.825067135899154
9.087411803267365,29.764693705039065
8.557225087837324,29.234506989609024
8.159585051264791,28.571773595321467
7.099211620404702,28.306680237606443
7.761945014692259,27.842766861605156
,27.643946843318894
,27.113760127888845
,26.64984675188756
,26.053386697028763
,25.390653302741207
,24.72791990845365
,24.0651865141661
,23.468726459307298
,23.402453119878544
,23.402453119878544
,23.13735976216352
,22.673446386162233
,21.944439652445922
,21.281706258158366
,20.618972863870816
,19.95623946958326
,19.42605275415322
,18.630772681008153
,18.100585965578105
,17.570399250148064
,16.907665855860508
,16.57629915871673
,16.112385782715442
,15.71474574614291
,15.052012351855353
,14.389278957567804
,13.726545563280247
,12.931265490135182
,12.401078774705141
,12.401078774705141
,12.401078774705141
,12.401078774705141
,12.33480543527638
,12.003438738132608
,11.47325202270256
,10.81051862841501
,10.147785234127454
,9.617598518697413
,9.15368514269612
,8.954865124409856
,8.557225087837324
,8.027038372407276
,7.496851656977235
,7.032938280975948
,7.828218354121013
,7.894491693549767
,7.629398335834743
,7.099211620404702
,7.563124996405989
,9.087411803267365
,8.557225087837324
,8.027038372407276
,11.47325202270256
,10.94306530727252
,10.412878591842478
,9.88269187641243
