Y(hoy),Y(ayer)
13.132816947573616,6.102092569910461
12.591991995445682,6.102092569910461
12.111258704665296,5.98190924721537
12.111258704665296,5.6213592791300755
12.111258704665296,5.200717649697239
11.69061707523246,5.020442665654592
11.149792123104525,5.020442665654592
10.548875509629042,4.780076020264403
9.947958896153558,4.179159406788919
9.467225605373173,4.058976084093821
8.86630899189769,4.058976084093821
8.625942346507493,3.698426116008534
8.145209055727108,3.2777844865756904
7.9048424103369115,3.0975095025330504
7.664475764946722,3.0975095025330504
7.183742474166337,2.857142857142854
6.582825860690853,2.3163179050149196
6.102092569910461,2.1360429209722724
5.98190924721537,2.556684550405109
5.741542601825174,2.9773261798379522
5.380992633739886,2.616776211752658
5.080534327002141,2.1961345823198215
5.14062598834969,2.1360429209722724
4.659892697569305,2.1360429209722724
4.179159406788919,2.1360429209722724
4.058976084093821,2.1360429209722724
4.058976084093821,2.1360429209722724
4.058976084093821,2.1360429209722724
3.998884422746272,2.1360429209722724
3.938792761398723,2.1360429209722724
3.3378761479232395,2.1360429209722724
3.0975095025330504,1.7754929528869852
3.0975095025330504,1.2346680007590507
3.0975095025330504,1.1745763394115016
3.0975095025330504,1.1745763394115016
3.0975095025330504,1.1745763394115016
3.0975095025330504,1.1745763394115016
3.0374178411855013,1.1745763394115016
2.9773261798379522,1.1745763394115016
2.4365012277100178,1.1745763394115016
2.1360429209722724,1.1745763394115016
2.1360429209722724,1.1745763394115016
2.1360429209722724,1.1745763394115016
2.1360429209722724,1.1745763394115016
2.1360429209722724,1.1745763394115016
2.1360429209722724,1.1745763394115016
2.1360429209722724,1.1745763394115016
2.1360429209722724,1.1745763394115016
2.1360429209722724,1.1745763394115016
2.1360429209722724,1.1745763394115016
2.1360429209722724,1.1745763394115016
2.1360429209722724,1.2346680007590507
2.1360429209722724,1.655309630191887
2.1360429209722724,1.535126307496789
2.1360429209722724,1.1745763394115016
2.1360429209722724,1.7754929528869852
2.1360429209722724,2.1360429209722724
2.1360429209722724,2.1360429209722724
2.1360429209722724,2.1360429209722724
2.1360429209722724,2.1360429209722724
2.1360429209722724,2.1360429209722724
2.1360429209722724,2.1360429209722724
2.3764095663624687,2.1360429209722724
2.857142857142854,2.496592889057567
3.0975095025330504,3.0374178411855013
3.2176928252281414,3.2176928252281414
3.738487223573557,3.698426116008534
4.058976084093821,4.29934272948401
4.29934272948401,4.900259342959494
5.260809311044788,5.020442665654592
5.681450940477625,5.260809311044788
6.102092569910461,5.6213592791300755
6.16218423125801,6.582825860690853
9.527317266720715,7.303925796861428
10.068142218848656,8.265392378422206
10.789242155019231,9.106675637287879
11.390158768494715,9.467225605373173
12.591991995445682,10.248417202891297
12.111258704665296,9.82777557345846
13.793825222396649,11.149792123104525
13.313091931616263,10.66905883232414
14.75529180395742,12.111258704665296
14.274558513177034,11.63052541388491
15.957125030908387,13.313091931616263
15.476391740128001,12.832358640835878
17.158958257859354,14.51492515856723
16.678224967078968,14.034191867786845
18.841524775590706,13.67364189970155
18.48097480750542,15.716758385518197
20.103449663889222,15.236025094737812
19.562624711761288,14.875475126652518
21.125007906797542,17.158958257859354
20.704366277364706,16.678224967078968
20.28372464793187,16.197491676298583
20.764457938712255,18.841524775590706
21.725924520273026,18.36079148481032
21.24519122949264,17.880058194029935
22.927757747223993,19.562624711761288
22.447024456443607,19.202074743676
22.08647448835832,19.923174679846582
23.88922432878477,20.644274616017157
23.408491038004385,21.125007906797542
25.091057555735738,22.206657811053418
24.610324264955345,21.725924520273026
26.77362407346709,21.36537455218774
26.292890782686705,23.16812439261419
28.81674055928373,22.687391101833803
28.215823945808246,24.369957619565156
27.73509065502786,23.88922432878477
30.37912375431999,25.812157491906312
29.8983904635396,25.331424201125927
29.417657172759213,24.97087423304064
32.06169027205134,27.49472400963767
31.58095698127095,27.01399071885728
31.100223690490566,26.533257428076894
30.73967372240528,29.177290527369024
33.56398180574005,28.69655723658863
33.14334017630721,28.336007268503344
34.58554004864837,30.859857045100377
33.98462343517289,30.37912375431999
35.18645666212386,29.8983904635396
37.3497564706356,29.53784049545431
36.9892065025503,32.54242356283173
39.03232298836694,32.06169027205134
38.551589697586564,31.58095698127095
40.51458396827314,33.98462343517289
39.99378956992772,33.5038901443925
39.513056279147335,33.14334017630721
41.67635608765907,34.70572337134347
41.19562279687869,34.34517340325817
42.637822669219844,35.66718995290424
42.157089378439466,35.18645666212386
43.358922605390426,38.431406374891466
44.200205864256105,37.830489761415976
44.80112247773158,37.3497564706356
44.4405725096463,36.869023179855205
43.238739282695335,39.87360624723262
41.43598944226888,39.27268963375714
40.9552561514885,38.91213966567185
40.474522860708106,40.9552561514885
39.99378956992772,40.474522860708106
39.513056279147335,42.157089378439466
39.15250631106204,41.67635608765907
39.99378956992772,41.31580611957378
39.513056279147335,43.118555960000236
39.03232298836694,42.637822669219844
38.431406374891466,43.479105928085524
38.19103972950127,43.95983921886591
38.431406374891466,44.92130580042668
39.03232298836694,44.4405725096463
39.27268963375714,45.161672445816876
39.75342292453753,44.80112247773158
39.99378956992772,43.59928925078062
39.513056279147335,43.238739282695335
38.91213966567185,42.75800599191494
38.67177302028166,42.157089378439466
38.19103972950127,41.49608110361643
38.07085640680617,41.91672273304927
37.650214777373336,41.556172764963975
37.16948148659295,41.43598944226888
36.9892065025503,41.07543947418359
38.13094806815372,40.594706183403204
37.710306438720885,40.11397289262282
37.3497564706356,40.7148895060983
36.9892065025503,41.13553113553114
36.50847321176992,41.43598944226888
35.66718995290424,41.91672273304927
35.06627333942876,41.556172764963975
34.46535672595327,41.19562279687869
34.16489841921553,40.7148895060983
33.98462343517289,40.23415621531791
33.56398180574005,39.75342292453753
33.14334017630721,39.33278129510469
33.56398180574005,39.15250631106204
33.98462343517289,38.79195634297675
33.98462343517289,38.19103972950127
33.56398180574005,37.950673084111074
33.023156853612115,37.53003145467824
32.54242356283173,37.2295731479405
32.12178193339889,37.950673084111074
32.06169027205134,37.59012311602579
31.6410486426185,36.9892065025503
31.160315351838115,36.50847321176992
31.100223690490566,35.66718995290424
30.980040367795475,35.18645666212386
30.73967372240528,34.58554004864837
30.37912375431999,33.98462343517289
31.100223690490566,33.5038901443925
30.61949039971018,33.14334017630721
31.100223690490566,33.14334017630721
31.100223690490566,33.023156853612115
31.100223690490566,32.54242356283173
31.100223690490566,32.181873594746435
31.100223690490566,32.902973530917016
30.499307077015082,32.66260688552683
30.138757108929795,32.30205691744153
30.258940431624893,31.881415288008697
30.138757108929795,31.280498674533213
31.100223690490566,31.220407013185664
30.73967372240528,30.859857045100377
31.100223690490566,30.258940431624893
31.160315351838115,29.958482124887148
31.6410486426185,29.53784049545431
31.220407013185664,29.177290527369024
32.181873594746435,28.75664889793618
32.82285131578695,28.295946160938314
33.023156853612115,28.936923881978828
32.54242356283173,28.57637391389354
33.023156853612115,29.778207140844508
32.60251522417927,29.297473850064115
32.54242356283173,30.138757108929795
32.181873594746435,30.138757108929795
33.023156853612115,30.138757108929795
32.60251522417927,29.958482124887148
32.24196525609399,29.477748834106762
32.181873594746435,29.65802381814941
32.34211802500656,30.37912375431999
33.5038901443925,30.859857045100377
33.083248514959664,30.258940431624893
33.98462343517289,30.138757108929795
33.44379848304496,30.439215415667533
32.42224024013663,30.859857045100377
33.3837068216974,30.37912375431999
33.864440112477794,31.46077365857586
34.46535672595327,30.859857045100377
34.94609001673366,32.12178193339889
34.64563170999592,32.181873594746435
34.22499008056308,31.821323626661147
34.70572337134347,31.340590335880762
35.30663998481895,30.919948706447926
35.907556598294434,30.37912375431999
36.38828988907482,29.8983904635396
36.869023179855205,29.457718280324244
36.628656534465016,30.439215415667533
36.20801490503217,30.018573786234697
37.2295731479405,30.980040367795475
36.74883985716011,31.220407013185664
37.830489761415976,31.46077365857586
38.431406374891466,32.54242356283173
39.03232298836694,32.06169027205134
39.15250631106204,32.902973530917016
39.15250631106204,32.54242356283173
39.0924146497145,32.181873594746435
38.91213966567185,32.42224024013663
38.67177302028166,32.84288186956947
38.351284159761406,32.36214857878908
39.07238409593198,32.82285131578695
38.67177302028166,32.42224024013663
40.23415621531791,32.54242356283173
39.75342292453753,32.181873594746435
39.27268963375714,32.181873594746435
42.637822669219844,32.66260688552683
42.157089378439466,32.181873594746435
43.83965589617081,33.864440112477794
43.358922605390426,33.263523499002304
45.04148912312178,34.10480675786798
44.56075583234139,34.28508174191063
44.4405725096463,34.825906694038565
44.200205864256105,34.70572337134347
44.200205864256105,34.22499008056308
44.62084749368894,36.02773992098953
45.04148912312178,35.42682330751405
44.56075583234139,35.06627333942876
43.95983921886591,36.74883985716011
43.71947257347571,37.16948148659295
43.358922605390426,36.628656534465016
42.75800599191494,36.26810656637973
42.517639346524746,36.14792324368463
42.157089378439466,36.20801490503217
42.157089378439466,36.628656534465016
41.67635608765907,38.31122305219637
41.67635608765907,37.830489761415976
41.31580611957378,37.3497564706356
42.03690605574437,36.9892065025503
41.43598944226888,40.23415621531791
42.03690605574437,39.75342292453753
41.43598944226888,39.27268963375714
42.157089378439466,38.79195634297675
42.03690605574437,42.397456023829655
41.79653941035417,41.91672273304927
41.43598944226888,41.43598944226888
40.8350728287934,43.71947257347571
40.594706183403204,43.118555960000236
40.23415621531791,42.75800599191494
39.63323960184243,43.59928925078062
39.39287295645224,43.238739282695335
38.91213966567185,44.08002254156101
38.431406374891466,43.83965589617081
38.19103972950127,43.419014266737975
39.03232298836694,42.87818931461004
38.551589697586564,42.27727270113456
38.551589697586564,41.79653941035417
37.950673084111074,41.31580611957378
37.710306438720885,41.07543947418359
37.3497564706356,40.594706183403204
36.869023179855205,40.23415621531791
36.44838155042237,40.7148895060983
35.787373275599336,41.07543947418359
34.58554004864837,40.594706183403204
34.34517340325817,40.11397289262282
33.864440112477794,40.11397289262282
33.6240734670876,40.11397289262282
33.14334017630721,39.75342292453753
32.60251522417927,39.27268963375714
32.181873594746435,38.79195634297675
32.181873594746435,38.37131471354392
33.023156853612115,37.830489761415976
32.60251522417927,37.3497564706356
32.181873594746435,36.92911484120276
33.98462343517289,36.38828988907482
33.5038901443925,36.14792324368463
32.902973530917016,36.14792324368463
32.30205691744153,36.02773992098953
32.82285131578695,35.42682330751405
32.181873594746435,35.06627333942876
32.66260688552683,34.94609001673366
32.902973530917016,34.52544838730083
32.902973530917016,34.16489841921553
34.34517340325817,34.70572337134347
34.70572337134347,34.34517340325817
34.10480675786798,35.06627333942876
33.6240734670876,34.94609001673366
33.263523499002304,34.46535672595327
33.744256789782696,33.98462343517289
33.263523499002304,33.5038901443925
33.744256789782696,33.98462343517289
33.263523499002304,33.56398180574005
34.28508174191063,33.023156853612115
33.864440112477794,32.66260688552683
34.58554004864837,32.181873594746435
34.16489841921553,33.14334017630721
34.044715096520434,33.14334017630721
33.263523499002304,33.14334017630721
32.782790208221925,33.023156853612115
32.30205691744153,32.42224024013663
33.263523499002304,32.902973530917016
32.782790208221925,33.6240734670876
33.864440112477794,34.34517340325817
33.98462343517289,35.907556598294434
33.68416512843515,35.4869149688616
33.14334017630721,35.06627333942876
32.60251522417927,35.18645666212386
32.24196525609399,34.70572337134347
32.82285131578695,34.10480675786798
33.023156853612115,34.10480675786798
32.72269854687437,34.22499008056308
32.30205691744153,34.94609001673366
32.181873594746435,35.06627333942876
32.181873594746435,34.825906694038565
32.181873594746435,33.5038901443925
32.60251522417927,34.50541783351831
32.181873594746435,33.98462343517289
33.14334017630721,36.18798435124966
33.744256789782696,35.66718995290424
34.34517340325817,35.18645666212386
34.94609001673366,36.74883985716011
34.52544838730083,36.26810656637973
34.94609001673366,36.02773992098953
34.16489841921553,35.46688441507908
33.98462343517289,36.02773992098953
33.5038901443925,36.14792324368463
34.70572337134347,36.14792324368463
34.28508174191063,35.907556598294434
33.744256789782696,35.4869149688616
33.263523499002304,35.96764825964198
35.18645666212386,35.42682330751405
35.18645666212386,36.26810656637973
35.18645666212386,37.16948148659295
34.70572337134347,36.74883985716011
33.864440112477794,37.650214777373336
33.3837068216974,38.07085640680617
33.98462343517289,38.8520480043243
33.5038901443925,38.431406374891466
34.94609001673366,39.27268963375714
34.46535672595327,39.99378956992772
36.02773992098953,39.63323960184243
35.42682330751405,39.513056279147335
36.14792324368463,39.15250631106204
35.54700663020914,38.79195634297675
35.18645666212386,38.37131471354392
35.06627333942876,38.19103972950127
33.263523499002304,38.19103972950127
33.14334017630721,37.950673084111074
33.14334017630721,37.40984813198314
33.023156853612115,36.9892065025503
32.54242356283173,36.50847321176992
31.941506949356246,36.26810656637973
31.70114030396605,36.9892065025503
31.340590335880762,36.50847321176992
30.919948706447926,37.2295731479405
30.37912375431999,37.1093898252454
30.078665447582246,36.50847321176992
30.138757108929795,35.907556598294434
30.138757108929795,35.54700663020914
29.53784049545431,35.06627333942876
29.117198866021475,34.46535672595327
29.117198866021475,33.864440112477794
28.57637391389354,33.3837068216974
28.336007268503344,32.782790208221925
27.975457300418057,32.36214857878908
27.374540686942574,31.881415288008697
27.134174041552377,31.46077365857586
26.77362407346709,31.100223690490566
26.292890782686705,30.67958206105773
25.87224915325386,30.258940431624893
25.21124087843083,29.8983904635396
24.97087423304064,29.417657172759213
24.490140942260254,28.81674055928373
23.94931599013232,28.215823945808246
23.408491038004385,27.73509065502786
22.8075744245289,27.254357364247475
22.206657811053418,26.77362407346709
21.725924520273026,26.292890782686705
21.125007906797542,25.87224915325386
20.524091293322066,25.451607523821025
19.923174679846582,25.091057555735738
19.3222580663711,24.670415926302894
19.923174679846582,24.309865958217607
19.3222580663711,24.85069091034554
20.043358002541673,24.430049280912705
19.562624711761288,23.769041006089672
18.961708098285804,23.16812439261419
18.721341452895615,22.567207779138705
18.36079148481032,21.966291165663222
17.759874871334837,21.36537455218774
17.519508225944648,20.764457938712255
17.158958257859354,20.34381630927942
17.158958257859354,19.802991357151484
16.678224967078968,19.202074743676
16.197491676298583,18.601158130200517
15.5965750628231,18.18051650076768
15.175933433390263,17.940149855377484
14.995658449347616,17.519508225944648
14.394741835872132,17.158958257859354
14.154375190481943,16.738316628426517
14.034191867786845,16.31767499899368
13.55345857700646,15.957125030908387
13.253000270268714,15.476391740128001
13.833886329961679,15.115841772042714
14.034191867786845,15.175933433390263
,15.836941708213295
,15.356208417432903
,15.476391740128001
,15.055750110695165
,14.75529180395742
,14.274558513177034
,13.67364189970155
,13.072725286226067
,12.591991995445682
,12.171350366012845
,11.69061707523246
,11.269975445799616
,10.90942547771433
,10.488783848281493
,10.068142218848656
,10.008050557501107
,9.347042282678075
,8.625942346507493
,8.205300717074657
,8.98649231459278
,8.625942346507493
,9.82777557345846
,9.347042282678075
,10.548875509629042
,11.63052541388491
,11.149792123104525
