Y(hoy),Y(ayer)
-1.450049165904744,-1.913962541906045
-0.9861357899034573,-1.913962541906045
-0.9861357899034573,-2.70924261505111
-1.5825958447622668,-2.8417892939086187
-1.9802358813347922,-2.444149257336079
-2.0465092207635536,-2.70924261505111
-2.0465092207635536,-1.9802358813347922
-2.0465092207635536,-1.913962541906045
-2.0465092207635536,-1.913962541906045
-2.0465092207635536,-1.913962541906045
-2.0465092207635536,-1.913962541906045
-2.0465092207635536,-1.913962541906045
-2.0465092207635536,-1.7151425236197753
-2.0465092207635536,-1.2070469213326476
-1.913962541906045,-1.5163225053335054
-1.9802358813347922,-1.913962541906045
-2.908062633337366,-1.5163225053335054
-2.974335972766127,-1.913962541906045
-2.5766959361935875,-0.9861357899034573
-2.974335972766127,-0.8535891110459488
-2.70924261505111,-0.8535891110459488
-2.974335972766127,-0.8535891110459488
-2.974335972766127,-0.3234023956159007
-2.974335972766127,0.8695177141016899
-2.5104225967648404,1.2671577506742295
-2.0465092207635536,1.664797787246755
-2.179055899621062,2.3275311815343116
-1.450049165904744,2.725171218106837
-0.9198624504747102,3.3879046123944008
1.0020643929591984,4.183184685539466
1.2671577506742295,4.779644740398261
2.504260086677661,6.436478226117146
2.990264575821868,5.906291510687105
3.454177951823155,6.834118262689678
4.183184685539466,7.099211620404702
3.6529979701094177,7.629398335834743
5.972564850115859,8.557225087837324
5.508651474114572,9.087411803267365
6.436478226117146,10.412878591842478
8.424678408979808,9.88269187641243
9.617598518697413,12.003438738132608
9.087411803267365,11.605798701560076
10.412878591842478,14.12418559985278
10.015238555269946,13.593998884422739
13.859092242137756,13.196358847850206
13.328905526707715,15.184559030712869
15.184559030712869,16.510025819287975
16.64257249814549,16.112385782715442
17.040212534718023,17.30530589243304
17.702945929005573,18.16685930500686
17.901765947291842,17.702945929005573
18.498226002150638,18.697046020436908
22.342079689018455,19.160959396438194
21.944439652445922,19.73532833815407
24.462826550738633,19.293506075295703
24.0651865141661,20.4864261850133
28.969413631894,19.95623946958326
28.571773595321467,22.60717304673348
31.090160493614178,22.07698633130343
30.692520457041645,21.679346294730898
33.07836067647684,24.993013266168674
34.536374143909455,24.462826550738633
33.93991408905066,23.932639835308585
33.47600071304937,27.37885348560387
36.43620987420045,26.981213449031337
35.86184093248457,29.49960034732404
35.33165421705452,28.969413631894
37.187307721059675,28.571773595321467
40.10333465592491,31.090160493614178
39.705694619352386,30.55997377818413
41.95898815993007,33.74109407076439
41.56134812335753,32.945813997619325
45.27265513136784,32.415627282189284
45.47147514965411,35.33165421705452
43.28445494850518,34.80146750162448
41.95898815993007,34.27128078619444
41.428801444500024,36.657121005629634
40.96488806849874,36.126934290199586
40.23588133478243,35.72929425362706
39.838241298209894,37.187307721059675
39.838241298209894,38.247681151919764
39.37432792220861,37.85004111534723
38.91041454620732,40.36842801363994
39.308054582779846,39.838241298209894
39.838241298209894,39.44060126163736
39.308054582779846,41.95898815993007
38.6453211884923,41.428801444500024
37.98258779420474,43.81464166393522
38.57904784906354,43.41700162736269
37.98258779420474,45.80284184679789
39.308054582779846,45.14010845251033
39.838241298209894,46.53184858051419
39.308054582779846,46.73066859880046
38.247681151919764,47.52594867194553
37.717494436489716,47.06203529594424
37.187307721059675,46.46557524108544
36.657121005629634,45.9353885256554
36.19320762962835,44.079735021650244
35.6630209141983,43.5495483062202
36.39202764791461,43.019361590790155
35.86184093248457,42.48917487536011
35.464200895912036,43.019361590790155
35.0665608593395,42.62172155421762
34.536374143909455,42.22408151764509
33.873640749621906,41.7601681416438
33.40972737362062,41.229981426213755
33.21090735533435,41.03116140792749
32.54817396104679,40.63352137135496
32.283080603331776,40.10333465592491
31.752893887901728,39.57314794049488
31.156433833042932,39.10923456449358
30.42742709932662,38.91041454620732
29.89724038389658,38.91041454620732
29.035686971322754,38.91041454620732
27.90904020103391,38.38022783077727
28.969413631894,37.85004111534723
28.43922691646396,37.4524010787747
29.89724038389658,37.054761042202166
29.234506989609024,36.657121005629634
28.704320274178976,36.126934290199586
28.174133558748935,35.596747574769545
27.643946843318894,35.19910753819701
27.113760127888845,34.80146750162448
26.716120091316313,34.40382746505195
27.04748678846009,35.92811427191332
27.643946843318894,35.33165421705452
27.113760127888845,36.2594809690571
26.451026733601296,35.6630209141983
25.854566678742493,35.19910753819701
26.892848996459662,34.80146750162448
26.31848005474378,34.27128078619444
28.174133558748935,33.74109407076439
27.710220182747648,33.21090735533435
28.704320274178976,32.68072063990431
28.174133558748935,32.15053392447426
27.842766861605156,31.62034720904422
27.710220182747648,30.957613814756662
27.643946843318894,30.294880420469113
27.180033467317607,29.234506989609024
26.583573412458804,28.306680237606443
26.053386697028763,27.90904020103391
25.65574666045623,29.764693705039065
27.643946843318894,29.234506989609024
27.113760127888845,29.101960310751508
26.716120091316313,28.174133558748935
27.37885348560387,27.643946843318894
26.981213449031337,27.113760127888845
28.10786021932018,26.451026733601296
28.704320274178976,25.876657791885414
28.24040689817769,27.113760127888845
28.704320274178976,26.583573412458804
27.842766861605156,25.390653302741207
28.10786021932018,24.92673992673992
28.704320274178976,26.31848005474378
28.704320274178976,26.64984675188756
28.174133558748935,26.053386697028763
27.776493522176402,25.523199981598715
28.704320274178976,24.993013266168674
28.174133558748935,24.59537322959614
27.90904020103391,25.258106623883698
27.953222427319744,24.794193247882404
27.643946843318894,25.390653302741207
27.113760127888845,25.65574666045623
26.31848005474378,25.65574666045623
25.78829333931374,25.390653302741207
28.748502500464816,24.816284361025325
28.174133558748935,25.78829333931374
26.981213449031337,25.258106623883698
29.101960310751508,26.64984675188756
29.8088759313249,26.716120091316313
30.02978706275409,27.24630680674636
30.02978706275409,27.776493522176402
29.367053668466532,27.643946843318894
28.704320274178976,27.113760127888845
28.174133558748935,26.716120091316313
29.49960034732404,27.37885348560387
28.83686695303649,27.710220182747648
31.885440566759243,27.37885348560387
31.28898051190044,26.914940109602583
30.825067135899154,27.776493522176402
30.294880420469113,27.24630680674636
28.041586879891426,28.704320274178976
31.752893887901728,28.174133558748935
31.28898051190044,27.445126825032624
32.15053392447426,26.84866677017383
31.752893887901728,26.384753394172535
32.283080603331776,25.854566678742493
32.34935394276053,26.84866677017383
34.27128078619444,26.31848005474378
33.74109407076439,27.90904020103391
33.21090735533435,27.37885348560387
32.68072063990431,28.704320274178976
32.283080603331776,28.306680237606443
35.33165421705452,27.24630680674636
34.80146750162448,26.981213449031337
34.27128078619444,28.483409142749792
33.34345403419186,28.174133558748935
34.33755412562319,27.643946843318894
34.27128078619444,27.113760127888845
33.829458523336065,27.643946843318894
34.80146750162448,27.776493522176402
34.27128078619444,27.90904020103391
33.74109407076439,28.43922691646396
37.717494436489716,28.83686695303649
37.187307721059675,28.704320274178976
36.657121005629634,28.24040689817769
36.126934290199586,27.776493522176402
35.596747574769545,27.37885348560387
41.428801444500024,26.914940109602583
40.898614729069976,27.37885348560387
40.36842801363994,26.981213449031337
39.838241298209894,28.24040689817769
39.308054582779846,27.776493522176402
38.77786786734981,28.704320274178976
43.063543817075995,28.24040689817769
42.48917487536011,27.776493522176402
41.95898815993007,30.162333741611597
44.34482837936527,29.49960034732404
43.88091500336398,28.969413631894
44.94128843422406,28.43922691646396
45.9353885256554,30.692520457041645
45.40520181022535,30.096060402182843
47.791042029660545,29.565873686752802
47.12830863537299,29.16823365018027
46.73066859880046,30.825067135899154
48.58632210280561,30.294880420469113
48.05613538737557,29.764693705039065
47.52594867194553,32.54817396104679
46.99576195651548,31.885440566759243
46.46557524108544,31.355253851329195
45.9353885256554,33.21090735533435
45.27265513136784,34.27128078619444
45.00756177365282,33.873640749621906
44.654103963366126,33.21090735533435
45.40520181022535,32.54817396104679
46.46557524108544,31.752893887901728
45.9353885256554,31.222707172471686
46.46557524108544,32.283080603331776
45.80284184679789,31.62034720904422
45.14010845251033,32.945813997619325
44.477375058222776,33.40972737362062
44.21228170050775,34.006187428479414
43.81464166393522,36.657121005629634
43.15190826964766,36.126934290199586
42.62172155421762,35.596747574769545
41.95898815993007,35.0665608593395
41.56134812335753,34.536374143909455
41.16370808678501,39.57314794049488
41.69389480221505,39.04296122506483
41.296254765642516,38.51277450963478
42.75426823307514,37.98258779420474
42.22408151764509,37.4524010787747
44.079735021650244,41.95898815993007
43.48327496679144,41.49507478392878
43.5495483062202,40.898614729069976
43.15190826964766,40.36842801363994
41.16370808678501,39.9707879770674
40.76606805021247,41.472983670785865
39.838241298209894,42.29035485707385
37.717494436489716,41.82644148107256
37.31985439991719,42.79845045936097
32.945813997619325,42.48917487536011
32.415627282189284,41.95898815993007
32.945813997619325,41.428801444500024
33.47600071304937,43.019361590790155
32.415627282189284,42.55544821478887
32.01798724561675,42.09153483878758
31.62034720904422,42.48917487536011
31.222707172471686,42.09153483878758
30.02978706275409,41.56134812335753
29.49960034732404,41.16370808678501
28.969413631894,41.95898815993007
28.505500255892713,41.49507478392878
27.975313540462672,41.03116140792749
28.43922691646396,40.63352137135496
27.776493522176402,40.10333465592491
26.84866677017383,40.10333465592491
26.384753394172535,40.76606805021247
25.78829333931374,41.428801444500024
25.258106623883698,42.48917487536011
24.72791990845365,41.95898815993007
25.258106623883698,43.019361590790155
26.583573412458804,42.48917487536011
26.053386697028763,41.82644148107256
26.981213449031337,41.296254765642516
24.462826550738633,40.63352137135496
25.125559945026183,40.10333465592491
25.58947332102747,39.57314794049488
26.119660036457518,39.17550790392234
26.583573412458804,38.6453211884923
27.37885348560387,37.98258779420474
26.583573412458804,37.4524010787747
26.053386697028763,37.054761042202166
24.59537322959614,35.596747574769545
24.19773319302361,35.0665608593395
23.667546477593568,34.66892082276697
23.269906441021035,33.34345403419186
24.462826550738633,33.74109407076439
24.0651865141661,34.07246076790817
25.037195492454508,33.07836067647684
24.59537322959614,32.15053392447426
25.523199981598715,31.62034720904422
25.722019999884985,31.222707172471686
26.384753394172535,30.825067135899154
25.920840018171248,30.294880420469113
26.84866677017383,29.764693705039065
27.37885348560387,29.234506989609024
29.234506989609024,29.300780329037778
28.704320274178976,29.764693705039065
33.47600071304937,29.234506989609024
31.885440566759243,28.83686695303649
31.355253851329195,27.643946843318894
34.66892082276697,27.113760127888845
34.006187428479414,26.716120091316313
35.33165421705452,27.511400164461378
34.867740841053234,26.914940109602583
35.33165421705452,26.451026733601296
34.4701008044807,26.053386697028763
34.006187428479414,27.113760127888845
33.60854739190688,26.583573412458804
33.21090735533435,28.704320274178976
32.68072063990431,28.174133558748935
32.15053392447426,27.776493522176402
31.554073869615465,27.37885348560387
30.294880420469113,26.981213449031337
29.89724038389658,26.185933375886272
29.234506989609024,25.390653302741207
28.83686695303649,24.860466587311166
27.776493522176402,24.0651865141661
24.72791990845365,23.601273138164807
24.330279871881118,24.19773319302361
23.932639835308585,25.258106623883698
23.269906441021035,24.72791990845365
24.59537322959614,26.31848005474378
23.99891317473734,25.920840018171248
23.402453119878544,26.84866677017383
22.872266404448496,27.37885348560387
22.342079689018455,26.31848005474378
21.811892973588414,25.78829333931374
21.149159579300857,25.258106623883698
20.4864261850133,24.860466587311166
20.15505948786953,25.58947332102747
20.618972863870816,25.65574666045623
19.691146111868235,26.981213449031337
19.160959396438194,26.31848005474378
20.287606166727038,25.920840018171248
19.82369279072575,27.511400164461378
19.160959396438194,26.914940109602583
18.697046020436908,26.84866677017383
18.100585965578105,27.511400164461378
18.763319359865662,29.764693705039065
15.582199067285401,29.234506989609024
15.250832370141623,28.704320274178976
14.786918994140336,31.885440566759243
14.389278957567804,31.355253851329195
13.925365581566517,30.957613814756662
13.328905526707715,32.68072063990431
12.798718811277674,34.13873410733692
11.870892059275093,33.60854739190688
11.274432004416298,33.74109407076439
12.798718811277674,33.34345403419186
12.268532095847625,32.945813997619325
13.328905526707715,32.415627282189284
13.925365581566517,31.62034720904422
14.389278957567804,31.222707172471686
13.859092242137756,30.957613814756662
13.196358847850206,30.02978706275409
12.666172132420158,29.49960034732404
12.135985416990117,28.969413631894
12.003438738132608,28.571773595321467
11.605798701560076,28.174133558748935
12.268532095847625,27.776493522176402
11.605798701560076,27.113760127888845
10.94306530727252,26.716120091316313
10.280331912984963,25.920840018171248
9.617598518697413,24.462826550738633
8.954865124409856,23.800093156451076
8.358405069551054,23.534999798736052
7.761945014692259,24.330279871881118
7.231758299262211,24.59537322959614
6.834118262689678,24.19773319302361
6.436478226117146,23.800093156451076
5.773744831829596,23.402453119878544
2.5926245392493286,22.872266404448496
1.2671577506742295,22.07698633130343
0.47187767752916443,21.613072955302144
,21.149159579300857
,21.149159579300857
,20.4864261850133
,20.884066221585833
,20.353879506155792
,18.89586603872317
,18.36567932329313
,17.702945929005573
,17.106485874146777
,17.570399250148064
,17.968039286720597
,18.630772681008153
,19.293506075295703
,19.691146111868235
,19.028412717580686
,18.630772681008153
,17.570399250148064
,17.17275921357553
,16.510025819287975
,15.847292425000418
,15.449652388427886
,15.052012351855353
,14.389278957567804
,13.859092242137756
,13.328905526707715
,12.931265490135182
,12.467352114133895
,12.401078774705141
,11.870892059275093
,11.539525362131315
,12.003438738132608
,12.864992150706428
,12.401078774705141
,13.196358847850206
,12.467352114133895
,12.268532095847625
,11.47325202270256
,11.075611986130028
,10.545425270699987
,10.147785234127454
,9.683871858126167
,9.219958482124873
,8.822318445552341
,8.2921317301223
,7.828218354121013
,7.364304978119726
,6.966664941547194
,6.303931547259637
,5.773744831829596
,5.6411981529720805
,4.713371400969507
,3.7855446489669333
,3.3879046123944008
,2.5926245392493286
,2.3275311815343116
,1.664797787246755
,1.2671577506742295
,1.2671577506742295
,1.2671577506742295
,0.33933099867164174
,0.20678431981413326
,0.20678431981413326
,0.7369710352441814
