Y(hoy),Y(ayer)
,3.5204512912519093
,3.5204512912519093
,3.3879046123944008
,2.990264575821868
,2.5263511998205814
,2.3275311815343116
,2.3275311815343116
,1.929891144961772
,1.4659777689604852
,1.2671577506742295
,1.2671577506742295
,1.2671577506742295
,0.8695177141016899
,0.4056043381004031
,0.20678431981413326
,0.20678431981413326
,-0.05830903790088371
,-0.654769092759679
,-0.8535891110459488
,-0.8535891110459488
,-0.8535891110459488
,-0.8535891110459488
,-0.8535891110459488
,-0.8535891110459488
,-0.8535891110459488
,-0.8535891110459488
,-0.8535891110459488
,-1.11868246876098
,-1.7151425236197753
,-1.913962541906045
,-1.9802358813347922
,-2.0465092207635536
,-2.0465092207635536
,-2.0465092207635536
,-1.913962541906045
,-2.0465092207635536
,-2.0465092207635536
,-1.9802358813347922
,-1.913962541906045
,-1.913962541906045
,-1.9802358813347922
,-2.0465092207635536
,-2.0465092207635536
,-2.0465092207635536
,-2.0465092207635536
,-1.450049165904744
,-1.11868246876098
,-1.7151425236197753
,-1.913962541906045
,-1.2512291476184885
,-1.913962541906045
,-2.0465092207635536
,-2.0465092207635536
,-1.913962541906045
,-1.5163225053335054
,-1.913962541906045
,-0.9198624504747102
,-0.8535891110459488
,-0.8535891110459488
,-0.8535891110459488
,-0.8535891110459488
,-0.8535891110459488
,-0.389675735044662
,-0.05830903790088371
,-0.654769092759679
,-0.12458237732964506
,0.33933099867164174
,0.8695177141016899
,1.2671577506742295
,1.3334310901029767
,1.929891144961772
,1.5322511083892465
,2.46007786039182
,3.3879046123944008
,2.8577178969643597
,3.5204512912519093
,3.6529979701094177
,4.05063800668195
,4.91219141925577
,4.448278043254483
,5.3761047952570635
,5.906291510687105
,6.767844923260924
,6.303931547259637
,7.231758299262211
,8.093311711836037
,7.629398335834743
,8.623498427266078
,9.683871858126167
,9.087411803267365
,10.81051862841501
,10.147785234127454
,11.47325202270256
,12.401078774705141
,11.870892059275093
,13.638181110708572
,13.06381216899269
,14.389278957567804
,15.250832370141623
,14.786918994140336
,15.71474574614291
,16.57629915871673
,16.112385782715442
,17.106485874146777
,17.570399250148064
,18.940048265009004
,18.36567932329313
,17.968039286720597
,20.353879506155792
,19.691146111868235
,21.613072955302144
,21.01661290044335
,23.181541988449354
,22.60717304673348
,22.07698633130343
,25.037195492454508
,24.462826550738633
,23.932639835308585
,27.423035711889703
,26.84866677017383
,26.31848005474378
,25.78829333931374
,29.8088759313249
,29.234506989609024
,28.704320274178976
,28.174133558748935
,31.752893887901728
,31.090160493614178
,30.55997377818413
,33.54227405247813
,32.945813997619325
,32.415627282189284
,34.66892082276697
,34.006187428479414
,35.99438761134208
,35.33165421705452
,37.31985439991719
,36.657121005629634
,38.57904784906354
,37.98258779420474
,39.639421279923624
,39.04296122506483
,42.26826374393093
,41.69389480221505
,41.16370808678501
,40.63352137135496
,40.10333465592491
,44.21228170050775
,43.5495483062202
,43.019361590790155
,44.74246841593779
,46.00166186508415
,45.40520181022535
,46.53184858051419
,46.46557524108544
,46.00166186508415
,45.53774848908286
,45.27265513136784
,44.676195076509046
,44.21228170050775
,43.81464166393522
,43.35072828793393
,43.28445494850518
,43.68209498507771
,44.94128843422406
,44.34482837936527
,45.40520181022535
,44.87501509479531
,44.34482837936527
,43.88091500336398
,43.41700162736269
,43.94718834279273
,44.079735021650244
,43.5495483062202
,42.886814911932646
,42.22408151764509
,41.7601681416438
,41.229981426213755
,40.63352137135496
,40.16960799535367
,39.44060126163736
,38.976687885636075
,40.23588133478243
,39.57314794049488
,41.428801444500024
,40.96488806849874
,41.95898815993007
,41.428801444500024
,40.898614729069976
,40.36842801363994
,39.838241298209894
,39.37432792220861
,38.77786786734981
,38.31395449134852
,37.78376777591848
,37.187307721059675
,36.524574326772125
,35.86184093248457
,35.19910753819701
,34.536374143909455
,34.07246076790817
,33.54227405247813
,34.006187428479414
,34.40382746505195
,34.27128078619444
,33.80736741019315
,33.34345403419186
,32.945813997619325
,32.415627282189284
,31.752893887901728
,31.090160493614178
,30.55997377818413
,30.162333741611597
,30.825067135899154
,30.42742709932662
,30.162333741611597
,30.02978706275409
,29.632147026181556
,29.16823365018027
,29.83096704446782
,30.825067135899154
,30.294880420469113
,29.83096704446782
,29.278689215894858
,30.692520457041645
,30.02978706275409
,32.01798724561675
,31.355253851329195
,32.283080603331776
,32.283080603331776
,32.283080603331776
,32.283080603331776
,31.885440566759243
,31.39943607761503
,32.15053392447426
,31.686620548472973
,31.090160493614178
,30.42742709932662
,30.825067135899154
,30.42742709932662
,32.216807263903014
,31.62034720904422
,31.222707172471686
,33.21090735533435
,32.68072063990431
,34.050369654765255
,33.60854739190688
,33.74109407076439
,33.21090735533435
,32.54817396104679
,32.283080603331776
,32.283080603331776
,31.885440566759243
,31.42152719075795
,31.951713906187997
,31.48780053018671
,33.07836067647684
,32.415627282189284
,34.27128078619444
,33.74109407076439
,33.21090735533435
,32.74699397933306
,32.15053392447426
,31.48780053018671
,31.222707172471686
,33.2771806947631
,32.68072063990431
,33.21090735533435
,32.68072063990431
,32.283080603331776
,32.945813997619325
,33.40972737362062
,34.13873410733692
,33.60854739190688
,34.33755412562319
,33.74109407076439
,33.2771806947631
,32.81326731876182
,32.34935394276053
,33.25508958162019
,32.68072063990431
,32.283080603331776
,35.11074308562534
,34.536374143909455
,34.006187428479414
,35.464200895912036
,35.6630209141983
,36.17111651648543
,35.86184093248457
,35.33165421705452
,34.80146750162448
,34.40382746505195
,37.58494775763221
,36.92221436334465
,36.39202764791461
,35.86184093248457
,37.85004111534723
,37.98258779420474
,38.6453211884923
,38.91041454620732
,39.37432792220861
,39.705694619352386
,39.04296122506483
,38.38022783077727
,39.838241298209894
,37.85004111534723
,44.079735021650244
,43.5495483062202
,43.019361590790155
,42.48917487536011
,41.95898815993007
,41.428801444500024
,40.898614729069976
,40.36842801363994
,39.308054582779846
,45.47147514965411
,44.87501509479531
,45.53774848908286
,46.774850825086304
,46.200481883370415
,45.80284184679789
,47.52594867194553
,46.73066859880046
,46.200481883370415
,45.670295167940374
,45.14010845251033
,44.477375058222776
,44.21228170050775
,43.81464166393522
,43.28445494850518
,42.62172155421762
,41.95898815993007
,41.36252810507127
,42.79845045936097
,44.079735021650244
,43.5495483062202
,43.019361590790155
,42.48917487536011
,42.22408151764509
,43.019361590790155
,42.55544821478887
,42.22408151764509
,41.69389480221505
,41.03116140792749
,40.43470135306869
,39.9707879770674
,41.49507478392878
,40.898614729069976
,40.36842801363994
,43.085634930218916
,42.48917487536011
,41.95898815993007
,45.14010845251033
,44.477375058222776
,44.01346168222149
,43.5495483062202
,44.079735021650244
,43.5495483062202
,43.019361590790155
,42.3566281965026
,41.56134812335753
,41.03116140792749
,40.63352137135496
,40.16960799535367
,39.57314794049488
,38.91041454620732
,38.6453211884923
,38.247681151919764
,37.717494436489716
,37.187307721059675
,36.657121005629634
,36.126934290199586
,35.86184093248457
,36.39202764791461
,37.31985439991719
,36.78966768448714
,37.4524010787747
,36.98848770277341
,36.524574326772125
,35.72929425362706
,35.0665608593395
,34.536374143909455
,34.006187428479414
,33.34345403419186
,32.72490286619014
,32.283080603331776
,33.60854739190688
,34.93401418048199
,34.27128078619444
,36.126934290199586
,35.596747574769545
,35.464200895912036
,34.93401418048199
,34.66892082276697
,36.524574326772125
,35.86184093248457
,35.464200895912036
,36.39202764791461
,35.86184093248457
,35.33165421705452
,34.80146750162448
,34.13873410733692
,33.873640749621906
,33.40972737362062
,34.33755412562319
,33.74109407076439
,33.34345403419186
,35.39792755648328
,34.80146750162448
,35.464200895912036
,35.92811427191332
,36.39202764791461
,35.86184093248457
,35.19910753819701
,34.93401418048199
,34.536374143909455
,33.873640749621906
,33.47600071304937
,34.60264748333822
,34.13873410733692
,35.0665608593395
,36.2594809690571
,35.596747574769545
,37.4524010787747
,36.92221436334465
,36.2594809690571
,35.596747574769545
,35.0665608593395
,34.66892082276697
,36.524574326772125
,35.86184093248457
,36.39202764791461
,35.92811427191332
,35.33165421705452
,34.80146750162448
,36.39202764791461
,35.86184093248457
,34.40382746505195
,38.51277450963478
,38.048861133633494
,37.4524010787747
,36.92221436334465
,37.98258779420474
,37.31985439991719
,36.657121005629634
,36.126934290199586
,35.464200895912036
,34.867740841053234
,34.40382746505195
,35.33165421705452
,34.84564972791032
,36.2594809690571
,35.596747574769545
,38.048861133633494
,37.4524010787747
,36.92221436334465
,39.17550790392234
,38.51277450963478
,40.50097469249745
,39.838241298209894
,41.73807702850088
,41.16370808678501
,41.428801444500024
,40.898614729069976
,40.36842801363994
,39.90451463763865
,39.308054582779846
,38.91041454620732
,39.705694619352386
,39.04296122506483
,38.91041454620732
,38.6453211884923
,37.98258779420474
,37.4524010787747
,36.92221436334465
,36.39202764791461
,35.86184093248457
,35.33165421705452
,34.867740841053234
,34.4701008044807
,36.701303231915475
,36.126934290199586
,35.596747574769545
,35.0665608593395
,34.66892082276697
,38.51277450963478
,38.048861133633494
,37.4524010787747
,38.048861133633494
,38.57904784906354
,39.10923456449358
,39.57314794049488
,38.6453211884923
,38.38022783077727
,37.98258779420474
,37.4524010787747
,36.78966768448714
,36.657121005629634
,36.39202764791461
,35.72929425362706
,35.464200895912036
,34.93401418048199
,34.40382746505195
,33.873640749621906
,33.47600071304937
,36.39202764791461
,35.92811427191332
,35.33165421705452
,34.80146750162448
,35.86184093248457
,35.19910753819701
,34.536374143909455
,33.873640749621906
,33.34345403419186
,33.80736741019315
,33.34345403419186
,34.40382746505195
,35.72929425362706
,35.0665608593395
,36.39202764791461
,35.99438761134208
,35.596747574769545
,35.13283419876826
,34.60264748333822
,34.006187428479414
,33.47600071304937
,33.01208733704808
,32.415627282189284
,31.885440566759243
,31.222707172471686
,30.692520457041645
,30.339062646754947
,30.692520457041645
,30.361153759897867
,30.825067135899154
,30.294880420469113
,29.83096704446782
,29.234506989609024
,28.571773595321467
,27.90904020103391
,27.37885348560387
,26.84866677017383
,26.31848005474378
,25.78829333931374
,25.324379963312452
,24.72791990845365
,24.59537322959614
,25.58947332102747
,24.993013266168674
,26.451026733601296
,25.920840018171248
,25.324379963312452
,24.72791990845365
,24.264006532452363
,23.800093156451076
,23.402453119878544
,22.938539743877257
,22.40835302844721
,21.811892973588414
,21.149159579300857
,20.530608411299134
,20.088786148440768
,21.325888484444206
,22.07698633130343
,21.54679961587339
,21.01661290044335
,20.4864261850133
,19.82369279072575
,19.160959396438194
,18.763319359865662
,18.36567932329313
,17.901765947291842
,17.371579231861794
,16.64257249814549
,15.979839103857934
,15.515925727856647
,14.919465672997845
,14.521825636425312
,14.521825636425312
,14.985739012426599
,15.515925727856647
,15.317105709570377
,14.65437231528282
,13.991638920995271
,13.196358847850206
,12.53362545356265
,12.135985416990117
,11.47325202270256
,11.009338646701273
,10.280331912984963
,9.88269187641243
,9.418778500411143
,8.822318445552341
,8.358405069551054
,7.761945014692259
,7.231758299262211
,6.834118262689678
,6.834118262689678
,6.834118262689678
