Y(hoy),Y(ayer)
,8.954865124409856
,9.352505160982389
,9.88269187641243
,9.352505160982389
,8.689771766694832
,8.093311711836037
,8.689771766694832
,8.2921317301223
,7.894491693549767
,8.888591784981102
,8.954865124409856
,8.557225087837324
,8.093311711836037
,7.629398335834743
,7.231758299262211
,7.828218354121013
,6.834118262689678
,8.822318445552341
,8.2921317301223
,7.629398335834743
,6.9003916021184395
,6.966664941547194
,7.761945014692259
,7.298031638690972
,6.767844923260924
,6.171384868402129
,5.773744831829596
,5.906291510687105
,6.569024904974661
,6.171384868402129
,5.773744831829596
,5.3761047952570635
,4.779644740398261
,4.580824722111998
,4.05063800668195
,3.5867246306806635
,3.5204512912519093
,3.5204512912519093
,3.5204512912519093
,3.1228112546793767
,2.5263511998205814
,2.3275311815343116
,2.3275311815343116
,2.3275311815343116
,2.3275311815343116
,1.7973444661042635
,1.399704429531738
,2.0624378238192946
,1.7973444661042635
,1.5322511083892465
,2.2612578421055503
,2.46007786039182
,1.7973444661042635
,1.399704429531738
,2.194984502676803
,1.7973444661042635
,1.664797787246755
,1.2671577506742295
,1.2671577506742295
,1.2671577506742295
,1.2671577506742295
,1.2671577506742295
,1.2671577506742295
,1.2671577506742295
,1.2671577506742295
,1.2671577506742295
,1.2671577506742295
,1.2671577506742295
,1.2671577506742295
,1.2671577506742295
,1.2671577506742295
,1.2671577506742295
,1.2671577506742295
,1.2671577506742295
,1.2671577506742295
,1.2671577506742295
,1.2671577506742295
,1.2671577506742295
,1.2671577506742295
,1.2671577506742295
,1.2671577506742295
,1.2671577506742295
,1.7310711266755163
,2.2612578421055503
,2.3275311815343116
,2.3275311815343116
,2.3938045209630587
,3.1228112546793767
,2.5926245392493286
,3.255357933536885
,2.7914445575355984
,3.3879046123944008
,2.8577178969643597
,3.5204512912519093
,3.6529979701094177
,4.05063800668195
,4.647098061540753
,4.845918079827015
,5.3761047952570635
,4.845918079827015
,4.382004703825729
,3.8518179883956876
,4.448278043254483
,3.918091327824442
,4.713371400969507
,4.713371400969507
,5.1110114375420395
,5.707471492400835
,5.906291510687105
,6.436478226117146
,6.834118262689678
,6.834118262689678
,6.9003916021184395
,7.828218354121013
,7.364304978119726
,8.358405069551054
,8.822318445552341
,8.424678408979808
,7.960765032978522
,7.629398335834743
,6.966664941547194
,6.834118262689678
,6.834118262689678
,6.834118262689678
,7.298031638690972
,6.834118262689678
,7.828218354121013
,8.093311711836037
,8.689771766694832
,8.424678408979808
,8.027038372407276
,8.822318445552341
,8.424678408979808
,10.280331912984963
,9.617598518697413
,9.219958482124873
,10.94306530727252
,10.412878591842478
,10.147785234127454
,10.015238555269946
,9.418778500411143
,9.750145197554922
,9.219958482124873
,10.280331912984963
,10.94306530727252
,10.545425270699987
,10.412878591842478
,11.539525362131315
,10.94306530727252
,12.599898792991404
,12.003438738132608
,13.196358847850206
,13.461452205565223
,13.925365581566517
,14.455552296996558
,14.521825636425312
,14.65437231528282
,15.449652388427886
,14.985739012426599
,14.455552296996558
,13.859092242137756
,13.461452205565223
,14.720645654711582
,14.256732278710288
,15.184559030712869
,15.582199067285401
,16.046112443286688
,16.64257249814549
,16.775119177003
,17.106485874146777
,17.63667258957682
,18.100585965578105
,18.763319359865662
,19.028412717580686
,19.558599433010727
,19.028412717580686
,20.79570176901416
,20.221332827298284
,20.4864261850133
,20.022512809012014
,19.492326093581973
,19.028412717580686
,20.552699524442062
,19.95623946958326
,19.42605275415322
,20.884066221585833
,20.287606166727038
,21.082886239872103
,20.618972863870816
,21.54679961587339
,22.143259670732192
,22.342079689018455
,22.872266404448496
,23.33617978044979
,24.529099890167387
,23.932639835308585
,23.534999798736052
,25.390653302741207
,24.860466587311166
,24.0651865141661
,23.468726459307298
,24.19773319302361
,23.667546477593568
,25.258106623883698
,24.72791990845365
,24.462826550738633
,23.800093156451076
,23.534999798736052
,25.523199981598715
,24.993013266168674
,26.451026733601296
,25.920840018171248
,26.64984675188756
,26.119660036457518
,25.65574666045623
,25.390653302741207
,24.794193247882404
,24.661646569024896
,25.390653302741207
,26.64984675188756
,26.053386697028763
,27.180033467317607
,27.511400164461378
,26.84866677017383
,26.185933375886272
,25.78829333931374
,26.362662281029614
,26.053386697028763
,25.65574666045623
,26.981213449031337
,26.31848005474378
,28.174133558748935
,27.643946843318894
,28.704320274178976
,28.174133558748935
,27.643946843318894
,27.113760127888845
,26.716120091316313
,27.37885348560387
,27.842766861605156
,28.571773595321467
,28.041586879891426
,28.43922691646396
,27.975313540462672
,27.710220182747648
,27.180033467317607
,26.716120091316313
,27.24630680674636
,26.716120091316313
,28.483409142749792
,27.90904020103391
,28.43922691646396
,28.041586879891426
,27.643946843318894
,27.113760127888845
,26.583573412458804
,26.119660036457518
,25.523199981598715
,24.993013266168674
,24.59537322959614
,25.390653302741207
,24.993013266168674
,24.462826550738633
,23.800093156451076
,23.13735976216352
,22.474626367875963
,22.143259670732192
,21.613072955302144
,21.149159579300857
,20.751519542728325
,20.287606166727038
,19.691146111868235
,19.028412717580686
,18.763319359865662
,18.36567932329313
,17.835492607863088
,17.17275921357553
,16.708845837574245
,16.510025819287975
,16.046112443286688
,15.582199067285401
,15.052012351855353
,14.521825636425312
,15.449652388427886
,14.985739012426599
,14.65437231528282
,14.12418559985278
,13.593998884422739
,13.461452205565223
,13.461452205565223
,13.461452205565223
,13.461452205565223
,13.461452205565223
,13.461452205565223
,13.461452205565223
,13.461452205565223
,13.660272223851493
,14.12418559985278
,14.985739012426599
,14.521825636425312
,15.515925727856647
,15.582199067285401
,15.781019085571664
,16.244932461572958
,16.708845837574245
,16.775119177003
,16.775119177003
,16.775119177003
,16.775119177003
,16.775119177003
,16.907665855860508
,17.30530589243304
,17.901765947291842
,17.968039286720597
,18.03431262614935
,18.630772681008153
,20.265515053584117
,19.691146111868235
,19.160959396438194
,18.23313264443562
,20.884066221585833
,20.309697279869958
,20.751519542728325
,21.149159579300857
,20.618972863870816
,20.221332827298284
,21.856075199874248
,21.281706258158366
,20.751519542728325
,21.590981842159223
,22.474626367875963
,23.13735976216352
,22.60717304673348
,22.209533010160946
,22.143259670732192
,21.613072955302144
,22.673446386162233
,22.07698633130343
,21.54679961587339
,23.269906441021035
,23.13735976216352
,22.474626367875963
,21.679346294730898
,21.41425293701588
,22.07698633130343
,21.613072955302144
,21.281706258158366
,21.811892973588414
,22.209533010160946
,22.2758063495897
,23.00481308330601
,22.474626367875963
,23.534999798736052
,24.19773319302361
,23.733819817022322
,23.402453119878544
,22.872266404448496
,22.474626367875963
,23.468726459307298
,23.00481308330601
,23.932639835308585
,23.402453119878544
,22.872266404448496
,22.209533010160946
,21.679346294730898
,21.281706258158366
,23.269906441021035
,22.60717304673348
,22.209533010160946
,23.203633101592274
,22.673446386162233
,22.209533010160946
,22.673446386162233
,23.13735976216352
,22.673446386162233
,22.2758063495897
,22.938539743877257
,23.932639835308585
,23.402453119878544
,23.402453119878544
,22.872266404448496
,22.40835302844721
,21.679346294730898
,21.281706258158366
,21.944439652445922
,21.811892973588414
,21.347979597587127
,20.751519542728325
,20.287606166727038
,19.691146111868235
,19.09468605700944
,21.01661290044335
,20.4864261850133
,20.022512809012014
,19.691146111868235
,19.09468605700944
,18.89586603872317
,18.36567932329313
,17.968039286720597
,18.630772681008153
,18.100585965578105
,17.63667258957682
,17.040212534718023
,16.64257249814549
,16.244932461572958
,15.847292425000418
,17.570399250148064
,17.040212534718023
,16.510025819287975
,16.775119177003
,16.244932461572958
,15.847292425000418
,16.64257249814549
,16.510025819287975
,15.847292425000418
,15.582199067285401
,15.184559030712869
,14.65437231528282
,13.991638920995271
,13.593998884422739
,14.455552296996558
,13.991638920995271
,14.256732278710288
,13.660272223851493
,13.130085508421452
,12.599898792991404
,13.06381216899269
,13.461452205565223
,13.06381216899269
,12.599898792991404
,12.135985416990117
,11.738345380417584
,11.208158664987543
,10.74424528898625
,10.214058573556208
,10.214058573556208
,10.81051862841501
,10.677971949557495
,10.214058573556208
,9.683871858126167
,9.15368514269612
,8.954865124409856
,9.087411803267365
,9.617598518697413
