Y(hoy),Y(ayer)
,7.894491693549767
,7.894491693549767
,7.894491693549767
,7.761945014692259
,7.231758299262211
,6.834118262689678
,7.761945014692259
,7.364304978119726
,6.966664941547194
,6.502751565545907
,6.038838189544613
,5.6411981529720805
,5.1110114375420395
,4.713371400969507
,5.3761047952570635
,4.91219141925577
,4.713371400969507
,4.448278043254483
,3.6529979701094177
,2.990264575821868
,2.5926245392493286
,3.3879046123944008
,3.1228112546793767
,2.5263511998205814
,2.3275311815343116
,2.3275311815343116
,1.929891144961772
,1.3334310901029767
,1.2671577506742295
,1.2671577506742295
,1.2008844112454682
,0.7369710352441814
,0.33933099867164174
,1.1346110718167068
,0.7369710352441814
,0.6044243563866729
,0.20678431981413326
,0.20678431981413326
,0.20678431981413326
,0.20678431981413326
,0.20678431981413326
,0.20678431981413326
,0.20678431981413326
,0.20678431981413326
,0.20678431981413326
,0.20678431981413326
,0.20678431981413326
,0.20678431981413326
,0.20678431981413326
,0.20678431981413326
,0.20678431981413326
,0.20678431981413326
,0.20678431981413326
,0.20678431981413326
,0.20678431981413326
,0.20678431981413326
,0.14051098038538612
,-0.389675735044662
,-0.8535891110459488
,-0.389675735044662
,-0.05830903790088371
,-0.654769092759679
,-0.1908557167583922
,-0.5884957533309318
,0.20678431981413326
,0.20678431981413326
,0.20678431981413326
,0.20678431981413326
,0.20678431981413326
,0.20678431981413326
,0.20678431981413326
,0.20678431981413326
,0.20678431981413326
,0.6044243563866729
,1.4659777689604852
,1.0020643929591984
,1.929891144961772
,2.3275311815343116
,2.3938045209630587
,3.1228112546793767
,2.5926245392493286
,3.6529979701094177
,4.448278043254483
,3.918091327824442
,4.713371400969507
,4.845918079827015
,5.508651474114572
,5.773744831829596
,6.70157158383217
,6.171384868402129
,7.828218354121013
,7.231758299262211
,8.159585051264791
,9.485051839839898
,8.822318445552341
,10.81051862841501
,10.147785234127454
,12.069712077561363
,11.47325202270256
,12.53362545356265
,13.461452205565223
,12.931265490135182
,15.317105709570377
,14.65437231528282
,14.12418559985278
,16.64257249814549
,15.979839103857934
,17.040212534718023
,17.702945929005573
,17.968039286720597
,18.940048265009004
,18.36567932329313
,20.353879506155792
,19.691146111868235
,21.613072955302144
,21.01661290044335
,23.181541988449354
,22.60717304673348
,22.07698633130343
,25.037195492454508
,24.462826550738633
,23.932639835308585
,27.423035711889703
,26.84866677017383
,26.31848005474378
,25.78829333931374
,29.8088759313249
,29.234506989609024
,28.704320274178976
,28.174133558748935
,31.752893887901728
,31.090160493614178
,30.55997377818413
,33.60854739190688
,32.945813997619325
,32.415627282189284
,35.464200895912036
,34.80146750162448
,34.27128078619444
,36.657121005629634
,36.126934290199586
,37.51867441820345
,37.054761042202166
,38.048861133633494
,38.51277450963478
,43.019361590790155
,42.42290153593136
,41.95898815993007
,41.428801444500024
,40.898614729069976
,40.36842801363994
,39.838241298209894
,39.308054582779846
,38.91041454620732
,46.33302856222792
,45.86911518622664
,45.40520181022535
,44.87501509479531
,44.34482837936527
,43.81464166393522
,45.60402182851162
,45.53774848908286
,45.53774848908286
,45.53774848908286
,46.200481883370415
,45.670295167940374
,45.40520181022535
,44.87501509479531
,44.34482837936527
,43.68209498507771
,43.019361590790155
,42.53335710164595
,43.41700162736269
,44.079735021650244
,43.68209498507771
,43.28445494850518
,42.62172155421762
,41.95898815993007
,41.296254765642516
,40.76606805021247
,40.36842801363994
,39.9707879770674
,41.20789031307084
,41.82644148107256
,41.16370808678501
,40.63352137135496
,39.9707879770674
,39.705694619352386
,39.308054582779846
,38.6453211884923
,38.115134473062255
,37.717494436489716
,37.25358106048843
,36.78966768448714
,37.25358106048843
,37.78376777591848
,38.247681151919764
,38.84414120677856
,38.77786786734981
,38.115134473062255
,37.4524010787747
,36.78966768448714
,36.2594809690571
,35.86184093248457
,35.39792755648328
,34.93401418048199
,34.536374143909455
,34.07246076790817
,33.54227405247813
,33.07836067647684
,32.68072063990431
,32.283080603331776
,33.2771806947631
,34.27128078619444
,33.80736741019315
,33.47600071304937
,32.81326731876182
,32.15053392447426
,31.62034720904422
,31.222707172471686
,30.825067135899154
,30.339062646754947
,31.090160493614178
,30.692520457041645
,32.01798724561675
,31.48780053018671
,32.283080603331776
,32.81326731876182
,33.34345403419186
,32.945813997619325
,32.48190062161804
,32.34935394276053
,32.945813997619325
,33.34345403419186
,33.34345403419186
,33.873640749621906
,35.0665608593395
,34.536374143909455
,34.536374143909455
,34.006187428479414
,33.47600071304937
,33.60854739190688
,34.867740841053234
,34.27128078619444
,35.39792755648328
,35.53047423534079
,35.86184093248457
,36.524574326772125
,36.2594809690571
,35.99438761134208
,35.596747574769545
,35.0665608593395
,34.536374143909455
,36.458300987343364
,35.86184093248457
,35.33165421705452
,36.92221436334465
,37.4524010787747
,36.92221436334465
,36.39202764791461
,35.86184093248457
,35.464200895912036
,36.2594809690571
,35.72929425362706
,37.4524010787747
,36.92221436334465
,36.657121005629634
,35.99438761134208
,35.72929425362706
,37.58494775763221
,38.84414120677856
,38.247681151919764
,38.77786786734981
,38.247681151919764
,37.717494436489716
,37.187307721059675
,36.657121005629634
,36.126934290199586
,35.72929425362706
,36.39202764791461
,37.31985439991719
,36.78966768448714
,37.916314454775986
,38.51277450963478
,38.115134473062255
,39.04296122506483
,39.838241298209894
,39.37432792220861
,38.6453211884923
,37.916314454775986
,38.77786786734981
,38.247681151919764
,37.85004111534723
,40.898614729069976
,40.43470135306869
,39.838241298209894
,39.308054582779846
,40.36842801363994
,39.9707879770674
,41.296254765642516
,40.76606805021247
,42.48917487536011
,42.02526149935882
,43.019361590790155
,42.22408151764509
,41.69389480221505
,41.16370808678501
,40.63352137135496
,40.16960799535367
,43.15190826964766
,42.48917487536011
,41.95898815993007
,41.428801444500024
,44.411101718794015
,43.81464166393522
,45.27265513136784
,44.808741755366555
,44.54364839765153
,44.477375058222776
,44.94128843422406
,44.477375058222776
,45.27265513136784
,44.609921737080285
,44.079735021650244
,43.5495483062202
,43.085634930218916
,42.48917487536011
,49.6466955336657
,49.11650881823566
,48.65259544223437
,48.05613538737557
,47.52594867194553
,46.99576195651548
,46.46557524108544
,45.9353885256554
,45.40520181022535
,44.87501509479531
,44.34482837936527
,43.81464166393522
,51.83371573481463
,51.23725567995583
,50.70706896452579
,50.17688224909574
,52.8719980525318
,52.29762911081592
,52.562722468530936
,52.16508243195841
,52.960362505103475
,52.36390245024467
,51.76744239538587
,51.10470900109832
,50.8396156433833
,50.441975606810765
,49.91178889138072
,49.381602175950675
,48.98396213937815
,51.76744239538587
,51.23725567995583
,50.70706896452579
,50.2431555885245
,49.91178889138072
,49.381602175950675
,48.851415460520634
,48.32122874509059
,47.85731536908931
,47.59222201137428
,47.06203529594424
,46.598121919942955
,47.39340199308802
,46.86321527765797
,48.65259544223437
,48.05613538737557
,50.70706896452579
,50.17688224909574
,49.6466955336657
,49.11650881823566
,48.58632210280561
,48.05613538737557
,47.52594867194553
,46.99576195651548
,46.46557524108544
,45.9353885256554
,45.53774848908286
,46.53184858051419
,46.06793520451291
,46.46557524108544
,45.9353885256554
,45.27265513136784
,44.74246841593779
,44.079735021650244
,43.5495483062202
,43.019361590790155
,42.48917487536011
,41.95898815993007
,41.49507478392878
,41.03116140792749
,42.02526149935882
,41.56134812335753
,41.82644148107256
,41.16370808678501
,40.63352137135496
,40.10333465592491
,39.44060126163736
,38.77786786734981
,38.115134473062255
,37.31985439991719
,36.524574326772125
,35.86184093248457
,35.39792755648328
,34.80146750162448
,34.40382746505195
,33.873640749621906
,33.34345403419186
,35.19910753819701
,34.536374143909455
,34.006187428479414
,35.39792755648328
,34.867740841053234
,35.86184093248457
,35.33165421705452
,34.80146750162448
,36.2594809690571
,35.596747574769545
,34.93401418048199
,34.40382746505195
,35.39792755648328
,34.93401418048199
,35.86184093248457
,36.72339434505839
,36.2594809690571
,37.31985439991719
,37.4524010787747
,37.054761042202166
,36.657121005629634
,36.19320762962835
,35.79556759305581
,36.524574326772125
,36.657121005629634
,37.31985439991719
,36.78966768448714
,38.6453211884923
,37.98258779420474
,38.6453211884923
,37.98258779420474
,37.51867441820345
,36.96639658963049
,37.4524010787747
,36.98848770277341
,36.39202764791461
,35.86184093248457
,36.524574326772125
,35.99438761134208
,36.2594809690571
,35.596747574769545
,35.13283419876826
,34.536374143909455
,35.39792755648328
,34.93401418048199
,35.72929425362706
,36.39202764791461
,35.92811427191332
,36.39202764791461
,35.99438761134208
,36.126934290199586
,35.72929425362706
,35.33165421705452
,34.80146750162448
,34.33755412562319
,33.74109407076439
,33.34345403419186
,34.867740841053234
,34.27128078619444
,35.19910753819701
,34.60264748333822
,34.60264748333822
,36.17111651648543
,35.596747574769545
,35.0665608593395
,37.58494775763221
,36.92221436334465
,37.78376777591848
,37.85004111534723
,37.98258779420474
,38.51277450963478
,38.048861133633494
,37.51867441820345
,36.98848770277341
,38.51277450963478
,37.98258779420474
,37.4524010787747
,41.95898815993007
,41.428801444500024
,40.898614729069976
,40.36842801363994
,39.838241298209894
,39.37432792220861
,39.838241298209894
,39.308054582779846
,38.6453211884923
,38.115134473062255
,37.58494775763221
,37.054761042202166
,36.78966768448714
,39.838241298209894
,39.308054582779846
,38.77786786734981
,40.63352137135496
,40.23588133478243
,39.838241298209894
,39.308054582779846
,38.6453211884923
,38.115134473062255
,37.58494775763221
,37.054761042202166
,36.78966768448714
,40.898614729069976
,40.36842801363994
,39.838241298209894
,39.308054582779846
,38.77786786734981
,38.38022783077727
,39.04296122506483
,38.51277450963478
,37.916314454775986
,37.78376777591848
,37.98258779420474
,38.51277450963478
,38.247681151919764
,37.85004111534723
,39.308054582779846
,38.77786786734981
,39.90451463763865
,39.838241298209894
,39.308054582779846
,38.6453211884923
,37.98258779420474
,37.4524010787747
,36.78966768448714
,36.126934290199586
,35.596747574769545
,35.0665608593395
,34.60264748333822
,38.247681151919764
,37.78376777591848
,37.187307721059675
,36.657121005629634
,36.126934290199586
,35.596747574769545
,39.838241298209894
,39.308054582779846
,38.77786786734981
,38.115134473062255
,37.58494775763221
,36.92221436334465
,36.458300987343364
,35.92811427191332
,35.464200895912036
,35.0665608593395
,34.60264748333822
,34.40382746505195
,34.867740841053234
,35.33165421705452
,34.80146750162448
,34.13873410733692
,33.47600071304937
,32.81326731876182
,32.15053392447426
,31.686620548472973
,31.156433833042932
,30.825067135899154
,30.294880420469113
,29.764693705039065
,29.101960310751508
,28.83686695303649
,28.43922691646396
,27.90904020103391
,27.37885348560387
,26.914940109602583
,28.571773595321467
,28.10786021932018
,27.90904020103391
,27.37885348560387
,26.716120091316313
,26.053386697028763
,25.523199981598715
,24.993013266168674
,24.59537322959614
,25.258106623883698
,24.72791990845365
,24.264006532452363
,23.667546477593568
,23.00481308330601
,22.739719725590987
,22.342079689018455
,21.811892973588414
,21.281706258158366
,20.81779288215708
,20.221332827298284
,23.00481308330601
,22.342079689018455
,21.811892973588414
,21.281706258158366
,20.884066221585833
,23.269906441021035
,22.60717304673348
,22.143259670732192
,21.54679961587339
,21.149159579300857
,20.751519542728325
,20.287606166727038
,20.022512809012014
,19.42605275415322
,18.962139378151925
,18.36567932329313
,17.835492607863088
,17.17275921357553
,16.377479140430466
,15.91356576442918
,16.510025819287975
,16.046112443286688
,15.449652388427886
,14.985739012426599
,14.521825636425312
,14.389278957567804
,13.859092242137756
,13.395178866136469
,12.798718811277674
,12.401078774705141
,13.660272223851493
,13.196358847850206
,14.12418559985278
