Y(hoy),Y(ayer)
13.328905526707715,8.822318445552341
12.798718811277674,8.2921317301223
12.268532095847625,7.828218354121013
11.738345380417584,7.364304978119726
11.274432004416298,6.9003916021184395
10.677971949557495,6.70157158383217
10.147785234127454,6.171384868402129
11.47325202270256,5.773744831829596
10.94306530727252,6.569024904974661
12.047620964418442,6.171384868402129
12.003438738132608,5.906291510687105
11.340705343845052,5.442378134685818
11.208158664987543,4.845918079827015
11.208158664987543,4.713371400969507
11.075611986130028,4.448278043254483
10.81051862841501,3.8518179883956876
10.280331912984963,3.5204512912519093
9.617598518697413,3.3879046123944008
9.087411803267365,2.5926245392493286
8.954865124409856,2.3275311815343116
8.689771766694832,2.0624378238192946
8.159585051264791,1.4659777689604852
7.894491693549767,1.2671577506742295
7.496851656977235,1.2671577506742295
7.099211620404702,1.0020643929591984
6.834118262689678,0.42769545124332353
7.099211620404702,1.1346110718167068
7.761945014692259,0.7369710352441814
7.231758299262211,0.6044243563866729
6.436478226117146,0.20678431981413326
5.906291510687105,0.20678431981413326
5.773744831829596,0.20678431981413326
5.950473736972938,0.20678431981413326
6.70157158383217,0.20678431981413326
6.171384868402129,0.20678431981413326
5.3761047952570635,0.20678431981413326
4.845918079827015,0.20678431981413326
5.6411981529720805,0.20678431981413326
5.1110114375420395,0.20678431981413326
5.1110114375420395,0.20678431981413326
4.448278043254483,0.14051098038538612
3.7855446489669333,-0.1908557167583922
4.315731364396974,-0.7210424321884403
3.7855446489669333,-0.8535891110459488
4.05063800668195,-0.8535891110459488
3.5867246306806635,-0.8535891110459488
4.580824722111998,-0.8535891110459488
4.05063800668195,-0.8535891110459488
3.6529979701094177,-0.45594907447342337
3.3879046123944008,0.14051098038538612
3.5204512912519093,0.20678431981413326
3.0565379152506154,0.20678431981413326
2.46007786039182,0.20678431981413326
2.990264575821868,0.20678431981413326
3.5204512912519093,0.20678431981413326
3.5204512912519093,0.20678431981413326
3.5204512912519093,0.20678431981413326
3.5204512912519093,-0.1908557167583922
2.990264575821868,-0.654769092759679
2.46007786039182,-0.1908557167583922
2.46007786039182,-0.5884957533309318
2.7914445575355984,0.20678431981413326
2.3275311815343116,0.20678431981413326
3.255357933536885,0.20678431981413326
2.990264575821868,0.20678431981413326
2.46007786039182,0.20678431981413326
2.46007786039182,0.20678431981413326
2.46007786039182,0.20678431981413326
2.46007786039182,0.33933099867164174
2.46007786039182,0.8695177141016899
2.46007786039182,1.2671577506742295
2.46007786039182,1.3334310901029767
2.46007786039182,1.929891144961772
2.3275311815343116,1.5322511083892465
2.0624378238192946,2.3275311815343116
1.664797787246755,2.725171218106837
1.3334310901029767,3.3879046123944008
1.2671577506742295,3.5867246306806635
1.2671577506742295,3.8518179883956876
1.2671577506742295,4.448278043254483
1.4438866558175647,4.713371400969507
2.194984502676803,5.177284776970794
1.7973444661042635,5.707471492400835
1.5322511083892465,5.972564850115859
1.2671577506742295,6.436478226117146
1.5322511083892465,7.298031638690972
2.23916672896263,6.834118262689678
2.46007786039182,7.761945014692259
1.929891144961772,8.2921317301223
1.399704429531738,9.352505160982389
1.9961644843905333,8.822318445552341
2.46007786039182,10.479151931271232
2.46007786039182,9.88269187641243
2.46007786039182,11.539525362131315
2.46007786039182,10.94306530727252
2.46007786039182,12.069712077561363
2.3938045209630587,12.53362545356265
2.46007786039182,13.395178866136469
3.034446802107695,12.931265490135182
2.5926245392493286,15.979839103857934
3.1228112546793767,15.449652388427886
2.5926245392493286,14.919465672997845
3.5204512912519093,14.389278957567804
2.990264575821868,13.859092242137756
3.5204512912519093,17.570399250148064
3.5204512912519093,17.106485874146777
4.05063800668195,16.510025819287975
3.5204512912519093,17.106485874146777
4.580824722111998,17.63667258957682
4.05063800668195,19.160959396438194
3.6529979701094177,18.630772681008153
4.359913590682808,18.100585965578105
4.580824722111998,20.884066221585833
4.647098061540753,20.221332827298284
5.177284776970794,19.691146111868235
5.6411981529720805,21.590981842159223
5.6411981529720805,21.149159579300857
5.1110114375420395,23.402453119878544
4.713371400969507,22.872266404448496
5.6411981529720805,22.342079689018455
5.1110114375420395,25.05928660559743
5.906291510687105,24.462826550738633
6.480660452402979,23.932639835308585
6.834118262689678,26.185933375886272
7.0108471678330275,25.523199981598715
7.761945014692259,26.84866677017383
7.298031638690972,27.776493522176402
7.231758299262211,27.24630680674636
6.834118262689678,29.49960034732404
7.761945014692259,28.969413631894
7.894491693549767,28.43922691646396
8.027038372407276,31.156433833042932
8.557225087837324,30.55997377818413
8.954865124409856,30.02978706275409
8.159585051264791,31.62034720904422
7.563124996405989,32.74699397933306
7.0108471678330275,32.15053392447426
7.761945014692259,33.873640749621906
7.298031638690972,33.21090735533435
7.231758299262211,34.536374143909455
6.834118262689678,35.39792755648328
7.894491693549767,34.93401418048199
8.358405069551054,38.51277450963478
7.894491693549767,37.98258779420474
8.954865124409856,37.4524010787747
9.087411803267365,36.92221436334465
9.087411803267365,36.39202764791461
10.147785234127454,35.86184093248457
9.683871858126167,40.96488806849874
9.087411803267365,40.36842801363994
11.208158664987543,39.838241298209894
10.677971949557495,39.308054582779846
11.208158664987543,40.898614729069976
10.677971949557495,40.36842801363994
10.214058573556208,39.838241298209894
11.075611986130028,39.308054582779846
10.412878591842478,38.6453211884923
11.208158664987543,38.38022783077727
11.47325202270256,38.048861133633494
11.075611986130028,38.51277450963478
12.047620964418442,37.78376777591848
12.33480543527638,37.187307721059675
12.798718811277674,36.78966768448714
13.328905526707715,36.39202764791461
13.593998884422739,35.92811427191332
14.190458939281534,35.464200895912036
14.786918994140336,35.0665608593395
15.449652388427886,34.60264748333822
14.985739012426599,34.07246076790817
15.317105709570377,33.56436516562104
14.588098975854066,34.33755412562319
15.582199067285401,35.33165421705452
15.052012351855353,34.867740841053234
15.71474574614291,34.80146750162448
15.71474574614291,34.40382746505195
15.71474574614291,34.006187428479414
16.377479140430466,33.54227405247813
15.71474574614291,33.34345403419186
17.040212534718023,34.80146750162448
17.614581476433898,34.27128078619444
17.901765947291842,33.74109407076439
18.89586603872317,36.39202764791461
18.36567932329313,35.86184093248457
20.088786148440768,35.39792755648328
19.42605275415322,35.33165421705452
20.79570176901416,34.80146750162448
21.01661290044335,34.40382746505195
20.353879506155792,34.33755412562319
20.265515053584117,33.60854739190688
21.01661290044335,32.945813997619325
20.618972863870816,32.283080603331776
21.21543291872961,31.752893887901728
21.856075199874248,31.355253851329195
21.281706258158366,30.891340475327908
23.181541988449354,30.361153759897867
22.60717304673348,30.162333741611597
23.402453119878544,30.891340475327908
22.872266404448496,31.885440566759243
22.40835302844721,31.355253851329195
23.00481308330601,31.39943607761503
23.667546477593568,32.15053392447426
24.330279871881118,31.686620548472973
24.529099890167387,31.090160493614178
25.05928660559743,30.55997377818413
25.523199981598715,30.294880420469113
25.854566678742493,30.825067135899154
26.451026733601296,31.752893887901728
26.892848996459662,31.222707172471686
27.643946843318894,31.885440566759243
27.180033467317607,31.355253851329195
27.113760127888845,30.825067135899154
26.716120091316313,30.162333741611597
27.643946843318894,29.89724038389658
27.643946843318894,29.632147026181556
26.981213449031337,29.101960310751508
26.451026733601296,31.48780053018671
25.832475565599573,30.825067135899154
27.113760127888845,30.294880420469113
26.583573412458804,32.15053392447426
28.041586879891426,31.62034720904422
28.704320274178976,31.156433833042932
28.10786021932018,30.55997377818413
27.511400164461378,30.02978706275409
26.981213449031337,29.49960034732404
26.716120091316313,28.969413631894
27.643946843318894,28.306680237606443
27.24630680674636,28.041586879891426
27.643946843318894,29.83096704446782
27.180033467317607,30.825067135899154
26.583573412458804,30.361153759897867
25.920840018171248,30.096060402182843
25.65574666045623,30.02978706275409
27.643946843318894,30.096060402182843
27.113760127888845,30.55997377818413
26.583573412458804,30.162333741611597
26.053386697028763,31.42152719075795
28.24040689817769,30.957613814756662
28.704320274178976,31.885440566759243
28.24040689817769,32.415627282189284
27.842766861605156,33.21090735533435
28.174133558748935,32.74699397933306
27.776493522176402,32.01798724561675
28.748502500464816,31.28898051190044
28.969413631894,31.752893887901728
28.43922691646396,31.222707172471686
27.953222427319744,32.98999622390516
29.764693705039065,32.415627282189284
29.101960310751508,32.68072063990431
28.704320274178976,32.283080603331776
29.764693705039065,33.21090735533435
29.234506989609024,32.81326731876182
28.704320274178976,34.050369654765255
28.174133558748935,33.60854739190688
27.511400164461378,33.74109407076439
27.24630680674636,33.21090735533435
26.84866677017383,32.54817396104679
27.423035711889703,31.752893887901728
27.643946843318894,31.222707172471686
27.643946843318894,31.752893887901728
26.981213449031337,32.283080603331776
26.892848996459662,32.34935394276053
27.643946843318894,32.945813997619325
27.113760127888845,33.2771806947631
26.583573412458804,32.945813997619325
26.053386697028763,32.283080603331776
25.523199981598715,32.01798724561675
24.993013266168674,31.686620548472973
24.59537322959614,31.222707172471686
26.583573412458804,33.78527629705023
26.053386697028763,33.21090735533435
25.523199981598715,32.68072063990431
26.053386697028763,32.15053392447426
25.523199981598715,35.19910753819701
24.860466587311166,34.536374143909455
24.59537322959614,36.39202764791461
24.19773319302361,35.86184093248457
23.733819817022322,35.19910753819701
23.269906441021035,34.93401418048199
25.258106623883698,34.536374143909455
24.59537322959614,34.006187428479414
24.19773319302361,33.54227405247813
23.667546477593568,35.39792755648328
25.258106623883698,34.80146750162448
24.72791990845365,35.33165421705452
24.0651865141661,34.867740841053234
23.800093156451076,34.27128078619444
23.402453119878544,33.74109407076439
22.739719725590987,33.34345403419186
22.474626367875963,34.27128078619444
22.07698633130343,33.873640749621906
21.41425293701588,34.80146750162448
21.149159579300857,35.19910753819701
23.269906441021035,34.62473859648113
22.739719725590987,35.39792755648328
22.209533010160946,34.93401418048199
21.944439652445922,35.92811427191332
22.07698633130343,36.39202764791461
21.54679961587339,35.86184093248457
21.01661290044335,35.33165421705452
20.353879506155792,34.66892082276697
19.691146111868235,34.006187428479414
19.160959396438194,33.40972737362062
18.498226002150638,34.27128078619444
17.901765947291842,33.74109407076439
17.835492607863088,33.34345403419186
17.371579231861794,36.39202764791461
16.775119177003,35.86184093248457
16.244932461572958,35.33165421705452
15.781019085571664,34.80146750162448
17.570399250148064,35.0665608593395
16.97393919528926,34.536374143909455
16.510025819287975,33.873640749621906
15.979839103857934,33.40972737362062
17.30530589243304,34.93401418048199
16.775119177003,34.27128078619444
16.244932461572958,36.701303231915475
15.847292425000418,36.126934290199586
16.510025819287975,35.596747574769545
15.91356576442918,37.4524010787747
16.510025819287975,36.92221436334465
15.317105709570377,36.39202764791461
14.786918994140336,35.86184093248457
15.449652388427886,35.33165421705452
14.985739012426599,34.867740841053234
15.184559030712869,34.40382746505195
14.588098975854066,36.524574326772125
15.582199067285401,35.86184093248457
15.052012351855353,35.464200895912036
14.65437231528282,37.78376777591848
15.71474574614291,37.187307721059675
15.184559030712869,38.6453211884923
14.65437231528282,38.115134473062255
16.64257249814549,37.4524010787747
16.112385782715442,36.78966768448714
15.847292425000418,36.524574326772125
15.582199067285401,36.126934290199586
16.046112443286688,35.596747574769545
15.582199067285401,35.53047423534079
16.64257249814549,35.86184093248457
17.30530589243304,36.39202764791461
16.775119177003,35.92811427191332
19.691146111868235,36.92221436334465
19.028412717580686,36.458300987343364
18.498226002150638,40.10333465592491
18.100585965578105,39.639421279923624
19.95623946958326,39.04296122506483
19.42605275415322,38.51277450963478
18.89586603872317,37.98258779420474
18.36567932329313,37.4524010787747
17.702945929005573,41.82644148107256
17.17275921357553,41.16370808678501
16.708845837574245,40.63352137135496
17.835492607863088,43.019361590790155
17.30530589243304,42.48917487536011
16.775119177003,42.02526149935882
18.89586603872317,41.428801444500024
18.36567932329313,41.03116140792749
18.89586603872317,40.96488806849874
18.23313264443562,40.36842801363994
17.835492607863088,40.96488806849874
17.835492607863088,39.9707879770674
17.968039286720597,41.95898815993007
18.674954907293987,41.49507478392878
19.028412717580686,41.428801444500024
19.95623946958326,41.03116140792749
19.42605275415322,40.63352137135496
19.95623946958326,40.16960799535367
19.42605275415322,39.57314794049488
19.09468605700944,38.91041454620732
19.73532833815407,38.247681151919764
19.95623946958326,37.717494436489716
19.42605275415322,37.187307721059675
19.028412717580686,36.78966768448714
21.01661290044335,37.4524010787747
20.4864261850133,36.92221436334465
19.95623946958326,36.458300987343364
21.21543291872961,35.86184093248457
21.54679961587339,35.464200895912036
21.149159579300857,36.458300987343364
22.12116855758927,35.86184093248457
22.342079689018455,38.51277450963478
21.811892973588414,37.85004111534723
21.281706258158366,37.38612773934594
21.878166313017168,36.92221436334465
22.916448630734337,37.4524010787747
22.342079689018455,36.92221436334465
24.19773319302361,36.39202764791461
23.667546477593568,35.72929425362706
24.993013266168674,35.464200895912036
25.523199981598715,35.33165421705452
24.860466587311166,34.80146750162448
24.330279871881118,34.13873410733692
23.667546477593568,33.873640749621906
23.269906441021035,33.47600071304937
25.78829333931374,32.945813997619325
25.191833284454937,32.415627282189284
24.72791990845365,31.752893887901728
24.19773319302361,31.222707172471686
26.583573412458804,30.692520457041645
26.053386697028763,30.162333741611597
25.523199981598715,33.2771806947631
24.993013266168674,32.68072063990431
24.462826550738633,32.15053392447426
24.993013266168674,31.62034720904422
24.59537322959614,31.222707172471686
25.523199981598715,33.80736741019315
24.993013266168674,34.13873410733692
24.661646569024896,33.47600071304937
25.390653302741207,32.945813997619325
26.053386697028763,32.283080603331776
26.583573412458804,32.01798724561675
27.180033467317607,31.664529435330053
27.643946843318894,31.222707172471686
27.113760127888845,32.216807263903014
26.782393430745074,31.885440566759243
27.511400164461378,31.355253851329195
28.174133558748935,30.891340475327908
28.704320274178976,30.383244873040788
28.041586879891426,31.686620548472973
27.776493522176402,31.090160493614178
27.37885348560387,30.55997377818413
26.84866677017383,32.216807263903014
28.041586879891426,31.885440566759243
27.37885348560387,31.222707172471686
28.704320274178976,30.55997377818413
28.10786021932018,30.162333741611597
28.704320274178976,32.98999622390516
27.643946843318894,32.415627282189284
27.113760127888845,31.885440566759243
26.716120091316313,31.355253851329195
26.716120091316313,34.27128078619444
26.716120091316313,33.74109407076439
26.583573412458804,33.21090735533435
26.053386697028763,32.68072063990431
25.65574666045623,32.01798724561675
26.583573412458804,31.752893887901728
26.053386697028763,31.28898051190044
26.053386697028763,32.81326731876182
25.523199981598715,32.15053392447426
24.993013266168674,31.62034720904422
24.462826550738633,31.222707172471686
26.583573412458804,34.60264748333822
26.053386697028763,34.006187428479414
25.523199981598715,33.47600071304937
25.05928660559743,35.72929425362706
24.59537322959614,35.0665608593395
25.523199981598715,36.39202764791461
24.993013266168674,35.99438761134208
24.462826550738633,35.596747574769545
23.800093156451076,35.13283419876826
23.269906441021035,34.60264748333822
22.80599306501974,34.40382746505195
22.474626367875963,34.006187428479414
23.13735976216352,33.54227405247813
22.540899707304725,34.07246076790817
23.13735976216352,34.536374143909455
22.07698633130343,35.33165421705452
21.54679961587339,34.867740841053234
21.21543291872961,34.536374143909455
21.811892973588414,34.006187428479414
21.281706258158366,33.47600071304937
22.07698633130343,33.60854739190688
21.54679961587339,34.80146750162448
21.01661290044335,34.33755412562319
20.552699524442062,35.33165421705452
19.95623946958326,34.536374143909455
19.293506075295703,33.873640749621906
19.028412717580686,33.34345403419186
19.028412717580686,32.81326731876182
18.89586603872317,32.415627282189284
18.36567932329313,35.39792755648328
18.03431262614935,34.80146750162448
18.697046020436908,34.27128078619444
19.293506075295703,33.74109407076439
19.95623946958326,35.86184093248457
19.293506075295703,36.39202764791461
18.763319359865662,35.86184093248457
17.968039286720597,35.19910753819701
17.702945929005573,34.536374143909455
17.30530589243304,35.39792755648328
16.907665855860508,34.93401418048199
17.570399250148064,36.458300987343364
17.437852571290556,35.86184093248457
16.907665855860508,37.58494775763221
17.835492607863088,36.92221436334465
17.30530589243304,37.85004111534723
16.841392516431753,38.38022783077727
16.44375247985922,37.85004111534723
15.979839103857934,39.61733016678071
15.449652388427886,39.04296122506483
14.919465672997845,39.9707879770674
15.515925727856647,39.9707879770674
14.919465672997845,39.838241298209894
16.112385782715442,39.17550790392234
16.775119177003,38.51277450963478
16.64257249814549,37.98258779420474
16.377479140430466,37.31985439991719
15.979839103857934,36.92221436334465
15.317105709570377,37.4524010787747
15.052012351855353,38.84414120677856
14.65437231528282,38.247681151919764
14.256732278710288,37.85004111534723
13.991638920995271,39.705694619352386
13.461452205565223,39.308054582779846
12.798718811277674,38.976687885636075
12.467352114133895,39.04296122506483
13.06381216899269,39.57314794049488
13.06381216899269,40.43470135306869
12.53362545356265,39.9707879770674
11.870892059275093,40.898614729069976
11.605798701560076,40.50097469249745
11.208158664987543,40.16960799535367
10.74424528898625,40.76606805021247
10.214058573556208,40.96488806849874
10.147785234127454,40.36842801363994
10.147785234127454,39.838241298209894
,39.17550790392234
,38.91041454620732
,38.51277450963478
,37.98258779420474
,37.31985439991719
,36.8559410239159
,37.4524010787747
,37.85004111534723
,37.85004111534723
,37.85004111534723
,38.247681151919764
,38.77786786734981
,38.247681151919764
,37.717494436489716
,37.187307721059675
,36.657121005629634
,36.126934290199586
,35.596747574769545
,35.0665608593395
,34.536374143909455
,35.53047423534079
,35.92811427191332
,36.39202764791461
,35.86184093248457
,35.33165421705452
,34.80146750162448
,34.27128078619444
,33.873640749621906
,33.34345403419186
,35.0665608593395
,34.40382746505195
,34.27128078619444
,33.74109407076439
,33.21090735533435
,32.54817396104679
,32.283080603331776
,31.885440566759243
,31.222707172471686
,30.957613814756662
,30.55997377818413
,30.162333741611597
,32.216807263903014
,31.62034720904422
,31.090160493614178
,33.07836067647684
,32.61444730047555
,32.15053392447426
,31.62034720904422
,30.957613814756662
,30.294880420469113
,29.632147026181556
,29.16823365018027
,29.764693705039065
,29.300780329037778
,28.83686695303649
,28.43922691646396
,27.975313540462672
,29.89724038389658
,29.234506989609024
,28.704320274178976
,29.89724038389658
,29.632147026181556
,29.234506989609024
,28.704320274178976
,28.041586879891426
,27.776493522176402
,27.37885348560387
,26.84866677017383
,26.384753394172535
,25.854566678742493
,25.65574666045623
,25.258106623883698
,24.72791990845365
,24.0651865141661
,23.402453119878544
,22.872266404448496
,22.40835302844721
,22.40835302844721
,22.872266404448496
,22.2758063495897
,21.811892973588414
,21.281706258158366
,20.618972863870816
,20.221332827298284
,21.01661290044335
,20.618972863870816
,20.4864261850133
,20.088786148440768
,19.691146111868235
,19.22723273586695
,19.09468605700944
,19.82369279072575
,21.01661290044335
,20.552699524442062
,20.4864261850133
,20.088786148440768
,19.691146111868235
,19.22723273586695
,18.763319359865662
,18.36567932329313
,17.835492607863088
,17.371579231861794
,16.907665855860508
,16.510025819287975
,16.046112443286688
,16.289114687858792
,15.847292425000418
,15.979839103857934
,15.449652388427886
,14.985739012426599
,14.389278957567804
,13.859092242137756
,13.461452205565223
,14.190458939281534
,13.726545563280247
,14.720645654711582
,15.184559030712869
