Y(hoy),Y(ayer)
-1.9802358813347922,0.20678431981413326
-2.0465092207635536,0.20678431981413326
-2.0465092207635536,0.20678431981413326
-2.0465092207635536,0.07423764095662477
-2.0465092207635536,-0.45594907447342337
-2.0465092207635536,-0.8535891110459488
-2.0465092207635536,-0.8535891110459488
-2.0465092207635536,-0.8535891110459488
-2.0465092207635536,-0.8535891110459488
-2.70924261505111,-0.8535891110459488
-2.908062633337366,-0.45594907447342337
-2.0465092207635536,-0.05830903790088371
-2.5766959361935875,-0.654769092759679
-2.5766959361935875,-0.1466734904725655
-2.974335972766127,-0.45594907447342337
-2.0465092207635536,-0.8535891110459488
-2.444149257336079,-0.8535891110459488
-2.179055899621062,-0.654769092759679
-2.444149257336079,-0.1466734904725655
-2.7976070676227778,-0.45594907447342337
-2.0465092207635536,-0.8535891110459488
-2.5766959361935875,-0.8535891110459488
-2.908062633337366,-0.654769092759679
-2.8417892939086187,-0.1466734904725655
-2.3116025784785705,-0.45594907447342337
-2.5766959361935875,-0.8535891110459488
-2.974335972766127,-0.8535891110459488
-2.179055899621062,-0.8535891110459488
-2.70924261505111,-0.7210424321884403
-2.908062633337366,0.07423764095662477
-2.70924261505111,-0.3234023956159007
-2.0465092207635536,-0.7873157716172017
-2.5766959361935875,-0.8535891110459488
-2.974335972766127,-0.8535891110459488
-2.974335972766127,-0.8535891110459488
-2.974335972766127,-0.45594907447342337
-2.974335972766127,-0.05830903790088371
-2.974335972766127,-0.654769092759679
-2.974335972766127,-0.1908557167583922
-2.974335972766127,0.20678431981413326
-2.5766959361935875,0.20678431981413326
-2.0465092207635536,0.14051098038538612
-2.70924261505111,-0.45594907447342337
-2.974335972766127,-0.8535891110459488
-2.974335972766127,-0.45594907447342337
-2.5766959361935875,0.14051098038538612
-2.0465092207635536,0.07423764095662477
-2.0465092207635536,-0.45594907447342337
-2.0465092207635536,-0.8535891110459488
-2.0465092207635536,-0.8535891110459488
-2.0465092207635536,-0.05830903790088371
-2.0465092207635536,-0.5884957533309318
-2.0465092207635536,0.20678431981413326
-2.0465092207635536,0.20678431981413326
-2.0465092207635536,0.20678431981413326
-2.179055899621062,0.20678431981413326
-2.444149257336079,0.20678431981413326
-2.7976070676227778,-0.1908557167583922
-2.0465092207635536,-0.7873157716172017
-2.5766959361935875,-0.8535891110459488
-2.0465092207635536,-0.8535891110459488
-2.0465092207635536,-0.8535891110459488
-2.0465092207635536,-0.7873157716172017
-2.0465092207635536,-0.05830903790088371
-2.0465092207635536,-0.5884957533309318
-2.0465092207635536,0.20678431981413326
-2.0465092207635536,0.20678431981413326
-2.0465092207635536,0.20678431981413326
-2.0465092207635536,0.20678431981413326
-2.0465092207635536,0.20678431981413326
-1.450049165904744,0.6044243563866729
-1.913962541906045,1.2008844112454682
-0.9861357899034573,1.2671577506742295
-0.8535891110459488,1.7310711266755163
-0.5884957533309318,2.2612578421055503
0.07423764095662477,2.3275311815343116
0.33933099867164174,2.3275311815343116
0.9136999403875308,2.7914445575355984
1.2671577506742295,3.3879046123944008
1.2671577506742295,3.5204512912519093
1.2671577506742295,3.5204512912519093
1.4659777689604852,3.6529979701094177
2.0624378238192946,4.315731364396974
2.769353444392678,4.713371400969507
3.3879046123944008,6.966664941547194
4.713371400969507,6.436478226117146
6.171384868402129,5.906291510687105
7.563124996405989,7.828218354121013
7.099211620404702,7.364304978119726
9.617598518697413,8.159585051264791
10.280331912984963,8.689771766694832
9.88269187641243,10.147785234127454
9.352505160982389,9.617598518697413
7.894491693549767,10.94306530727252
7.894491693549767,10.479151931271232
8.954865124409856,9.750145197554922
10.280331912984963,9.352505160982389
10.677971949557495,8.954865124409856
11.738345380417584,8.954865124409856
11.208158664987543,8.2921317301223
13.107994395278524,7.894491693549767
12.53362545356265,8.424678408979808
12.467352114133895,8.954865124409856
13.792818902709001,9.219958482124873
13.130085508421452,10.015238555269946
14.389278957567804,10.479151931271232
14.389278957567804,11.47325202270256
13.925365581566517,10.94306530727252
13.06381216899269,12.268532095847625
12.53362545356265,11.870892059275093
13.395178866136469,13.06381216899269
12.798718811277674,13.461452205565223
12.003438738132608,13.461452205565223
10.015238555269946,13.461452205565223
10.94306530727252,12.798718811277674
10.545425270699987,12.003438738132608
10.94306530727252,11.605798701560076
10.479151931271232,10.677971949557495
9.750145197554922,10.0815118946987
8.954865124409856,10.015238555269946
10.280331912984963,9.352505160982389
9.219958482124873,9.750145197554922
9.418778500411143,9.087411803267365
10.015238555269946,8.557225087837324
10.677971949557495,8.093311711836037
11.208158664987543,8.888591784981102
11.274432004416298,9.418778500411143
10.876791967843765,9.88269187641243
10.280331912984963,10.412878591842478
9.683871858126167,10.81051862841501
9.219958482124873,10.147785234127454
7.563124996405989,9.617598518697413
7.055029394118868,9.15368514269612
8.358405069551054,8.822318445552341
7.761945014692259,8.027038372407276
8.822318445552341,7.894491693549767
8.380496182693975,7.364304978119726
8.557225087837324,6.966664941547194
8.159585051264791,7.496851656977235
8.954865124409856,7.894491693549767
8.225858390693546,7.496851656977235
7.960765032978522,7.032938280975948
7.496851656977235,7.629398335834743
7.032938280975948,7.231758299262211
6.834118262689678,6.834118262689678
6.502751565545907,7.496851656977235
6.303931547259637,7.828218354121013
5.84001817125835,7.231758299262211
6.502751565545907,6.70157158383217
7.1654849598334565,6.237658207830883
7.761945014692259,5.773744831829596
7.298031638690972,6.436478226117146
7.761945014692259,6.834118262689678
7.298031638690972,6.834118262689678
7.761945014692259,6.834118262689678
7.761945014692259,6.834118262689678
7.298031638690972,6.834118262689678
7.894491693549767,6.834118262689678
7.298031638690972,6.834118262689678
6.834118262689678,6.834118262689678
7.099211620404702,6.436478226117146
7.629398335834743,5.972564850115859
7.894491693549767,6.569024904974661
7.3201227518338925,7.364304978119726
6.966664941547194,7.894491693549767
6.9003916021184395,7.496851656977235
7.828218354121013,7.099211620404702
7.894491693549767,6.436478226117146
7.894491693549767,5.906291510687105
8.225858390693546,7.761945014692259
8.822318445552341,7.364304978119726
8.424678408979808,6.834118262689678
8.159585051264791,6.834118262689678
8.2921317301223,7.231758299262211
7.894491693549767,7.894491693549767
8.866500671838182,7.761945014692259
9.087411803267365,7.231758299262211
8.623498427266078,7.695671675263505
8.2921317301223,7.364304978119726
7.563124996405989,7.032938280975948
7.032938280975948,7.496851656977235
7.496851656977235,7.894491693549767
8.027038372407276,7.364304978119726
8.424678408979808,6.834118262689678
9.926874102698264,7.761945014692259
9.352505160982389,7.231758299262211
8.954865124409856,8.689771766694832
9.02113846383861,8.424678408979808
10.94306530727252,7.894491693549767
10.412878591842478,7.894491693549767
10.015238555269946,7.894491693549767
8.954865124409856,7.496851656977235
12.268532095847625,7.032938280975948
11.738345380417584,7.496851656977235
11.208158664987543,7.894491693549767
10.677971949557495,7.894491693549767
12.003438738132608,8.027038372407276
11.47325202270256,8.689771766694832
10.94306530727252,8.027038372407276
10.545425270699987,8.424678408979808
12.003438738132608,8.822318445552341
11.47325202270256,9.816418536983676
13.06381216899269,9.352505160982389
12.666172132420158,9.948965215841184
14.919465672997845,10.0815118946987
15.449652388427886,10.214058573556208
14.919465672997845,11.208158664987543
14.12418559985278,10.677971949557495
13.593998884422739,12.931265490135182
14.389278957567804,12.401078774705141
13.991638920995271,11.937165398703847
14.521825636425312,11.47325202270256
14.521825636425312,13.06381216899269
13.726545563280247,12.53362545356265
13.196358847850206,12.003438738132608
13.395178866136469,14.521825636425312
14.433461183853638,14.521825636425312
13.859092242137756,15.228741256998703
14.963647899283679,14.786918994140336
14.521825636425312,15.184559030712869
16.244932461572958,14.65437231528282
15.71474574614291,13.991638920995271
16.775119177003,13.461452205565223
16.775119177003,13.991638920995271
16.244932461572958,13.461452205565223
15.847292425000418,14.256732278710288
14.521825636425312,13.593998884422739
13.328905526707715,12.732445471848912
12.666172132420158,13.328905526707715
11.870892059275093,13.593998884422739
11.605798701560076,14.190458939281534
11.208158664987543,14.65437231528282
10.545425270699987,15.184559030712869
10.147785234127454,15.582199067285401
9.485051839839898,14.919465672997845
8.888591784981102,14.389278957567804
8.2921317301223,13.991638920995271
7.629398335834743,13.06381216899269
7.231758299262211,12.53362545356265
6.436478226117146,12.135985416990117
5.972564850115859,11.738345380417584
6.105111528973374,11.208158664987543
6.70157158383217,10.74424528898625
6.370204886688391,10.280331912984963
5.773744831829596,9.88269187641243
5.1110114375420395,9.352505160982389
4.580824722111998,8.822318445552341
3.984364667253196,8.358405069551054
3.5867246306806635,7.894491693549767
4.315731364396974,7.496851656977235
3.7855446489669333,6.966664941547194
4.315731364396974,6.767844923260924
3.8518179883956876,6.171384868402129
2.990264575821868,5.773744831829596
2.5263511998205814,5.773744831829596
3.1228112546793767,5.707471492400835
4.713371400969507,5.177284776970794
3.918091327824442,4.713371400969507
3.3879046123944008,4.315731364396974
2.990264575821868,3.7855446489669333
2.46007786039182,3.3879046123944008
3.5204512912519093,3.255357933536885
3.1228112546793767,2.5926245392493286
3.5204512912519093,2.5263511998205814
4.05063800668195,2.990264575821868
3.5204512912519093,3.3879046123944008
4.580824722111998,3.5867246306806635
3.918091327824442,3.6529979701094177
3.454177951823155,4.315731364396974
3.5204512912519093,3.7855446489669333
3.5204512912519093,3.255357933536885
3.5867246306806635,2.3938045209630587
3.5867246306806635,2.3275311815343116
3.5204512912519093,2.3275311815343116
3.5867246306806635,2.3275311815343116
3.0565379152506154,2.3938045209630587
2.46007786039182,2.3275311815343116
2.990264575821868,2.5263511998205814
2.8577178969643597,3.1228112546793767
2.3938045209630587,3.1228112546793767
2.8577178969643597,2.5263511998205814
2.3275311815343116,2.5263511998205814
3.3879046123944008,3.1228112546793767
4.713371400969507,3.5867246306806635
3.3879046123944008,3.5204512912519093
3.454177951823155,3.5204512912519093
3.5204512912519093,3.6529979701094177
2.990264575821868,4.315731364396974
2.46007786039182,3.6529979701094177
2.3275311815343116,3.8518179883956876
2.3938045209630587,4.315731364396974
3.918091327824442,4.05063800668195
4.315731364396974,3.6529979701094177
3.918091327824442,3.255357933536885
2.990264575821868,2.7914445575355984
2.46007786039182,3.1228112546793767
2.3275311815343116,2.990264575821868
1.9961644843905333,2.5926245392493286
1.4659777689604852,3.1228112546793767
1.929891144961772,3.3879046123944008
1.5322511083892465,3.255357933536885
2.5263511998205814,2.725171218106837
2.46007786039182,2.3275311815343116
2.0624378238192946,2.0624378238192946
1.399704429531738,1.664797787246755
2.2612578421055503,2.3275311815343116
1.664797787246755,1.929891144961772
1.2671577506742295,1.4659777689604852
1.2671577506742295,2.1287111632480418
1.2671577506742295,1.5322511083892465
0.8695177141016899,2.0624378238192946
0.33933099867164174,1.7310711266755163
-0.1908557167583922,2.194984502676803
-0.7210424321884403,1.664797787246755
0.9357910535304512,1.2671577506742295
0.33933099867164174,1.2671577506742295
-0.1908557167583922,1.2671577506742295
-0.5884957533309318,1.2671577506742295
1.5985244478179936,1.2671577506742295
2.194984502676803,1.2671577506742295
1.7973444661042635,1.2671577506742295
1.5985244478179936,1.2008844112454682
1.2008844112454682,0.6044243563866729
0.6927888089583405,0.20678431981413326
0.47187767752916443,0.20678431981413326
0.5381510169579116,0.20678431981413326
1.1346110718167068,0.07423764095662477
0.67069769581542,-0.45594907447342337
0.47187767752916443,-0.8535891110459488
0.20678431981413326,-0.8535891110459488
0.20678431981413326,-0.8535891110459488
