Y(hoy),Y(ayer)
,4.448278043254483
,3.6529979701094177
,3.3879046123944008
,2.7914445575355984
,2.3275311815343116
,2.194984502676803
,1.5322511083892465
,0.8695177141016899
,0.2730576592428946
,0.20678431981413326
,0.14051098038538612
,-0.45594907447342337
,-0.8535891110459488
,-0.8535891110459488
,-0.8535891110459488
,-0.8535891110459488
,-0.8535891110459488
,-0.8535891110459488
,-1.11868246876098
,-1.648869184191014
,-1.11868246876098
,-1.7814158630485224
,-1.2070469213326476
,-1.5163225053335054
,-1.913962541906045
,-0.9861357899034573
,-1.648869184191014
,-1.8476892024772837
,-0.9198624504747102
,-1.5163225053335054
,-0.8535891110459488
,-0.8535891110459488
,-1.2512291476184885
,-1.7814158630485224
,0.33933099867164174
,-0.3234023956159007
,-0.7210424321884403
,3.7855446489669333
,3.255357933536885
,2.725171218106837
,2.194984502676803
,1.664797787246755
,1.1346110718167068
,4.315731364396974
,3.255357933536885
,2.725171218106837
,2.194984502676803
,1.664797787246755
,1.1346110718167068
,0.6044243563866729
,0.07423764095662477
,-0.389675735044662
,-0.8535891110459488
,-0.8535891110459488
,-0.8535891110459488
,-0.389675735044662
,0.14051098038538612
,0.8695177141016899
,0.33933099867164174
,1.3334310901029767
,2.725171218106837
,2.194984502676803
,1.664797787246755
,3.3879046123944008
,3.6529979701094177
,4.448278043254483
,5.707471492400835
,5.1110114375420395
,7.828218354121013
,7.231758299262211
,6.70157158383217
,6.171384868402129
,8.822318445552341
,8.2921317301223
,7.894491693549767
,11.47325202270256
,10.94306530727252
,10.412878591842478
,9.88269187641243
,9.352505160982389
,13.90327446842359
,13.328905526707715
,12.798718811277674
,12.268532095847625
,15.184559030712869
,14.65437231528282
,17.63667258957682
,17.040212534718023
,16.510025819287975
,15.979839103857934
,15.582199067285401
,18.16685930500686
,20.353879506155792
,19.691146111868235
,19.160959396438194
,18.630772681008153
,23.13735976216352
,22.60717304673348
,22.07698633130343
,21.54679961587339
,21.01661290044335
,26.84866677017383
,26.384753394172535
,25.78829333931374
,25.258106623883698
,24.72791990845365
,24.19773319302361
,23.667546477593568
,31.090160493614178
,30.42742709932662
,30.02978706275409
,29.49960034732404
,28.969413631894
,28.43922691646396
,27.90904020103391
,27.37885348560387
,35.0665608593395
,34.60264748333822
,34.006187428479414
,33.47600071304937
,32.945813997619325
,32.415627282189284
,31.885440566759243
,35.6630209141983
,41.097434747356246
,40.36842801363994
,39.77196795878114
,39.308054582779846
,38.77786786734981
,38.247681151919764
,37.717494436489716
,37.187307721059675
,36.657121005629634
,36.126934290199586
,43.41700162736269
,42.75426823307514
,42.22408151764509
,41.69389480221505
,46.200481883370415
,45.60402182851162
,45.07383511308157
,44.609921737080285
,44.079735021650244
,48.58632210280561
,48.05613538737557
,47.52594867194553
,46.99576195651548
,46.46557524108544
,46.00166186508415
,45.40520181022535
,44.74246841593779
,44.146008361079
,43.5495483062202
,44.079735021650244
,43.5495483062202
,43.019361590790155
,42.48917487536011
,43.94718834279273
,43.35072828793393
,43.019361590790155
,42.48917487536011
,41.95898815993007
,41.428801444500024
,40.898614729069976
,40.36842801363994
,39.838241298209894
,39.308054582779846
,38.84414120677856
,38.247681151919764
,37.85004111534723
,38.77786786734981
,38.115134473062255
,37.85004111534723
,37.4524010787747
,36.92221436334465
,36.39202764791461
,35.86184093248457
,35.33165421705452
,34.80146750162448
,34.13873410733692
,33.60854739190688
,34.13873410733692
,33.873640749621906
,33.47600071304937
,32.81326731876182
,32.283080603331776
,31.752893887901728
,31.28898051190044
,34.13873410733692
,33.34345403419186
,32.74699397933306
,32.01798724561675
,31.48780053018671
,30.957613814756662
,30.42742709932662
,29.89724038389658
,29.367053668466532
,28.83686695303649
,28.571773595321467
,28.174133558748935
,27.776493522176402
,32.15053392447426
,31.48780053018671
,31.090160493614178
,29.89724038389658
,31.885440566759243
,31.355253851329195
,32.54817396104679
,33.2771806947631
,33.07836067647684
,32.54817396104679
,35.33165421705452
,34.80146750162448
,34.27128078619444
,33.74109407076439
,33.34345403419186
,35.0665608593395
,34.536374143909455
,34.006187428479414
,33.47600071304937
,32.945813997619325
,32.48190062161804
,35.64092980105538
,36.39202764791461
,35.86184093248457
,37.4524010787747
,36.98848770277341
,36.39202764791461
,38.51277450963478
,37.98258779420474
,37.4524010787747
,36.92221436334465
,36.39202764791461
,35.86184093248457
,35.33165421705452
,34.80146750162448
,36.39202764791461
,35.86184093248457
,35.19910753819701
,34.93401418048199
,34.536374143909455
,36.2594809690571
,35.596747574769545
,35.19910753819701
,37.4524010787747
,36.92221436334465
,36.524574326772125
,36.126934290199586
,35.596747574769545
,36.39202764791461
,35.86184093248457
,35.72929425362706
,36.458300987343364
,36.98848770277341
,37.98258779420474
,37.31985439991719
,38.77786786734981
,36.72339434505839
,38.247681151919764
,37.717494436489716
,37.187307721059675
,36.126934290199586
,35.72929425362706
,41.95898815993007
,41.428801444500024
,40.898614729069976
,40.36842801363994
,39.838241298209894
,39.308054582779846
,38.77786786734981
,40.037061316496164
,40.037061316496164
,43.28445494850518
,42.75426823307514
,42.22408151764509
,41.69389480221505
,41.16370808678501
,40.63352137135496
,46.99576195651548
,46.46557524108544
,45.9353885256554
,45.40520181022535
,44.87501509479531
,44.34482837936527
,43.81464166393522
,47.52594867194553
,46.99576195651548
,46.46557524108544
,45.9353885256554
,45.40520181022535
,44.74246841593779
,44.21228170050775
,43.59373053250604
,46.33302856222792
,45.80284184679789
,45.40520181022535
,44.87501509479531
,44.34482837936527
,45.47147514965411
,44.87501509479531
,44.34482837936527
,43.81464166393522
,43.41700162736269
,44.654103963366126
,44.079735021650244
,46.33302856222792
,45.80284184679789
,45.27265513136784
,44.609921737080285
,44.146008361079
,43.5495483062202
,43.019361590790155
,42.48917487536011
,41.95898815993007
,41.428801444500024
,40.96488806849874
,40.36842801363994
,39.90451463763865
,39.308054582779846
,38.77786786734981
,38.115134473062255
,37.58494775763221
,36.78966768448714
,36.39202764791461
,36.92221436334465
,35.86184093248457
,38.51277450963478
,37.85004111534723
,37.31985439991719
,36.59084766620087
,36.126934290199586
,35.72929425362706
,37.4524010787747
,36.8559410239159
,37.4524010787747
,36.92221436334465
,36.39202764791461
,35.86184093248457
,35.33165421705452
,34.66892082276697
,34.40382746505195
,34.4701008044807
,34.536374143909455
,34.536374143909455
,34.66892082276697
,34.66892082276697
,34.66892082276697
,34.66892082276697
,34.66892082276697
,34.66892082276697
,34.66892082276697
,34.735194162195725
,34.80146750162448
,34.80146750162448
,34.93401418048199
,34.93401418048199
,34.93401418048199
,34.93401418048199
,34.93401418048199
,34.93401418048199
,34.93401418048199
,34.93401418048199
,35.0665608593395
,35.0665608593395
,35.19910753819701
,35.19910753819701
,35.19910753819701
,35.19910753819701
,35.19910753819701
,35.19910753819701
,35.19910753819701
,35.19910753819701
,35.33165421705452
,35.33165421705452
,35.39792755648328
,35.464200895912036
,35.464200895912036
,35.464200895912036
,35.464200895912036
,35.464200895912036
,35.464200895912036
,35.464200895912036
,35.596747574769545
,35.596747574769545
,35.6630209141983
,35.72929425362706
,35.72929425362706
,35.72929425362706
,35.72929425362706
,35.72929425362706
,35.72929425362706
,35.72929425362706
,35.79556759305581
,35.86184093248457
,35.92811427191332
,35.99438761134208
,35.99438761134208
,35.99438761134208
,35.99438761134208
,35.99438761134208
,35.99438761134208
,35.99438761134208
,36.06066095077084
,36.126934290199586
,36.126934290199586
,36.2594809690571
,36.2594809690571
,36.2594809690571
,36.2594809690571
,36.2594809690571
,36.2594809690571
,36.2594809690571
,36.325754308485855
,36.39202764791461
,36.39202764791461
,36.524574326772125
,36.524574326772125
,36.524574326772125
,36.524574326772125
,36.524574326772125
,36.524574326772125
,36.524574326772125
,36.524574326772125
,36.657121005629634
,36.657121005629634
,36.78966768448714
,36.78966768448714
,36.78966768448714
,36.78966768448714
,36.78966768448714
,36.78966768448714
,36.78966768448714
,36.78966768448714
,36.92221436334465
,36.92221436334465
,37.054761042202166
,37.054761042202166
,37.054761042202166
,37.054761042202166
,37.054761042202166
,37.054761042202166
,37.054761042202166
,37.054761042202166
,37.187307721059675
,37.187307721059675
,37.25358106048843
,37.31985439991719
,37.31985439991719
,37.31985439991719
,37.31985439991719
,37.31985439991719
,37.38612773934594
,37.31985439991719
,37.4524010787747
,37.4524010787747
,37.51867441820345
,37.58494775763221
,37.58494775763221
,37.58494775763221
,37.58494775763221
,37.58494775763221
,37.58494775763221
,37.58494775763221
,37.65122109706097
,37.717494436489716
,37.78376777591848
,37.717494436489716
,37.187307721059675
,36.72339434505839
,36.39202764791461
,35.86184093248457
,35.464200895912036
,37.4524010787747
,36.92221436334465
,36.39202764791461
,35.86184093248457
,36.126934290199586
,35.464200895912036
,34.93401418048199
,34.33755412562319
,35.19910753819701
,34.66892082276697
,33.74109407076439
,35.33165421705452
,34.867740841053234
,34.27128078619444
,33.74109407076439
,33.34345403419186
,35.19910753819701
,34.66892082276697
,34.13873410733692
,33.47600071304937
,36.96639658963049
,36.39202764791461
,35.86184093248457
,35.33165421705452
,34.80146750162448
,39.308054582779846
,38.77786786734981
,38.247681151919764
,37.717494436489716
,43.019361590790155
,42.48917487536011
,41.95898815993007
,41.428801444500024
,40.898614729069976
,40.36842801363994
,39.838241298209894
,39.308054582779846
,38.91041454620732
,40.898614729069976
,40.36842801363994
,39.838241298209894
,39.57314794049488
,39.04296122506483
,40.36842801363994
,39.838241298209894
,39.308054582779846
,38.91041454620732
,40.898614729069976
,43.085634930218916
,42.48917487536011
,41.95898815993007
,41.428801444500024
,44.079735021650244
,43.5495483062202
,43.019361590790155
,42.48917487536011
,44.079735021650244
,43.5495483062202
,42.02526149935882
,43.019361590790155
,42.48917487536011
,41.428801444500024
,40.76606805021247
,40.36842801363994
,39.9707879770674
,41.95898815993007
,41.428801444500024
,40.898614729069976
,40.36842801363994
,39.90451463763865
,40.898614729069976
,40.36842801363994
,39.308054582779846
,38.77786786734981
,38.247681151919764
,37.58494775763221
,37.31985439991719
,36.92221436334465
,36.39202764791461
,35.86184093248457
,35.464200895912036
,37.187307721059675
,36.524574326772125
,36.126934290199586
,36.39202764791461
,35.86184093248457
,35.39792755648328
,34.80146750162448
,34.27128078619444
,33.60854739190688
,33.34345403419186
,32.945813997619325
,32.283080603331776
,31.752893887901728
,31.28898051190044
,31.885440566759243
,31.222707172471686
,30.626247117612884
,30.02978706275409
,29.49960034732404
,28.83686695303649
,28.571773595321467
,28.174133558748935
,27.643946843318894
,27.113760127888845
,26.583573412458804
,26.053386697028763
,25.65574666045623
,26.451026733601296
,25.65574666045623
,25.191833284454937
,24.72791990845365
,24.19773319302361
,23.534999798736052
,23.269906441021035
,22.872266404448496
,22.342079689018455
,21.679346294730898
,21.082886239872103
,20.4864261850133
,19.95623946958326
,19.42605275415322
,18.89586603872317
,18.36567932329313
,17.702945929005573
,17.040212534718023
,16.510025819287975
,15.847292425000418
,16.046112443286688
,15.582199067285401
,16.510025819287975
