Y(hoy),Y(ayer)
8.145209055727108,8.565850685159944
8.085117394379559,9.04658397594033
7.9048424103369115,9.106675637287879
7.664475764946722,9.106675637287879
7.183742474166337,8.625942346507493
7.063559151471239,8.145209055727108
7.063559151471239,8.145209055727108
7.063559151471239,8.145209055727108
7.063559151471239,8.145209055727108
6.582825860690853,7.784659087641813
5.98190924721537,7.364017458208977
5.441084295087435,6.883284167428592
5.080534327002141,6.282367553953108
5.501175956434977,5.98190924721537
5.020442665654592,5.441084295087435
5.6213592791300755,5.741542601825174
5.020442665654592,5.260809311044788
4.419526052179108,5.6213592791300755
4.719984358916854,5.020442665654592
4.29934272948401,5.020442665654592
5.080534327002141,4.659892697569305
4.659892697569305,4.179159406788919
4.179159406788919,4.058976084093821
4.058976084093821,4.058976084093821
3.758517777356076,3.998884422746272
3.2577539327931717,3.698426116008534
3.698426116008534,3.2176928252281414
3.3378761479232395,3.0975095025330504
3.0975095025330504,3.0975095025330504
3.0975095025330504,3.0975095025330504
2.797051195795305,3.0975095025330504
2.2562262436673706,3.0975095025330504
2.1360429209722724,3.0374178411855013
2.1360429209722724,2.736959534447756
2.1360429209722724,2.3163179050149196
2.1360429209722724,2.7770206420127863
1.8355846142345342,2.496592889057567
1.535126307496789,2.1360429209722724
1.1745763394115016,2.1360429209722724
1.7754929528869852,2.1360429209722724
1.3548513234541488,2.1360429209722724
1.535126307496789,2.1360429209722724
1.0543930167164035,2.1360429209722724
1.655309630191887,2.1360429209722724
1.2947596621065998,2.1360429209722724
1.094454124281441,2.1360429209722724
1.7754929528869852,2.1360429209722724
1.2947596621065998,2.1360429209722724
1.655309630191887,2.1360429209722724
1.2346680007590507,2.1360429209722724
1.8355846142345342,2.1360429209722724
1.4149429848016908,2.1360429209722724
2.1360429209722724,2.1360429209722724
2.1360429209722724,2.1360429209722724
2.1360429209722724,2.496592889057567
2.1360429209722724,3.0374178411855013
2.296287351232401,2.9773261798379522
2.797051195795305,2.496592889057567
3.0975095025330504,2.857142857142854
3.498120578183368,2.616776211752658
3.818609438703625,2.3163179050149196
4.179159406788919,2.857142857142854
4.719984358916854,3.0975095025330504
5.98190924721537,3.0975095025330504
6.462642537995755,3.0975095025330504
7.063559151471239,3.698426116008534
8.145209055727108,4.058976084093821
7.664475764946722,4.419526052179108
8.625942346507493,4.960351004307043
8.145209055727108,5.260809311044788
9.707592250763362,5.741542601825174
9.226858959982977,6.582825860690853
10.90942547771433,7.544292442251624
10.428692186933944,7.063559151471239
12.111258704665296,8.86630899189769
11.63052541388491,8.265392378422206
15.236025094737812,9.226858959982977
15.716758385518197,10.188325541543747
16.678224967078968,9.707592250763362
16.197491676298583,11.390158768494715
18.12042483942013,10.90942547771433
17.639691548639746,10.548875509629042
17.27914158055445,12.111258704665296
16.918591612469164,11.750708736580009
16.31767499899368,13.072725286226067
16.077308353603485,14.274558513177034
16.197491676298583,15.53648340147555
16.798408289774066,15.957125030908387
17.39932490324955,17.158958257859354
17.920119301594966,16.678224967078968
18.721341452895615,17.880058194029935
19.3222580663711,17.4594165645971
20.644274616017157,17.038774935164263
20.043358002541673,16.678224967078968
21.24519122949264,16.197491676298583
21.725924520273026,19.802991357151484
25.451607523821025,19.202074743676
26.653440750771992,18.781433114243164
26.05252413729651,18.36079148481032
27.294418471812506,17.880058194029935
28.456190591198443,18.841524775590706
27.975457300418057,18.36079148481032
28.997015543326377,17.880058194029935
28.75664889793618,17.158958257859354
28.215823945808246,17.699783209987288
24.610324264955345,17.27914158055445
24.249774296870058,18.12042483942013
25.21124087843083,18.841524775590706
23.88922432878477,18.48097480750542
23.288307715309287,19.802991357151484
22.8075744245289,19.3222580663711
22.32684113374851,20.764457938712255
22.967818854789023,20.28372464793187
22.447024456443607,21.545649536230385
23.16812439261419,21.125007906797542
24.12959097417496,22.02638282701077
24.00940765147987,22.32684113374851
23.769041006089672,23.88922432878477
23.408491038004385,23.408491038004385
25.091057555735738,25.93234081460141
24.730507587650443,25.331424201125927
25.571790846516123,24.97087423304064
26.05252413729651,26.77362407346709
25.451607523821025,26.292890782686705
24.85069091034554,28.035548961765606
24.249774296870058,27.49472400963767
23.708949344742123,27.134174041552377
24.12959097417496,28.936923881978828
23.528674360699476,28.456190591198443
23.648857683394574,29.778207140844508
24.12959097417496,29.297473850064115
24.430049280912705,29.65802381814941
24.85069091034554,28.997015543326377
24.85069091034554,28.456190591198443
24.490140942260254,27.975457300418057
24.06949931282741,26.533257428076894
24.12959097417496,26.05252413729651
23.528674360699476,25.69197416921122
23.10803273126664,25.21124087843083
23.708949344742123,24.730507587650443
23.16812439261419,24.18968263552251
24.85069091034554,24.12959097417496
24.490140942260254,23.88922432878477
24.610324264955345,23.468582699351927
25.571790846516123,24.490140942260254
25.091057555735738,23.88922432878477
26.77362407346709,25.091057555735738
26.292890782686705,24.85069091034554
26.77362407346709,24.490140942260254
26.232799121339156,23.648857683394574
27.975457300418057,23.288307715309287
27.49472400963767,24.249774296870058
27.01399071885728,24.85069091034554
27.49472400963767,24.490140942260254
27.134174041552377,24.12959097417496
27.975457300418057,23.648857683394574
27.49472400963767,23.228216053961738
27.49472400963767,23.528674360699476
28.936923881978828,24.00940765147987
28.456190591198443,23.528674360699476
28.456190591198443,23.228216053961738
27.975457300418057,23.769041006089672
27.49472400963767,24.06949931282741
29.237382188716573,24.369957619565156
28.936923881978828,24.85069091034554
28.57637391389354,24.430049280912705
27.79518231637541,24.12959097417496
27.294418471812506,24.00940765147987
29.8983904635396,24.249774296870058
29.357565511411664,25.091057555735738
29.057107204673926,24.610324264955345
27.975457300418057,25.69197416921122
29.8983904635396,25.271332539778378
29.417657172759213,25.812157491906312
28.936923881978828,25.571790846516123
30.138757108929795,25.21124087843083
29.65802381814941,26.593349089424443
30.258940431624893,26.05252413729651
29.778207140844508,27.01399071885728
30.138757108929795,26.533257428076894
29.057107204673926,27.73509065502786
29.477748834106762,27.374540686942574
30.37912375431999,27.194265702899926
29.8983904635396,27.254357364247475
29.417657172759213,28.215823945808246
28.936923881978828,28.936923881978828
27.73509065502786,28.456190591198443
27.254357364247475,28.095640623113148
27.975457300418057,28.57637391389354
27.614907332332763,28.936923881978828
27.85527397772296,28.215823945808246
27.294418471812506,27.73509065502786
28.215823945808246,27.314449025595025
27.73509065502786,29.8983904635396
28.736618344153662,29.477748834106762
29.177290527369024,28.936923881978828
28.87683222063128,28.936923881978828
28.336007268503344,28.456190591198443
28.095640623113148,28.095640623113148
27.975457300418057,29.477748834106762
27.554815670985214,29.8983904635396
27.01399071885728,29.417657172759213
26.533257428076894,29.778207140844508
26.172707459991607,30.37912375431999
27.554815670985214,30.859857045100377
27.01399071885728,30.37912375431999
26.533257428076894,30.018573786234697
27.975457300418057,29.53784049545431
27.975457300418057,30.859857045100377
27.49472400963767,30.37912375431999
27.01399071885728,31.821323626661147
26.533257428076894,31.220407013185664
26.172707459991607,30.73967372240528
29.8983904635396,29.65802381814941
29.297473850064115,29.057107204673926
28.81674055928373,28.57637391389354
28.336007268503344,28.336007268503344
27.85527397772296,30.859857045100377
27.49472400963767,30.37912375431999
27.01399071885728,30.018573786234697
28.936923881978828,31.220407013185664
28.456190591198443,30.859857045100377
27.975457300418057,30.258940431624893
27.49472400963767,30.018573786234697
27.01399071885728,29.65802381814941
26.533257428076894,29.057107204673926
26.232799121339156,28.57637391389354
27.975457300418057,28.215823945808246
27.49472400963767,30.018573786234697
27.01399071885728,29.417657172759213
26.533257428076894,29.057107204673926
26.172707459991607,30.138757108929795
28.936923881978828,29.778207140844508
28.456190591198443,29.237382188716573
27.85527397772296,29.057107204673926
27.614907332332763,29.177290527369024
27.254357364247475,28.75664889793618
27.49472400963767,28.215823945808246
27.134174041552377,27.73509065502786
27.975457300418057,27.254357364247475
27.554815670985214,30.65955150727521
27.194265702899926,30.138757108929795
27.85527397772296,29.65802381814941
29.8983904635396,29.177290527369024
29.297473850064115,28.69655723658863
28.87683222063128,28.336007268503344
28.456190591198443,30.61949039971018
31.100223690490566,30.198848770277344
30.61949039971018,30.439215415667533
32.782790208221925,30.018573786234697
32.30205691744153,31.380651443445792
31.821323626661147,30.859857045100377
33.98462343517289,32.06169027205134
33.5038901443925,31.340590335880762
33.023156853612115,30.859857045100377
32.30205691744153,30.37912375431999
33.744256789782696,29.958482124887148
33.14334017630721,29.297473850064115
32.72269854687437,29.057107204673926
33.023156853612115,30.258940431624893
32.54242356283173,29.65802381814941
32.06169027205134,29.297473850064115
31.46077365857586,30.859857045100377
30.980040367795475,30.439215415667533
30.73967372240528,30.018573786234697
30.37912375431999,29.53784049545431
29.8983904635396,29.297473850064115
29.417657172759213,29.8983904635396
28.936923881978828,29.53784049545431
28.336007268503344,31.160315351838115
28.095640623113148,30.61949039971018
29.65802381814941,30.258940431624893
31.100223690490566,31.941506949356246
30.67958206105773,31.52086531992341
30.138757108929795,31.821323626661147
29.297473850064115,31.340590335880762
30.980040367795475,33.5038901443925
30.499307077015082,33.023156853612115
30.258940431624893,32.54242356283173
29.8983904635396,35.22651776968888
29.417657172759213,34.70572337134347
28.936923881978828,34.22499008056308
28.51628225254599,33.864440112477794
28.155732284460697,36.869023179855205
28.57637391389354,36.38828988907482
28.095640623113148,35.907556598294434
29.177290527369024,35.607098291556696
29.71811547949696,35.18645666212386
30.61949039971018,34.70572337134347
30.198848770277344,34.28508174191063
31.100223690490566,34.825906694038565
33.263523499002304,34.58554004864837
32.782790208221925,34.22499008056308
32.30205691744153,33.864440112477794
31.941506949356246,33.5038901443925
35.42682330751405,33.023156853612115
34.825906694038565,32.54242356283173
34.40526506460573,32.181873594746435
33.98462343517289,33.023156853612115
36.14792324368463,32.66260688552683
34.46535672595327,33.56398180574005
33.98462343517289,33.864440112477794
33.5038901443925,33.263523499002304
33.14334017630721,32.66260688552683
32.782790208221925,32.06169027205134
32.42224024013663,31.46077365857586
30.138757108929795,30.859857045100377
29.778207140844508,30.37912375431999
28.215823945808246,30.980040367795475
27.73509065502786,31.821323626661147
27.254357364247475,31.340590335880762
25.812157491906312,33.98462343517289
25.331424201125927,33.5038901443925
24.85069091034554,33.023156853612115
24.369957619565156,32.54242356283173
23.769041006089672,36.44838155042237
23.16812439261419,35.907556598294434
22.687391101833803,35.42682330751405
22.206657811053418,34.94609001673366
22.98784940857154,34.58554004864837
22.447024456443607,38.79195634297675
22.08647448835832,38.19103972950127
21.00482458410245,37.710306438720885
20.524091293322066,37.28966480928804
19.802991357151484,36.869023179855205
20.16354132523677,37.3497564706356
19.562624711761288,36.869023179855205
19.202074743676,36.38828988907482
20.043358002541673,35.907556598294434
20.043358002541673,35.54700663020914
19.562624711761288,35.18645666212386
19.26216640502355,34.70572337134347
19.802991357151484,34.22499008056308
20.043358002541673,33.864440112477794
19.50253305041374,33.263523499002304
18.000241516725033,32.782790208221925
19.3222580663711,32.42224024013663
19.843052464716514,31.340590335880762
20.043358002541673,30.980040367795475
19.44244138906619,30.37912375431999
19.081891420980902,29.8983904635396
19.202074743676,29.53784049545431
19.081891420980902,28.69655723658863
18.601158130200517,28.215823945808246
18.841524775590706,27.73509065502786
18.48097480750542,27.374540686942574
20.043358002541673,26.77362407346709
19.562624711761288,26.292890782686705
19.14198308232845,25.93234081460141
19.562624711761288,25.571790846516123
19.14198308232845,25.21124087843083
20.043358002541673,24.85069091034554
20.28372464793187,24.369957619565156
21.125007906797542,23.769041006089672
20.584182954669608,23.16812439261419
21.00482458410245,22.206657811053418
21.00482458410245,21.605741197577935
20.524091293322066,21.00482458410245
19.802991357151484,20.584182954669608
19.36231917393613,20.043358002541673
20.043358002541673,19.682808034456386
20.824549600059804,19.3222580663711
22.32684113374851,19.923174679846582
22.747482763181353,19.3222580663711
23.16812439261419,18.721341452895615
23.408491038004385,18.36079148481032
23.04794106991909,18.961708098285804
23.88922432878477,18.961708098285804
23.228216053961738,18.40085259237535
22.747482763181353,18.841524775590706
23.468582699351927,19.081891420980902
24.00940765147987,18.42088314615787
24.249774296870058,18.961708098285804
24.18968263552251,18.961708098285804
25.091057555735738,18.42088314615787
24.610324264955345,18.721341452895615
26.172707459991607,18.36079148481032
25.571790846516123,18.000241516725033
26.81368518103212,19.923174679846582
27.01399071885728,18.841524775590706
26.413074105381796,18.36079148481032
26.05252413729651,22.927757747223993
25.451607523821025,22.447024456443607
25.091057555735738,21.966291165663222
24.00940765147987,21.545649536230385
23.648857683394574,21.00482458410245
23.228216053961738,20.524091293322066
26.77362407346709,21.725924520273026
26.292890782686705,21.24519122949264
25.93234081460141,20.764457938712255
23.88922432878477,20.28372464793187
23.408491038004385,20.16354132523677
26.77362407346709,20.644274616017157
26.292890782686705,21.00482458410245
25.93234081460141,20.524091293322066
25.331424201125927,20.16354132523677
24.97087423304064,20.16354132523677
24.18968263552251,20.16354132523677
24.610324264955345,20.764457938712255
24.12959097417496,20.403907970626967
23.04794106991909,21.125007906797542
25.331424201125927,21.36537455218774
24.610324264955345,21.786016181620575
24.249774296870058,21.30528289084019
25.511699185168574,21.725924520273026
26.05252413729651,22.507116117791156
25.091057555735738,22.08647448835832
25.511699185168574,22.8075744245289
24.249774296870058,22.206657811053418
24.00940765147987,21.725924520273026
24.610324264955345,21.24519122949264
24.18968263552251,22.927757747223993
25.091057555735738,22.32684113374851
24.610324264955345,22.8075744245289
24.00940765147987,22.386932795096058
23.769041006089672,22.98784940857154
23.288307715309287,23.769041006089672
23.04794106991909,23.408491038004385
23.16812439261419,23.448552145569415
24.12959097417496,24.00940765147987
23.648857683394574,24.12959097417496
23.16812439261419,24.12959097417496
25.091057555735738,24.430049280912705
24.610324264955345,24.85069091034554
25.091057555735738,24.369957619565156
24.610324264955345,24.249774296870058
24.12959097417496,25.091057555735738
23.648857683394574,25.812157491906312
23.16812439261419,25.091057555735738
22.867666085876444,24.490140942260254
22.447024456443607,24.249774296870058
21.966291165663222,24.85069091034554
21.485557874882836,25.21124087843083
21.00482458410245,24.730507587650443
20.524091293322066,24.249774296870058
20.16354132523677,24.00940765147987
21.966291165663222,23.448552145569415
21.485557874882836,24.85069091034554
21.125007906797542,25.21124087843083
22.02638282701077,25.812157491906312
21.485557874882836,25.451607523821025
21.00482458410245,24.610324264955345
20.403907970626967,24.12959097417496
20.16354132523677,23.528674360699476
20.103449663889222,22.927757747223993
20.043358002541673,22.386932795096058
19.622716373108837,22.08647448835832
18.961708098285804,24.16965208173999
18.48097480750542,23.648857683394574
18.12042483942013,24.85069091034554
18.961708098285804,23.88922432878477
18.36079148481032,23.408491038004385
19.202074743676,22.8075744245289
19.081891420980902,22.567207779138705
18.601158130200517,22.206657811053418
18.240608162115223,22.98784940857154
17.639691548639746,22.567207779138705
17.158958257859354,23.04794106991909
16.918591612469164,22.687391101833803
16.43785832168878,22.206657811053418
15.716758385518197,21.786016181620575
15.356208417432903,21.18509956814509
13.313091931616263,21.24519122949264
12.952541963530976,22.02638282701077
14.75529180395742,21.605741197577935
14.154375190481943,22.507116117791156
13.7337335610491,22.98784940857154
14.75529180395742,22.8075744245289
14.274558513177034,22.206657811053418
13.793825222396649,21.605741197577935
13.313091931616263,21.125007906797542
12.832358640835878,21.846107842968124
12.471808672750583,21.605741197577935
11.149792123104525,21.24519122949264
11.670586521449941,20.764457938712255
11.149792123104525,20.28372464793187
12.832358640835878,19.802991357151484
12.351625350055492,19.3222580663711
,18.841524775590706
,18.36079148481032
,20.103449663889222
,19.562624711761288
,20.043358002541673
,19.44244138906619
,18.841524775590706
,18.36079148481032
,18.841524775590706
,18.36079148481032
,17.940149855377484
,17.39932490324955
,16.798408289774066
,16.55804164438387
,16.077308353603485
,17.940149855377484
,17.39932490324955
,17.038774935164263
,18.841524775590706
,18.36079148481032
,18.36079148481032
,17.880058194029935
,17.158958257859354
,16.678224967078968
,16.077308353603485
,15.836941708213295
,15.516452847693031
,15.115841772042714
,15.957125030908387
,15.476391740128001
,14.274558513177034
,13.793825222396649
,12.832358640835878
,12.391686457620523
,12.71217531814078
,11.991075381970198
,11.510342091189813
,10.548875509629042
,10.068142218848656
,10.248417202891297
,10.66905883232414
