Y(hoy),Y(ayer)
14.521825636425312,12.401078774705141
14.521825636425312,12.798718811277674
14.521825636425312,13.196358847850206
14.256732278710288,12.53362545356265
13.991638920995271,12.401078774705141
13.593998884422739,12.135985416990117
13.328905526707715,11.539525362131315
12.666172132420158,11.340705343845052
12.268532095847625,10.94306530727252
11.605798701560076,10.545425270699987
10.94306530727252,9.88269187641243
10.280331912984963,9.219958482124873
9.88269187641243,8.822318445552341
10.147785234127454,8.159585051264791
9.617598518697413,7.496851656977235
9.219958482124873,7.032938280975948
8.822318445552341,6.767844923260924
7.960765032978522,6.237658207830883
7.761945014692259,5.773744831829596
7.298031638690972,5.3761047952570635
6.767844923260924,4.91219141925577
6.171384868402129,5.442378134685818
5.773744831829596,4.978464758684531
6.70157158383217,4.978464758684531
6.171384868402129,4.183184685539466
6.436478226117146,3.5867246306806635
5.906291510687105,3.3216312729656394
4.978464758684531,2.7914445575355984
4.580824722111998,2.990264575821868
4.580824722111998,2.8577178969643597
3.918091327824442,2.3938045209630587
3.5204512912519093,2.3275311815343116
3.6529979701094177,2.7914445575355984
3.5867246306806635,3.3879046123944008
3.5204512912519093,3.5204512912519093
3.564633517537743,3.3879046123944008
4.580824722111998,2.990264575821868
4.05063800668195,2.5263511998205814
4.580824722111998,2.3275311815343116
4.448278043254483,2.3275311815343116
4.183184685539466,1.929891144961772
3.6529979701094177,1.3334310901029767
3.5204512912519093,1.1346110718167068
2.990264575821868,0.6044243563866729
2.5263511998205814,0.20678431981413326
2.46007786039182,0.20678431981413326
2.46007786039182,0.20678431981413326
1.7973444661042635,0.20678431981413326
1.3334310901029767,0.20678431981413326
1.1346110718167068,0.20678431981413326
0.5381510169579116,-0.1908557167583922
0.20678431981413326,-0.654769092759679
0.20678431981413326,-0.8535891110459488
0.20678431981413326,-0.8535891110459488
0.14051098038538612,-0.45594907447342337
0.07423764095662477,-0.05830903790088371
-0.5222224139021705,-0.5884957533309318
-1.1849558081897271,-0.8535891110459488
-1.6930514104768548,-0.8535891110459488
-1.383775826475997,-0.8535891110459488
-1.913962541906045,-0.8535891110459488
-1.1849558081897271,-0.8535891110459488
-1.5163225053335054,-0.8535891110459488
-1.913962541906045,-0.8535891110459488
-1.1849558081897271,-0.8535891110459488
-0.8535891110459488,-0.8535891110459488
-0.8535891110459488,-0.8535891110459488
-0.389675735044662,-0.8535891110459488
0.07423764095662477,-0.8535891110459488
-0.45594907447342337,-0.8535891110459488
-0.8535891110459488,-0.8535891110459488
-0.8535891110459488,-0.8535891110459488
-0.7873157716172017,-0.45594907447342337
-0.1466734904725655,-0.05830903790088371
-0.7210424321884403,-0.654769092759679
0.14051098038538612,-0.1908557167583922
0.20678431981413326,0.67069769581542
0.33933099867164174,0.20678431981413326
0.8695177141016899,1.2008844112454682
1.2671577506742295,1.2671577506742295
1.664797787246755,1.0020643929591984
2.194984502676803,0.42769545124332353
2.8577178969643597,1.2008844112454682
4.845918079827015,0.7369710352441814
4.315731364396974,1.2671577506742295
3.918091327824442,1.2671577506742295
5.773744831829596,1.2671577506742295
6.480660452402979,1.2671577506742295
6.834118262689678,1.929891144961772
6.834118262689678,2.46007786039182
6.834118262689678,3.3216312729656394
6.70157158383217,2.8577178969643597
6.370204886688391,3.5867246306806635
5.906291510687105,4.05063800668195
5.6411981529720805,4.580824722111998
4.978464758684531,4.713371400969507
4.382004703825729,5.177284776970794
3.7855446489669333,4.713371400969507
3.454177951823155,5.6411981529720805
3.5204512912519093,6.171384868402129
3.5204512912519093,6.569024904974661
3.564633517537743,7.496851656977235
4.448278043254483,7.099211620404702
3.918091327824442,7.894491693549767
4.580824722111998,8.358405069551054
4.580824722111998,8.888591784981102
4.91219141925577,8.954865124409856
4.448278043254483,8.689771766694832
5.508651474114572,8.093311711836037
5.950473736972938,7.894491693549767
6.70157158383217,7.894491693549767
6.237658207830883,7.894491693549767
5.84001817125835,8.358405069551054
6.171384868402129,8.888591784981102
5.773744831829596,9.15368514269612
6.70157158383217,9.617598518697413
6.834118262689678,10.0815118946987
6.834118262689678,10.412878591842478
6.9003916021184395,11.274432004416298
7.298031638690972,10.81051862841501
6.834118262689678,12.33480543527638
7.894491693549767,11.738345380417584
8.159585051264791,13.395178866136469
8.866500671838182,12.798718811277674
9.087411803267365,13.196358847850206
9.617598518697413,12.53362545356265
10.147785234127454,12.401078774705141
10.147785234127454,12.401078774705141
10.147785234127454,12.798718811277674
10.677971949557495,13.660272223851493
10.147785234127454,13.196358847850206
11.208158664987543,14.12418559985278
11.208158664987543,14.985739012426599
11.208158664987543,14.521825636425312
11.738345380417584,15.449652388427886
11.340705343845052,14.985739012426599
12.268532095847625,14.588098975854066
12.842901037563507,15.184559030712869
12.401078774705141,14.786918994140336
14.12418559985278,16.046112443286688
13.593998884422739,15.582199067285401
14.389278957567804,16.64257249814549
13.726545563280247,17.901765947291842
13.461452205565223,17.30530589243304
13.593998884422739,18.763319359865662
14.168367826138613,18.299405983864375
14.389278957567804,18.03431262614935
13.859092242137756,17.968039286720597
13.461452205565223,17.968039286720597
14.389278957567804,18.431952662721883
13.859092242137756,17.968039286720597
14.521825636425312,18.89586603872317
14.65437231528282,19.82369279072575
15.317105709570377,19.293506075295703
15.979839103857934,19.42605275415322
16.64257249814549,19.028412717580686
16.775119177003,19.691146111868235
16.907665855860508,20.088786148440768
17.570399250148064,20.088786148440768
18.100585965578105,20.088786148440768
18.763319359865662,20.552699524442062
19.42605275415322,21.082886239872103
20.022512809012014,21.149159579300857
20.4864261850133,20.618972863870816
21.01661290044335,20.221332827298284
20.4864261850133,20.751519542728325
19.82369279072575,20.353879506155792
19.558599433010727,21.613072955302144
19.160959396438194,21.149159579300857
19.42605275415322,22.07698633130343
19.028412717580686,21.613072955302144
19.95623946958326,21.149159579300857
19.62487277243948,22.673446386162233
19.205141622724028,22.07698633130343
20.4864261850133,21.54679961587339
20.022512809012014,23.00481308330601
21.082886239872103,22.540899707304725
21.149159579300857,23.13735976216352
21.149159579300857,22.739719725590987
21.149159579300857,24.0651865141661
21.149159579300857,23.534999798736052
21.325888484444206,24.59537322959614
22.209533010160946,25.324379963312452
21.679346294730898,24.860466587311166
22.209533010160946,25.78829333931374
21.944439652445922,26.31848005474378
21.54679961587339,26.716120091316313
22.12116855758927,26.716120091316313
21.54679961587339,26.716120091316313
22.342079689018455,26.716120091316313
22.872266404448496,26.914940109602583
23.402453119878544,28.041586879891426
23.402453119878544,27.37885348560387
23.402453119878544,28.770593613607737
23.99891317473734,28.571773595321467
23.402453119878544,27.997404653605592
24.462826550738633,28.770593613607737
24.72791990845365,29.764693705039065
24.330279871881118,29.300780329037778
25.258106623883698,29.234506989609024
25.258106623883698,28.903140292465245
24.59537322959614,29.764693705039065
24.462826550738633,29.367053668466532
24.462826550738633,29.101960310751508
24.462826550738633,28.903140292465245
24.462826550738633,29.632147026181556
23.932639835308585,28.969413631894
23.402453119878544,30.825067135899154
22.872266404448496,30.294880420469113
22.342079689018455,30.55997377818413
22.209533010160946,30.162333741611597
21.679346294730898,29.764693705039065
20.884066221585833,29.300780329037778
20.353879506155792,30.361153759897867
19.558599433010727,29.764693705039065
19.028412717580686,29.234506989609024
18.23313264443562,30.692520457041645
17.968039286720597,30.096060402182843
17.437852571290556,29.565873686752802
17.17275921357553,29.16823365018027
16.907665855860508,29.89724038389658
17.570399250148064,30.02978706275409
16.97393919528926,30.361153759897867
17.570399250148064,30.825067135899154
16.377479140430466,30.162333741611597
16.112385782715442,29.89724038389658
15.71474574614291,29.49960034732404
15.71474574614291,28.83686695303649
15.184559030712869,28.24040689817769
14.65437231528282,27.90904020103391
14.12418559985278,28.43922691646396
13.593998884422739,29.300780329037778
13.328905526707715,28.83686695303649
12.666172132420158,29.764693705039065
12.401078774705141,29.101960310751508
12.268532095847625,28.571773595321467
11.738345380417584,27.90904020103391
11.274432004416298,27.24630680674636
11.075611986130028,26.583573412458804
10.81051862841501,26.053386697028763
10.280331912984963,25.65574666045623
10.147785234127454,25.258106623883698
10.74424528898625,24.794193247882404
11.208158664987543,24.0651865141661
11.208158664987543,23.402453119878544
11.075611986130028,22.739719725590987
10.81051862841501,21.944439652445922
10.412878591842478,21.347979597587127
11.340705343845052,21.149159579300857
10.677971949557495,20.751519542728325
12.047620964418442,20.221332827298284
12.33480543527638,19.757419451296997
12.401078774705141,19.09468605700944
12.401078774705141,19.028412717580686
12.53362545356265,18.498226002150638
13.130085508421452,17.968039286720597
13.593998884422739,17.570399250148064
14.168367826138613,17.106485874146777
14.521825636425312,16.64257249814549
14.521825636425312,16.046112443286688
14.65437231528282,15.449652388427886
15.184559030712869,14.786918994140336
15.648472406714156,14.256732278710288
15.71474574614291,13.859092242137756
15.71474574614291,13.461452205565223
15.250832370141623,14.455552296996558
15.184559030712869,14.256732278710288
14.65437231528282,13.593998884422739
15.71474574614291,13.461452205565223
15.317105709570377,13.461452205565223
15.71474574614291,13.660272223851493
16.244932461572958,14.256732278710288
15.71474574614291,13.859092242137756
16.775119177003,13.461452205565223
16.775119177003,13.461452205565223
16.775119177003,13.461452205565223
17.371579231861794,13.461452205565223
16.775119177003,13.925365581566517
17.835492607863088,14.389278957567804
17.835492607863088,15.317105709570377
18.36567932329313,14.786918994140336
17.968039286720597,15.515925727856647
18.89586603872317,15.052012351855353
18.36567932329313,14.786918994140336
17.901765947291842,15.515925727856647
18.100585965578105,15.052012351855353
17.702945929005573,16.244932461572958
18.674954907293987,16.708845837574245
18.498226002150638,16.775119177003
18.03431262614935,16.841392516431753
18.89586603872317,17.30530589243304
18.498226002150638,16.907665855860508
19.028412717580686,17.901765947291842
19.028412717580686,17.968039286720597
19.09468605700944,18.498226002150638
19.691146111868235,17.968039286720597
19.160959396438194,19.028412717580686
20.287606166727038,19.028412717580686
20.618972863870816,19.028412717580686
20.088786148440768,19.028412717580686
21.01661290044335,19.028412717580686
20.4864261850133,19.82369279072575
21.281706258158366,19.160959396438194
21.811892973588414,21.01661290044335
22.474626367875963,20.4864261850133
23.181541988449354,20.022512809012014
23.402453119878544,19.42605275415322
23.402453119878544,19.028412717580686
23.402453119878544,20.022512809012014
23.402453119878544,20.088786148440768
23.800093156451076,20.552699524442062
23.269906441021035,21.01661290044335
24.39655321130987,20.618972863870816
24.462826550738633,20.15505948786953
24.131459853594855,20.221332827298284
23.534999798736052,21.01661290044335
23.402453119878544,20.618972863870816
23.534999798736052,20.4864261850133
24.19773319302361,20.088786148440768
24.19773319302361,21.21543291872961
23.667546477593568,21.944439652445922
23.33617978044979,23.203633101592274
23.402453119878544,22.60717304673348
23.402453119878544,23.667546477593568
22.872266404448496,24.330279871881118
22.40835302844721,24.59537322959614
22.872266404448496,24.794193247882404
22.474626367875963,25.390653302741207
23.468726459307298,25.65574666045623
23.402453119878544,25.65574666045623
22.872266404448496,25.523199981598715
22.474626367875963,24.993013266168674
21.54679961587339,24.59537322959614
21.01661290044335,25.05928660559743
20.4864261850133,25.523199981598715
21.01661290044335,26.451026733601296
20.4864261850133,25.920840018171248
20.15505948786953,26.64984675188756
19.691146111868235,26.053386697028763
19.160959396438194,25.65574666045623
18.829592699294416,26.053386697028763
18.89586603872317,26.64984675188756
18.299405983864375,26.583573412458804
15.538016840999568,25.920840018171248
15.71474574614291,25.258106623883698
15.052012351855353,24.661646569024896
14.389278957567804,24.330279871881118
13.726545563280247,23.733819817022322
13.461452205565223,23.534999798736052
13.461452205565223,23.13735976216352
13.328905526707715,22.60717304673348
12.666172132420158,22.07698633130343
12.003438738132608,21.54679961587339
11.47325202270256,22.07698633130343
10.81051862841501,21.613072955302144
10.214058573556208,21.01661290044335
10.147785234127454,20.4864261850133
10.147785234127454,20.088786148440768
10.015238555269946,19.82369279072575
9.750145197554922,19.42605275415322
9.219958482124873,18.89586603872317
8.954865124409856,18.431952662721883
9.219958482124873,17.968039286720597
9.88269187641243,17.968039286720597
9.88269187641243,17.702945929005573
9.352505160982389,16.510025819287975
,16.046112443286688
,16.64257249814549
,16.377479140430466
,15.71474574614291
,15.052012351855353
,14.521825636425312
,15.515925727856647
,14.919465672997845
,16.510025819287975
,16.046112443286688
,15.979839103857934
,15.582199067285401
,15.184559030712869
,14.65437231528282
,14.190458939281534
,13.726545563280247
,13.328905526707715
,12.798718811277674
,12.33480543527638
,11.870892059275093
,11.406978683273806
,11.340705343845052
,10.81051862841501
,10.214058573556208
,10.280331912984963
,11.605798701560076
,10.94306530727252
,12.33480543527638
