Y(hoy),Y(ayer)
5.773744831829596,4.713371400969507
5.773744831829596,4.647098061540753
5.773744831829596,4.05063800668195
5.707471492400835,3.6529979701094177
5.6411981529720805,3.5204512912519093
5.1110114375420395,3.5204512912519093
4.647098061540753,3.5204512912519093
4.580824722111998,3.5204512912519093
4.448278043254483,3.255357933536885
4.05063800668195,2.5926245392493286
3.6529979701094177,2.3275311815343116
2.3275311815343116,1.929891144961772
2.5263511998205814,1.4659777689604852
2.46007786039182,1.2671577506742295
1.929891144961772,1.2671577506742295
1.5322511083892465,1.2671577506742295
1.2671577506742295,0.8695177141016899
1.1346110718167068,0.4056043381004031
0.6927888089583405,0.20678431981413326
0.9136999403875308,0.20678431981413326
0.47187767752916443,0.20678431981413326
1.1346110718167068,0.20678431981413326
0.5381510169579116,0.20678431981413326
0.20678431981413326,0.20678431981413326
0.20678431981413326,-0.1908557167583922
0.20678431981413326,-0.654769092759679
0.20678431981413326,-0.8535891110459488
0.07423764095662477,-0.8535891110459488
-0.5222224139021705,-0.8535891110459488
-0.8535891110459488,-0.8535891110459488
-1.450049165904744,-0.8535891110459488
-0.9198624504747102,-0.8535891110459488
-0.9198624504747102,-0.8535891110459488
-1.450049165904744,-0.8535891110459488
-1.5163225053335054,-0.8535891110459488
-0.9861357899034573,-1.383775826475997
-1.5825958447622668,-1.913962541906045
-1.5163225053335054,-1.913962541906045
-0.9861357899034573,-1.383775826475997
-0.9861357899034573,-1.5163225053335054
-1.5163225053335054,-1.913962541906045
-1.2512291476184885,-1.913962541906045
-1.648869184191014,-1.913962541906045
-1.2512291476184885,-1.913962541906045
-1.648869184191014,-1.913962541906045
-1.648869184191014,-1.913962541906045
-1.2070469213326476,-1.383775826475997
-0.9198624504747102,-1.913962541906045
-0.8535891110459488,-0.8535891110459488
0.20678431981413326,-0.8535891110459488
0.7369710352441814,-0.8535891110459488
1.2671577506742295,-0.8535891110459488
2.5263511998205814,-0.8535891110459488
2.0624378238192946,-0.3234023956159007
2.990264575821868,0.47187767752916443
3.5204512912519093,0.8695177141016899
6.569024904974661,1.2671577506742295
10.412878591842478,2.0624378238192946
10.015238555269946,1.5322511083892465
11.47325202270256,1.929891144961772
10.94306530727252,1.399704429531738
12.798718811277674,1.929891144961772
12.268532095847625,2.3275311815343116
14.521825636425312,2.46007786039182
13.859092242137756,3.5204512912519093
13.461452205565223,2.990264575821868
15.317105709570377,4.580824722111998
16.024021330143768,5.243558116399548
24.72791990845365,6.038838189544613
24.330279871881118,6.70157158383217
25.78829333931374,6.834118262689678
25.390653302741207,7.761945014692259
31.48780053018671,9.087411803267365
32.68072063990431,10.94306530727252
32.15053392447426,10.412878591842478
34.27128078619444,10.015238555269946
33.873640749621906,12.003438738132608
37.054761042202166,11.47325202270256
37.4524010787747,13.328905526707715
36.524574326772125,12.798718811277674
38.77786786734981,15.317105709570377
38.247681151919764,14.65437231528282
37.85004111534723,14.12418559985278
37.4524010787747,16.64257249814549
35.19910753819701,15.979839103857934
34.536374143909455,16.775119177003
34.07246076790817,16.907665855860508
33.52018293933521,17.835492607863088
34.27128078619444,17.437852571290556
34.80146750162448,19.293506075295703
34.4701008044807,18.763319359865662
34.40382746505195,21.01661290044335
34.40382746505195,20.4864261850133
34.84564972791032,22.872266404448496
37.717494436489716,22.474626367875963
36.78966768448714,25.258106623883698
34.536374143909455,24.72791990845365
34.13873410733692,24.19773319302361
33.74109407076439,25.920840018171248
33.34345403419186,26.451026733601296
34.27128078619444,27.643946843318894
34.13873410733692,27.24630680674636
33.873640749621906,28.969413631894
33.34345403419186,28.571773595321467
32.74699397933306,30.02978706275409
32.15053392447426,32.01798724561675
31.62034720904422,31.355253851329195
31.885440566759243,32.945813997619325
31.355253851329195,32.415627282189284
31.752893887901728,34.27128078619444
31.28898051190044,33.74109407076439
32.15053392447426,36.126934290199586
31.62034720904422,35.596747574769545
31.355253851329195,37.054761042202166
30.825067135899154,37.4524010787747
30.294880420469113,36.78966768448714
29.764693705039065,37.27567217363135
29.367053668466532,36.126934290199586
30.02978706275409,35.19910753819701
30.626247117612884,34.80146750162448
30.162333741611597,35.464200895912036
31.090160493614178,35.464200895912036
31.090160493614178,35.33165421705452
31.090160493614178,34.867740841053234
31.090160493614178,35.0665608593395
30.55997377818413,35.464200895912036
30.162333741611597,35.86184093248457
30.825067135899154,37.187307721059675
30.692520457041645,38.31395449134852
30.162333741611597,38.6453211884923
31.090160493614178,37.98258779420474
30.55997377818413,36.78966768448714
31.62034720904422,36.39202764791461
32.15053392447426,35.99438761134208
31.48780053018671,34.536374143909455
31.023887154185417,34.006187428479414
31.090160493614178,33.34345403419186
31.134342719900012,32.74699397933306
31.929622793045077,32.283080603331776
31.355253851329195,32.48190062161804
32.15053392447426,32.945813997619325
31.81916722733048,32.415627282189284
31.39943607761503,31.885440566759243
32.15053392447426,31.222707172471686
31.752893887901728,30.692520457041645
32.54817396104679,30.339062646754947
33.21090735533435,30.692520457041645
32.87954065819057,30.02978706275409
32.415627282189284,29.565873686752802
33.47600071304937,29.101960310751508
32.945813997619325,30.162333741611597
34.27128078619444,29.49960034732404
33.74109407076439,30.825067135899154
33.40972737362062,30.42742709932662
33.34345403419186,30.02978706275409
33.47600071304937,29.49960034732404
34.050369654765255,28.770593613607737
34.27128078619444,28.174133558748935
33.60854739190688,27.776493522176402
33.34345403419186,27.776493522176402
33.47600071304937,27.776493522176402
34.050369654765255,28.24040689817769
34.27128078619444,28.770593613607737
33.74109407076439,28.83686695303649
33.34345403419186,28.571773595321467
34.27128078619444,27.997404653605592
33.80736741019315,28.770593613607737
34.006187428479414,28.306680237606443
33.40972737362062,28.83686695303649
34.80146750162448,28.903140292465245
35.33165421705452,28.83686695303649
34.40382746505195,28.903140292465245
34.80146750162448,29.632147026181556
35.33165421705452,29.101960310751508
34.867740841053234,30.02978706275409
35.33165421705452,30.02978706275409
34.66892082276697,30.096060402182843
34.40382746505195,30.55997377818413
36.524574326772125,31.090160493614178
35.99438761134208,31.222707172471686
35.596747574769545,31.686620548472973
35.72929425362706,31.222707172471686
35.464200895912036,32.01798724561675
35.596747574769545,31.42152719075795
35.596747574769545,31.28898051190044
35.64092980105538,31.951713906187997
36.524574326772125,32.945813997619325
35.86184093248457,32.415627282189284
36.657121005629634,32.68072063990431
36.72339434505839,32.283080603331776
37.187307721059675,32.283080603331776
38.77786786734981,32.15053392447426
38.247681151919764,31.48780053018671
37.717494436489716,31.222707172471686
40.63352137135496,31.885440566759243
40.10333465592491,31.42152719075795
41.95898815993007,31.951713906187997
43.41700162736269,32.48190062161804
42.22408151764509,32.945813997619325
42.75426823307514,32.216807263903014
43.15190826964766,31.62034720904422
42.48917487536011,31.222707172471686
39.9707879770674,32.01798724561675
41.16370808678501,31.62034720904422
40.76606805021247,31.42152719075795
41.95898815993007,32.01798724561675
41.428801444500024,32.283080603331776
40.898614729069976,32.415627282189284
40.30215467421118,33.07836067647684
37.85004111534723,32.945813997619325
37.58494775763221,32.48190062161804
37.054761042202166,32.945813997619325
36.657121005629634,33.34345403419186
38.291863378205605,34.13873410733692
37.717494436489716,33.60854739190688
37.187307721059675,34.40382746505195
39.61733016678071,34.40382746505195
39.04296122506483,34.80146750162448
40.898614729069976,35.39792755648328
40.36842801363994,36.657121005629634
40.63352137135496,36.126934290199586
39.9707879770674,35.596747574769545
39.705694619352386,38.247681151919764
39.308054582779846,37.717494436489716
38.77786786734981,37.187307721059675
38.247681151919764,40.36842801363994
37.717494436489716,39.838241298209894
37.31985439991719,39.308054582779846
36.72339434505839,38.91041454620732
36.126934290199586,42.48917487536011
35.596747574769545,41.95898815993007
36.524574326772125,41.428801444500024
35.0665608593395,43.019361590790155
34.536374143909455,42.22408151764509
34.13873410733692,42.09153483878758
33.21090735533435,41.95898815993007
32.68072063990431,40.898614729069976
32.216807263903014,40.50097469249745
32.15053392447426,39.9707879770674
31.62034720904422,39.57314794049488
31.156433833042932,39.10923456449358
30.957613814756662,39.57314794049488
30.42742709932662,38.247681151919764
29.764693705039065,37.717494436489716
29.234506989609024,37.054761042202166
28.704320274178976,36.39202764791461
28.041586879891426,35.72929425362706
27.511400164461378,35.0665608593395
27.24630680674636,34.536374143909455
26.84866677017383,34.867740841053234
26.31848005474378,34.40382746505195
25.78829333931374,35.99438761134208
25.125559945026183,35.33165421705452
24.72791990845365,37.31985439991719
24.507008777024467,36.657121005629634
25.390653302741207,38.55695673592062
24.72791990845365,37.98258779420474
25.523199981598715,38.247681151919764
24.993013266168674,37.85004111534723
24.529099890167387,37.4524010787747
24.72791990845365,36.78966768448714
24.330279871881118,36.19320762962835
25.258106623883698,35.596747574769545
25.258106623883698,35.0665608593395
24.661646569024896,34.536374143909455
26.716120091316313,34.006187428479414
26.053386697028763,33.47600071304937
25.523199981598715,32.68072063990431
27.423035711889703,32.15053392447426
27.643946843318894,31.62034720904422
27.643946843318894,31.090160493614178
26.981213449031337,30.626247117612884
26.716120091316313,30.162333741611597
26.583573412458804,29.764693705039065
26.053386697028763,29.300780329037778
25.65574666045623,28.770593613607737
28.041586879891426,28.306680237606443
27.37885348560387,27.90904020103391
29.764693705039065,27.24630680674636
29.16823365018027,26.583573412458804
28.704320274178976,25.920840018171248
29.49960034732404,25.125559945026183
28.83686695303649,24.59537322959614
28.372953577035204,24.19773319302361
27.90904020103391,23.667546477593568
28.505500255892713,23.203633101592274
28.969413631894,22.673446386162233
29.367053668466532,22.872266404448496
28.83686695303649,23.733819817022322
30.02978706275409,23.269906441021035
30.02978706275409,24.19773319302361
30.096060402182843,23.534999798736052
29.89724038389658,23.402453119878544
29.632147026181556,23.402453119878544
29.234506989609024,23.667546477593568
30.825067135899154,24.529099890167387
30.361153759897867,24.0651865141661
29.89724038389658,24.993013266168674
32.415627282189284,25.523199981598715
31.885440566759243,26.31848005474378
31.355253851329195,25.920840018171248
32.98999622390516,25.78829333931374
33.34345403419186,25.258106623883698
33.21090735533435,24.794193247882404
32.74699397933306,24.19773319302361
32.283080603331776,23.711728703879402
33.07836067647684,24.860466587311166
33.34345403419186,24.19773319302361
32.283080603331776,25.523199981598715
32.216807263903014,27.37885348560387
32.15053392447426,26.64984675188756
31.48780053018671,26.053386697028763
31.090160493614178,25.65574666045623
31.222707172471686,26.384753394172535
31.885440566759243,25.920840018171248
32.15053392447426,26.914940109602583
31.62034720904422,27.37885348560387
31.156433833042932,27.776493522176402
32.15053392447426,28.174133558748935
31.62034720904422,29.035686971322754
31.222707172471686,28.571773595321467
32.48190062161804,29.54378257360988
32.01798724561675,29.234506989609024
33.52018293933521,28.704320274178976
32.945813997619325,28.174133558748935
34.27128078619444,27.776493522176402
33.80736741019315,28.43922691646396
34.27128078619444,29.234506989609024
33.40972737362062,29.764693705039065
33.34345403419186,30.55997377818413
33.21090735533435,30.162333741611597
32.54817396104679,31.090160493614178
31.885440566759243,32.01798724561675
31.39943607761503,31.48780053018671
32.283080603331776,32.283080603331776
31.62034720904422,31.752893887901728
33.52018293933521,31.222707172471686
32.945813997619325,32.15053392447426
34.27128078619444,31.62034720904422
33.74109407076439,32.945813997619325
33.34345403419186,32.01798724561675
34.27128078619444,31.62034720904422
33.74109407076439,31.222707172471686
33.2771806947631,31.222707172471686
33.74109407076439,30.957613814756662
32.54817396104679,30.294880420469113
32.283080603331776,30.55997377818413
31.752893887901728,32.283080603331776
31.355253851329195,31.62034720904422
31.929622793045077,32.945813997619325
31.355253851329195,33.34345403419186
32.15053392447426,33.34345403419186
31.81916722733048,33.2771806947631
31.222707172471686,32.68072063990431
30.55997377818413,32.15053392447426
29.89724038389658,31.554073869615465
29.632147026181556,32.15053392447426
29.234506989609024,32.283080603331776
28.704320274178976,32.283080603331776
28.24040689817769,31.885440566759243
28.041586879891426,31.355253851329195
28.505500255892713,30.692520457041645
28.10786021932018,30.02978706275409
27.643946843318894,29.565873686752802
27.113760127888845,28.903140292465245
26.053386697028763,29.300780329037778
24.0651865141661,29.89724038389658
23.402453119878544,30.02978706275409
22.80599306501974,30.02978706275409
21.679346294730898,29.632147026181556
21.01661290044335,29.035686971322754
20.4864261850133,28.83686695303649
19.95623946958326,28.969413631894
19.558599433010727,29.764693705039065
19.028412717580686,29.367053668466532
18.36567932329313,29.49960034732404
17.570399250148064,29.101960310751508
17.17275921357553,28.704320274178976
16.775119177003,28.24040689817769
16.907665855860508,27.776493522176402
13.593998884422739,27.90904020103391
13.130085508421452,28.704320274178976
12.53362545356265,28.83686695303649
11.738345380417584,28.43922691646396
11.340705343845052,27.90904020103391
10.147785234127454,27.37885348560387
10.214058573556208,26.583573412458804
,26.053386697028763
,25.523199981598715
,24.19773319302361
,23.667546477593568
,22.872266404448496
,22.342079689018455
,22.209533010160946
,21.811892973588414
,21.281706258158366
,20.884066221585833
,20.4864261850133
,19.95623946958326
,19.558599433010727
,19.028412717580686
,18.36567932329313
,17.835492607863088
,17.30530589243304
,16.775119177003
,16.64257249814549
,16.112385782715442
,15.847292425000418
,16.510025819287975
,16.112385782715442
,15.847292425000418
,15.184559030712869
,14.389278957567804
,13.328905526707715
,12.666172132420158
,12.401078774705141
,11.738345380417584
,11.208158664987543
,10.677971949557495
,10.280331912984963
,11.075611986130028
,11.075611986130028
,10.545425270699987
,9.88269187641243
,9.352505160982389
,9.02113846383861
,9.617598518697413
