Y(hoy),Y(ayer)
12.401078774705141,11.340705343845052
12.401078774705141,11.738345380417584
12.401078774705141,12.268532095847625
12.401078774705141,12.666172132420158
12.33480543527638,13.06381216899269
12.135985416990117,13.461452205565223
11.870892059275093,14.256732278710288
11.47325202270256,13.726545563280247
11.141885325558782,14.455552296996558
11.208158664987543,13.859092242137756
10.545425270699987,13.328905526707715
10.015238555269946,12.864992150706428
10.280331912984963,12.401078774705141
8.954865124409856,12.003438738132608
9.087411803267365,11.539525362131315
7.099211620404702,11.009338646701273
6.70157158383217,10.412878591842478
5.84001817125835,10.015238555269946
5.773744831829596,9.219958482124873
5.773744831829596,8.954865124409856
5.773744831829596,8.424678408979808
5.6411981529720805,7.629398335834743
5.1110114375420395,6.966664941547194
4.647098061540753,6.834118262689678
4.580824722111998,6.569024904974661
4.580824722111998,5.6411981529720805
4.625006948397832,4.978464758684531
5.420287021542897,4.713371400969507
4.845918079827015,4.448278043254483
5.3761047952570635,3.8518179883956876
4.845918079827015,4.315731364396974
4.514551382683237,3.918091327824442
4.580824722111998,4.05063800668195
4.580824722111998,3.5867246306806635
4.580824722111998,3.5204512912519093
4.05063800668195,3.5204512912519093
3.5867246306806635,3.1228112546793767
4.580824722111998,2.5263511998205814
4.05063800668195,2.3275311815343116
3.6529979701094177,2.3275311815343116
4.05063800668195,2.0624378238192946
3.5204512912519093,1.5985244478179936
3.5204512912519093,2.194984502676803
3.5204512912519093,1.7973444661042635
3.5204512912519093,1.3334310901029767
2.990264575821868,1.2671577506742295
2.46007786039182,1.2671577506742295
2.46007786039182,2.0624378238192946
2.46007786039182,1.5322511083892465
2.46007786039182,1.929891144961772
2.46007786039182,1.4659777689604852
2.46007786039182,1.2671577506742295
2.46007786039182,1.2671577506742295
1.929891144961772,1.2671577506742295
1.5322511083892465,1.2671577506742295
1.5322511083892465,1.2671577506742295
2.194984502676803,1.2671577506742295
2.194984502676803,1.2671577506742295
1.5985244478179936,1.2671577506742295
1.5322511083892465,1.2671577506742295
1.9740733712476128,0.7369710352441814
2.194984502676803,0.20678431981413326
1.7310711266755163,0.4056043381004031
1.5322511083892465,0.8695177141016899
1.2671577506742295,1.2671577506742295
1.2671577506742295,1.2671577506742295
1.2671577506742295,1.2671577506742295
1.2671577506742295,1.2671577506742295
1.2671577506742295,1.2671577506742295
1.2671577506742295,0.7369710352441814
1.3334310901029767,0.20678431981413326
1.7310711266755163,0.6044243563866729
1.2671577506742295,1.2008844112454682
2.3275311815343116,1.2671577506742295
2.46007786039182,1.2671577506742295
2.46007786039182,1.2671577506742295
2.7914445575355984,1.2671577506742295
2.3275311815343116,1.7310711266755163
3.3879046123944008,2.2612578421055503
3.5204512912519093,2.3275311815343116
3.3879046123944008,2.0624378238192946
3.1228112546793767,1.5985244478179936
2.5926245392493286,2.2612578421055503
2.46007786039182,1.7973444661042635
2.5263511998205814,2.3275311815343116
3.0565379152506154,2.3275311815343116
3.5204512912519093,2.7914445575355984
3.5204512912519093,3.3879046123944008
4.05063800668195,3.5204512912519093
3.5204512912519093,3.7855446489669333
4.580824722111998,4.448278043254483
4.05063800668195,4.713371400969507
3.5867246306806635,4.713371400969507
4.448278043254483,4.713371400969507
3.7855446489669333,4.713371400969507
4.580824722111998,4.713371400969507
4.580824722111998,4.713371400969507
4.580824722111998,4.713371400969507
3.918091327824442,4.713371400969507
3.5204512912519093,5.243558116399548
3.5204512912519093,5.773744831829596
3.5867246306806635,5.84001817125835
4.1169113461107045,6.436478226117146
4.580824722111998,6.834118262689678
4.580824722111998,6.834118262689678
4.580824722111998,6.834118262689678
4.625006948397832,6.834118262689678
5.420287021542897,6.966664941547194
4.845918079827015,8.159585051264791
5.707471492400835,7.496851656977235
6.171384868402129,8.888591784981102
6.70157158383217,8.954865124409856
6.834118262689678,9.418778500411143
6.70157158383217,10.015238555269946
6.171384868402129,10.280331912984963
5.773744831829596,10.677971949557495
6.767844923260924,11.274432004416298
6.171384868402129,11.47325202270256
7.298031638690972,12.33480543527638
7.761945014692259,11.870892059275093
7.761945014692259,12.864992150706428
7.231758299262211,13.395178866136469
6.834118262689678,13.660272223851493
7.761945014692259,14.256732278710288
7.231758299262211,13.859092242137756
7.894491693549767,13.461452205565223
7.960765032978522,14.455552296996558
8.2921317301223,14.256732278710288
7.894491693549767,13.660272223851493
8.866500671838182,13.461452205565223
9.087411803267365,13.925365581566517
9.087411803267365,14.389278957567804
9.087411803267365,15.317105709570377
9.087411803267365,14.786918994140336
9.683871858126167,15.582199067285401
9.087411803267365,15.847292425000418
10.147785234127454,16.841392516431753
10.479151931271232,16.377479140430466
10.015238555269946,17.437852571290556
11.075611986130028,17.968039286720597
11.208158664987543,17.968039286720597
11.208158664987543,17.570399250148064
11.605798701560076,17.084394761003857
11.075611986130028,17.570399250148064
12.268532095847625,17.835492607863088
12.401078774705141,17.30530589243304
12.401078774705141,16.907665855860508
12.666172132420158,18.763319359865662
13.328905526707715,18.100585965578105
13.461452205565223,17.702945929005573
13.593998884422739,19.160959396438194
14.190458939281534,19.82369279072575
14.786918994140336,20.088786148440768
15.449652388427886,20.552699524442062
14.985739012426599,21.082886239872103
15.449652388427886,21.149159579300857
14.588098975854066,21.149159579300857
14.65437231528282,21.613072955302144
15.250832370141623,21.149159579300857
15.71474574614291,22.07698633130343
16.046112443286688,21.613072955302144
15.582199067285401,21.281706258158366
16.64257249814549,21.944439652445922
17.30530589243304,22.209533010160946
17.835492607863088,22.474626367875963
17.835492607863088,23.468726459307298
17.371579231861794,23.00481308330601
16.863483629574674,24.0651865141661
16.775119177003,23.800093156451076
17.30530589243304,24.330279871881118
17.835492607863088,23.800093156451076
17.30530589243304,24.59537322959614
16.907665855860508,24.59537322959614
17.614581476433898,24.59537322959614
17.901765947291842,24.59537322959614
18.36567932329313,24.993013266168674
18.89586603872317,24.59537322959614
18.36567932329313,25.58947332102747
17.901765947291842,25.65574666045623
17.835492607863088,25.125559945026183
18.36567932329313,24.59537322959614
17.968039286720597,25.05928660559743
18.89586603872317,25.390653302741207
18.36567932329313,24.794193247882404
17.901765947291842,25.390653302741207
18.16685930500686,24.860466587311166
17.702945929005573,25.65574666045623
18.763319359865662,25.258106623883698
18.89586603872317,24.860466587311166
18.36567932329313,25.58947332102747
17.901765947291842,25.125559945026183
18.16685930500686,24.59537322959614
17.702945929005573,24.59537322959614
18.763319359865662,24.993013266168674
19.028412717580686,25.58947332102747
19.028412717580686,25.523199981598715
19.028412717580686,25.05928660559743
18.962139378151925,24.59537322959614
18.89586603872317,24.59537322959614
18.36567932329313,24.59537322959614
17.835492607863088,24.0651865141661
17.30530589243304,23.468726459307298
16.841392516431753,23.402453119878544
17.702945929005573,23.800093156451076
17.040212534718023,25.05928660559743
17.835492607863088,24.462826550738633
17.835492607863088,25.523199981598715
17.17275921357553,24.993013266168674
16.510025819287975,24.59537322959614
15.847292425000418,24.330279871881118
15.71474574614291,23.733819817022322
15.184559030712869,23.269906441021035
14.65437231528282,22.872266404448496
14.389278957567804,22.40835302844721
13.726545563280247,21.878166313017168
13.461452205565223,21.41425293701588
13.328905526707715,21.01661290044335
12.798718811277674,20.552699524442062
12.401078774705141,20.022512809012014
12.33480543527638,19.492326093581973
12.268532095847625,18.763319359865662
11.804618719846339,18.498226002150638
11.208158664987543,18.03431262614935
10.545425270699987,17.437852571290556
10.0815118946987,16.907665855860508
10.147785234127454,16.510025819287975
10.147785234127454,16.046112443286688
9.683871858126167,15.582199067285401
9.087411803267365,15.582199067285401
9.617598518697413,15.515925727856647
10.147785234127454,14.985739012426599
10.147785234127454,14.521825636425312
10.147785234127454,14.12418559985278
10.147785234127454,13.660272223851493
10.191967460413288,13.461452205565223
11.075611986130028,13.461452205565223
10.412878591842478,13.461452205565223
11.208158664987543,13.196358847850206
11.208158664987543,12.53362545356265
11.47325202270256,12.401078774705141
11.075611986130028,12.401078774705141
12.003438738132608,12.401078774705141
11.870892059275093,12.53362545356265
11.406978683273806,13.06381216899269
12.268532095847625,13.461452205565223
11.738345380417584,13.527725544993984
12.33480543527638,14.256732278710288
12.135985416990117,13.726545563280247
11.870892059275093,13.859092242137756
11.517434248988394,13.461452205565223
12.268532095847625,14.389278957567804
11.738345380417584,13.991638920995271
12.401078774705141,15.317105709570377
12.666172132420158,14.786918994140336
13.328905526707715,15.515925727856647
13.461452205565223,15.052012351855353
13.461452205565223,14.65437231528282
13.726545563280247,15.515925727856647
14.389278957567804,15.052012351855353
14.057912260424025,15.781019085571664
13.593998884422739,16.244932461572958
14.168367826138613,16.708845837574245
14.389278957567804,16.775119177003
13.859092242137756,16.775119177003
13.461452205565223,16.775119177003
14.389278957567804,16.907665855860508
13.859092242137756,17.570399250148064
14.521825636425312,17.084394761003857
14.588098975854066,17.437852571290556
14.786918994140336,16.907665855860508
15.493834614713727,16.841392516431753
15.71474574614291,17.371579231861794
15.781019085571664,17.901765947291842
16.311205801001712,18.36567932329313
16.775119177003,18.962139378151925
16.775119177003,19.028412717580686
17.30530589243304,18.630772681008153
16.775119177003,18.14476819186394
17.835492607863088,18.962139378151925
17.835492607863088,18.89586603872317
17.835492607863088,18.36567932329313
17.835492607863088,17.968039286720597
18.630772681008153,18.630772681008153
18.100585965578105,19.028412717580686
19.028412717580686,19.028412717580686
19.73532833815407,19.028412717580686
21.01661290044335,19.492326093581973
20.4864261850133,19.82369279072575
22.209533010160946,19.492326093581973
23.534999798736052,19.028412717580686
22.60717304673348,20.618972863870816
23.269906441021035,19.95623946958326
23.402453119878544,21.281706258158366
23.932639835308585,22.07698633130343
24.462826550738633,21.679346294730898
23.932639835308585,21.54679961587339
23.468726459307298,22.209533010160946
24.330279871881118,22.474626367875963
23.667546477593568,23.13735976216352
24.462826550738633,22.474626367875963
24.72791990845365,21.944439652445922
24.330279871881118,21.370070710730047
25.258106623883698,22.143259670732192
25.258106623883698,21.679346294730898
24.72791990845365,22.209533010160946
24.39655321130987,22.342079689018455
24.462826550738633,22.872266404448496
23.932639835308585,23.33617978044979
23.269906441021035,23.13735976216352
22.673446386162233,22.651355273019313
22.2758063495897,23.269906441021035
22.342079689018455,23.00481308330601
22.342079689018455,22.40835302844721
21.90025742616009,22.143259670732192
21.41425293701588,21.613072955302144
21.54679961587339,20.884066221585833
21.149159579300857,20.287606166727038
22.07698633130343,20.751519542728325
21.74561963415966,21.149159579300857
21.281706258158366,21.149159579300857
21.01661290044335,20.751519542728325
20.420152845584546,20.287606166727038
19.82369279072575,20.79570176901416
18.498226002150638,20.4864261850133
18.100585965578105,20.088786148440768
17.769219268434327,20.088786148440768
19.028412717580686,19.95623946958326
18.36567932329313,19.160959396438194
17.901765947291842,18.763319359865662
17.63667258957682,18.100585965578105
17.106485874146777,18.498226002150638
16.708845837574245,19.028412717580686
16.244932461572958,18.630772681008153
15.71474574614291,18.23313264443562
15.184559030712869,18.89586603872317
14.65437231528282,18.431952662721883
14.521825636425312,17.835492607863088
11.141885325558782,17.30530589243304
11.075611986130028,16.775119177003
,16.244932461572958
,15.71474574614291
,15.317105709570377
,14.919465672997845
,14.521825636425312
,13.991638920995271
,13.196358847850206
,12.666172132420158
,12.135985416990117
,11.605798701560076
,12.135985416990117
,11.738345380417584
