Y(hoy),Y(ayer)
15.515925727856647,7.761945014692259
14.985739012426599,7.231758299262211
14.389278957567804,6.834118262689678
13.859092242137756,6.834118262689678
13.461452205565223,6.70157158383217
14.389278957567804,6.171384868402129
13.925365581566517,5.773744831829596
14.12418559985278,5.707471492400835
13.461452205565223,5.3761047952570635
12.864992150706428,4.845918079827015
12.33480543527638,4.713371400969507
12.268532095847625,4.448278043254483
11.605798701560076,3.8518179883956876
11.208158664987543,3.3879046123944008
11.208158664987543,2.990264575821868
11.208158664987543,2.5263511998205814
10.545425270699987,2.3275311815343116
10.0815118946987,2.3275311815343116
10.545425270699987,2.3275311815343116
10.015238555269946,2.3275311815343116
11.208158664987543,2.3275311815343116
10.677971949557495,2.3275311815343116
10.147785234127454,1.929891144961772
9.617598518697413,1.3334310901029767
9.15368514269612,1.2671577506742295
9.88269187641243,1.2671577506742295
9.352505160982389,1.2671577506742295
9.88269187641243,1.2671577506742295
9.219958482124873,1.2671577506742295
9.087411803267365,1.2671577506742295
8.954865124409856,1.2671577506742295
8.689771766694832,1.2671577506742295
8.2921317301223,1.2671577506742295
7.960765032978522,1.2008844112454682
8.358405069551054,0.8695177141016899
7.894491693549767,0.4056043381004031
8.822318445552341,0.20678431981413326
8.358405069551054,0.67069769581542
7.960765032978522,1.2008844112454682
7.894491693549767,1.0020643929591984
7.828218354121013,0.4056043381004031
7.761945014692259,0.20678431981413326
7.298031638690972,0.20678431981413326
6.9003916021184395,0.20678431981413326
6.70157158383217,0.20678431981413326
6.038838189544613,0.20678431981413326
5.773744831829596,0.6044243563866729
5.243558116399548,1.2008844112454682
4.647098061540753,1.0020643929591984
4.580824722111998,0.33933099867164174
4.448278043254483,0.20678431981413326
4.183184685539466,0.20678431981413326
3.7855446489669333,-0.05830903790088371
3.454177951823155,-0.654769092759679
3.5204512912519093,0.07423764095662477
3.5204512912519093,-0.3234023956159007
3.5204512912519093,-0.654769092759679
3.5204512912519093,-0.05830903790088371
3.5204512912519093,-0.1908557167583922
2.8577178969643597,-0.654769092759679
2.3938045209630587,-0.1908557167583922
2.46007786039182,0.20678431981413326
2.46007786039182,0.20678431981413326
2.46007786039182,0.20678431981413326
2.46007786039182,0.20678431981413326
2.46007786039182,0.20678431981413326
2.46007786039182,0.20678431981413326
2.3275311815343116,0.20678431981413326
2.0624378238192946,0.20678431981413326
1.664797787246755,0.6044243563866729
1.2671577506742295,1.2008844112454682
2.23916672896263,1.399704429531738
1.664797787246755,1.929891144961772
2.46007786039182,2.725171218106837
2.3275311815343116,3.255357933536885
2.0624378238192946,4.183184685539466
1.664797787246755,3.6529979701094177
1.2671577506742295,4.713371400969507
2.23916672896263,4.713371400969507
1.664797787246755,4.713371400969507
2.46007786039182,5.177284776970794
1.7973444661042635,5.707471492400835
1.3334310901029767,5.972564850115859
1.5322511083892465,6.436478226117146
2.194984502676803,7.298031638690972
1.7310711266755163,6.834118262689678
2.194984502676803,7.761945014692259
1.3334310901029767,8.2921317301223
1.2671577506742295,9.352505160982389
1.3334310901029767,8.822318445552341
1.664797787246755,10.479151931271232
1.2671577506742295,9.88269187641243
2.23916672896263,11.539525362131315
2.46007786039182,10.94306530727252
2.46007786039182,12.069712077561363
2.5263511998205814,13.196358847850206
2.46007786039182,12.53362545356265
3.0565379152506154,14.521825636425312
3.5204512912519093,13.859092242137756
3.3879046123944008,16.377479140430466
3.1228112546793767,15.71474574614291
2.725171218106837,15.184559030712869
3.5204512912519093,17.570399250148064
2.990264575821868,17.040212534718023
3.5204512912519093,16.510025819287975
3.5204512912519093,15.979839103857934
4.05063800668195,18.630772681008153
3.5204512912519093,18.16685930500686
4.580824722111998,17.570399250148064
4.05063800668195,17.040212534718023
3.6529979701094177,16.510025819287975
4.359913590682808,19.160959396438194
4.647098061540753,19.691146111868235
5.1110114375420395,20.088786148440768
5.707471492400835,20.4864261850133
6.237658207830883,23.181541988449354
6.70157158383217,22.60717304673348
6.038838189544613,22.07698633130343
5.6411981529720805,21.54679961587339
5.309831455828302,21.01661290044335
4.890100306112849,24.462826550738633
5.6411981529720805,23.932639835308585
5.243558116399548,25.324379963312452
5.773744831829596,24.860466587311166
6.171384868402129,27.423035711889703
5.773744831829596,26.84866677017383
6.70157158383217,26.31848005474378
6.834118262689678,25.78829333931374
7.099211620404702,29.8088759313249
7.761945014692259,29.234506989609024
8.071220598693117,28.704320274178976
8.954865124409856,28.174133558748935
8.424678408979808,31.752893887901728
9.087411803267365,31.090160493614178
8.954865124409856,30.55997377818413
8.689771766694832,33.54227405247813
8.159585051264791,32.945813997619325
7.894491693549767,32.415627282189284
7.894491693549767,34.60264748333822
7.960765032978522,34.006187428479414
8.2921317301223,35.6630209141983
7.894491693549767,35.0665608593395
8.888591784981102,36.126934290199586
9.485051839839898,37.4524010787747
10.147785234127454,36.92221436334465
10.280331912984963,36.524574326772125
10.94306530727252,38.6453211884923
11.539525362131315,37.98258779420474
12.135985416990117,40.50097469249745
12.798718811277674,39.838241298209894
13.461452205565223,39.308054582779846
14.168367826138613,42.3566281965026
14.389278957567804,41.69389480221505
13.726545563280247,41.16370808678501
13.638181110708572,43.5495483062202
14.389278957567804,43.019361590790155
13.925365581566517,43.94718834279273
14.12418559985278,43.28445494850518
13.527725544993984,42.62172155421762
14.963647899283679,43.019361590790155
15.71474574614291,42.55544821478887
15.71474574614291,41.82644148107256
15.71474574614291,41.56134812335753
15.71474574614291,41.16370808678501
16.510025819287975,40.63352137135496
15.979839103857934,40.10333465592491
17.17275921357553,39.639421279923624
17.835492607863088,39.04296122506483
18.100585965578105,38.51277450963478
17.702945929005573,37.98258779420474
18.674954907293987,37.31985439991719
18.763319359865662,36.8559410239159
18.23313264443562,37.78376777591848
17.835492607863088,37.98258779420474
19.95623946958326,38.51277450963478
19.42605275415322,37.98258779420474
18.89586603872317,37.31985439991719
18.498226002150638,36.657121005629634
19.160959396438194,36.19320762962835
18.630772681008153,35.596747574769545
18.100585965578105,36.458300987343364
20.265515053584117,35.86184093248457
19.691146111868235,37.4524010787747
19.160959396438194,36.92221436334465
21.01661290044335,38.31395449134852
20.552699524442062,37.85004111534723
21.01661290044335,38.6453211884923
20.088786148440768,38.048861133633494
20.552699524442062,37.51867441820345
21.060795126729182,36.78966768448714
21.590981842159223,36.126934290199586
21.149159579300857,35.464200895912036
22.872266404448496,35.19910753819701
22.342079689018455,34.80146750162448
23.402453119878544,34.27128078619444
23.932639835308585,33.60854739190688
23.402453119878544,33.60854739190688
24.462826550738633,34.80146750162448
23.800093156451076,34.27128078619444
23.33617978044979,35.33165421705452
23.667546477593568,34.80146750162448
23.269906441021035,34.27128078619444
24.330279871881118,33.74109407076439
24.462826550738633,33.34345403419186
24.772102134739484,34.27128078619444
24.330279871881118,33.80736741019315
26.053386697028763,33.2771806947631
25.523199981598715,32.68072063990431
26.583573412458804,32.283080603331776
26.782393430745074,31.885440566759243
27.180033467317607,31.42152719075795
26.716120091316313,31.929622793045077
27.643946843318894,31.48780053018671
27.113760127888845,31.62034720904422
28.483409142749792,31.156433833042932
27.90904020103391,30.692520457041645
27.37885348560387,30.339062646754947
26.981213449031337,30.692520457041645
29.300780329037778,30.02978706275409
29.89724038389658,29.367053668466532
30.55997377818413,28.969413631894
30.957613814756662,28.770593613607737
30.22860708104035,28.174133558748935
29.764693705039065,27.710220182747648
29.101960310751508,27.113760127888845
28.83686695303649,26.716120091316313
29.234506989609024,27.975313540462672
28.83686695303649,27.511400164461378
29.764693705039065,28.571773595321467
28.969413631894,28.306680237606443
28.43922691646396,27.90904020103391
27.842766861605156,28.704320274178976
29.278689215894858,28.306680237606443
30.55997377818413,29.632147026181556
30.02978706275409,29.101960310751508
31.885440566759243,29.764693705039065
31.222707172471686,29.300780329037778
30.825067135899154,29.83096704446782
30.294880420469113,29.367053668466532
29.89724038389658,30.294880420469113
32.15053392447426,30.825067135899154
31.62034720904422,30.294880420469113
31.090160493614178,29.83096704446782
31.62034720904422,29.234506989609024
30.957613814756662,28.571773595321467
30.294880420469113,27.90904020103391
30.825067135899154,27.37885348560387
29.89724038389658,26.84866677017383
31.929622793045077,29.764693705039065
31.355253851329195,29.300780329037778
30.42742709932662,28.704320274178976
32.283080603331776,28.174133558748935
32.15053392447426,27.643946843318894
31.62034720904422,30.361153759897867
31.156433833042932,30.825067135899154
32.15053392447426,30.162333741611597
33.47600071304937,29.89724038389658
32.87954065819057,29.49960034732404
34.27128078619444,29.101960310751508
33.47600071304937,32.15053392447426
32.945813997619325,31.686620548472973
32.415627282189284,31.090160493614178
32.68072063990431,30.55997377818413
32.283080603331776,30.02978706275409
34.006187428479414,33.21090735533435
33.34345403419186,32.68072063990431
34.27128078619444,32.15053392447426
33.74109407076439,31.48780053018671
33.07836067647684,31.222707172471686
32.54817396104679,31.752893887901728
32.283080603331776,32.283080603331776
33.2771806947631,32.34935394276053
32.68072063990431,32.98999622390516
33.80736741019315,32.68072063990431
34.27128078619444,32.283080603331776
33.74109407076439,31.885440566759243
33.40972737362062,31.42152719075795
33.74109407076439,31.951713906187997
33.34345403419186,31.48780053018671
34.27128078619444,33.07836067647684
33.80736741019315,32.415627282189284
33.21090735533435,34.27128078619444
32.68072063990431,33.74109407076439
32.216807263903014,33.21090735533435
31.48780053018671,32.74699397933306
30.957613814756662,32.15053392447426
30.42742709932662,31.48780053018671
29.89724038389658,31.222707172471686
29.367053668466532,34.050369654765255
28.969413631894,33.47600071304937
32.68072063990431,32.945813997619325
32.15053392447426,35.19910753819701
31.62034720904422,34.735194162195725
31.090160493614178,34.536374143909455
30.55997377818413,34.006187428479414
30.02978706275409,33.34345403419186
29.49960034732404,32.68072063990431
29.101960310751508,32.15053392447426
33.74109407076439,33.21090735533435
33.21090735533435,31.62034720904422
34.27128078619444,31.222707172471686
33.60854739190688,35.39792755648328
33.07836067647684,34.80146750162448
32.415627282189284,34.27128078619444
34.006187428479414,33.74109407076439
33.34345403419186,35.464200895912036
32.945813997619325,35.19910753819701
34.27128078619444,34.62473859648113
33.74109407076439,35.33165421705452
33.21090735533435,34.867740841053234
32.68072063990431,34.27128078619444
32.15053392447426,33.74109407076439
31.62034720904422,33.34345403419186
31.090160493614178,34.27128078619444
30.55997377818413,33.74109407076439
30.096060402182843,33.34345403419186
29.49960034732404,36.17111651648543
28.83686695303649,35.596747574769545
28.306680237606443,35.0665608593395
27.842766861605156,34.66892082276697
28.704320274178976,35.72929425362706
28.174133558748935,35.72929425362706
27.643946843318894,36.92221436334465
27.113760127888845,36.39202764791461
26.583573412458804,37.4524010787747
25.920840018171248,36.92221436334465
25.258106623883698,36.39202764791461
24.59537322959614,35.92811427191332
23.99891317473734,36.78966768448714
23.402453119878544,36.126934290199586
22.872266404448496,38.55695673592062
22.209533010160946,37.98258779420474
21.944439652445922,37.4524010787747
21.54679961587339,39.705694619352386
21.01661290044335,39.17550790392234
20.4864261850133,38.51277450963478
20.088786148440768,37.98258779420474
21.01661290044335,39.61733016678071
20.4864261850133,39.04296122506483
20.15505948786953,38.51277450963478
19.691146111868235,39.308054582779846
19.028412717580686,38.91041454620732
18.36567932329313,39.308054582779846
18.03431262614935,41.428801444500024
18.630772681008153,40.898614729069976
18.630772681008153,40.36842801363994
18.100585965578105,39.838241298209894
17.570399250148064,44.3890106056511
17.040212534718023,43.81464166393522
16.708845837574245,43.28445494850518
16.775119177003,42.75426823307514
16.775119177003,42.22408151764509
16.112385782715442,45.670295167940374
15.71474574614291,45.14010845251033
15.71474574614291,46.200481883370415
15.71474574614291,45.47147514965411
15.71474574614291,44.87501509479531
16.289114687858792,44.477375058222776
15.71474574614291,44.609921737080285
17.570399250148064,45.14010845251033
16.97393919528926,44.21228170050775
17.437852571290556,43.94718834279273
16.907665855860508,43.41700162736269
18.100585965578105,42.886814911932646
17.570399250148064,42.3566281965026
17.17275921357553,41.82644148107256
19.691146111868235,41.296254765642516
19.028412717580686,45.47147514965411
18.630772681008153,44.87501509479531
19.95623946958326,44.34482837936527
19.42605275415322,43.81464166393522
18.89586603872317,43.28445494850518
18.36567932329313,45.9353885256554
17.835492607863088,46.46557524108544
18.36567932329313,45.9353885256554
17.968039286720597,45.40520181022535
19.028412717580686,44.87501509479531
19.73532833815407,44.21228170050775
19.95623946958326,43.94718834279273
19.492326093581973,43.61582164564895
19.95623946958326,44.079735021650244
19.028412717580686,43.81464166393522
19.42605275415322,43.41700162736269
21.060795126729182,43.019361590790155
20.4864261850133,42.55544821478887
19.95623946958326,42.157808178216335
21.590981842159223,42.886814911932646
21.149159579300857,44.079735021650244
22.872266404448496,43.5495483062202
22.342079689018455,43.019361590790155
23.402453119878544,42.48917487536011
23.402453119878544,41.95898815993007
22.872266404448496,41.428801444500024
22.342079689018455,40.898614729069976
23.00481308330601,40.36842801363994
23.667546477593568,39.9707879770674
25.258106623883698,39.90451463763865
24.72791990845365,39.17550790392234
24.19773319302361,38.91041454620732
25.125559945026183,38.51277450963478
24.661646569024896,37.98258779420474
25.523199981598715,37.31985439991719
24.993013266168674,36.92221436334465
25.65574666045623,37.4524010787747
25.58947332102747,37.054761042202166
25.390653302741207,36.92221436334465
25.125559945026183,36.2594809690571
24.72791990845365,35.596747574769545
25.832475565599573,35.0665608593395
25.258106623883698,34.40382746505195
26.583573412458804,34.13873410733692
26.782393430745074,33.78527629705023
27.113760127888845,33.34345403419186
26.716120091316313,34.27128078619444
27.643946843318894,33.60854739190688
26.981213449031337,32.81326731876182
26.451026733601296,32.34935394276053
25.832475565599573,33.2771806947631
27.113760127888845,32.81326731876182
26.583573412458804,33.34345403419186
27.643946843318894,33.34345403419186
26.981213449031337,32.945813997619325
26.31848005474378,32.283080603331776
25.78829333931374,31.62034720904422
26.84866677017383,31.222707172471686
26.31848005474378,33.2771806947631
27.643946843318894,32.68072063990431
27.113760127888845,32.15053392447426
26.782393430745074,34.13873410733692
26.716120091316313,33.674820731335636
26.782393430745074,33.47600071304937
27.423035711889703,33.07836067647684
26.84866677017383,32.68072063990431
27.953222427319744,32.283080603331776
28.704320274178976,33.21090735533435
29.764693705039065,32.81326731876182
29.101960310751508,33.74109407076439
28.306680237606443,34.13873410733692
28.969413631894,33.54227405247813
28.43922691646396,33.34345403419186
27.90904020103391,33.34345403419186
29.101960310751508,33.74109407076439
28.43922691646396,34.33755412562319
29.764693705039065,35.39792755648328
29.764693705039065,34.80146750162448
29.101960310751508,34.40382746505195
31.134342719900012,37.4524010787747
30.55997377818413,36.92221436334465
30.02978706275409,36.39202764791461
29.632147026181556,35.86184093248457
31.885440566759243,36.657121005629634
32.15053392447426,36.126934290199586
31.62034720904422,35.72929425362706
31.090160493614178,35.33165421705452
30.55997377818413,34.867740841053234
30.096060402182843,34.536374143909455
31.885440566759243,35.19910753819701
31.355253851329195,34.93401418048199
30.825067135899154,34.536374143909455
30.294880420469113,35.33165421705452
31.885440566759243,34.93401418048199
31.222707172471686,35.86184093248457
31.355253851329195,36.39202764791461
30.957613814756662,35.99438761134208
31.885440566759243,35.53047423534079
32.54817396104679,35.33165421705452
33.21090735533435,34.80146750162448
32.87954065819057,35.33165421705452
32.283080603331776,34.867740841053234
31.62034720904422,34.27128078619444
33.47600071304937,33.74109407076439
32.945813997619325,33.34345403419186
32.415627282189284,36.17111651648543
31.885440566759243,35.596747574769545
31.355253851329195,35.0665608593395
34.27128078619444,34.536374143909455
33.60854739190688,34.13873410733692
33.34345403419186,36.524574326772125
32.945813997619325,35.72929425362706
32.415627282189284,35.464200895912036
31.885440566759243,35.0665608593395
31.355253851329195,34.536374143909455
32.415627282189284,37.4524010787747
33.21090735533435,36.92221436334465
32.68072063990431,36.39202764791461
32.01798724561675,35.86184093248457
31.752893887901728,38.77786786734981
31.222707172471686,38.115134473062255
30.957613814756662,37.4524010787747
31.48780053018671,36.92221436334465
30.957613814756662,36.39202764791461
32.15053392447426,35.86184093248457
32.15053392447426,35.33165421705452
31.48780053018671,34.867740841053234
30.825067135899154,34.40382746505195
30.361153759897867,35.39792755648328
29.764693705039065,35.86184093248457
29.234506989609024,36.39202764791461
28.83686695303649,35.92811427191332
29.764693705039065,35.39792755648328
29.101960310751508,34.80146750162448
28.43922691646396,36.39202764791461
28.041586879891426,35.86184093248457
27.643946843318894,35.33165421705452
27.113760127888845,35.86184093248457
26.716120091316313,35.39792755648328
27.643946843318894,34.867740841053234
27.180033467317607,34.536374143909455
26.84866677017383,35.0665608593395
26.31848005474378,35.596747574769545
25.78829333931374,36.39202764791461
25.390653302741207,35.92811427191332
24.0651865141661,35.19910753819701
23.534999798736052,34.93401418048199
23.932639835308585,34.536374143909455
24.59537322959614,34.006187428479414
22.872266404448496,33.47600071304937
22.07698633130343,33.873640749621906
21.54679961587339,33.34345403419186
21.149159579300857,35.72929425362706
22.209533010160946,35.0665608593395
22.739719725590987,34.536374143909455
23.402453119878544,36.39202764791461
22.739719725590987,35.86184093248457
22.2758063495897,35.33165421705452
22.209533010160946,34.80146750162448
21.944439652445922,34.40382746505195
21.41425293701588,35.33165421705452
21.149159579300857,34.93401418048199
20.751519542728325,36.2594809690571
20.353879506155792,35.72929425362706
19.95623946958326,36.39202764791461
19.42605275415322,35.92811427191332
18.100585965578105,35.464200895912036
17.702945929005573,36.458300987343364
17.084394761003857,35.99438761134208
16.64257249814549,37.51867441820345
16.775119177003,36.92221436334465
17.702945929005573,38.6453211884923
15.317105709570377,37.98258779420474
14.786918994140336,38.6453211884923
14.12418559985278,37.85004111534723
13.638181110708572,37.31985439991719
14.389278957567804,36.78966768448714
13.859092242137756,39.37432792220861
13.196358847850206,38.77786786734981
12.931265490135182,38.247681151919764
12.577807679848483,37.717494436489716
13.328905526707715,39.90451463763865
,39.44060126163736
,39.04296122506483
,41.20789031307084
,40.63352137135496
,40.10333465592491
,39.57314794049488
,41.82644148107256
,41.229981426213755
,40.76606805021247
,40.36842801363994
,39.9707879770674
,40.76606805021247
,40.50097469249745
,40.10333465592491
,39.57314794049488
,39.04296122506483
,38.51277450963478
,38.048861133633494
,37.4524010787747
,36.78966768448714
,36.657121005629634
,36.657121005629634
,36.39202764791461
,35.92811427191332
,35.464200895912036
,35.0665608593395
,34.60264748333822
,34.33755412562319
,33.74109407076439
,33.2771806947631
,32.68072063990431
,32.283080603331776
,31.885440566759243
,31.355253851329195
,30.891340475327908
,30.42742709932662
,30.02978706275409
,29.49960034732404
,28.969413631894
,28.43922691646396
,27.975313540462672
,27.37885348560387
,26.84866677017383
,26.31848005474378
,25.920840018171248
,25.258106623883698
,24.72791990845365
,24.19773319302361
,23.534999798736052
,23.00481308330601
,22.342079689018455
,21.613072955302144
,21.149159579300857
,22.07698633130343
,21.679346294730898
,21.54679961587339
,21.149159579300857
,20.751519542728325
,20.287606166727038
,20.088786148440768
,19.691146111868235
,19.160959396438194
,18.763319359865662
,18.100585965578105
,17.570399250148064
,17.040212534718023
,17.835492607863088
,17.702945929005573
,16.775119177003
,16.377479140430466
,15.71474574614291
,15.648472406714156
,16.311205801001712
,15.847292425000418
,16.775119177003
,17.570399250148064
,17.17275921357553
