Y(hoy),Y(ayer)
-1.913962541906045,-0.8535891110459488
-0.9198624504747102,-1.2512291476184885
-1.383775826475997,-1.7814158630485224
-1.7814158630485224,-1.11868246876098
-2.179055899621062,-1.7814158630485224
-2.0465092207635536,-1.7151425236197753
-2.179055899621062,-1.2070469213326476
-2.179055899621062,-1.5163225053335054
-1.7814158630485224,-1.913962541906045
-1.1849558081897271,-1.5163225053335054
-0.5884957533309318,-0.9198624504747102
-0.05830903790088371,-0.8535891110459488
0.20678431981413326,-0.8535891110459488
0.7369710352441814,-0.8535891110459488
1.399704429531738,-0.8535891110459488
1.9961644843905333,-0.7210424321884403
2.504260086677661,0.33933099867164174
2.990264575821868,0.8695177141016899
6.569024904974661,1.664797787246755
7.761945014692259,1.2671577506742295
8.822318445552341,2.2612578421055503
8.424678408979808,2.725171218106837
11.738345380417584,3.3879046123944008
9.750145197554922,4.05063800668195
13.593998884422739,4.713371400969507
13.06381216899269,5.243558116399548
17.040212534718023,6.038838189544613
16.510025819287975,6.70157158383217
15.979839103857934,6.834118262689678
15.582199067285401,8.2921317301223
17.040212534718023,7.761945014692259
16.510025819287975,9.087411803267365
16.112385782715442,8.689771766694832
17.570399250148064,9.750145197554922
18.89586603872317,10.412878591842478
22.60717304673348,11.738345380417584
24.72791990845365,13.593998884422739
24.19773319302361,13.06381216899269
26.053386697028763,12.666172132420158
25.523199981598715,15.184559030712869
28.174133558748935,14.786918994140336
27.643946843318894,16.112385782715442
32.415627282189284,16.775119177003
30.55997377818413,17.570399250148064
30.02978706275409,17.128576987289698
37.187307721059675,17.835492607863088
36.78966768448714,18.89586603872317
44.3890106056511,18.498226002150638
45.20638179193909,20.353879506155792
44.609921737080285,19.82369279072575
45.71447739422621,23.800093156451076
46.46557524108544,23.13735976216352
45.9353885256554,22.60717304673348
45.40520181022535,22.07698633130343
44.74246841593779,25.258106623883698
44.21228170050775,24.72791990845365
43.5495483062202,24.330279871881118
43.019361590790155,26.31848005474378
42.3566281965026,25.78829333931374
42.09153483878758,28.43922691646396
42.09153483878758,27.90904020103391
38.38022783077727,27.37885348560387
38.115134473062255,30.825067135899154
37.717494436489716,30.294880420469113
37.054761042202166,29.764693705039065
36.657121005629634,31.48780053018671
36.657121005629634,32.54817396104679
36.78966768448714,32.01798724561675
37.49658330506054,34.80146750162448
37.717494436489716,34.27128078619444
37.98258779420474,33.873640749621906
37.58494775763221,37.187307721059675
39.2417812433511,36.657121005629634
38.446501170206034,39.04296122506483
39.838241298209894,38.51277450963478
39.308054582779846,41.69389480221505
38.91041454620732,41.16370808678501
37.717494436489716,40.63352137135496
37.31985439991719,45.47147514965411
36.92221436334465,44.87501509479531
36.39202764791461,44.34482837936527
35.72929425362706,43.81464166393522
35.0665608593395,45.9353885256554
34.40382746505195,47.57013089823137
33.93991408905066,46.99576195651548
33.52018293933521,46.46557524108544
34.27128078619444,49.91178889138072
35.33165421705452,49.381602175950675
34.80146750162448,48.851415460520634
33.74109407076439,48.32122874509059
32.68072063990431,50.70706896452579
32.283080603331776,50.17688224909574
31.090160493614178,49.6466955336657
30.42742709932662,49.11650881823566
29.963513723325335,48.58632210280561
29.89724038389658,48.05613538737557
29.49960034732404,47.52594867194553
28.83686695303649,46.99576195651548
30.162333741611597,46.46557524108544
29.234506989609024,45.9353885256554
28.704320274178976,45.14010845251033
28.10786021932018,44.609921737080285
27.445126825032624,44.079735021650244
26.84866677017383,43.61582164564895
26.185933375886272,43.019361590790155
26.362662281029614,42.48917487536011
25.920840018171248,40.898614729069976
26.716120091316313,40.36842801363994
26.892848996459662,38.976687885636075
27.643946843318894,38.91041454620732
27.24630680674636,39.308054582779846
27.643946843318894,39.705694619352386
26.981213449031337,39.10923456449358
26.892848996459662,39.61733016678071
27.643946843318894,39.17550790392234
27.24630680674636,39.308054582779846
27.842766861605156,38.91041454620732
28.174133558748935,38.91041454620732
27.776493522176402,38.38022783077727
28.704320274178976,37.85004111534723
29.300780329037778,37.4524010787747
29.764693705039065,37.054761042202166
29.764693705039065,36.657121005629634
29.234506989609024,36.19320762962835
28.83686695303649,35.72929425362706
30.825067135899154,35.33165421705452
30.22860708104035,34.867740841053234
30.825067135899154,36.657121005629634
30.162333741611597,36.126934290199586
30.02978706275409,35.596747574769545
30.55997377818413,35.19910753819701
31.090160493614178,37.4524010787747
30.55997377818413,36.657121005629634
30.096060402182843,36.126934290199586
30.957613814756662,35.596747574769545
30.294880420469113,35.0665608593395
31.156433833042932,34.006187428479414
31.62034720904422,33.34345403419186
32.15053392447426,32.945813997619325
31.62034720904422,32.415627282189284
30.957613814756662,30.825067135899154
30.692520457041645,30.294880420469113
30.294880420469113,29.83096704446782
29.764693705039065,29.300780329037778
29.234506989609024,28.83686695303649
29.764693705039065,28.969413631894
28.83686695303649,29.764693705039065
30.869249362184988,29.234506989609024
30.294880420469113,28.704320274178976
31.090160493614178,28.174133558748935
31.090160493614178,27.776493522176402
30.957613814756662,27.710220182747648
30.692520457041645,27.24630680674636
30.294880420469113,26.583573412458804
31.156433833042932,26.053386697028763
30.55997377818413,25.65574666045623
31.686620548472973,26.053386697028763
32.15053392447426,26.451026733601296
32.01798724561675,26.053386697028763
31.752893887901728,25.65574666045623
31.39943607761503,26.583573412458804
32.15053392447426,26.185933375886272
31.62034720904422,25.78829333931374
31.62034720904422,25.324379963312452
31.156433833042932,24.794193247882404
31.885440566759243,25.390653302741207
31.42152719075795,24.860466587311166
30.957613814756662,25.65574666045623
32.98999622390516,25.65574666045623
32.415627282189284,25.854566678742493
33.80736741019315,26.31848005474378
34.27128078619444,26.716120091316313
34.80146750162448,26.185933375886272
34.40382746505195,25.65574666045623
36.39202764791461,27.180033467317607
35.79556759305581,26.583573412458804
35.33165421705452,26.053386697028763
36.39202764791461,27.710220182747648
35.72929425362706,27.776493522176402
35.596747574769545,27.776493522176402
36.126934290199586,27.842766861605156
37.187307721059675,28.571773595321467
36.657121005629634,28.041586879891426
39.77196795878114,28.306680237606443
39.04296122506483,28.041586879891426
38.446501170206034,28.704320274178976
37.98258779420474,28.24040689817769
39.838241298209894,27.511400164461378
39.308054582779846,26.914940109602583
38.77786786734981,27.37885348560387
38.247681151919764,27.776493522176402
37.717494436489716,27.776493522176402
37.25358106048843,27.842766861605156
36.72339434505839,28.483409142749792
36.657121005629634,28.041586879891426
38.77786786734981,28.174133558748935
38.247681151919764,27.643946843318894
37.717494436489716,27.113760127888845
37.187307721059675,26.716120091316313
36.657121005629634,28.704320274178976
42.48917487536011,28.24040689817769
41.95898815993007,27.776493522176402
41.428801444500024,28.21831578503477
40.898614729069976,27.776493522176402
44.654103963366126,28.83686695303649
44.079735021650244,29.300780329037778
43.5495483062202,29.764693705039065
43.019361590790155,29.300780329037778
46.46557524108544,28.83686695303649
46.00166186508415,28.43922691646396
45.40520181022535,27.776493522176402
47.12830863537299,30.626247117612884
47.791042029660545,30.02978706275409
49.381602175950675,29.49960034732404
48.851415460520634,28.969413631894
48.38750208451935,31.090160493614178
49.779242212523215,30.825067135899154
49.11650881823566,30.339062646754947
48.58632210280561,30.692520457041645
48.05613538737557,30.22860708104035
47.52594867194553,30.825067135899154
47.06203529594424,30.42742709932662
46.33302856222792,31.752893887901728
46.06793520451291,31.222707172471686
45.670295167940374,32.54817396104679
46.73066859880046,33.74109407076439
46.200481883370415,33.21090735533435
47.52594867194553,34.13873410733692
47.65849535080304,33.54227405247813
47.52594867194553,33.34345403419186
46.86321527765797,32.81326731876182
46.598121919942955,32.283080603331776
46.200481883370415,32.68072063990431
45.670295167940374,35.33165421705452
45.14010845251033,34.735194162195725
44.676195076509046,34.27128078619444
44.079735021650244,33.74109407076439
43.5495483062202,33.21090735533435
43.15190826964766,38.247681151919764
44.34482837936527,37.717494436489716
43.94718834279273,37.187307721059675
45.14010845251033,36.657121005629634
44.609921737080285,36.126934290199586
44.21228170050775,41.69389480221505
46.46557524108544,41.16370808678501
45.9353885256554,40.63352137135496
45.40520181022535,40.10333465592491
44.87501509479531,39.57314794049488
44.34482837936527,39.04296122506483
43.81464166393522,43.61582164564895
43.28445494850518,43.019361590790155
42.62172155421762,42.48917487536011
42.09153483878758,42.09153483878758
41.49507478392878,44.079735021650244
40.76606805021247,43.59373053250604
40.23588133478243,43.94718834279273
39.9707879770674,43.28445494850518
39.57314794049488,42.62172155421762
39.04296122506483,41.95898815993007
38.38022783077727,41.296254765642516
37.85004111534723,40.63352137135496
37.58494775763221,40.10333465592491
37.187307721059675,41.95898815993007
36.524574326772125,41.428801444500024
36.2594809690571,41.03116140792749
35.72929425362706,42.886814911932646
35.464200895912036,42.3566281965026
34.93401418048199,42.75426823307514
34.40382746505195,42.22408151764509
33.60854739190688,41.56134812335753
33.34345403419186,41.03116140792749
33.21090735533435,40.898614729069976
32.74699397933306,40.36842801363994
32.01798724561675,39.90451463763865
31.62034720904422,39.308054582779846
29.234506989609024,38.91041454620732
28.43922691646396,38.6453211884923
27.90904020103391,38.070952246776415
27.24630680674636,38.77786786734981
26.981213449031337,40.898614729069976
26.583573412458804,40.36842801363994
25.920840018171248,39.90451463763865
25.390653302741207,39.308054582779846
24.72791990845365,40.10333465592491
26.31848005474378,39.57314794049488
25.65574666045623,38.91041454620732
25.258106623883698,38.247681151919764
26.583573412458804,37.58494775763221
26.053386697028763,36.92221436334465
25.390653302741207,36.2594809690571
24.860466587311166,35.99438761134208
24.59537322959614,35.596747574769545
25.523199981598715,35.0665608593395
24.993013266168674,34.40382746505195
24.59537322959614,34.13873410733692
26.119660036457518,33.74109407076439
26.716120091316313,33.21090735533435
27.37885348560387,32.74699397933306
26.64984675188756,32.15053392447426
26.053386697028763,31.48780053018671
25.523199981598715,30.957613814756662
24.993013266168674,30.339062646754947
24.507008777024467,30.957613814756662
25.037195492454508,30.55997377818413
24.59537322959614,29.89724038389658
25.125559945026183,29.367053668466532
24.72791990845365,28.704320274178976
24.507008777024467,28.174133558748935
25.523199981598715,27.643946843318894
24.993013266168674,27.113760127888845
24.993013266168674,26.716120091316313
24.529099890167387,26.84866677017383
24.462826550738633,27.511400164461378
24.330279871881118,28.704320274178976
24.0651865141661,28.174133558748935
23.667546477593568,27.710220182747648
24.462826550738633,27.113760127888845
23.932639835308585,26.716120091316313
24.462826550738633,27.710220182747648
24.462826550738633,27.776493522176402
25.523199981598715,28.24040689817769
25.05928660559743,28.770593613607737
24.59537322959614,28.571773595321467
26.627755638744638,27.90904020103391
26.053386697028763,27.113760127888845
27.37885348560387,26.716120091316313
29.234506989609024,26.583573412458804
28.704320274178976,26.119660036457518
28.174133558748935,26.053386697028763
27.776493522176402,26.64984675188756
31.355253851329195,27.511400164461378
30.891340475327908,26.84866677017383
30.294880420469113,28.704320274178976
29.764693705039065,28.174133558748935
32.415627282189284,27.90904020103391
31.885440566759243,27.37885348560387
33.07836067647684,26.84866677017383
32.283080603331776,26.716120091316313
31.090160493614178,26.451026733601296
30.493700438755376,25.854566678742493
26.185933375886272,26.451026733601296
25.523199981598715,27.643946843318894
24.993013266168674,27.180033467317607
24.462826550738633,27.113760127888845
23.932639835308585,26.716120091316313
23.402453119878544,26.716120091316313
22.872266404448496,26.84866677017383
22.342079689018455,27.643946843318894
22.872266404448496,27.24630680674636
22.342079689018455,30.361153759897867
23.269906441021035,29.764693705039065
22.60717304673348,29.234506989609024
23.13735976216352,28.704320274178976
22.60717304673348,28.306680237606443
23.711728703879402,32.54817396104679
24.59537322959614,31.885440566759243
22.872266404448496,31.355253851329195
21.811892973588414,30.825067135899154
21.281706258158366,33.78527629705023
21.149159579300857,33.21090735533435
20.287606166727038,34.60264748333822
19.82369279072575,35.0665608593395
19.160959396438194,34.536374143909455
18.763319359865662,34.006187428479414
17.437852571290556,33.60854739190688
16.841392516431753,32.68072063990431
17.30530589243304,32.15053392447426
17.835492607863088,30.825067135899154
18.36567932329313,30.162333741611597
18.89586603872317,29.89724038389658
18.23313264443562,29.367053668466532
17.769219268434327,28.704320274178976
17.570399250148064,27.643946843318894
15.71474574614291,27.180033467317607
14.521825636425312,27.643946843318894
15.052012351855353,27.180033467317607
15.582199067285401,26.451026733601296
14.521825636425312,25.78829333931374
13.925365581566517,25.390653302741207
13.527725544993984,24.993013266168674
13.726545563280247,24.462826550738633
14.985739012426599,23.534999798736052
15.449652388427886,24.59537322959614
14.919465672997845,23.932639835308585
14.588098975854066,23.534999798736052
14.919465672997845,25.258106623883698
14.521825636425312,24.794193247882404
15.449652388427886,24.59537322959614
14.786918994140336,24.59537322959614
14.521825636425312,24.19773319302361
14.12418559985278,23.800093156451076
13.593998884422739,22.872266404448496
14.389278957567804,22.07698633130343
13.991638920995271,21.54679961587339
14.389278957567804,21.149159579300857
13.726545563280247,20.4864261850133
13.461452205565223,20.884066221585833
12.931265490135182,20.353879506155792
12.268532095847625,19.691146111868235
11.804618719846339,19.160959396438194
11.208158664987543,17.968039286720597
10.677971949557495,18.100585965578105
10.147785234127454,19.028412717580686
9.617598518697413,18.498226002150638
9.219958482124873,20.265515053584117
8.822318445552341,19.691146111868235
8.2921317301223,20.884066221585833
7.629398335834743,20.287606166727038
6.966664941547194,19.757419451296997
6.70157158383217,19.293506075295703
6.171384868402129,18.89586603872317
5.707471492400835,18.23313264443562
5.1110114375420395,17.570399250148064
4.580824722111998,17.17275921357553
3.918091327824442,16.244932461572958
3.255357933536885,14.985739012426599
2.725171218106837,15.582199067285401
2.46007786039182,15.052012351855353
1.7973444661042635,14.256732278710288
1.5322511083892465,13.859092242137756
1.2008844112454682,13.461452205565223
0.6927888089583405,13.06381216899269
0.47187767752916443,12.467352114133895
0.5381510169579116,12.798718811277674
1.1346110718167068,12.401078774705141
,13.859092242137756
,13.328905526707715
,14.521825636425312
,14.12418559985278
,13.593998884422739
,13.130085508421452
,12.599898792991404
,13.196358847850206
,12.798718811277674
,12.268532095847625
,11.804618719846339
,11.340705343845052
,11.804618719846339
,12.135985416990117
,11.47325202270256
,11.340705343845052
,10.81051862841501
,10.147785234127454
,9.617598518697413
,9.087411803267365
,8.2921317301223
,7.894491693549767
,7.496851656977235
,7.032938280975948
,6.502751565545907
,5.906291510687105
,5.6411981529720805
,5.1110114375420395
,4.580824722111998
,4.05063800668195
,3.3879046123944008
,2.8577178969643597
,2.3938045209630587
,2.194984502676803
,1.664797787246755
,1.2671577506742295
,1.2008844112454682
,0.6044243563866729
,0.20678431981413326
,0.20678431981413326
,0.20678431981413326
,0.20678431981413326
