Y(hoy),Y(ayer)
5.773744831829596,4.713371400969507
5.707471492400835,4.713371400969507
5.6411981529720805,4.315731364396974
5.044738098113285,3.6529979701094177
4.647098061540753,3.3879046123944008
4.580824722111998,2.990264575821868
4.580824722111998,2.5263511998205814
3.918091327824442,2.2612578421055503
3.5204512912519093,1.7310711266755163
3.5204512912519093,2.0624378238192946
3.5204512912519093,1.5322511083892465
3.5204512912519093,1.7973444661042635
3.5204512912519093,1.399704429531738
3.5204512912519093,2.194984502676803
2.990264575821868,1.7973444661042635
2.46007786039182,1.664797787246755
2.46007786039182,1.2671577506742295
2.3275311815343116,0.8695177141016899
2.0624378238192946,0.4056043381004031
1.5322511083892465,0.2730576592428946
1.1346110718167068,1.2008844112454682
0.33933099867164174,1.2671577506742295
0.20678431981413326,1.2671577506742295
0.20678431981413326,1.2671577506742295
0.2730576592428946,1.0020643929591984
0.33933099867164174,0.2730576592428946
1.2008844112454682,0.20678431981413326
1.2671577506742295,0.20678431981413326
1.2008844112454682,-0.1908557167583922
1.1346110718167068,-0.5884957533309318
0.67069769581542,0.07423764095662477
0.2730576592428946,-0.05830903790088371
0.20678431981413326,-0.45594907447342337
0.20678431981413326,-0.8535891110459488
0.20678431981413326,-0.8535891110459488
0.2730576592428946,-0.8535891110459488
0.67069769581542,-0.8535891110459488
0.20678431981413326,-1.2512291476184885
1.1346110718167068,-1.7372336367626815
0.6044243563866729,-0.9198624504747102
0.2730576592428946,-0.8535891110459488
0.20678431981413326,-0.8535891110459488
0.20678431981413326,-0.45594907447342337
0.33933099867164174,-0.12458237732964506
1.1346110718167068,-0.654769092759679
0.67069769581542,-0.8535891110459488
1.1346110718167068,-0.8535891110459488
0.47187767752916443,-0.8535891110459488
0.20678431981413326,-0.8535891110459488
0.33933099867164174,-0.8535891110459488
0.9136999403875308,-0.8535891110459488
1.1346110718167068,-0.8535891110459488
1.1346110718167068,-0.8535891110459488
0.6044243563866729,-0.8535891110459488
0.20678431981413326,-0.8535891110459488
1.1346110718167068,-0.45594907447342337
0.7369710352441814,0.07423764095662477
0.47187767752916443,0.07423764095662477
0.20678431981413326,-0.45594907447342337
0.2730576592428946,-0.8535891110459488
0.67069769581542,0.14051098038538612
0.20678431981413326,-0.3234023956159007
1.1346110718167068,0.20678431981413326
0.67069769581542,0.20678431981413326
0.2730576592428946,0.20678431981413326
0.5381510169579116,0.20678431981413326
1.1346110718167068,0.20678431981413326
1.2671577506742295,0.20678431981413326
1.4438866558175647,0.20678431981413326
2.194984502676803,0.4056043381004031
2.194984502676803,1.0020643929591984
1.5322511083892465,1.2671577506742295
1.2671577506742295,1.7310711266755163
1.1346110718167068,2.2612578421055503
0.6044243563866729,2.5263511998205814
1.1346110718167068,2.990264575821868
0.6044243563866729,3.454177951823155
1.2671577506742295,3.7855446489669333
1.399704429531738,4.315731364396974
1.9961644843905333,4.91219141925577
2.46007786039182,5.3761047952570635
2.46007786039182,5.906291510687105
2.990264575821868,6.834118262689678
2.46007786039182,6.303931547259637
3.5204512912519093,7.496851656977235
4.1169113461107045,8.557225087837324
4.580824722111998,8.159585051264791
4.580824722111998,9.485051839839898
4.647098061540753,10.147785234127454
4.978464758684531,11.47325202270256
5.442378134685818,10.94306530727252
6.038838189544613,12.666172132420158
6.70157158383217,13.196358847850206
7.298031638690972,15.184559030712869
7.761945014692259,14.65437231528282
8.689771766694832,14.256732278710288
9.485051839839898,17.50412591071931
10.677971949557495,17.040212534718023
10.147785234127454,16.64257249814549
11.47325202270256,17.371579231861794
18.409861549578963,16.907665855860508
17.968039286720597,18.431952662721883
19.22723273586695,17.835492607863088
19.691146111868235,19.492326093581973
20.15505948786953,18.89586603872317
20.751519542728325,20.751519542728325
20.088786148440768,20.353879506155792
25.65574666045623,21.21543291872961
25.125559945026183,22.60717304673348
22.739719725590987,22.209533010160946
27.37885348560387,24.19773319302361
26.84866677017383,25.258106623883698
26.31848005474378,26.84866677017383
29.234506989609024,26.31848005474378
28.704320274178976,25.78829333931374
36.78966768448714,29.764693705039065
36.524574326772125,29.234506989609024
37.31985439991719,28.704320274178976
39.838241298209894,28.174133558748935
39.308054582779846,27.643946843318894
38.77786786734981,32.15053392447426
44.3890106056511,31.62034720904422
43.81464166393522,34.006187428479414
43.41700162736269,33.47600071304937
41.69389480221505,35.33165421705452
41.16370808678501,34.93401418048199
45.18429067879617,36.39202764791461
45.47147514965411,38.247681151919764
45.53774848908286,37.717494436489716
44.94128843422406,37.187307721059675
44.477375058222776,36.78966768448714
45.40520181022535,40.898614729069976
45.00756177365282,40.36842801363994
45.27265513136784,39.838241298209894
44.87501509479531,39.308054582779846
44.87501509479531,38.91041454620732
45.40520181022535,41.69389480221505
44.87501509479531,41.296254765642516
44.411101718794015,42.75426823307514
44.34482837936527,43.28445494850518
44.3890106056511,43.81464166393522
45.670295167940374,44.74246841593779
45.14010845251033,44.21228170050775
44.609921737080285,45.14010845251033
46.46557524108544,44.609921737080285
45.9353885256554,44.079735021650244
45.27265513136784,43.5495483062202
44.74246841593779,43.019361590790155
43.94718834279273,42.55544821478887
43.68209498507771,43.88091500336398
43.28445494850518,43.28445494850518
42.62172155421762,42.75426823307514
42.3566281965026,44.34482837936527
41.82644148107256,44.21228170050775
41.56134812335753,43.5495483062202
41.16370808678501,43.085634930218916
41.20789031307084,42.48917487536011
41.95898815993007,42.09153483878758
41.49507478392878,41.69389480221505
41.95898815993007,41.16370808678501
41.097434747356246,40.69979471078371
40.50097469249745,40.19169910849659
39.9707879770674,40.96488806849874
39.17550790392234,40.50097469249745
38.91041454620732,41.49507478392878
38.51277450963478,41.82644148107256
37.85004111534723,41.16370808678501
37.58494775763221,40.50097469249745
37.187307721059675,39.9707879770674
36.657121005629634,39.838241298209894
36.524574326772125,39.308054582779846
35.99438761134208,38.84414120677856
35.19910753819701,38.38022783077727
34.66892082276697,37.916314454775986
34.4701008044807,37.717494436489716
34.27128078619444,37.187307721059675
33.74109407076439,36.78966768448714
33.21090735533435,36.524574326772125
32.74699397933306,35.86184093248457
31.222707172471686,35.33165421705452
30.957613814756662,34.80146750162448
30.42742709932662,34.13873410733692
29.89724038389658,33.47600071304937
31.39943607761503,33.01208733704808
30.825067135899154,32.54817396104679
30.294880420469113,32.15053392447426
32.15053392447426,31.62034720904422
31.48780053018671,31.222707172471686
31.222707172471686,31.222707172471686
30.825067135899154,31.752893887901728
30.294880420469113,31.090160493614178
31.090160493614178,30.42742709932662
30.55997377818413,30.162333741611597
31.355253851329195,29.89724038389658
30.957613814756662,29.101960310751508
31.929622793045077,28.83686695303649
32.216807263903014,28.43922691646396
32.68072063990431,28.041586879891426
33.21090735533435,29.101960310751508
32.68072063990431,28.571773595321467
32.01798724561675,29.764693705039065
31.355253851329195,29.49960034732404
31.885440566759243,29.035686971322754
32.98999622390516,28.83686695303649
32.415627282189284,29.035686971322754
33.21090735533435,29.49960034732404
32.74699397933306,29.963513723325335
33.674820731335636,30.02978706275409
34.27128078619444,30.02978706275409
34.40382746505195,30.096060402182843
34.536374143909455,30.692520457041645
35.13283419876826,31.355253851329195
35.596747574769545,31.752893887901728
35.596747574769545,31.222707172471686
35.596747574769545,31.752893887901728
35.26538087762577,32.68072063990431
34.80146750162448,33.2771806947631
34.006187428479414,32.68072063990431
33.47600071304937,32.283080603331776
34.07246076790817,32.283080603331776
35.33165421705452,32.34935394276053
36.39202764791461,32.945813997619325
35.79556759305581,33.80736741019315
35.33165421705452,33.34345403419186
34.93401418048199,34.33755412562319
36.92221436334465,34.536374143909455
37.4524010787747,35.15492531191117
36.78966768448714,34.13873410733692
36.2594809690571,33.60854739190688
35.596747574769545,34.80146750162448
35.0665608593395,36.2594809690571
34.536374143909455,35.86184093248457
36.657121005629634,35.72929425362706
35.33165421705452,36.325754308485855
36.78966768448714,35.79556759305581
36.657121005629634,36.2594809690571
36.2594809690571,35.596747574769545
35.86184093248457,35.0665608593395
35.464200895912036,34.536374143909455
37.717494436489716,35.86184093248457
37.187307721059675,35.33165421705452
36.19320762962835,36.524574326772125
35.596747574769545,36.458300987343364
34.80146750162448,35.92811427191332
34.40382746505195,38.31395449134852
35.26538087762577,37.717494436489716
37.717494436489716,37.187307721059675
37.31985439991719,38.84414120677856
37.58494775763221,38.91041454620732
37.054761042202166,38.91041454620732
36.657121005629634,38.84414120677856
38.291863378205605,38.31395449134852
37.717494436489716,38.51277450963478
37.187307721059675,38.115134473062255
38.51277450963478,39.57314794049488
37.98258779420474,40.50097469249745
37.58494775763221,40.898614729069976
41.36252810507127,40.36842801363994
41.95898815993007,39.838241298209894
41.428801444500024,39.308054582779846
40.96488806849874,38.91041454620732
40.36842801363994,39.57314794049488
40.76606805021247,40.23588133478243
46.73066859880046,40.69979471078371
48.98396213937815,40.36842801363994
51.10470900109832,44.079735021650244
49.779242212523215,43.5495483062202
49.24905549709317,43.019361590790155
48.98396213937815,42.62172155421762
48.58632210280561,47.260855314230504
48.05613538737557,46.86321527765797
47.65849535080304,46.33302856222792
49.69087775995154,49.91178889138072
49.11650881823566,49.381602175950675
50.441975606810765,48.98396213937815
50.309428927953256,50.70706896452579
48.851415460520634,50.2431555885245
48.32122874509059,51.369802358813345
49.11650881823566,50.70706896452579
49.6466955336657,51.96626241367214
49.0502354788069,51.23725567995583
49.6466955336657,50.70706896452579
47.52594867194553,50.17688224909574
46.99576195651548,49.6466955336657
46.598121919942955,48.851415460520634
47.59222201137428,48.4537754239481
46.99576195651548,47.52594867194553
45.9353885256554,47.06203529594424
45.40520181022535,48.32122874509059
44.609921737080285,48.718868781663126
44.079735021650244,48.32122874509059
43.5495483062202,47.65849535080304
43.15190826964766,46.99576195651548
44.12391724793608,46.598121919942955
45.53774848908286,46.200481883370415
44.87501509479531,45.80284184679789
46.73066859880046,45.14010845251033
46.200481883370415,44.609921737080285
50.04433557023823,45.9353885256554
48.32122874509059,47.260855314230504
47.923588708518054,46.73066859880046
46.99576195651548,46.33302856222792
46.200481883370415,48.851415460520634
45.670295167940374,48.32122874509059
45.14010845251033,49.6466955336657
44.609921737080285,49.24905549709317
43.5495483062202,48.32122874509059
43.019361590790155,46.99576195651548
39.44060126163736,46.46557524108544
38.91041454620732,45.9353885256554
39.838241298209894,45.40520181022535
39.37432792220861,45.00756177365282
39.04296122506483,44.609921737080285
38.38022783077727,44.079735021650244
38.115134473062255,43.28445494850518
37.187307721059675,42.886814911932646
36.78966768448714,41.69389480221505
35.72929425362706,41.16370808678501
34.205007446765684,39.9707879770674
34.867740841053234,39.57314794049488
33.74109407076439,39.17550790392234
35.86184093248457,38.77786786734981
35.33165421705452,38.247681151919764
36.657121005629634,37.85004111534723
35.464200895912036,37.4524010787747
34.33755412562319,37.054761042202166
33.74109407076439,36.126934290199586
33.21090735533435,35.596747574769545
32.54817396104679,35.19910753819701
32.283080603331776,34.13873410733692
34.006187428479414,33.47600071304937
34.536374143909455,34.13873410733692
33.60854739190688,33.47600071304937
35.19910753819701,35.33165421705452
35.39792755648328,34.80146750162448
34.80146750162448,36.98848770277341
34.006187428479414,36.524574326772125
33.47600071304937,35.99438761134208
32.945813997619325,37.4524010787747
32.415627282189284,36.92221436334465
31.885440566759243,36.524574326772125
31.42152719075795,35.33165421705452
30.825067135899154,34.80146750162448
30.294880420469113,34.40382746505195
29.89724038389658,35.19910753819701
31.355253851329195,34.93401418048199
31.885440566759243,34.66892082276697
33.21090735533435,35.19910753819701
34.27128078619444,36.17111651648543
33.80736741019315,35.86184093248457
34.006187428479414,35.33165421705452
33.34345403419186,34.93401418048199
32.68072063990431,34.536374143909455
34.27128078619444,34.13873410733692
33.74109407076439,33.74109407076439
33.21090735533435,33.34345403419186
32.68072063990431,32.81326731876182
32.283080603331776,32.283080603331776
34.006187428479414,33.74109407076439
33.47600071304937,33.21090735533435
32.945813997619325,35.19910753819701
32.415627282189284,34.536374143909455
34.536374143909455,34.13873410733692
34.006187428479414,36.39202764791461
33.47600071304937,35.86184093248457
33.07836067647684,35.596747574769545
35.86184093248457,34.93401418048199
35.33165421705452,34.66892082276697
36.524574326772125,35.39792755648328
35.86184093248457,35.19910753819701
35.19910753819701,34.62473859648113
34.93401418048199,35.464200895912036
34.536374143909455,36.72339434505839
34.4701008044807,36.126934290199586
37.187307721059675,37.78376777591848
36.59084766620087,37.187307721059675
36.126934290199586,38.6453211884923
35.596747574769545,38.181407812491
35.0665608593395,38.38022783077727
34.536374143909455,37.85004111534723
39.08714345135067,39.705694619352386
38.51277450963478,39.04296122506483
37.98258779420474,40.10333465592491
40.36842801363994,41.82644148107256
39.838241298209894,41.16370808678501
41.03116140792749,40.63352137135496
41.428801444500024,43.15190826964766
41.03116140792749,42.48917487536011
41.95898815993007,43.5495483062202
40.63352137135496,44.079735021650244
40.23588133478243,43.81464166393522
39.57314794049488,43.41700162736269
39.04296122506483,43.019361590790155
40.96488806849874,42.48917487536011
40.36842801363994,42.09153483878758
41.097434747356246,41.428801444500024
41.49507478392878,40.83234138964123
41.03116140792749,40.36842801363994
42.02526149935882,42.26826374393093
41.56134812335753,42.886814911932646
40.898614729069976,42.29035485707385
40.36842801363994,42.3566281965026
39.705694619352386,43.019361590790155
39.44060126163736,42.55544821478887
39.04296122506483,41.56134812335753
39.705694619352386,41.16370808678501
40.36842801363994,40.36842801363994
41.16370808678501,40.898614729069976
40.76606805021247,42.02526149935882
41.69389480221505,41.428801444500024
43.85882389022106,42.48917487536011
43.41700162736269,43.218181609076424
44.654103963366126,43.019361590790155
45.40520181022535,42.48917487536011
44.87501509479531,41.69389480221505
44.34482837936527,41.296254765642516
43.81464166393522,40.36842801363994
43.35072828793393,39.37432792220861
42.75426823307514,38.91041454620732
40.19169910849659,39.705694619352386
40.898614729069976,39.308054582779846
40.36842801363994,38.91041454620732
38.6453211884923,38.51277450963478
38.115134473062255,37.98258779420474
37.85004111534723,37.4524010787747
38.247681151919764,37.054761042202166
37.78376777591848,36.657121005629634
38.91041454620732,35.92811427191332
37.25358106048843,37.054761042202166
36.657121005629634,36.39202764791461
36.524574326772125,38.77786786734981
36.126934290199586,38.247681151919764
37.25358106048843,37.717494436489716
36.657121005629634,39.37432792220861
37.717494436489716,39.90451463763865
38.02677002049058,39.9707879770674
37.58494775763221,39.838241298209894
38.77786786734981,39.308054582779846
37.98258779420474,38.51277450963478
37.4524010787747,37.98258779420474
36.92221436334465,37.4524010787747
36.126934290199586,36.657121005629634
35.596747574769545,36.126934290199586
35.0665608593395,35.596747574769545
34.536374143909455,35.19910753819701
34.006187428479414,34.80146750162448
35.0665608593395,34.27128078619444
34.536374143909455,33.74109407076439
35.33165421705452,34.40382746505195
34.80146750162448,34.13873410733692
34.006187428479414,33.21090735533435
33.47600071304937,32.68072063990431
36.39202764791461,32.283080603331776
35.72929425362706,31.355253851329195
35.19910753819701,30.825067135899154
34.66892082276697,30.294880420469113
34.40382746505195,29.89724038389658
34.006187428479414,29.49960034732404
34.80146750162448,29.101960310751508
33.21090735533435,29.632147026181556
32.68072063990431,29.89724038389658
32.283080603331776,29.234506989609024
31.355253851329195,28.704320274178976
30.55997377818413,28.174133558748935
30.162333741611597,27.776493522176402
28.571773595321467,27.37885348560387
28.041586879891426,26.914940109602583
28.969413631894,26.451026733601296
28.43922691646396,26.053386697028763
28.041586879891426,25.390653302741207
30.55997377818413,24.860466587311166
29.632147026181556,24.19773319302361
31.090160493614178,23.733819817022322
30.55997377818413,23.932639835308585
30.162333741611597,23.402453119878544
29.764693705039065,23.402453119878544
29.234506989609024,22.872266404448496
28.704320274178976,22.342079689018455
28.041586879891426,21.944439652445922
27.445126825032624,21.54679961587339
26.84866677017383,21.149159579300857
26.31848005474378,20.751519542728325
25.920840018171248,20.221332827298284
24.72791990845365,19.757419451296997
24.0651865141661,19.09468605700944
23.402453119878544,19.028412717580686
22.872266404448496,19.160959396438194
22.342079689018455,19.95623946958326
22.342079689018455,19.558599433010727
22.342079689018455,19.293506075295703
21.811892973588414,18.100585965578105
21.41425293701588,17.30530589243304
21.01661290044335,16.841392516431753
20.4864261850133,16.377479140430466
20.022512809012014,15.847292425000418
19.492326093581973,15.449652388427886
18.962139378151925,14.985739012426599
18.36567932329313,14.65437231528282
17.901765947291842,15.317105709570377
17.835492607863088,15.184559030712869
17.835492607863088,14.720645654711582
18.630772681008153,14.12418559985278
18.100585965578105,13.660272223851493
16.775119177003,13.06381216899269
16.244932461572958,12.666172132420158
15.71474574614291,12.268532095847625
15.250832370141623,11.870892059275093
14.65437231528282,11.517434248988394
14.455552296996558,12.599898792991404
14.389278957567804,12.135985416990117
13.859092242137756,13.06381216899269
13.196358847850206,
12.666172132420158,
12.401078774705141,
12.003438738132608,
11.47325202270256,
13.06381216899269,
12.53362545356265,
13.328905526707715,
12.666172132420158,
12.401078774705141,
11.870892059275093,
11.274432004416298,
10.677971949557495,
10.147785234127454,
10.412878591842478,
10.015238555269946,
10.94306530727252,
