Y(hoy),Y(ayer)
11.089700461756976,8.145209055727108
11.63052541388491,8.205300717074657
11.991075381970198,8.86630899189769
11.390158768494715,8.385575701117297
11.8708920592751,9.106675637287879
11.390158768494715,8.746125669202591
11.8708920592751,8.145209055727108
11.269975445799616,7.544292442251624
11.029608800409427,7.183742474166337
10.548875509629042,7.9048424103369115
10.128233880196198,7.544292442251624
10.008050557501107,7.063559151471239
9.947958896153558,6.642917522038395
9.467225605373173,6.16218423125801
9.04658397594033,5.98190924721537
8.505759023812395,5.441084295087435
8.145209055727108,5.080534327002141
8.98649231459278,5.020442665654592
8.565850685159944,5.441084295087435
8.505759023812395,5.861725924520272
8.145209055727108,5.380992633739886
9.04658397594033,4.780076020264403
9.04658397594033,4.239251068136468
8.98649231459278,4.780076020264403
8.505759023812395,4.659892697569305
8.02502573303201,4.239251068136468
7.604384103599173,4.058976084093821
7.243834135513879,4.058976084093821
7.824720195206844,3.818609438703625
7.784659087641813,3.2176928252281414
7.303925796861428,3.0975095025330504
7.00346749012369,3.0975095025330504
7.784659087641813,3.0975095025330504
7.303925796861428,3.0975095025330504
8.02502573303201,3.0975095025330504
7.424109119556526,3.0975095025330504
7.00346749012369,3.0975095025330504
7.063559151471239,3.0975095025330504
7.063559151471239,3.0975095025330504
7.063559151471239,2.857142857142854
6.462642537995755,2.3163179050149196
6.222275892605559,2.7770206420127863
5.861725924520272,2.496592889057567
5.380992633739886,2.1360429209722724
5.861725924520272,2.857142857142854
5.501175956434977,2.2562262436673706
5.6213592791300755,2.1360429209722724
5.14062598834969,2.1360429209722724
5.98190924721537,2.1360429209722724
5.501175956434977,2.1360429209722724
5.14062598834969,2.1360429209722724
5.14062598834969,2.1360429209722724
5.14062598834969,2.1360429209722724
4.840167681611952,2.1360429209722724
4.29934272948401,2.1360429209722724
4.179159406788919,2.3163179050149196
4.699953805134335,2.857142857142854
4.900259342959494,2.736959534447756
4.419526052179108,2.3163179050149196
4.11906774544137,2.9773261798379522
4.058976084093821,2.616776211752658
4.058976084093821,2.1961345823198215
4.058976084093821,2.1360429209722724
4.058976084093821,2.2562262436673706
4.058976084093821,2.736959534447756
4.058976084093821,3.0975095025330504
4.11906774544137,3.0975095025330504
4.419526052179108,3.0975095025330504
4.058976084093821,3.0975095025330504
4.900259342959494,3.0975095025330504
4.599801036221756,3.0975095025330504
4.179159406788919,3.0975095025330504
4.29934272948401,3.0975095025330504
4.900259342959494,3.0975095025330504
4.900259342959494,3.5782427933134358
4.29934272948401,4.179159406788919
4.058976084093821,5.020442665654592
3.938792761398723,5.681450940477625
3.4580594706183376,5.260809311044788
3.0975095025330504,6.102092569910461
3.938792761398723,6.582825860690853
3.4580594706183376,7.123650812818788
3.938792761398723,7.183742474166337
3.5181511319658867,7.604384103599173
3.818609438703625,7.183742474166337
3.3378761479232395,7.9048424103369115
4.058976084093821,7.384048011991496
4.058976084093821,8.86630899189769
4.058976084093821,8.265392378422206
4.058976084093821,7.784659087641813
4.058976084093821,9.527317266720715
4.058976084093821,10.008050557501107
4.179159406788919,10.308508864238846
5.080534327002141,11.510342091189813
5.14062598834969,10.90942547771433
5.14062598834969,12.111258704665296
5.14062598834969,12.892450302183427
5.6213592791300755,12.471808672750583
5.98190924721537,13.914008545091747
5.380992633739886,13.313091931616263
5.080534327002141,15.115841772042714
5.501175956434977,14.51492515856723
5.020442665654592,16.798408289774066
6.102092569910461,16.197491676298583
5.6213592791300755,15.716758385518197
5.020442665654592,18.000241516725033
6.8231925060810426,17.39932490324955
6.282367553953108,18.36079148481032
5.861725924520272,18.901616436938255
5.380992633739886,19.3222580663711
6.703009183385944,19.802991357151484
6.222275892605559,20.584182954669608
7.063559151471239,20.16354132523677
6.582825860690853,21.00482458410245
7.544292442251624,21.786016181620575
8.02502573303201,21.36537455218774
7.424109119556526,22.747482763181353
7.00346749012369,22.206657811053418
7.063559151471239,24.610324264955345
7.604384103599173,24.12959097417496
7.183742474166337,23.648857683394574
8.02502573303201,23.16812439261419
8.325484039769755,27.01399071885728
8.86630899189769,26.533257428076894
9.467225605373173,26.05252413729651
9.947958896153558,25.571790846516123
9.527317266720715,25.091057555735738
9.166767298635428,29.8983904635396
9.707592250763362,29.417657172759213
10.308508864238846,28.936923881978828
10.94948658527936,28.456190591198443
11.149792123104525,27.975457300418057
11.63052541388491,27.49472400963767
12.111258704665296,30.37912375431999
11.63052541388491,31.46077365857586
11.209883784452074,30.859857045100377
11.91095316684013,33.083248514959664
11.390158768494715,32.54242356283173
12.111258704665296,32.06169027205134
11.63052541388491,34.58554004864837
11.149792123104525,33.98462343517289
11.69061707523246,33.5038901443925
12.111258704665296,35.727281614251794
12.832358640835878,35.18645666212386
12.411717011403042,37.2295731479405
11.991075381970198,36.628656534465016
13.833886329961679,36.14792324368463
13.313091931616263,38.91213966567185
14.154375190481943,38.31122305219637
14.51492515856723,37.830489761415976
14.154375190481943,40.594706183403204
15.476391740128001,39.99378956992772
14.995658449347616,39.513056279147335
16.077308353603485,42.21718103978701
16.55804164438387,41.67635608765907
16.077308353603485,41.19562279687869
17.158958257859354,42.75800599191494
17.639691548639746,42.637822669219844
18.12042483942013,42.157089378439466
18.000241516725033,41.556172764963975
17.759874871334837,41.91672273304927
17.27914158055445,41.49608110361643
16.678224967078968,40.8350728287934
16.197491676298583,40.594706183403204
15.5965750628231,40.23415621531791
15.175933433390263,39.75342292453753
15.356208417432903,39.27268963375714
15.957125030908387,38.91213966567185
16.49794998303632,38.67177302028166
17.038774935164263,38.19103972950127
17.158958257859354,37.710306438720885
17.27914158055445,37.2295731479405
17.880058194029935,39.79348403210256
18.881585883155736,39.27268963375714
18.36079148481032,38.79195634297675
20.083419110106703,38.31122305219637
19.562624711761288,37.950673084111074
21.24519122949264,40.11397289262282
20.764457938712255,39.75342292453753
21.966291165663222,39.2125979724096
21.485557874882836,39.03232298836694
20.884641261407353,38.611681358934106
20.34381630927942,38.07085640680617
20.16354132523677,37.59012311602579
20.28372464793187,37.2295731479405
20.764457938712255,38.13094806815372
21.725924520273026,37.710306438720885
21.24519122949264,38.611681358934106
23.88922432878477,38.91213966567185
23.288307715309287,38.31122305219637
22.867666085876444,37.830489761415976
22.447024456443607,37.3497564706356
23.88922432878477,36.92911484120276
23.408491038004385,36.26810656637973
22.927757747223993,35.907556598294434
22.447024456443607,35.30663998481895
22.14656614970587,34.70572337134347
22.687391101833803,34.34517340325817
22.206657811053418,33.98462343517289
23.288307715309287,33.56398180574005
23.88922432878477,33.14334017630721
23.88922432878477,33.6240734670876
23.288307715309287,33.14334017630721
25.091057555735738,34.70572337134347
24.610324264955345,34.22499008056308
24.12959097417496,34.22499008056308
23.769041006089672,33.744256789782696
25.571790846516123,33.3837068216974
26.05252413729651,33.023156853612115
25.571790846516123,32.60251522417927
25.151149217083287,32.181873594746435
26.05252413729651,32.60251522417927
25.571790846516123,33.023156853612115
25.21124087843083,32.54242356283173
25.69197416921122,32.06169027205134
25.271332539778378,31.46077365857586
26.533257428076894,30.73967372240528
26.112615798644057,30.319032092972442
25.69197416921122,30.859857045100377
27.49472400963767,30.439215415667533
27.01399071885728,29.778207140844508
28.035548961765606,29.177290527369024
28.095640623113148,28.57637391389354
28.336007268503344,28.215823945808246
28.75664889793618,28.936923881978828
29.177290527369024,28.51628225254599
29.237382188716573,28.035548961765606
29.65802381814941,27.49472400963767
30.018573786234697,27.134174041552377
29.417657172759213,28.275915607155795
29.8983904635396,27.85527397772296
29.417657172759213,28.736618344153662
29.8983904635396,28.456190591198443
29.417657172759213,27.975457300418057
29.177290527369024,27.49472400963767
30.499307077015082,27.134174041552377
29.8983904635396,28.997015543326377
30.980040367795475,28.456190591198443
30.439215415667533,28.095640623113148
29.057107204673926,28.81674055928373
30.859857045100377,28.215823945808246
30.37912375431999,27.614907332332763
30.018573786234697,27.254357364247475
31.861384734226178,27.73509065502786
31.340590335880762,28.095640623113148
32.54242356283173,27.614907332332763
33.023156853612115,27.134174041552377
33.023156853612115,27.614907332332763
32.54242356283173,27.134174041552377
32.181873594746435,28.736618344153662
33.263523499002304,28.215823945808246
34.94609001673366,28.456190591198443
34.46535672595327,28.155732284460697
33.98462343517289,29.477748834106762
32.66260688552683,28.936923881978828
33.68416512843515,28.456190591198443
34.22499008056308,29.778207140844508
33.263523499002304,29.237382188716573
33.744256789782696,28.81674055928373
35.22651776968888,28.456190591198443
34.70572337134347,28.095640623113148
34.22499008056308,27.73509065502786
35.907556598294434,27.314449025595025
35.3667316461665,27.73509065502786
35.907556598294434,28.57637391389354
34.825906694038565,28.095640623113148
34.34517340325817,29.057107204673926
35.06627333942876,28.69655723658863
34.46535672595327,28.215823945808246
35.66718995290424,27.79518231637541
36.14792324368463,27.254357364247475
36.14792324368463,28.81674055928373
36.14792324368463,28.215823945808246
36.14792324368463,27.73509065502786
35.847464936946885,28.936923881978828
35.42682330751405,28.456190591198443
35.06627333942876,28.936923881978828
34.46535672595327,29.958482124887148
34.10480675786798,29.417657172759213
34.94609001673366,30.018573786234697
35.907556598294434,29.417657172759213
35.42682330751405,29.8983904635396
37.1093898252454,30.37912375431999
36.628656534465016,30.859857045100377
36.14792324368463,29.8983904635396
35.54700663020914,29.417657172759213
35.06627333942876,28.81674055928373
34.825906694038565,28.336007268503344
34.46535672595327,28.095640623113148
33.864440112477794,27.73509065502786
33.3837068216974,27.254357364247475
33.14334017630721,30.138757108929795
34.94609001673366,29.65802381814941
34.46535672595327,29.177290527369024
34.22499008056308,28.69655723658863
33.744256789782696,28.336007268503344
33.263523499002304,31.160315351838115
32.66260688552683,30.61949039971018
32.14181248718141,31.58095698127095
32.06169027205134,31.220407013185664
31.6410486426185,32.06169027205134
31.100223690490566,31.58095698127095
30.61949039971018,31.100223690490566
30.138757108929795,30.61949039971018
29.71811547949696,30.138757108929795
29.237382188716573,29.65802381814941
29.057107204673926,29.177290527369024
28.81674055928373,28.69655723658863
28.456190591198443,28.215823945808246
27.975457300418057,31.821323626661147
27.49472400963767,31.220407013185664
27.07408238020483,30.859857045100377
26.413074105381796,30.37912375431999
26.172707459991607,29.8983904635396
26.332951890251735,29.417657172759213
27.01399071885728,31.100223690490566
26.533257428076894,30.499307077015082
26.05252413729651,30.258940431624893
25.571790846516123,31.861384734226178
25.091057555735738,33.023156853612115
24.490140942260254,32.54242356283173
24.00940765147987,33.744256789782696
23.408491038004385,33.3837068216974
22.927757747223993,33.023156853612115
22.447024456443607,32.54242356283173
22.08647448835832,32.06169027205134
22.927757747223993,31.58095698127095
22.386932795096058,30.980040367795475
22.927757747223993,30.73967372240528
21.966291165663222,30.439215415667533
21.485557874882836,30.859857045100377
21.00482458410245,31.6410486426185
20.584182954669608,31.220407013185664
20.16354132523677,32.06169027205134
20.524091293322066,32.54242356283173
21.00482458410245,33.32361516034986
20.524091293322066,32.902973530917016
19.923174679846582,33.744256789782696
19.682808034456386,34.10480675786798
19.202074743676,34.16489841921553
18.961708098285804,34.46535672595327
19.081891420980902,35.94761770585947
18.661249791548066,35.42682330751405
18.18051650076768,35.06627333942876
18.601158130200517,37.59012311602579
19.081891420980902,37.1093898252454
18.601158130200517,36.628656534465016
18.12042483942013,38.13094806815372
19.843052464716514,38.611681358934106
19.3222580663711,38.19103972950127
18.841524775590706,39.0924146497145
18.36079148481032,39.15250631106204
20.103449663889222,39.03232298836694
20.28372464793187,38.431406374891466
20.764457938712255,37.830489761415976
21.00482458410245,37.3497564706356
20.524091293322066,37.2295731479405
20.043358002541673,37.3497564706356
19.562624711761288,37.950673084111074
19.121952528545933,38.19103972950127
20.043358002541673,38.611681358934106
19.562624711761288,39.03232298836694
19.202074743676,38.551589697586564
21.00482458410245,37.950673084111074
20.524091293322066,37.3497564706356
21.00482458410245,36.74883985716011
20.524091293322066,36.02773992098953
20.16354132523677,35.787373275599336
21.00482458410245,35.42682330751405
20.524091293322066,37.87055086898101
21.00482458410245,37.3497564706356
20.524091293322066,36.869023179855205
20.22363298658432,36.38828988907482
20.884641261407353,36.02773992098953
21.485557874882836,37.59012311602579
21.966291165663222,37.2295731479405
21.665832858925484,37.469939793330695
21.24519122949264,38.551589697586564
21.28525233705767,38.07085640680617
21.966291165663222,39.03232298836694
21.545649536230385,37.59012311602579
21.966291165663222,36.869023179855205
21.125007906797542,36.38828988907482
22.447024456443607,35.787373275599336
21.485557874882836,35.30663998481895
23.9292854363498,34.825906694038565
23.408491038004385,34.34517340325817
22.927757747223993,36.869023179855205
22.08647448835832,36.38828988907482
24.12959097417496,35.907556598294434
25.571790846516123,35.42682330751405
24.97087423304064,35.42682330751405
24.610324264955345,34.825906694038565
24.12959097417496,34.40526506460573
27.73509065502786,34.10480675786798
27.254357364247475,35.18645666212386
26.77362407346709,34.825906694038565
26.292890782686705,35.907556598294434
28.97698498954386,35.4869149688616
28.57637391389354,35.006181678081205
30.258940431624893,34.46535672595327
29.65802381814941,33.98462343517289
31.380651443445792,33.5038901443925
30.859857045100377,33.023156853612115
32.06169027205134,32.42224024013663
31.58095698127095,32.181873594746435
30.499307077015082,32.181873594746435
30.018573786234697,32.36214857878908
29.53784049545431,32.84288186956947
29.177290527369024,33.263523499002304
31.821323626661147,33.98462343517289
31.280498674533213,33.56398180574005
29.8983904635396,33.023156853612115
29.417657172759213,32.54242356283173
31.821323626661147,32.06169027205134
31.220407013185664,31.46077365857586
30.980040367795475,31.220407013185664
30.61949039971018,33.023156853612115
30.138757108929795,32.42224024013663
29.65802381814941,31.941506949356246
29.177290527369024,31.340590335880762
31.160315351838115,30.859857045100377
31.100223690490566,30.37912375431999
31.160315351838115,29.8983904635396
30.980040367795475,29.297473850064115
30.73967372240528,29.057107204673926
30.37912375431999,30.65955150727521
31.220407013185664,30.138757108929795
30.699612614840248,29.65802381814941
30.018573786234697,29.297473850064115
32.34211802500656,31.821323626661147
31.821323626661147,31.340590335880762
31.340590335880762,30.859857045100377
33.98462343517289,30.258940431624893
33.5038901443925,29.65802381814941
33.023156853612115,29.297473850064115
32.54242356283173,30.67958206105773
32.06169027205134,30.138757108929795
31.58095698127095,31.160315351838115
31.220407013185664,31.220407013185664
31.821323626661147,31.220407013185664
31.340590335880762,31.220407013185664
31.100223690490566,31.70114030396605
32.181873594746435,32.782790208221925
31.58095698127095,32.24196525609399
31.100223690490566,32.06169027205134
30.67958206105773,31.58095698127095
30.018573786234697,31.220407013185664
29.417657172759213,32.06169027205134
28.81674055928373,31.70114030396605
28.275915607155795,32.782790208221925
28.215823945808246,32.42224024013663
28.736618344153662,31.941506949356246
29.177290527369024,31.46077365857586
28.87683222063128,30.859857045100377
28.336007268503344,30.37912375431999
27.975457300418057,29.8983904635396
27.49472400963767,29.417657172759213
27.01399071885728,28.936923881978828
26.533257428076894,28.456190591198443
26.172707459991607,28.095640623113148
28.936923881978828,30.980040367795475
28.336007268503344,30.37912375431999
27.85527397772296,29.8983904635396
27.49472400963767,29.417657172759213
27.01399071885728,30.980040367795475
29.65802381814941,30.37912375431999
27.975457300418057,29.778207140844508
27.374540686942574,29.177290527369024
26.893807396162188,28.75664889793618
26.413074105381796,28.336007268503344
25.69197416921122,28.095640623113148
25.21124087843083,29.417657172759213
25.571790846516123,28.936923881978828
26.05252413729651,28.456190591198443
25.451607523821025,30.859857045100377
25.03096589438819,30.37912375431999
25.03096589438819,29.8983904635396
25.091057555735738,30.980040367795475
24.610324264955345,30.61949039971018
24.00940765147987,30.138757108929795
23.769041006089672,29.71811547949696
23.408491038004385,29.297473850064115
23.04794106991909,28.81674055928373
23.88922432878477,28.456190591198443
23.88922432878477,29.417657172759213
23.408491038004385,28.936923881978828
22.98784940857154,28.456190591198443
22.447024456443607,30.73967372240528
22.08647448835832,30.499307077015082
21.725924520273026,30.138757108929795
21.24519122949264,29.53784049545431
21.966291165663222,30.018573786234697
21.605741197577935,29.53784049545431
21.485557874882836,30.61949039971018
21.00482458410245,31.821323626661147
19.802991357151484,31.40068199722831
19.3222580663711,30.67958206105773
20.043358002541673,30.138757108929795
19.562624711761288,29.53784049545431
20.043358002541673,29.297473850064115
19.562624711761288,29.65802381814941
19.14198308232845,30.258940431624893
19.562624711761288,30.859857045100377
21.00482458410245,30.138757108929795
20.524091293322066,30.37912375431999
19.923174679846582,31.58095698127095
19.3222580663711,30.980040367795475
19.202074743676,30.73967372240528
18.601158130200517,30.138757108929795
18.12042483942013,29.53784049545431
17.519508225944648,29.297473850064115
16.978683273816713,32.06169027205134
16.43785832168878,31.58095698127095
16.077308353603485,32.782790208221925
15.476391740128001,32.42224024013663
15.055750110695165,31.100223690490566
14.394741835872132,30.61949039971018
14.034191867786845,30.018573786234697
13.55345857700646,29.53784049545431
13.192908608921165,29.297473850064115
13.793825222396649,31.58095698127095
,31.100223690490566
,32.12178193339889
,31.821323626661147
,31.340590335880762
,30.73967372240528
,30.198848770277344
,30.439215415667533
,30.859857045100377
,31.6410486426185
,31.220407013185664
,31.941506949356246
,31.42071255101083
,32.82285131578695
,32.30205691744153
,31.821323626661147
,32.54242356283173
,32.12178193339889
,31.58095698127095
,31.100223690490566
,30.499307077015082
,29.8983904635396
,29.477748834106762
,30.439215415667533
,30.859857045100377
,30.37912375431999
,29.65802381814941
,29.297473850064115
,28.736618344153662
,28.336007268503344
,28.936923881978828
,28.51628225254599
,28.095640623113148
,27.73509065502786
,27.254357364247475
,26.653440750771992
,26.413074105381796
,26.05252413729651
,25.451607523821025
,25.21124087843083
,26.172707459991607
,25.571790846516123
,26.77362407346709
,27.07408238020483
,26.593349089424443
,26.05252413729651
,25.631882507863672
,25.151149217083287
,24.85069091034554
,24.369957619565156
,23.769041006089672
,23.16812439261419
,22.687391101833803
,22.32684113374851
,23.88922432878477
,23.468582699351927
,23.16812439261419
,22.687391101833803
,22.32684113374851
,21.725924520273026
,21.24519122949264
,20.884641261407353
,20.584182954669608
,20.16354132523677
,21.00482458410245
,20.524091293322066
,19.562624711761288
,19.202074743676
,19.202074743676
,19.802991357151484
,20.16354132523677
,20.16354132523677
,19.802991357151484
,19.3222580663711
,18.721341452895615
,18.240608162115223
,18.601158130200517
,17.759874871334837
,17.158958257859354
,16.678224967078968
,16.197491676298583
,15.716758385518197
,15.115841772042714
,14.51492515856723
,14.154375190481943
,15.476391740128001
,14.995658449347616
,15.957125030908387
,15.476391740128001
,14.995658449347616
,14.394741835872132
,14.154375190481943
,13.793825222396649
,13.313091931616263
,12.892450302183427
,12.411717011403042
,12.832358640835878
,12.471808672750583
