Y(hoy),Y(ayer)
-0.9198624504747102,-1.2512291476184885
-0.8535891110459488,-1.7151425236197753
-1.7814158630485224,-1.648869184191014
-2.179055899621062,-1.11868246876098
-1.9802358813347922,-1.7814158630485224
-2.0465092207635536,-2.179055899621062
-1.9802358813347922,-2.7976070676227778
-2.0465092207635536,-2.444149257336079
-1.913962541906045,-2.974335972766127
-2.5766959361935875,-2.8417892939086187
-2.974335972766127,-2.3116025784785705
-2.5766959361935875,-1.913962541906045
-2.974335972766127,-2.70924261505111
-1.9802358813347922,-2.974335972766127
-2.0465092207635536,-2.974335972766127
-2.0465092207635536,-2.974335972766127
-1.9802358813347922,-2.5766959361935875
-1.9802358813347922,-2.179055899621062
-1.913962541906045,-2.444149257336079
-1.450049165904744,-2.908062633337366
-0.9861357899034573,-2.3116025784785705
-0.8535891110459488,-1.9802358813347922
-0.9198624504747102,-1.913962541906045
-0.9861357899034573,-1.383775826475997
-1.5163225053335054,-0.8535891110459488
-1.5163225053335054,-0.8535891110459488
-1.4721402790476645,-0.7210424321884403
-1.913962541906045,-0.05830903790088371
-1.11868246876098,0.20678431981413326
-0.8535891110459488,0.67069769581542
-0.8535891110459488,1.2008844112454682
-0.389675735044662,1.4659777689604852
0.07423764095662477,1.929891144961772
0.20678431981413326,2.3275311815343116
0.20678431981413326,2.3938045209630587
0.20678431981413326,2.3275311815343116
0.2730576592428946,2.7914445575355984
1.0020643929591984,3.918091327824442
0.33933099867164174,3.255357933536885
1.2671577506742295,4.647098061540753
1.2671577506742295,4.845918079827015
1.3334310901029767,5.707471492400835
1.664797787246755,5.243558116399548
1.2671577506742295,6.237658207830883
2.194984502676803,6.70157158383217
2.7914445575355984,7.563124996405989
3.255357933536885,7.099211620404702
2.5926245392493286,8.557225087837324
2.3275311815343116,8.027038372407276
2.46007786039182,9.750145197554922
2.46007786039182,9.087411803267365
2.46007786039182,11.075611986130028
3.0565379152506154,10.412878591842478
2.5926245392493286,12.401078774705141
3.5204512912519093,11.738345380417584
3.918091327824442,13.638181110708572
3.3879046123944008,13.06381216899269
4.580824722111998,14.389278957567804
5.177284776970794,15.250832370141623
5.6411981529720805,14.786918994140336
5.773744831829596,15.71474574614291
5.84001817125835,16.57629915871673
6.237658207830883,16.112385782715442
5.773744831829596,17.106485874146777
6.70157158383217,17.570399250148064
6.70157158383217,17.30530589243304
6.038838189544613,16.907665855860508
5.6411981529720805,19.028412717580686
5.177284776970794,18.36567932329313
4.713371400969507,17.835492607863088
5.177284776970794,21.281706258158366
5.6411981529720805,20.751519542728325
6.038838189544613,20.221332827298284
6.70157158383217,19.691146111868235
6.834118262689678,23.667546477593568
6.966664941547194,23.13735976216352
7.629398335834743,22.60717304673348
8.2921317301223,22.07698633130343
8.822318445552341,25.324379963312452
8.358405069551054,24.72791990845365
8.822318445552341,24.19773319302361
7.960765032978522,26.31848005474378
10.015238555269946,25.78829333931374
9.485051839839898,28.969413631894
9.087411803267365,28.43922691646396
9.617598518697413,27.90904020103391
9.087411803267365,27.37885348560387
10.147785234127454,26.84866677017383
10.147785234127454,31.222707172471686
9.485051839839898,30.55997377818413
9.02113846383861,30.02978706275409
9.352505160982389,29.49960034732404
8.954865124409856,32.54817396104679
10.015238555269946,31.885440566759243
10.147785234127454,33.873640749621906
10.214058573556208,33.21090735533435
10.74424528898625,35.13283419876826
11.208158664987543,34.536374143909455
11.605798701560076,36.701303231915475
11.075611986130028,36.126934290199586
12.268532095847625,35.596747574769545
12.864992150706428,38.6453211884923
13.328905526707715,37.98258779420474
13.328905526707715,37.4524010787747
12.864992150706428,40.50097469249745
12.268532095847625,39.838241298209894
11.605798701560076,39.308054582779846
11.340705343845052,42.3566281965026
13.328905526707715,41.69389480221505
12.798718811277674,41.16370808678501
12.268532095847625,43.68209498507771
11.738345380417584,43.019361590790155
12.53362545356265,44.34482837936527
12.003438738132608,45.18429067879617
11.47325202270256,44.74246841593779
12.53362545356265,44.87501509479531
12.003438738132608,44.411101718794015
13.107994395278524,43.81464166393522
13.328905526707715,43.28445494850518
12.666172132420158,42.75426823307514
12.401078774705141,42.22408151764509
12.53362545356265,41.69389480221505
13.107994395278524,41.03116140792749
13.328905526707715,40.76606805021247
12.666172132420158,40.36842801363994
12.577807679848483,39.838241298209894
13.328905526707715,39.17550790392234
14.389278957567804,38.91041454620732
13.859092242137756,38.51277450963478
14.389278957567804,37.916314454775986
13.859092242137756,37.717494436489716
13.461452205565223,37.054761042202166
14.389278957567804,36.39202764791461
13.859092242137756,35.86184093248457
14.521825636425312,36.39202764791461
14.588098975854066,35.99438761134208
15.71474574614291,35.86184093248457
15.118285691284115,35.464200895912036
14.65437231528282,35.464200895912036
17.570399250148064,35.464200895912036
16.907665855860508,35.464200895912036
16.44375247985922,35.0665608593395
16.907665855860508,34.4701008044807
16.377479140430466,34.27128078619444
15.847292425000418,33.60854739190688
15.582199067285401,32.945813997619325
17.835492607863088,32.415627282189284
17.30530589243304,32.54817396104679
16.775119177003,33.74109407076439
17.835492607863088,33.21090735533435
17.835492607863088,34.27128078619444
17.835492607863088,33.74109407076439
17.835492607863088,33.21090735533435
17.879674834148922,32.54817396104679
18.89586603872317,31.885440566759243
18.36567932329313,31.42152719075795
18.36567932329313,30.825067135899154
17.968039286720597,30.162333741611597
19.160959396438194,29.632147026181556
18.630772681008153,29.234506989609024
19.73532833815407,28.770593613607737
19.691146111868235,28.306680237606443
19.160959396438194,27.90904020103391
19.160959396438194,27.24630680674636
19.73532833815407,26.583573412458804
19.95623946958326,26.119660036457518
19.492326093581973,25.65574666045623
19.95623946958326,26.31848005474378
19.028412717580686,27.180033467317607
19.42605275415322,26.716120091316313
21.01661290044335,27.643946843318894
20.4864261850133,27.113760127888845
19.95623946958326,26.451026733601296
19.95623946958326,25.78829333931374
19.293506075295703,25.324379963312452
19.028412717580686,24.72791990845365
19.028412717580686,24.330279871881118
19.42605275415322,23.534999798736052
19.028412717580686,22.872266404448496
19.95623946958326,22.474626367875963
19.42605275415322,23.711728703879402
19.09468605700944,24.462826550738633
19.82369279072575,25.258106623883698
20.088786148440768,24.860466587311166
20.088786148440768,24.72791990845365
20.221332827298284,24.19773319302361
20.79570176901416,23.534999798736052
21.01661290044335,23.468726459307298
20.4864261850133,24.0651865141661
20.088786148440768,24.59537322959614
21.01661290044335,24.661646569024896
20.4864261850133,25.390653302741207
21.01661290044335,26.583573412458804
20.4864261850133,26.119660036457518
21.856075199874248,25.78829333931374
21.281706258158366,25.324379963312452
20.751519542728325,24.72791990845365
20.353879506155792,24.19773319302361
22.60717304673348,23.667546477593568
23.13735976216352,25.390653302741207
22.342079689018455,24.72791990845365
21.811892973588414,24.19773319302361
21.281706258158366,25.65574666045623
21.01661290044335,25.125559945026183
20.353879506155792,24.72791990845365
19.691146111868235,26.892848996459662
19.205141622724028,26.31848005474378
19.95623946958326,25.78829333931374
19.492326093581973,25.258106623883698
19.42605275415322,27.643946843318894
18.763319359865662,27.113760127888845
18.498226002150638,26.583573412458804
18.100585965578105,25.920840018171248
17.437852571290556,25.65574666045623
17.17275921357553,26.119660036457518
16.775119177003,26.64984675188756
16.311205801001712,26.451026733601296
15.781019085571664,25.854566678742493
15.184559030712869,26.31848005474378
14.521825636425312,27.180033467317607
13.859092242137756,26.716120091316313
13.328905526707715,27.643946843318894
12.666172132420158,27.113760127888845
12.268532095847625,26.451026733601296
11.804618719846339,25.854566678742493
11.274432004416298,26.384753394172535
11.208158664987543,26.84866677017383
11.075611986130028,27.643946843318894
10.81051862841501,27.180033467317607
10.280331912984963,26.64984675188756
10.147785234127454,26.053386697028763
10.677971949557495,25.65574666045623
11.208158664987543,26.981213449031337
10.545425270699987,27.710220182747648
10.0815118946987,27.643946843318894
10.015238555269946,26.981213449031337
9.750145197554922,26.185933375886272
9.352505160982389,25.78829333931374
8.954865124409856,26.583573412458804
10.015238555269946,26.185933375886272
9.485051839839898,27.113760127888845
9.219958482124873,27.511400164461378
8.954865124409856,26.914940109602583
9.926874102698264,27.37885348560387
9.352505160982389,28.24040689817769
8.954865124409856,27.776493522176402
11.208158664987543,28.770593613607737
10.677971949557495,28.903140292465245
10.147785234127454,28.969413631894
9.617598518697413,29.83096704446782
9.087411803267365,29.367053668466532
9.219958482124873,30.294880420469113
9.926874102698264,30.957613814756662
10.147785234127454,31.222707172471686
10.147785234127454,31.686620548472973
10.147785234127454,32.15053392447426
10.147785234127454,31.62034720904422
10.147785234127454,31.222707172471686
9.617598518697413,33.52018293933521
9.087411803267365,32.945813997619325
9.087411803267365,32.415627282189284
9.352505160982389,31.885440566759243
8.954865124409856,31.355253851329195
10.015238555269946,35.33165421705452
10.677971949557495,34.867740841053234
11.208158664987543,34.27128078619444
10.545425270699987,34.4701008044807
10.0815118946987,34.40382746505195
10.147785234127454,34.40382746505195
10.147785234127454,34.40382746505195
10.147785234127454,36.39202764791461
10.94306530727252,35.86184093248457
10.412878591842478,35.33165421705452
10.81051862841501,34.80146750162448
10.280331912984963,40.898614729069976
11.208158664987543,40.30215467421118
10.677971949557495,39.838241298209894
10.677971949557495,39.308054582779846
10.147785234127454,38.77786786734981
11.47325202270256,38.247681151919764
10.94306530727252,37.717494436489716
12.135985416990117,37.187307721059675
12.401078774705141,43.85882389022106
12.53362545356265,43.28445494850518
13.107994395278524,42.75426823307514
13.461452205565223,42.22408151764509
13.328905526707715,41.69389480221505
12.864992150706428,46.244664109656256
12.467352114133895,45.670295167940374
13.107994395278524,45.14010845251033
13.328905526707715,44.609921737080285
12.798718811277674,45.9353885256554
12.401078774705141,45.53774848908286
13.328905526707715,46.33302856222792
12.798718811277674,45.73656850736913
13.328905526707715,45.27265513136784
12.798718811277674,44.87501509479531
12.467352114133895,44.477375058222776
13.196358847850206,45.9353885256554
13.461452205565223,45.40520181022535
13.461452205565223,47.52594867194553
13.395178866136469,46.99576195651548
13.328905526707715,46.46557524108544
12.666172132420158,46.200481883370415
12.401078774705141,45.670295167940374
11.870892059275093,45.00756177365282
11.340705343845052,44.34482837936527
11.738345380417584,43.81464166393522
12.268532095847625,43.5495483062202
11.605798701560076,44.079735021650244
11.141885325558782,43.5495483062202
11.208158664987543,42.886814911932646
11.208158664987543,42.22408151764509
11.208158664987543,41.69389480221505
11.208158664987543,41.03116140792749
11.208158664987543,40.43470135306869
10.677971949557495,39.9707879770674
10.147785234127454,41.49507478392878
11.738345380417584,40.898614729069976
11.274432004416298,40.36842801363994
10.677971949557495,42.02526149935882
12.135985416990117,41.95898815993007
11.47325202270256,41.296254765642516
10.81051862841501,40.63352137135496
10.214058573556208,39.9707879770674
10.147785234127454,39.308054582779846
10.015238555269946,38.77786786734981
9.750145197554922,38.115134473062255
9.352505160982389,37.85004111534723
10.015238555269946,37.4524010787747
9.352505160982389,36.92221436334465
10.147785234127454,36.2594809690571
9.617598518697413,35.99438761134208
9.15368514269612,35.596747574769545
9.88269187641243,35.0665608593395
9.352505160982389,34.40382746505195
9.88269187641243,34.13873410733692
9.219958482124873,33.74109407076439
8.557225087837324,33.21090735533435
8.027038372407276,32.54817396104679
8.601407314123158,32.283080603331776
8.822318445552341,31.885440566759243
8.2921317301223,31.355253851329195
7.894491693549767,30.692520457041645
8.866500671838182,30.42742709932662
8.2921317301223,30.02978706275409
9.087411803267365,29.764693705039065
9.087411803267365,29.234506989609024
9.352505160982389,28.770593613607737
8.954865124409856,28.174133558748935
10.015238555269946,27.511400164461378
10.677971949557495,26.84866677017383
11.208158664987543,26.185933375886272
11.208158664987543,25.390653302741207
11.208158664987543,24.860466587311166
11.075611986130028,24.462826550738633
11.274432004416298,23.99891317473734
10.677971949557495,23.468726459307298
10.147785234127454,23.269906441021035
8.557225087837324,22.60717304673348
8.027038372407276,21.944439652445922
7.364304978119726,21.347979597587127
5.6411981529720805,21.811892973588414
5.243558116399548,22.209533010160946
4.580824722111998,22.07698633130343
4.183184685539466,21.613072955302144
,21.21543291872961
,21.944439652445922
,21.41425293701588
,21.811892973588414
,21.41425293701588
,22.916448630734337
,22.342079689018455
,24.19773319302361
,23.733819817022322
,23.667546477593568
,23.269906441021035
,22.872266404448496
,22.2758063495897
,22.209533010160946
,22.2758063495897
,22.872266404448496
,22.474626367875963
,23.733819817022322
,23.269906441021035
,24.19773319302361
,23.534999798736052
,22.872266404448496
,22.474626367875963
,22.07698633130343
,21.613072955302144
,21.281706258158366
,21.944439652445922
,22.209533010160946
,22.209533010160946
,22.209533010160946
,22.07698633130343
,21.613072955302144
,20.884066221585833
,20.353879506155792
,22.143259670732192
,21.54679961587339
,21.01661290044335
,22.60717304673348
,23.269906441021035
,23.667546477593568
,24.19773319302361
,23.932639835308585
,23.534999798736052
,23.13735976216352
,22.60717304673348
,22.143259670732192
,21.54679961587339
,21.149159579300857
,22.673446386162233
,22.07698633130343
,23.269906441021035
,23.00481308330601
,22.540899707304725
,23.269906441021035
,23.00481308330601
,22.342079689018455
,21.679346294730898
,21.149159579300857
,22.143259670732192
,21.679346294730898
,22.60717304673348
,23.13735976216352
,22.673446386162233
,23.00481308330601
,22.474626367875963
,22.872266404448496
,22.40835302844721
,22.143259670732192
,21.613072955302144
,21.281706258158366
,21.944439652445922
,21.811892973588414
,21.347979597587127
,21.149159579300857
,20.618972863870816
,20.088786148440768
,19.95623946958326
,19.492326093581973
,18.89586603872317
,18.36567932329313
,17.968039286720597
,18.630772681008153
,19.492326093581973
,19.028412717580686
,20.022512809012014
,19.82369279072575
,19.160959396438194
,19.028412717580686
,18.630772681008153
,18.100585965578105
,17.63667258957682
,17.084394761003857
,17.835492607863088
,17.570399250148064
,17.040212534718023
,16.510025819287975
,15.847292425000418
,15.582199067285401
,15.317105709570377
,14.742736767854502
,15.515925727856647
,15.052012351855353
,15.515925727856647
,15.052012351855353
,14.588098975854066
,14.256732278710288
,13.726545563280247
,13.328905526707715
,12.864992150706428
,12.401078774705141
,12.798718811277674
,13.395178866136469
,13.328905526707715
,12.666172132420158
,12.003438738132608
,11.539525362131315
,11.340705343845052
,11.075611986130028
,10.501243044414153
,12.069712077561363
,11.47325202270256
,10.94306530727252
,12.53362545356265
,13.328905526707715
,12.931265490135182
,12.53362545356265
,12.003438738132608
,11.539525362131315
,11.47325202270256
,12.003438738132608
,11.47325202270256
,11.075611986130028
,10.677971949557495
,10.147785234127454
,9.485051839839898
,8.822318445552341
,8.424678408979808
,7.761945014692259
,7.231758299262211
,6.436478226117146
,5.906291510687105
,5.508651474114572
,5.1110114375420395
,4.580824722111998
