Y(hoy),Y(ayer)
2.3275311815343116,2.725171218106837
2.0624378238192946,3.255357933536885
1.664797787246755,2.8577178969643597
1.3334310901029767,2.3938045209630587
1.2671577506742295,2.3275311815343116
1.2008844112454682,2.3275311815343116
1.1346110718167068,2.194984502676803
0.6044243563866729,1.7973444661042635
0.20678431981413326,1.3334310901029767
0.20678431981413326,1.2671577506742295
0.20678431981413326,1.2671577506742295
0.07423764095662477,0.8695177141016899
-0.1908557167583922,0.33933099867164174
-0.654769092759679,0.20678431981413326
-0.8535891110459488,0.20678431981413326
-0.8535891110459488,0.20678431981413326
-0.8535891110459488,0.14051098038538612
-0.8535891110459488,-0.45594907447342337
-0.8535891110459488,-0.1908557167583922
-0.9198624504747102,0.20678431981413326
-1.2512291476184885,-0.1908557167583922
-1.7372336367626815,-0.654769092759679
-1.1849558081897271,-0.8535891110459488
-1.648869184191014,-0.8535891110459488
-1.1849558081897271,-0.8535891110459488
-1.7151425236197753,-0.8535891110459488
-2.1127825601923007,-0.8535891110459488
-2.0465092207635536,-0.8535891110459488
-2.0465092207635536,-0.8535891110459488
-2.0465092207635536,-0.8535891110459488
-2.0465092207635536,-0.8535891110459488
-2.0465092207635536,-0.9198624504747102
-2.0465092207635536,-1.2512291476184885
-2.1127825601923007,-1.7814158630485224
-2.1127825601923007,-1.913962541906045
-2.0465092207635536,-1.450049165904744
-1.648869184191014,-1.11868246876098
-1.11868246876098,-1.7151425236197753
-1.913962541906045,-1.913962541906045
-1.383775826475997,-1.2512291476184885
-1.11868246876098,-0.8535891110459488
-0.8535891110459488,-0.8535891110459488
-0.8535891110459488,-0.8535891110459488
-0.7210424321884403,-0.8535891110459488
-0.05830903790088371,-0.8535891110459488
0.6044243563866729,-0.7210424321884403
1.1346110718167068,-0.1908557167583922
1.399704429531738,0.20678431981413326
2.0624378238192946,0.2730576592428946
2.46007786039182,0.8695177141016899
2.46007786039182,0.47187767752916443
2.46007786039182,1.399704429531738
3.0565379152506154,2.2612578421055503
4.580824722111998,1.7973444661042635
4.183184685539466,2.5263511998205814
5.508651474114572,3.0565379152506154
4.978464758684531,3.5204512912519093
6.171384868402129,4.183184685539466
6.834118262689678,4.05063800668195
7.496851656977235,3.5867246306806635
8.159585051264791,3.5867246306806635
8.822318445552341,3.6529979701094177
10.280331912984963,5.1110114375420395
9.617598518697413,4.580824722111998
9.219958482124873,5.972564850115859
11.075611986130028,5.508651474114572
12.268532095847625,6.436478226117146
11.738345380417584,7.298031638690972
13.593998884422739,6.834118262689678
13.06381216899269,7.761945014692259
15.052012351855353,8.2921317301223
14.389278957567804,9.352505160982389
16.244932461572958,8.822318445552341
15.71474574614291,10.412878591842478
17.437852571290556,9.88269187641243
16.775119177003,11.870892059275093
18.498226002150638,11.208158664987543
19.95623946958326,10.81051862841501
19.42605275415322,13.196358847850206
19.028412717580686,12.53362545356265
19.028412717580686,14.455552296996558
19.558599433010727,13.859092242137756
38.247681151919764,15.449652388427886
37.717494436489716,14.919465672997845
39.308054582779846,16.775119177003
38.91041454620732,16.244932461572958
44.477375058222776,15.847292425000418
43.94718834279273,17.570399250148064
45.20638179193909,17.17275921357553
46.46557524108544,17.968039286720597
45.9353885256554,18.498226002150638
45.27265513136784,18.89586603872317
43.81464166393522,19.95623946958326
43.28445494850518,20.088786148440768
42.62172155421762,21.54679961587339
39.838241298209894,21.01661290044335
39.308054582779846,23.402453119878544
38.77786786734981,23.00481308330601
38.31395449134852,25.258106623883698
37.78376777591848,24.860466587311166
38.048861133633494,27.113760127888845
37.58494775763221,28.174133558748935
38.6453211884923,30.02978706275409
39.308054582779846,29.49960034732404
39.9707879770674,31.885440566759243
40.6777035976408,31.355253851329195
39.639421279923624,33.21090735533435
39.04296122506483,32.81326731876182
38.51277450963478,34.66892082276697
37.58494775763221,34.13873410733692
37.187307721059675,36.39202764791461
36.657121005629634,35.86184093248457
36.19320762962835,37.98258779420474
35.596747574769545,37.58494775763221
35.53047423534079,39.308054582779846
34.93401418048199,38.77786786734981
34.40382746505195,38.38022783077727
33.60854739190688,40.898614729069976
33.34345403419186,40.36842801363994
32.81326731876182,42.75426823307514
32.283080603331776,42.22408151764509
32.283080603331776,45.40520181022535
32.283080603331776,44.87501509479531
32.15053392447426,44.34482837936527
31.48780053018671,43.94718834279273
30.825067135899154,46.33302856222792
30.294880420469113,45.86911518622664
29.49960034732404,45.53774848908286
28.83686695303649,45.27265513136784
28.306680237606443,44.74246841593779
27.953222427319744,44.079735021650244
27.511400164461378,43.5495483062202
28.83686695303649,43.019361590790155
28.174133558748935,42.48917487536011
28.83686695303649,41.69389480221505
28.571773595321467,41.03116140792749
28.174133558748935,40.36842801363994
27.776493522176402,40.96488806849874
28.83686695303649,40.50097469249745
28.306680237606443,41.03116140792749
28.969413631894,40.63352137135496
28.969413631894,40.16960799535367
28.969413631894,39.9707879770674
28.969413631894,40.43470135306869
29.035686971322754,40.898614729069976
29.367053668466532,41.49507478392878
29.764693705039065,41.82644148107256
29.49960034732404,41.16370808678501
28.969413631894,40.037061316496164
30.42742709932662,39.838241298209894
30.825067135899154,39.44060126163736
30.692520457041645,39.04296122506483
30.162333741611597,38.51277450963478
31.090160493614178,37.98258779420474
30.55997377818413,37.85004111534723
30.339062646754947,37.717494436489716
29.89724038389658,37.25358106048843
31.090160493614178,36.657121005629634
31.222707172471686,35.99438761134208
29.89724038389658,35.39792755648328
29.89724038389658,34.867740841053234
30.294880420469113,34.13873410733692
29.764693705039065,33.47600071304937
29.234506989609024,32.945813997619325
28.83686695303649,32.415627282189284
30.02978706275409,31.62034720904422
29.632147026181556,31.222707172471686
29.89724038389658,31.156433833042932
29.632147026181556,30.825067135899154
29.234506989609024,30.42742709932662
28.83686695303649,30.02978706275409
29.89724038389658,29.49960034732404
31.222707172471686,28.704320274178976
31.156433833042932,28.174133558748935
30.162333741611597,27.511400164461378
29.89724038389658,27.04748678846009
30.02978706275409,27.710220182747648
30.02978706275409,27.511400164461378
30.073969289039923,26.937031222745503
30.957613814756662,27.710220182747648
30.294880420469113,27.24630680674636
31.62034720904422,27.776493522176402
33.21090735533435,27.37885348560387
32.68072063990431,26.914940109602583
32.01798724561675,26.716120091316313
32.415627282189284,27.776493522176402
32.81326731876182,27.113760127888845
31.885440566759243,28.43922691646396
31.355253851329195,29.632147026181556
34.27128078619444,29.101960310751508
33.74109407076439,29.49960034732404
32.283080603331776,28.969413631894
34.735194162195725,28.505500255892713
35.33165421705452,27.90904020103391
34.93401418048199,28.43922691646396
34.536374143909455,28.83686695303649
34.006187428479414,28.704320274178976
33.52018293933521,28.24040689817769
34.536374143909455,27.776493522176402
34.006187428479414,28.704320274178976
35.99438761134208,28.174133558748935
35.0665608593395,29.89724038389658
37.85004111534723,29.632147026181556
42.48917487536011,29.16823365018027
44.12391724793608,30.02978706275409
43.5495483062202,29.632147026181556
44.34482837936527,30.42742709932662
43.68209498507771,31.090160493614178
43.019361590790155,30.957613814756662
42.3566281965026,30.42742709932662
41.89271482050131,30.162333741611597
41.428801444500024,30.7587937964704
41.03116140792749,30.162333741611597
42.75426823307514,30.957613814756662
42.29035485707385,30.294880420469113
44.34482837936527,31.885440566759243
43.81464166393522,31.42152719075795
43.28445494850518,31.090160493614178
42.9530882513614,30.55997377818413
42.48917487536011,30.162333741611597
42.09153483878758,30.825067135899154
43.35072828793393,31.090160493614178
43.28445494850518,30.42742709932662
42.75426823307514,30.162333741611597
42.22408151764509,30.891340475327908
42.09153483878758,30.361153759897867
41.82644148107256,30.55997377818413
41.428801444500024,31.156433833042932
43.019361590790155,31.222707172471686
42.42290153593136,31.222707172471686
42.22408151764509,31.28898051190044
41.69389480221505,31.885440566759243
41.16370808678501,31.48780053018671
40.50097469249745,32.283080603331776
39.838241298209894,32.54817396104679
39.17550790392234,33.2771806947631
38.51277450963478,33.34345403419186
37.98258779420474,32.81326731876182
37.4524010787747,32.415627282189284
35.33165421705452,33.07836067647684
34.867740841053234,33.60854739190688
35.596747574769545,34.27128078619444
35.26538087762577,34.536374143909455
34.80146750162448,35.19910753819701
34.13873410733692,34.80146750162448
33.47600071304937,35.33165421705452
32.945813997619325,35.86184093248457
32.415627282189284,39.04296122506483
31.885440566759243,38.51277450963478
31.222707172471686,37.98258779420474
30.957613814756662,37.58494775763221
31.134342719900012,41.428801444500024
32.01798724561675,40.76606805021247
31.355253851329195,42.55544821478887
32.15053392447426,43.019361590790155
31.62034720904422,42.3566281965026
31.090160493614178,41.95898815993007
30.55997377818413,41.428801444500024
30.02978706275409,40.898614729069976
30.294880420469113,40.36842801363994
29.89724038389658,39.705694619352386
30.825067135899154,39.44060126163736
30.825067135899154,38.976687885636075
30.22860708104035,40.43470135306869
32.283080603331776,39.838241298209894
31.62034720904422,39.308054582779846
31.222707172471686,38.91041454620732
32.98999622390516,41.95898815993007
33.21090735533435,41.49507478392878
32.54817396104679,40.898614729069976
32.283080603331776,41.56134812335753
31.752893887901728,41.03116140792749
31.48780053018671,42.3566281965026
31.090160493614178,43.019361590790155
30.294880420469113,42.48917487536011
29.764693705039065,41.95898815993007
29.367053668466532,41.296254765642516
30.339062646754947,40.63352137135496
29.764693705039065,39.9707879770674
31.62034720904422,39.308054582779846
31.090160493614178,38.91041454620732
32.945813997619325,39.705694619352386
32.415627282189284,39.1313256776365
33.21090735533435,39.882423524495735
32.54817396104679,41.20789031307084
32.283080603331776,40.63352137135496
31.885440566759243,41.95898815993007
31.42152719075795,40.63352137135496
31.090160493614178,39.9707879770674
31.156433833042932,39.44060126163736
30.692520457041645,39.04296122506483
29.89724038389658,38.57904784906354
32.15053392447426,38.115134473062255
31.62034720904422,37.717494436489716
32.15053392447426,37.187307721059675
31.686620548472973,35.596747574769545
31.222707172471686,35.0665608593395
30.825067135899154,34.536374143909455
30.02978706275409,34.006187428479414
31.090160493614178,33.40972737362062
32.68072063990431,33.34345403419186
31.62034720904422,33.2771806947631
31.222707172471686,32.68072063990431
33.34345403419186,31.885440566759243
33.07836067647684,31.355253851329195
32.81326731876182,30.825067135899154
32.283080603331776,30.162333741611597
31.62034720904422,29.764693705039065
31.156433833042932,29.234506989609024
31.355253851329195,28.903140292465245
30.957613814756662,29.49960034732404
31.951713906187997,29.963513723325335
32.61444730047555,29.764693705039065
33.21090735533435,29.234506989609024
32.81326731876182,28.770593613607737
33.21090735533435,28.306680237606443
32.74699397933306,27.842766861605156
32.283080603331776,27.776493522176402
31.752893887901728,29.54378257360988
33.01208733704808,28.969413631894
32.54817396104679,28.43922691646396
33.47600071304937,28.041586879891426
34.33755412562319,30.957613814756662
33.873640749621906,30.294880420469113
33.47600071304937,31.222707172471686
32.945813997619325,30.825067135899154
32.415627282189284,30.42742709932662
33.21090735533435,29.764693705039065
32.74699397933306,29.101960310751508
32.34935394276053,29.300780329037778
32.15053392447426,28.83686695303649
31.62034720904422,30.294880420469113
30.957613814756662,29.764693705039065
30.294880420469113,31.156433833042932
29.49960034732404,30.692520457041645
28.969413631894,31.222707172471686
29.367053668466532,30.55997377818413
28.83686695303649,29.89724038389658
30.02978706275409,29.234506989609024
30.692520457041645,30.294880420469113
31.156433833042932,29.764693705039065
30.7587937964704,30.825067135899154
30.294880420469113,30.294880420469113
29.367053668466532,30.957613814756662
28.83686695303649,31.090160493614178
28.041586879891426,30.692520457041645
27.37885348560387,30.162333741611597
26.84866677017383,30.825067135899154
26.981213449031337,30.55997377818413
27.643946843318894,30.162333741611597
26.981213449031337,31.885440566759243
26.451026733601296,32.283080603331776
24.462826550738633,34.050369654765255
23.932639835308585,33.47600071304937
23.534999798736052,32.81326731876182
23.13735976216352,33.74109407076439
21.347979597587127,33.21090735533435
22.40835302844721,32.74699397933306
21.944439652445922,32.283080603331776
23.269906441021035,32.283080603331776
22.739719725590987,32.283080603331776
22.60717304673348,32.283080603331776
21.944439652445922,32.15053392447426
21.281706258158366,31.752893887901728
20.751519542728325,31.222707172471686
20.221332827298284,31.48780053018671
19.691146111868235,32.15053392447426
19.293506075295703,32.48190062161804
18.498226002150638,33.47600071304937
17.835492607863088,32.945813997619325
17.239032553004286,34.27128078619444
14.389278957567804,33.74109407076439
13.925365581566517,32.945813997619325
13.328905526707715,32.415627282189284
12.666172132420158,31.885440566759243
12.401078774705141,31.28898051190044
12.268532095847625,31.222707172471686
11.208158664987543,31.42152719075795
10.545425270699987,31.885440566759243
10.280331912984963,31.62034720904422
9.88269187641243,31.222707172471686
9.352505160982389,30.825067135899154
8.424678408979808,30.42742709932662
7.894491693549767,30.02978706275409
7.761945014692259,29.632147026181556
7.1654849598334565,29.234506989609024
6.767844923260924,28.571773595321467
6.237658207830883,28.306680237606443
5.773744831829596,27.842766861605156
5.773744831829596,28.24040689817769
,27.776493522176402
,28.704320274178976
,29.764693705039065
,29.234506989609024
,30.692520457041645
,30.294880420469113
,30.02978706275409
,29.367053668466532
,28.704320274178976
,28.174133558748935
,27.37885348560387
,26.84866677017383
,26.185933375886272
,25.920840018171248
,25.523199981598715
,24.993013266168674
,24.59537322959614
,25.854566678742493
,25.390653302741207
,26.31848005474378
,25.258106623883698
,24.19773319302361
,23.667546477593568
,23.13735976216352
,22.474626367875963
,21.281706258158366
,20.618972863870816
,20.088786148440768
,20.751519542728325
,21.41425293701588
,22.07698633130343
,21.679346294730898
,21.281706258158366
,20.751519542728325
,20.221332827298284
,19.691146111868235
,19.09468605700944
,18.630772681008153
,18.100585965578105
,17.30530589243304
,16.841392516431753
,16.64257249814549
,16.244932461572958
,15.582199067285401
,15.052012351855353
,14.256732278710288
,13.859092242137756
,13.461452205565223
,13.06381216899269
,12.53362545356265
,12.069712077561363
,11.539525362131315
,11.406978683273806
,12.003438738132608
,12.864992150706428
,13.196358847850206
,12.53362545356265
,11.47325202270256
,10.94306530727252
,10.479151931271232
,9.88269187641243
,9.418778500411143
,8.954865124409856
,8.557225087837324
,8.027038372407276
,7.496851656977235
,6.9003916021184395
,6.834118262689678
,6.569024904974661
,6.171384868402129
,5.707471492400835
,5.243558116399548
,4.845918079827015
,4.382004703825729
,3.873909101538608
,5.1110114375420395
,4.580824722111998
,4.05063800668195
