Y(hoy),Y(ayer)
12.33480543527638,8.954865124409856
11.738345380417584,8.557225087837324
11.274432004416298,7.960765032978522
11.47325202270256,7.894491693549767
11.075611986130028,7.761945014692259
12.135985416990117,7.298031638690972
12.401078774705141,6.966664941547194
12.33480543527638,7.629398335834743
12.268532095847625,7.496851656977235
11.605798701560076,7.032938280975948
11.208158664987543,7.761945014692259
11.274432004416298,7.364304978119726
11.738345380417584,7.231758299262211
12.268532095847625,6.834118262689678
11.738345380417584,6.436478226117146
11.075611986130028,5.84001817125835
10.81051862841501,5.773744831829596
10.412878591842478,5.773744831829596
9.88269187641243,5.3761047952570635
9.352505160982389,4.91219141925577
9.02113846383861,4.713371400969507
9.617598518697413,4.713371400969507
9.087411803267365,4.183184685539466
10.147785234127454,3.5867246306806635
10.147785234127454,3.5204512912519093
10.015238555269946,3.5204512912519093
9.750145197554922,3.5204512912519093
9.219958482124873,3.255357933536885
9.087411803267365,2.7914445575355984
9.617598518697413,2.3275311815343116
10.015238555269946,1.7973444661042635
9.352505160982389,1.2671577506742295
8.689771766694832,1.929891144961772
8.093311711836037,2.3275311815343116
7.761945014692259,2.194984502676803
7.298031638690972,1.7310711266755163
6.9003916021184395,1.399704429531738
7.099211620404702,2.0624378238192946
7.761945014692259,1.929891144961772
7.099211620404702,1.4659777689604852
6.834118262689678,1.2671577506742295
6.436478226117146,1.2671577506742295
5.906291510687105,1.2671577506742295
5.6411981529720805,1.2671577506742295
4.978464758684531,1.2671577506742295
4.514551382683237,1.2008844112454682
4.580824722111998,0.8695177141016899
4.1169113461107045,0.4056043381004031
3.5867246306806635,0.8695177141016899
3.5204512912519093,1.2671577506742295
3.5204512912519093,1.2671577506742295
3.5204512912519093,1.2671577506742295
3.5204512912519093,1.2671577506742295
2.990264575821868,0.7369710352441814
2.46007786039182,0.20678431981413326
2.46007786039182,0.20678431981413326
2.46007786039182,0.20678431981413326
2.46007786039182,0.20678431981413326
2.0182555975334537,0.20678431981413326
1.5985244478179936,0.20678431981413326
1.2671577506742295,0.20678431981413326
1.2671577506742295,0.20678431981413326
1.2671577506742295,0.20678431981413326
1.2671577506742295,0.20678431981413326
1.2008844112454682,0.20678431981413326
1.1346110718167068,0.20678431981413326
0.6044243563866729,0.20678431981413326
1.1346110718167068,0.20678431981413326
0.6044243563866729,0.20678431981413326
1.1346110718167068,0.20678431981413326
0.67069769581542,0.7369710352441814
0.47187767752916443,1.2671577506742295
0.5381510169579116,1.2671577506742295
1.2008844112454682,1.2671577506742295
0.7369710352441814,0.6044243563866729
1.2671577506742295,0.8695177141016899
1.0020643929591984,1.2671577506742295
0.6044243563866729,1.2671577506742295
0.47187767752916443,1.2671577506742295
0.9136999403875308,1.2671577506742295
0.47187767752916443,1.2671577506742295
1.2671577506742295,1.664797787246755
0.20678431981413326,2.2612578421055503
0.6486065826724996,2.0624378238192946
1.0020643929591984,1.5985244478179936
1.2671577506742295,2.2612578421055503
1.0020643929591984,1.7973444661042635
1.2671577506742295,2.3275311815343116
1.2671577506742295,2.725171218106837
1.2671577506742295,3.3879046123944008
1.2671577506742295,3.5204512912519093
1.4659777689604852,3.5867246306806635
1.9961644843905333,3.5867246306806635
2.3938045209630587,3.6529979701094177
2.504260086677661,4.315731364396974
2.990264575821868,3.8518179883956876
2.5926245392493286,4.315731364396974
2.990264575821868,4.713371400969507
2.46007786039182,5.508651474114572
2.5263511998205814,4.978464758684531
3.0565379152506154,5.773744831829596
3.918091327824442,5.773744831829596
4.448278043254483,6.171384868402129
3.454177951823155,6.569024904974661
4.183184685539466,5.972564850115859
3.6529979701094177,6.70157158383217
4.580824722111998,6.237658207830883
4.647098061540753,6.171384868402129
5.155193663827873,5.773744831829596
5.3761047952570635,5.773744831829596
4.91219141925577,5.773744831829596
4.514551382683237,5.773744831829596
4.580824722111998,5.84001817125835
4.580824722111998,7.298031638690972
4.580824722111998,6.70157158383217
4.05063800668195,6.171384868402129
3.6529979701094177,7.828218354121013
4.359913590682808,8.358405069551054
4.580824722111998,7.894491693549767
4.580824722111998,8.822318445552341
4.580824722111998,8.358405069551054
4.91219141925577,7.960765032978522
4.448278043254483,8.888591784981102
5.508651474114572,8.424678408979808
5.950473736972938,8.954865124409856
6.70157158383217,8.954865124409856
6.237658207830883,9.087411803267365
5.84001817125835,9.948965215841184
5.773744831829596,9.485051839839898
5.84001817125835,10.280331912984963
6.480660452402979,10.94306530727252
5.906291510687105,11.340705343845052
6.70157158383217,12.047620964418442
6.171384868402129,11.605798701560076
5.773744831829596,11.738345380417584
6.70157158383217,11.340705343845052
6.171384868402129,12.33480543527638
6.966664941547194,13.395178866136469
7.629398335834743,12.798718811277674
7.894491693549767,13.461452205565223
8.071220598693117,13.461452205565223
8.954865124409856,13.461452205565223
8.424678408979808,13.859092242137756
9.087411803267365,14.455552296996558
9.418778500411143,14.65437231528282
8.954865124409856,15.184559030712869
10.015238555269946,15.648472406714156
10.214058573556208,16.311205801001712
10.74424528898625,15.847292425000418
11.208158664987543,16.841392516431753
11.208158664987543,17.437852571290556
12.268532095847625,17.17275921357553
11.738345380417584,16.907665855860508
11.340705343845052,17.570399250148064
13.328905526707715,18.431952662721883
12.798718811277674,17.968039286720597
13.06381216899269,18.962139378151925
12.53362545356265,20.000421695869093
14.12418559985278,19.42605275415322
13.593998884422739,19.028412717580686
14.698554541568662,21.856075199874248
15.449652388427886,21.281706258158366
15.052012351855353,20.751519542728325
15.184559030712869,21.54679961587339
14.65437231528282,21.21543291872961
16.289114687858792,21.944439652445922
15.71474574614291,21.41425293701588
15.317105709570377,22.209533010160946
17.614581476433898,22.40835302844721
17.040212534718023,23.468726459307298
17.835492607863088,22.872266404448496
18.100585965578105,24.529099890167387
17.702945929005573,23.932639835308585
19.691146111868235,24.993013266168674
19.160959396438194,25.58947332102747
18.630772681008153,25.65574666045623
19.95623946958326,26.119660036457518
19.42605275415322,25.65574666045623
19.028412717580686,26.64984675188756
19.95623946958326,26.716120091316313
19.492326093581973,26.84866677017383
19.42605275415322,27.643946843318894
19.028412717580686,27.180033467317607
20.353879506155792,26.64984675188756
19.691146111868235,26.053386697028763
21.01661290044335,25.65574666045623
21.281706258158366,26.64984675188756
21.811892973588414,26.583573412458804
22.07698633130343,26.053386697028763
21.54679961587339,25.65574666045623
20.884066221585833,26.64984675188756
20.353879506155792,27.710220182747648
19.82369279072575,27.113760127888845
19.293506075295703,27.776493522176402
21.811892973588414,27.776493522176402
21.21543291872961,28.770593613607737
20.751519542728325,28.174133558748935
20.221332827298284,29.89724038389658
19.691146111868235,29.234506989609024
19.160959396438194,29.89724038389658
22.60717304673348,29.300780329037778
23.13735976216352,29.764693705039065
22.342079689018455,29.300780329037778
21.811892973588414,28.969413631894
21.21543291872961,28.306680237606443
22.651355273019313,28.041586879891426
23.402453119878544,28.770593613607737
23.269906441021035,28.571773595321467
23.00481308330601,28.24040689817769
22.60717304673348,28.704320274178976
23.402453119878544,30.162333741611597
22.872266404448496,29.49960034732404
23.534999798736052,29.101960310751508
24.19773319302361,30.825067135899154
24.19773319302361,30.361153759897867
23.534999798736052,29.89724038389658
25.523199981598715,29.49960034732404
24.993013266168674,29.035686971322754
24.462826550738633,29.49960034732404
24.993013266168674,30.825067135899154
24.529099890167387,30.42742709932662
25.258106623883698,30.02978706275409
24.794193247882404,29.49960034732404
24.330279871881118,28.969413631894
26.362662281029614,28.43922691646396
25.78829333931374,27.975313540462672
26.84866677017383,28.83686695303649
27.423035711889703,28.704320274178976
27.776493522176402,28.306680237606443
27.776493522176402,27.643946843318894
27.90904020103391,27.113760127888845
28.483409142749792,27.776493522176402
28.969413631894,27.643946843318894
28.63804693475022,27.24630680674636
28.174133558748935,26.583573412458804
28.43922691646396,26.053386697028763
28.041586879891426,25.523199981598715
30.825067135899154,24.72791990845365
28.83686695303649,25.523199981598715
32.15053392447426,25.523199981598715
31.62034720904422,25.05928660559743
31.222707172471686,24.462826550738633
30.294880420469113,23.99891317473734
29.764693705039065,23.468726459307298
29.101960310751508,23.13735976216352
28.43922691646396,22.60717304673348
27.90904020103391,21.54679961587339
27.113760127888845,20.81779288215708
26.451026733601296,20.221332827298284
25.78829333931374,19.691146111868235
26.31848005474378,19.22723273586695
27.113760127888845,18.962139378151925
25.78829333931374,18.431952662721883
25.390653302741207,17.968039286720597
24.19773319302361,17.570399250148064
23.667546477593568,17.106485874146777
23.269906441021035,16.57629915871673
24.72791990845365,16.112385782715442
24.264006532452363,15.71474574614291
25.258106623883698,15.250832370141623
24.19773319302361,14.742736767854502
23.667546477593568,15.515925727856647
23.13735976216352,15.052012351855353
22.60717304673348,15.582199067285401
22.2758063495897,15.847292425000418
22.342079689018455,16.244932461572958
21.679346294730898,17.106485874146777
21.149159579300857,17.702945929005573
24.19773319302361,17.835492607863088
23.534999798736052,17.437852571290556
23.071086422734766,17.106485874146777
22.60717304673348,17.63667258957682
25.523199981598715,18.16685930500686
24.993013266168674,18.630772681008153
24.462826550738633,19.028412717580686
23.932639835308585,19.42605275415322
23.402453119878544,20.79570176901416
22.739719725590987,20.353879506155792
22.209533010160946,19.82369279072575
21.944439652445922,19.293506075295703
21.370070710730047,19.028412717580686
22.07698633130343,20.751519542728325
21.54679961587339,20.221332827298284
21.01661290044335,21.944439652445922
20.552699524442062,21.41425293701588
19.95623946958326,21.811892973588414
19.293506075295703,21.41425293701588
19.028412717580686,22.07698633130343
18.498226002150638,22.209533010160946
18.100585965578105,22.474626367875963
17.835492607863088,23.667546477593568
17.30530589243304,23.269906441021035
16.510025819287975,24.462826550738633
15.979839103857934,24.59537322959614
15.582199067285401,25.523199981598715
16.64257249814549,26.583573412458804
15.979839103857934,26.185933375886272
16.775119177003,24.993013266168674
16.311205801001712,24.462826550738633
16.775119177003,23.667546477593568
16.841392516431753,24.330279871881118
18.100585965578105,24.59537322959614
17.570399250148064,25.125559945026183
18.763319359865662,24.860466587311166
19.028412717580686,25.258106623883698
18.36567932329313,25.920840018171248
18.630772681008153,26.31848005474378
18.100585965578105,25.65574666045623
19.160959396438194,25.65574666045623
19.95623946958326,25.258106623883698
20.618972863870816,24.72791990845365
21.01661290044335,24.264006532452363
20.4864261850133,23.534999798736052
20.088786148440768,23.402453119878544
21.01661290044335,23.00481308330601
20.618972863870816,22.474626367875963
21.944439652445922,23.534999798736052
22.872266404448496,22.872266404448496
23.269906441021035,24.330279871881118
22.739719725590987,24.330279871881118
23.932639835308585,23.667546477593568
23.534999798736052,23.402453119878544
26.583573412458804,23.402453119878544
26.053386697028763,23.402453119878544
25.523199981598715,24.0651865141661
24.993013266168674,23.534999798736052
24.59537322959614,25.258106623883698
25.78829333931374,24.59537322959614
25.258106623883698,23.99891317473734
24.860466587311166,23.402453119878544
26.451026733601296,22.872266404448496
26.451026733601296,22.474626367875963
24.772102134739484,24.19773319302361
23.269906441021035,23.667546477593568
25.523199981598715,24.529099890167387
25.65574666045623,23.800093156451076
25.58947332102747,23.13735976216352
24.661646569024896,22.60717304673348
25.258106623883698,24.330279871881118
25.78829333931374,23.667546477593568
26.119660036457518,23.269906441021035
26.583573412458804,24.330279871881118
28.174133558748935,23.733819817022322
27.710220182747648,23.269906441021035
27.113760127888845,22.739719725590987
29.764693705039065,22.474626367875963
29.101960310751508,23.13735976216352
28.571773595321467,22.60717304673348
27.975313540462672,21.944439652445922
28.306680237606443,21.281706258158366
27.37885348560387,22.872266404448496
26.782393430745074,22.342079689018455
29.234506989609024,21.811892973588414
28.704320274178976,22.342079689018455
28.174133558748935,21.811892973588414
29.764693705039065,21.347979597587127
29.764693705039065,20.618972863870816
29.101960310751508,20.221332827298284
28.83686695303649,22.38626191530429
28.83686695303649,21.811892973588414
28.571773595321467,21.281706258158366
28.174133558748935,20.751519542728325
27.643946843318894,23.269906441021035
27.180033467317607,23.402453119878544
26.782393430745074,23.932639835308585
27.511400164461378,25.258106623883698
28.174133558748935,24.794193247882404
28.83686695303649,23.534999798736052
29.49960034732404,23.402453119878544
29.89724038389658,23.667546477593568
29.16823365018027,24.19773319302361
28.704320274178976,23.667546477593568
28.174133558748935,23.13735976216352
27.776493522176402,22.60717304673348
28.704320274178976,21.679346294730898
29.234506989609024,23.13735976216352
29.764693705039065,22.673446386162233
28.969413631894,22.342079689018455
28.43922691646396,21.679346294730898
27.90904020103391,21.41425293701588
29.101960310751508,22.143259670732192
28.43922691646396,22.07698633130343
29.764693705039065,21.613072955302144
29.632147026181556,21.01661290044335
29.101960310751508,20.552699524442062
30.073969289039923,20.088786148440768
29.49960034732404,22.07698633130343
31.39943607761503,21.613072955302144
30.825067135899154,21.149159579300857
32.15053392447426,21.54679961587339
32.15053392447426,21.149159579300857
31.686620548472973,20.751519542728325
31.178524946185853,20.287606166727038
31.090160493614178,20.751519542728325
31.090160493614178,20.353879506155792
30.55997377818413,21.613072955302144
30.096060402182843,21.149159579300857
30.825067135899154,22.07698633130343
30.294880420469113,21.613072955302144
30.825067135899154,21.149159579300857
30.162333741611597,20.751519542728325
29.89724038389658,20.287606166727038
29.49960034732404,20.022512809012014
28.969413631894,19.293506075295703
28.83686695303649,18.630772681008153
28.571773595321467,17.968039286720597
28.041586879891426,17.437852571290556
27.776493522176402,17.084394761003857
27.37885348560387,17.437852571290556
26.716120091316313,16.510025819287975
26.185933375886272,15.847292425000418
25.65574666045623,15.184559030712869
25.05928660559743,14.720645654711582
24.462826550738633,14.521825636425312
23.932639835308585,14.12418559985278
23.269906441021035,13.660272223851493
24.0651865141661,14.12418559985278
25.65574666045623,
23.667546477593568,
23.203633101592274,
22.474626367875963,
22.209533010160946,
22.739719725590987,
22.209533010160946,
23.225724214735195,
22.60717304673348,
22.07698633130343,
21.54679961587339,
21.149159579300857,
21.347979597587127,
21.811892973588414,
20.751519542728325,
20.221332827298284,
21.01661290044335,
20.618972863870816,
21.01661290044335,
20.4864261850133,
19.691146111868235,
19.160959396438194,
19.95623946958326,
19.42605275415322,
18.89586603872317,
18.431952662721883,
17.835492607863088,
17.30530589243304,
16.841392516431753,
17.570399250148064,
17.040212534718023,
17.30530589243304,
16.775119177003,
16.112385782715442,
15.648472406714156,
15.71474574614291,
15.71474574614291,
15.184559030712869,
14.65437231528282,
14.65437231528282,
15.317105709570377,
15.979839103857934,
16.510025819287975,
17.239032553004286,
17.835492607863088,
18.431952662721883,
18.89586603872317,
18.89586603872317,
18.36567932329313,
17.968039286720597,
