Y(hoy),Y(ayer)
-1.1849558081897271,-0.8535891110459488
-1.5163225053335054,-0.8535891110459488
-1.9802358813347922,-0.8535891110459488
-2.179055899621062,-0.8535891110459488
-2.5766959361935875,-1.2512291476184885
-2.974335972766127,-1.648869184191014
-2.5766959361935875,-1.913962541906045
-2.974335972766127,-1.913962541906045
-2.5104225967648404,-1.913962541906045
-2.974335972766127,-1.913962541906045
-2.5104225967648404,-1.913962541906045
-2.5104225967648404,-1.913962541906045
-2.974335972766127,-1.5163225053335054
-2.974335972766127,-0.9198624504747102
-2.5766959361935875,-0.8535891110459488
-2.5766959361935875,-0.8535891110459488
-2.974335972766127,-0.8535891110459488
-2.5766959361935875,-0.05830903790088371
-2.1127825601923007,-0.5884957533309318
-2.0465092207635536,-0.45594907447342337
-2.0465092207635536,-0.8535891110459488
-2.0465092207635536,-0.45594907447342337
-2.0465092207635536,0.14051098038538612
-2.0465092207635536,0.4056043381004031
-1.4721402790476645,1.0020643929591984
-1.913962541906045,0.6044243563866729
-0.9861357899034573,0.20678431981413326
-0.8535891110459488,1.0020643929591984
-0.8535891110459488,0.47187767752916443
-0.8535891110459488,1.2671577506742295
-0.8535891110459488,1.7310711266755163
-0.8535891110459488,2.2612578421055503
-0.45594907447342337,2.3275311815343116
-0.8535891110459488,2.3275311815343116
0.07423764095662477,2.3938045209630587
0.20678431981413326,2.3275311815343116
0.20678431981413326,2.3938045209630587
0.20678431981413326,2.990264575821868
0.20678431981413326,3.454177951823155
0.2730576592428946,3.7855446489669333
1.1346110718167068,4.315731364396974
0.6044243563866729,4.713371400969507
1.2671577506742295,5.508651474114572
1.399704429531738,4.978464758684531
1.9961644843905333,5.773744831829596
2.46007786039182,6.303931547259637
2.46007786039182,6.834118262689678
2.46007786039182,6.767844923260924
2.46007786039182,6.171384868402129
2.1287111632480418,5.773744831829596
1.5322511083892465,5.773744831829596
1.3334310901029767,6.171384868402129
1.2671577506742295,6.767844923260924
1.4659777689604852,6.834118262689678
1.9961644843905333,7.298031638690972
2.46007786039182,6.834118262689678
2.46007786039182,7.828218354121013
2.46007786039182,8.093311711836037
3.299540159822719,8.623498427266078
2.725171218106837,9.087411803267365
3.5204512912519093,9.948965215841184
3.5204512912519093,9.485051839839898
4.05063800668195,11.009338646701273
4.580824722111998,10.412878591842478
4.05063800668195,12.135985416990117
3.5867246306806635,11.47325202270256
4.448278043254483,12.401078774705141
3.7855446489669333,12.401078774705141
4.580824722111998,12.268532095847625
4.05063800668195,11.804618719846339
3.5204512912519093,11.340705343845052
3.5204512912519093,11.340705343845052
3.918091327824442,11.738345380417584
3.3879046123944008,12.33480543527638
4.580824722111998,12.401078774705141
4.580824722111998,12.864992150706428
4.845918079827015,12.401078774705141
4.448278043254483,13.395178866136469
5.508651474114572,13.660272223851493
5.950473736972938,14.12418559985278
5.508651474114572,14.65437231528282
6.70157158383217,15.582199067285401
6.237658207830883,15.052012351855353
6.171384868402129,16.907665855860508
5.773744831829596,16.244932461572958
6.038838189544613,17.570399250148064
6.70157158383217,17.106485874146777
6.834118262689678,16.64257249814549
7.032938280975948,16.244932461572958
7.629398335834743,15.781019085571664
7.894491693549767,15.781019085571664
7.894491693549767,16.377479140430466
8.093311711836037,16.907665855860508
8.623498427266078,17.702945929005573
9.087411803267365,17.17275921357553
9.485051839839898,17.968039286720597
8.954865124409856,17.968039286720597
10.147785234127454,18.16685930500686
10.147785234127454,18.630772681008153
9.617598518697413,20.000421695869093
9.15368514269612,19.42605275415322
10.015238555269946,19.028412717580686
9.352505160982389,20.751519542728325
10.147785234127454,21.149159579300857
10.280331912984963,21.149159579300857
10.94306530727252,21.679346294730898
11.539525362131315,22.07698633130343
12.135985416990117,21.54679961587339
12.577807679848483,22.143259670732192
13.328905526707715,22.342079689018455
12.931265490135182,23.203633101592274
13.527725544993984,22.739719725590987
13.859092242137756,23.402453119878544
13.461452205565223,23.800093156451076
14.521825636425312,23.269906441021035
15.228741256998703,25.58947332102747
15.317105709570377,24.993013266168674
14.786918994140336,24.462826550738633
15.493834614713727,26.64984675188756
14.919465672997845,26.053386697028763
15.71474574614291,26.716120091316313
15.71474574614291,27.180033467317607
16.244932461572958,27.710220182747648
16.64257249814549,27.511400164461378
15.979839103857934,26.914940109602583
16.64257249814549,27.643946843318894
15.979839103857934,27.24630680674636
16.775119177003,27.113760127888845
16.775119177003,26.716120091316313
16.775119177003,27.710220182747648
16.775119177003,27.776493522176402
16.775119177003,27.776493522176402
16.775119177003,28.174133558748935
16.775119177003,29.035686971322754
16.775119177003,28.571773595321467
17.371579231861794,29.49960034732404
17.835492607863088,29.963513723325335
18.16685930500686,30.891340475327908
17.702945929005573,30.294880420469113
18.763319359865662,31.885440566759243
19.028412717580686,31.355253851329195
19.160959396438194,31.355253851329195
19.73532833815407,30.692520457041645
19.95623946958326,29.89724038389658
19.42605275415322,29.632147026181556
19.028412717580686,29.234506989609024
19.95623946958326,30.957613814756662
19.42605275415322,30.294880420469113
19.95623946958326,29.764693705039065
19.42605275415322,31.222707172471686
19.09468605700944,31.222707172471686
19.82369279072575,31.62034720904422
19.95623946958326,32.216807263903014
19.42605275415322,32.283080603331776
18.89586603872317,32.283080603331776
18.23313264443562,32.74699397933306
17.835492607863088,33.21090735533435
17.835492607863088,32.68072063990431
17.835492607863088,32.15053392447426
17.17275921357553,31.62034720904422
16.907665855860508,31.222707172471686
16.510025819287975,31.885440566759243
15.979839103857934,32.216807263903014
15.538016840999568,31.885440566759243
15.449652388427886,31.42152719075795
14.985739012426599,31.951713906187997
14.389278957567804,31.48780053018671
13.726545563280247,32.415627282189284
13.06381216899269,32.945813997619325
12.53362545356265,32.15053392447426
12.268532095847625,31.62034720904422
11.738345380417584,31.090160493614178
11.274432004416298,30.55997377818413
11.075611986130028,30.162333741611597
10.81051862841501,30.692520457041645
10.280331912984963,30.02978706275409
10.147785234127454,29.367053668466532
9.485051839839898,28.704320274178976
8.888591784981102,28.041586879891426
8.2921317301223,27.37885348560387
7.960765032978522,26.914940109602583
7.960765032978522,26.31848005474378
8.601407314123158,25.65574666045623
8.027038372407276,24.993013266168674
9.087411803267365,24.59537322959614
8.756045106123587,24.330279871881118
8.2921317301223,23.800093156451076
8.954865124409856,23.402453119878544
8.2921317301223,22.872266404448496
9.087411803267365,22.342079689018455
9.087411803267365,21.811892973588414
9.418778500411143,21.281706258158366
8.954865124409856,20.618972863870816
10.015238555269946,20.353879506155792
10.147785234127454,19.95623946958326
10.147785234127454,19.492326093581973
10.147785234127454,19.028412717580686
10.677971949557495,18.630772681008153
10.147785234127454,18.03431262614935
11.208158664987543,17.968039286720597
11.208158664987543,17.437852571290556
11.605798701560076,16.907665855860508
11.075611986130028,16.510025819287975
12.268532095847625,16.046112443286688
12.401078774705141,15.582199067285401
12.401078774705141,15.184559030712869
12.666172132420158,14.588098975854066
13.328905526707715,14.389278957567804
13.461452205565223,13.859092242137756
13.461452205565223,13.461452205565223
13.527725544993984,14.455552296996558
13.925365581566517,14.256732278710288
13.461452205565223,13.593998884422739
14.389278957567804,13.461452205565223
13.925365581566517,13.925365581566517
13.527725544993984,14.455552296996558
13.461452205565223,14.521825636425312
13.527725544993984,15.317105709570377
13.925365581566517,14.65437231528282
13.461452205565223,16.510025819287975
14.521825636425312,15.979839103857934
14.786918994140336,16.024021330143768
15.493834614713727,16.775119177003
15.71474574614291,16.377479140430466
15.052012351855353,17.702945929005573
14.588098975854066,17.17275921357553
14.389278957567804,17.968039286720597
13.859092242137756,18.498226002150638
13.461452205565223,18.962139378151925
14.389278957567804,18.630772681008153
13.859092242137756,18.100585965578105
14.588098975854066,18.03431262614935
14.786918994140336,18.763319359865662
15.493834614713727,18.763319359865662
15.71474574614291,18.16685930500686
15.184559030712869,18.763319359865662
14.65437231528282,18.23313264443562
14.588098975854066,19.028412717580686
14.919465672997845,19.42605275415322
14.521825636425312,20.022512809012014
15.493834614713727,20.088786148440768
15.71474574614291,20.088786148440768
16.311205801001712,20.088786148440768
16.775119177003,20.022512809012014
16.64257249814549,19.691146111868235
16.377479140430466,19.22723273586695
15.847292425000418,19.691146111868235
15.758927972428744,20.088786148440768
17.040212534718023,20.15505948786953
16.510025819287975,20.884066221585833
17.968039286720597,20.353879506155792
18.674954907293987,20.4864261850133
18.962139378151925,19.95623946958326
19.42605275415322,19.492326093581973
20.088786148440768,19.028412717580686
20.79570176901416,19.22723273586695
21.149159579300857,19.82369279072575
21.01661290044335,20.088786148440768
20.4864261850133,19.558599433010727
20.022512809012014,19.028412717580686
19.293506075295703,18.763319359865662
19.028412717580686,18.100585965578105
18.498226002150638,18.03431262614935
18.100585965578105,18.630772681008153
18.630772681008153,18.962139378151925
18.100585965578105,18.630772681008153
18.630772681008153,18.16685930500686
18.100585965578105,18.674954907293987
17.769219268434327,18.23313264443562
17.835492607863088,18.36567932329313
17.30530589243304,17.968039286720597
16.775119177003,19.293506075295703
16.64257249814549,19.82369279072575
16.377479140430466,19.22723273586695
15.847292425000418,19.691146111868235
15.71474574614291,19.293506075295703
15.184559030712869,20.088786148440768
14.65437231528282,20.4864261850133
14.389278957567804,21.347979597587127
13.726545563280247,20.884066221585833
13.06381216899269,21.944439652445922
12.401078774705141,22.673446386162233
11.804618719846339,23.203633101592274
11.274432004416298,24.772102134739484
11.208158664987543,24.19773319302361
10.545425270699987,23.667546477593568
10.147785234127454,26.64984675188756
10.147785234127454,26.053386697028763
9.617598518697413,25.523199981598715
9.087411803267365,27.113760127888845
9.087411803267365,27.643946843318894
9.087411803267365,28.505500255892713
9.087411803267365,28.041586879891426
8.557225087837324,28.969413631894
8.027038372407276,29.764693705039065
7.761945014692259,29.367053668466532
7.099211620404702,29.49960034732404
6.70157158383217,29.101960310751508
6.370204886688391,28.704320274178976
5.906291510687105,28.174133558748935
5.773744831829596,27.710220182747648
5.773744831829596,27.15794235417468
5.707471492400835,26.716120091316313
5.6411981529720805,27.511400164461378
5.1110114375420395,26.914940109602583
4.647098061540753,26.31848005474378
4.580824722111998,25.65574666045623
4.1169113461107045,25.390653302741207
3.6529979701094177,24.993013266168674
,24.462826550738633
,23.932639835308585
,23.468726459307298
,23.00481308330601
,22.60717304673348
,21.944439652445922
,21.281706258158366
,20.68524620329957
,20.088786148440768
,19.42605275415322
,18.763319359865662
,18.100585965578105
,17.702945929005573
,17.040212534718023
,16.57629915871673
,16.046112443286688
,15.582199067285401
,15.515925727856647
,14.919465672997845
,14.455552296996558
,13.859092242137756
,13.461452205565223
,13.395178866136469
,12.798718811277674
,12.401078774705141
,12.401078774705141
,12.401078774705141
,12.401078774705141
,11.870892059275093
,11.340705343845052
,11.340705343845052
,11.340705343845052
,11.340705343845052
,11.340705343845052
,11.340705343845052
,11.340705343845052
,10.81051862841501
,10.214058573556208
,10.147785234127454
,9.750145197554922
,9.087411803267365
,8.557225087837324
