Y(hoy),Y(ayer)
3.0975095025330504,1.1745763394115016
3.0975095025330504,1.1745763394115016
3.0975095025330504,1.1745763394115016
3.0975095025330504,1.1745763394115016
3.0975095025330504,1.1745763394115016
3.0975095025330504,1.1745763394115016
3.0975095025330504,1.1745763394115016
3.0975095025330504,1.1745763394115016
2.9773261798379522,1.1745763394115016
2.496592889057567,1.1745763394115016
2.1961345823198215,1.1745763394115016
2.3764095663624687,1.1745763394115016
2.9773261798379522,1.1745763394115016
2.556684550405109,1.1745763394115016
2.1961345823198215,1.1745763394115016
2.7770206420127863,1.1745763394115016
3.0374178411855013,1.1745763394115016
2.9773261798379522,1.1745763394115016
2.556684550405109,1.1745763394115016
2.1961345823198215,1.1745763394115016
2.2562262436673706,1.1745763394115016
2.7770206420127863,1.1745763394115016
2.9773261798379522,1.1745763394115016
2.3764095663624687,1.1745763394115016
2.1360429209722724,1.655309630191887
2.296287351232401,1.4149429848016908
2.9773261798379522,1.7754929528869852
2.556684550405109,1.4149429848016908
2.1360429209722724,1.3348207696716372
2.496592889057567,1.8956762755820833
2.9773261798379522,1.535126307496789
2.1360429209722724,1.2346680007590507
3.0975095025330504,1.2947596621065998
2.9773261798379522,1.7754929528869852
2.3764095663624687,2.1360429209722724
2.1360429209722724,2.1360429209722724
2.496592889057567,2.1360429209722724
2.9773261798379522,2.1360429209722724
2.9773261798379522,2.1360429209722724
2.4365012277100178,2.1360429209722724
2.1360429209722724,2.1360429209722724
2.2562262436673706,2.1360429209722724
2.7770206420127863,2.1360429209722724
2.9773261798379522,2.1360429209722724
2.676867873100207,2.1360429209722724
2.2562262436673706,2.1360429209722724
2.3764095663624687,2.1360429209722724
2.7770206420127863,2.1360429209722724
3.0374178411855013,2.1360429209722724
3.0975095025330504,2.1360429209722724
3.0975095025330504,2.1360429209722724
3.0975095025330504,2.1360429209722724
3.0975095025330504,2.1360429209722724
3.0975095025330504,2.1360429209722724
3.0374178411855013,2.1360429209722724
2.9773261798379522,2.1360429209722724
2.496592889057567,2.1360429209722724
2.9773261798379522,2.1360429209722724
2.496592889057567,2.1360429209722724
3.0975095025330504,2.1360429209722724
3.0975095025330504,2.1360429209722724
3.0975095025330504,2.1360429209722724
3.0975095025330504,2.556684550405109
3.0975095025330504,2.9773261798379522
3.0975095025330504,2.616776211752658
3.0975095025330504,2.3163179050149196
3.0975095025330504,2.857142857142854
3.0975095025330504,3.0975095025330504
2.9773261798379522,3.0975095025330504
2.4365012277100178,3.0975095025330504
2.4365012277100178,3.2777844865756904
2.9773261798379522,3.818609438703625
2.616776211752658,3.4580594706183376
3.0975095025330504,3.998884422746272
3.1576011638805923,4.058976084093821
3.5181511319658867,3.938792761398723
3.0975095025330504,3.4580594706183376
3.938792761398723,3.0975095025330504
4.29934272948401,3.998884422746272
4.900259342959494,3.5782427933134358
4.780076020264403,4.058976084093821
4.29934272948401,4.058976084093821
4.058976084093821,4.11906774544137
5.020442665654592,4.780076020264403
4.539709374874207,4.29934272948401
5.260809311044788,4.960351004307043
5.901787032085302,4.539709374874207
6.102092569910461,4.29934272948401
6.582825860690853,4.900259342959494
7.063559151471239,4.4796177135266575
7.664475764946722,3.818609438703625
8.265392378422206,3.2176928252281414
8.80621733055014,2.797051195795305
9.347042282678075,2.3163179050149196
9.947958896153558,2.1360429209722724
10.488783848281493,2.1360429209722724
11.029608800409427,2.1360429209722724
11.63052541388491,2.2562262436673706
11.991075381970198,2.9773261798379522
11.390158768494715,2.556684550405109
11.8708920592751,2.2562262436673706
11.390158768494715,2.1360429209722724
11.8708920592751,2.1360429209722724
11.269975445799616,2.1360429209722724
11.029608800409427,2.1360429209722724
10.66905883232414,2.1360429209722724
10.188325541543747,2.1360429209722724
10.729150493671682,1.7754929528869852
11.149792123104525,1.3548513234541488
11.450250429842264,1.535126307496789
11.029608800409427,2.1360429209722724
11.991075381970198,2.1360429209722724
12.171350366012845,2.1360429209722724
12.65208365679323,2.1360429209722724
13.593519684571483,2.1360429209722724
13.072725286226067,1.7754929528869852
14.79535291152245,1.3548513234541488
14.274558513177034,1.7754929528869852
15.115841772042714,1.4149429848016908
15.115841772042714,2.1360429209722724
14.995658449347616,2.1360429209722724
14.394741835872132,2.1360429209722724
14.034191867786845,2.1360429209722724
13.433275254311361,2.1360429209722724
12.952541963530976,2.1360429209722724
12.231442027360394,2.1360429209722724
11.991075381970198,2.1360429209722724
12.111258704665296,2.1360429209722724
12.111258704665296,2.1360429209722724
12.111258704665296,2.1360429209722724
12.111258704665296,2.1360429209722724
11.63052541388491,2.1360429209722724
11.269975445799616,2.1360429209722724
11.8708920592751,2.1360429209722724
11.8708920592751,2.1360429209722724
11.269975445799616,2.1360429209722724
11.149792123104525,2.1360429209722724
11.63052541388491,2.1360429209722724
12.111258704665296,2.1360429209722724
12.111258704665296,2.1360429209722724
12.111258704665296,2.1360429209722724
11.69061707523246,2.1360429209722724
11.149792123104525,2.3163179050149196
10.548875509629042,2.857142857142854
10.128233880196198,2.496592889057567
10.308508864238846,2.1360429209722724
10.90942547771433,2.857142857142854
10.488783848281493,2.496592889057567
10.90942547771433,2.2562262436673706
10.128233880196198,2.1360429209722724
10.128233880196198,2.1360429209722724
10.308508864238846,2.3163179050149196
10.90942547771433,2.857142857142854
10.488783848281493,3.0374178411855013
10.90942547771433,2.556684550405109
10.128233880196198,2.1961345823198215
10.068142218848656,2.857142857142854
9.947958896153558,2.3764095663624687
9.347042282678075,3.0975095025330504
9.106675637287879,3.0975095025330504
9.106675637287879,3.0975095025330504
9.04658397594033,2.857142857142854
8.98649231459278,2.3163179050149196
8.565850685159944,2.736959534447756
8.145209055727108,2.3764095663624687
8.565850685159944,3.0975095025330504
8.98649231459278,3.0975095025330504
8.98649231459278,3.0975095025330504
8.385575701117297,3.0975095025330504
8.145209055727108,3.0975095025330504
8.505759023812395,3.0975095025330504
8.98649231459278,3.0975095025330504
8.505759023812395,3.0975095025330504
8.205300717074657,3.4580594706183376
8.786186776767622,3.818609438703625
8.265392378422206,3.2777844865756904
9.947958896153558,3.0975095025330504
9.467225605373173,3.0975095025330504
9.707592250763362,3.2176928252281414
9.226858959982977,3.818609438703625
9.226858959982977,3.698426116008534
9.747653358328392,3.2176928252281414
9.947958896153558,3.0975095025330504
9.347042282678075,2.857142857142854
9.106675637287879,2.3163179050149196
9.106675637287879,2.496592889057567
9.106675637287879,3.0975095025330504
9.166767298635428,2.736959534447756
9.467225605373173,2.2562262436673706
9.106675637287879,2.1360429209722724
9.947958896153558,2.1360429209722724
9.347042282678075,2.1360429209722724
8.86630899189769,2.1360429209722724
8.385575701117297,2.1360429209722724
9.747653358328392,2.1360429209722724
9.226858959982977,2.1360429209722724
8.746125669202591,2.1360429209722724
8.265392378422206,2.1360429209722724
9.947958896153558,2.1360429209722724
9.527317266720715,2.1360429209722724
9.166767298635428,2.1360429209722724
9.747653358328392,2.1360429209722724
9.947958896153558,2.1360429209722724
9.467225605373173,2.1360429209722724
9.106675637287879,2.1360429209722724
9.947958896153558,2.1360429209722724
9.467225605373173,2.1360429209722724
10.068142218848656,2.1961345823198215
10.068142218848656,2.857142857142854
9.947958896153558,2.616776211752658
9.467225605373173,2.1961345823198215
9.106675637287879,2.0158595982771743
9.947958896153558,1.4149429848016908
9.587408928068264,1.7754929528869852
9.947958896153558,2.1360429209722724
9.467225605373173,2.1360429209722724
10.90942547771433,2.1360429209722724
10.428692186933944,2.1360429209722724
9.947958896153558,2.1360429209722724
9.467225605373173,2.3163179050149196
11.149792123104525,2.857142857142854
11.149792123104525,3.0374178411855013
11.149792123104525,2.556684550405109
11.149792123104525,2.1360429209722724
11.63052541388491,2.496592889057567
11.149792123104525,3.0374178411855013
12.111258704665296,3.0975095025330504
12.111258704665296,3.5181511319658867
12.111258704665296,3.0975095025330504
13.313091931616263,3.998884422746272
12.832358640835878,4.058976084093821
12.351625350055492,4.058976084093821
11.991075381970198,4.058976084093821
14.034191867786845,3.698426116008534
13.55345857700646,3.1576011638805923
13.072725286226067,3.0975095025330504
14.79535291152245,3.0975095025330504
14.274558513177034,2.736959534447756
13.793825222396649,2.3764095663624687
13.313091931616263,3.0374178411855013
15.957125030908387,3.0975095025330504
15.53648340147555,3.0975095025330504
16.918591612469164,3.0975095025330504
16.43785832168878,3.0975095025330504
15.957125030908387,3.0975095025330504
15.276086202302842,3.0975095025330504
16.43785832168878,3.0975095025330504
15.957125030908387,3.0975095025330504
16.918591612469164,2.616776211752658
16.31767499899368,2.1360429209722724
16.137400014951034,2.3163179050149196
16.237552783863613,2.857142857142854
17.39932490324955,2.496592889057567
16.918591612469164,2.1360429209722724
18.000241516725033,2.736959534447756
17.39932490324955,3.0975095025330504
16.798408289774066,3.0975095025330504
16.55804164438387,3.0975095025330504
16.197491676298583,3.0975095025330504
15.5965750628231,3.4580594706183376
15.356208417432903,3.818609438703625
14.995658449347616,3.2777844865756904
14.394741835872132,3.0975095025330504
14.154375190481943,3.0975095025330504
14.274558513177034,3.0975095025330504
14.75529180395742,3.0975095025330504
15.716758385518197,3.5181511319658867
15.236025094737812,3.0975095025330504
17.39932490324955,3.938792761398723
16.978683273816713,3.5181511319658867
16.43785832168878,3.0975095025330504
18.841524775590706,3.0975095025330504
18.36079148481032,3.0975095025330504
17.880058194029935,3.0975095025330504
20.043358002541673,3.0975095025330504
19.562624711761288,3.0975095025330504
19.081891420980902,3.0975095025330504
18.601158130200517,3.5181511319658867
18.12042483942013,3.938792761398723
17.639691548639746,3.4580594706183376
17.158958257859354,3.698426116008534
16.55804164438387,3.3378761479232395
16.077308353603485,
15.53648340147555,
14.995658449347616,
14.394741835872132,
13.793825222396649,
13.313091931616263,
12.71217531814078,
12.111258704665296,
11.510342091189813,
10.969517139061878,
10.428692186933944,
9.82777557345846,
9.347042282678075,
8.625942346507493,
8.265392378422206,
8.145209055727108,
8.145209055727108,
8.145209055727108,
8.085117394379559,
8.02502573303201,
7.544292442251624,
7.063559151471239,
6.582825860690853,
6.102092569910461,
6.102092569910461,
6.102092569910461,
6.102092569910461,
6.102092569910461,
6.102092569910461,
5.801634263172723,
5.260809311044788,
5.14062598834969,
5.14062598834969,
5.14062598834969,
5.501175956434977,
5.020442665654592,
6.102092569910461,
5.501175956434977,
5.080534327002141,
5.14062598834969,
5.14062598834969,
5.6213592791300755,
5.14062598834969,
5.98190924721537,
5.380992633739886,
4.780076020264403,
4.179159406788919,
4.659892697569305,
5.6213592791300755,
5.14062598834969,
6.102092569910461,
6.102092569910461,
6.102092569910461,
6.102092569910461,
5.6213592791300755,
5.14062598834969,
5.681450940477625,
6.102092569910461,
5.98190924721537,
5.741542601825174,
5.260809311044788,
5.020442665654592,
5.14062598834969,
5.14062598834969,
5.441084295087435,
5.020442665654592,
5.861725924520272,
5.6213592791300755,
5.14062598834969,
6.102092569910461,
5.741542601825174,
6.102092569910461,
6.102092569910461,
6.102092569910461,
5.6213592791300755,
5.260809311044788,
5.861725924520272,
5.861725924520272,
5.260809311044788,
5.14062598834969,
4.719984358916854,
4.659892697569305,
4.179159406788919,
5.14062598834969,
4.780076020264403,
5.441084295087435,
5.020442665654592,
5.98190924721537,
6.102092569910461,
6.102092569910461,
6.102092569910461,
5.681450940477625,
5.14062598834969,
5.14062598834969,
5.020442665654592,
4.780076020264403,
4.29934272948401,
4.058976084093821,
4.058976084093821,
4.058976084093821,
4.058976084093821,
4.11906774544137,
4.699953805134335,
4.179159406788919,
4.900259342959494,
4.29934272948401,
4.11906774544137,
4.058976084093821,
4.058976084093821,
4.058976084093821,
4.058976084093821,
4.058976084093821,
4.21922051435395,
5.020442665654592,
4.539709374874207,
5.020442665654592,
4.780076020264403,
4.419526052179108,
3.818609438703625,
3.3979678092707886,
3.938792761398723,
3.4580594706183376,
3.938792761398723,
3.4580594706183376,
3.0975095025330504,
2.9773261798379522,
