Y(hoy),Y(ayer)
1.9961644843905333,2.3275311815343116
1.4659777689604852,2.3275311815343116
1.2671577506742295,2.194984502676803
0.8695177141016899,1.664797787246755
0.6044243563866729,1.2671577506742295
0.20678431981413326,1.2008844112454682
1.0020643929591984,0.67069769581542
0.8695177141016899,0.20678431981413326
0.33933099867164174,0.20678431981413326
-0.12458237732964506,0.20678431981413326
-0.654769092759679,0.20678431981413326
-0.8535891110459488,0.20678431981413326
-0.8535891110459488,0.07423764095662477
-0.8535891110459488,-0.45594907447342337
-0.8535891110459488,-0.8535891110459488
-0.8535891110459488,-0.45594907447342337
-1.1849558081897271,-0.05830903790088371
-1.7151425236197753,-0.654769092759679
-2.1127825601923007,-0.8535891110459488
-2.0465092207635536,-0.8535891110459488
-1.4721402790476645,-0.8535891110459488
-1.913962541906045,-0.8535891110459488
-1.2512291476184885,-0.8535891110459488
-1.7151425236197753,-0.8535891110459488
-2.1127825601923007,-0.8535891110459488
-2.0465092207635536,-0.8535891110459488
-2.1127825601923007,-1.2512291476184885
-2.0465092207635536,-1.648869184191014
-2.179055899621062,-1.7151425236197753
-2.1127825601923007,-1.2512291476184885
-2.0465092207635536,-1.648869184191014
-2.1127825601923007,-1.7814158630485224
-1.9802358813347922,-1.2512291476184885
-1.4721402790476645,-1.7814158630485224
-1.11868246876098,-1.913962541906045
-0.5884957533309318,-1.5163225053335054
0.47187767752916443,-0.9198624504747102
1.0020643929591984,-0.8535891110459488
1.5985244478179936,-0.8535891110459488
2.3275311815343116,-0.8535891110459488
1.7973444661042635,-0.8535891110459488
3.3879046123944008,-0.8535891110459488
3.918091327824442,-0.8535891110459488
4.580824722111998,-0.8535891110459488
5.243558116399548,-0.8535891110459488
5.773744831829596,-0.7210424321884403
6.303931547259637,0.2730576592428946
7.099211620404702,0.8695177141016899
7.761945014692259,1.2671577506742295
9.617598518697413,1.664797787246755
9.087411803267365,2.194984502676803
10.677971949557495,2.8577178969643597
10.280331912984963,3.3879046123944008
11.075611986130028,4.05063800668195
11.605798701560076,4.845918079827015
12.798718811277674,4.448278043254483
12.401078774705141,5.243558116399548
15.847292425000418,6.171384868402129
14.12418559985278,6.70157158383217
16.244932461572958,7.231758299262211
17.040212534718023,8.2921317301223
16.64257249814549,7.761945014692259
18.23313264443562,10.147785234127454
19.558599433010727,9.617598518697413
18.89586603872317,9.087411803267365
21.54679961587339,11.274432004416298
23.402453119878544,10.81051862841501
23.00481308330601,12.003438738132608
26.053386697028763,11.47325202270256
25.523199981598715,13.06381216899269
28.174133558748935,12.666172132420158
27.643946843318894,14.12418559985278
27.24630680674636,15.184559030712869
29.234506989609024,15.582199067285401
28.704320274178976,16.046112443286688
30.55997377818413,17.040212534718023
35.33165421705452,16.510025819287975
34.93401418048199,18.630772681008153
37.187307721059675,18.100585965578105
36.657121005629634,19.691146111868235
36.126934290199586,19.293506075295703
35.72929425362706,20.088786148440768
38.115134473062255,22.07698633130343
38.77786786734981,21.54679961587339
41.428801444500024,21.01661290044335
40.898614729069976,23.932639835308585
40.50097469249745,23.402453119878544
43.28445494850518,23.00481308330601
42.75426823307514,27.113760127888845
42.3566281965026,26.583573412458804
43.15190826964766,26.053386697028763
42.886814911932646,25.523199981598715
42.48917487536011,25.125559945026183
41.69389480221505,28.43922691646396
41.16370808678501,28.041586879891426
40.36842801363994,29.764693705039065
39.9707879770674,29.234506989609024
39.17550790392234,30.55997377818413
38.57904784906354,31.885440566759243
38.048861133633494,31.48780053018671
37.4524010787747,33.21090735533435
36.78966768448714,32.81326731876182
36.657121005629634,34.27128078619444
36.72339434505839,34.93401418048199
37.231489947345516,35.596747574769545
37.4524010787747,36.458300987343364
36.78966768448714,35.99438761134208
36.657121005629634,38.51277450963478
37.187307721059675,37.98258779420474
37.717494436489716,37.4524010787747
36.8559410239159,36.92221436334465
36.2594809690571,41.428801444500024
35.72929425362706,40.898614729069976
38.77786786734981,40.36842801363994
38.247681151919764,39.838241298209894
37.717494436489716,39.308054582779846
37.187307721059675,42.09153483878758
36.126934290199586,41.69389480221505
35.72929425362706,41.229981426213755
37.717494436489716,43.019361590790155
37.187307721059675,42.55544821478887
36.657121005629634,42.22408151764509
36.2594809690571,41.69389480221505
35.86184093248457,41.296254765642516
35.33165421705452,40.898614729069976
34.93401418048199,40.36842801363994
34.006187428479414,39.57314794049488
33.47600071304937,39.10923456449358
32.945813997619325,39.838241298209894
32.34935394276053,39.308054582779846
33.74109407076439,38.91041454620732
34.27128078619444,38.51277450963478
33.47600071304937,37.916314454775986
32.945813997619325,38.048861133633494
32.415627282189284,38.6453211884923
32.01798724561675,38.91041454620732
31.62034720904422,39.37432792220861
31.090160493614178,39.705694619352386
30.42742709932662,39.04296122506483
30.162333741611597,38.51277450963478
29.764693705039065,38.115134473062255
29.101960310751508,37.717494436489716
28.83686695303649,37.187307721059675
28.306680237606443,36.78966768448714
28.041586879891426,36.39202764791461
27.643946843318894,35.86184093248457
26.981213449031337,35.33165421705452
26.716120091316313,34.80146750162448
28.704320274178976,34.40382746505195
28.174133558748935,35.19910753819701
27.776493522176402,34.66892082276697
28.748502500464816,35.0665608593395
28.174133558748935,33.74109407076439
29.101960310751508,33.21090735533435
27.975313540462672,32.68072063990431
27.511400164461378,32.15053392447426
29.49960034732404,31.62034720904422
29.035686971322754,31.222707172471686
28.43922691646396,30.825067135899154
30.957613814756662,30.294880420469113
30.42742709932662,29.89724038389658
29.89724038389658,29.49960034732404
29.234506989609024,29.101960310751508
28.704320274178976,29.101960310751508
28.306680237606443,29.764693705039065
27.842766861605156,29.300780329037778
27.24630680674636,28.704320274178976
26.84866677017383,27.37885348560387
28.43922691646396,26.914940109602583
27.975313540462672,27.90904020103391
26.716120091316313,27.511400164461378
28.969413631894,28.43922691646396
29.035686971322754,27.643946843318894
27.90904020103391,26.053386697028763
27.511400164461378,25.390653302741207
27.113760127888845,24.860466587311166
26.583573412458804,24.59537322959614
26.053386697028763,28.571773595321467
25.65574666045623,28.174133558748935
26.84866677017383,27.643946843318894
26.31848005474378,27.24630680674636
25.920840018171248,27.643946843318894
27.90904020103391,26.981213449031337
28.505500255892713,26.31848005474378
28.969413631894,25.78829333931374
30.02978706275409,27.37885348560387
29.89724038389658,26.84866677017383
27.776493522176402,27.776493522176402
27.90904020103391,27.24630680674636
28.63804693475022,26.782393430745074
28.174133558748935,27.776493522176402
30.02978706275409,27.113760127888845
29.49960034732404,26.716120091316313
29.101960310751508,28.505500255892713
31.090160493614178,28.041586879891426
30.55997377818413,27.24630680674636
30.02978706275409,26.716120091316313
29.49960034732404,27.90904020103391
28.83686695303649,28.704320274178976
28.372953577035204,28.174133558748935
27.37885348560387,27.842766861605156
26.782393430745074,28.704320274178976
28.306680237606443,28.174133558748935
31.222707172471686,29.764693705039065
27.776493522176402,28.969413631894
29.764693705039065,28.571773595321467
29.234506989609024,27.90904020103391
28.571773595321467,29.101960310751508
27.953222427319744,28.43922691646396
28.748502500464816,29.89724038389658
30.162333741611597,29.89724038389658
29.49960034732404,29.49960034732404
28.969413631894,29.101960310751508
28.43922691646396,28.306680237606443
27.90904020103391,27.776493522176402
28.704320274178976,28.306680237606443
28.174133558748935,29.234506989609024
27.776493522176402,30.55997377818413
29.234506989609024,30.162333741611597
28.571773595321467,28.704320274178976
27.90904020103391,28.24040689817769
29.632147026181556,29.764693705039065
28.571773595321467,30.604156004469964
27.90904020103391,30.294880420469113
32.15053392447426,29.764693705039065
31.62034720904422,29.234506989609024
31.090160493614178,29.764693705039065
30.626247117612884,29.632147026181556
30.162333741611597,29.16823365018027
31.355253851329195,29.764693705039065
30.096060402182843,30.825067135899154
30.55997377818413,30.294880420469113
30.02978706275409,30.02978706275409
32.945813997619325,29.49960034732404
32.415627282189284,29.035686971322754
32.945813997619325,29.101960310751508
32.415627282189284,29.632147026181556
31.885440566759243,30.02978706275409
31.48780053018671,30.957613814756662
32.415627282189284,31.222707172471686
35.0665608593395,31.62034720904422
34.60264748333822,32.01798724561675
34.006187428479414,31.62034720904422
33.47600071304937,30.692520457041645
36.524574326772125,30.22860708104035
35.99438761134208,31.885440566759243
35.596747574769545,31.355253851329195
35.86184093248457,30.825067135899154
35.33165421705452,34.006187428479414
34.80146750162448,33.47600071304937
35.33165421705452,32.945813997619325
34.867740841053234,32.415627282189284
34.80146750162448,33.40972737362062
34.33755412562319,33.34345403419186
33.74109407076439,32.81326731876182
33.60854739190688,32.283080603331776
40.96488806849874,32.68072063990431
40.36842801363994,33.74109407076439
41.428801444500024,33.07836067647684
41.95898815993007,38.247681151919764
41.56134812335753,37.717494436489716
40.63352137135496,37.187307721059675
36.92221436334465,36.657121005629634
36.39202764791461,36.2594809690571
39.2417812433511,41.82644148107256
37.717494436489716,41.16370808678501
39.838241298209894,40.63352137135496
38.77786786734981,43.019361590790155
39.308054582779846,42.48917487536011
38.291863378205605,42.09153483878758
38.77786786734981,41.69389480221505
38.247681151919764,41.16370808678501
37.717494436489716,40.898614729069976
37.187307721059675,39.308054582779846
36.657121005629634,38.77786786734981
36.524574326772125,38.38022783077727
37.717494436489716,36.657121005629634
37.31985439991719,36.126934290199586
39.04296122506483,35.33165421705452
38.51277450963478,34.66892082276697
39.838241298209894,38.6453211884923
38.51277450963478,38.247681151919764
37.98258779420474,37.717494436489716
37.4524010787747,37.31985439991719
36.92221436334465,37.98258779420474
36.524574326772125,37.98258779420474
36.72339434505839,38.51277450963478
37.65122109706097,37.98258779420474
37.31985439991719,37.51867441820345
36.657121005629634,36.92221436334465
36.126934290199586,38.247681151919764
33.47600071304937,37.717494436489716
32.945813997619325,39.838241298209894
32.283080603331776,39.308054582779846
31.752893887901728,38.77786786734981
32.283080603331776,41.95898815993007
30.957613814756662,41.428801444500024
30.42742709932662,40.898614729069976
29.89724038389658,40.50097469249745
30.825067135899154,40.63352137135496
30.361153759897867,40.10333465592491
30.626247117612884,39.57314794049488
31.090160493614178,38.77786786734981
30.604156004469964,38.38022783077727
30.162333741611597,37.98258779420474
33.21090735533435,37.4524010787747
32.68072063990431,36.657121005629634
34.27128078619444,36.126934290199586
33.74109407076439,35.72929425362706
33.21090735533435,34.006187428479414
32.68072063990431,33.47600071304937
32.15053392447426,32.945813997619325
31.62034720904422,31.885440566759243
29.764693705039065,31.355253851329195
29.234506989609024,33.21090735533435
28.83686695303649,32.74699397933306
30.957613814756662,32.54817396104679
30.294880420469113,31.752893887901728
29.83096704446782,31.42152719075795
29.234506989609024,31.885440566759243
28.83686695303649,31.355253851329195
32.68072063990431,30.825067135899154
32.15053392447426,30.42742709932662
28.83686695303649,29.49960034732404
35.33165421705452,28.83686695303649
34.80146750162448,28.21831578503477
34.33755412562319,27.776493522176402
33.74109407076439,29.632147026181556
34.80146750162448,28.969413631894
34.13873410733692,28.571773595321467
33.60854739190688,30.825067135899154
32.945813997619325,30.42742709932662
32.283080603331776,32.15053392447426
31.752893887901728,31.885440566759243
31.48780053018671,31.48780053018671
30.957613814756662,30.493700438755376
30.692520457041645,30.162333741611597
30.162333741611597,30.957613814756662
32.15053392447426,30.55997377818413
32.945813997619325,30.02978706275409
32.54817396104679,29.234506989609024
30.02978706275409,30.294880420469113
29.632147026181556,29.764693705039065
28.969413631894,32.945813997619325
30.02978706275409,32.415627282189284
29.49960034732404,31.951713906187997
29.49960034732404,31.885440566759243
29.89724038389658,31.355253851329195
29.367053668466532,30.891340475327908
29.101960310751508,30.42742709932662
27.90904020103391,30.02978706275409
28.903140292465245,29.565873686752802
29.49960034732404,29.16823365018027
29.89724038389658,29.764693705039065
29.234506989609024,30.42742709932662
29.764693705039065,30.957613814756662
28.83686695303649,32.68072063990431
30.825067135899154,32.15053392447426
30.294880420469113,33.2771806947631
29.234506989609024,33.07836067647684
30.162333741611597,32.54817396104679
31.355253851329195,31.355253851329195
30.825067135899154,30.957613814756662
30.294880420469113,29.433327007895286
29.89724038389658,29.101960310751508
35.33165421705452,29.764693705039065
34.80146750162448,29.101960310751508
32.68072063990431,28.704320274178976
32.283080603331776,28.174133558748935
34.27128078619444,27.643946843318894
33.74109407076439,27.113760127888845
33.34345403419186,26.716120091316313
34.27128078619444,28.770593613607737
33.80736741019315,28.174133558748935
34.006187428479414,27.776493522176402
33.54227405247813,28.83686695303649
36.126934290199586,28.306680237606443
35.53047423534079,27.776493522176402
35.0665608593395,28.43922691646396
34.66892082276697,28.83686695303649
34.006187428479414,28.174133558748935
33.47600071304937,28.704320274178976
36.96639658963049,28.24040689817769
37.717494436489716,27.90904020103391
37.187307721059675,28.43922691646396
36.524574326772125,29.49960034732404
35.99438761134208,28.969413631894
35.33165421705452,30.825067135899154
34.66892082276697,30.294880420469113
34.80146750162448,29.764693705039065
34.40382746505195,27.90904020103391
36.39202764791461,27.24630680674636
35.72929425362706,26.84866677017383
35.19910753819701,29.632147026181556
36.39202764791461,29.234506989609024
35.596747574769545,29.49960034732404
35.0665608593395,29.101960310751508
34.40382746505195,31.885440566759243
34.13873410733692,31.355253851329195
33.74109407076439,30.825067135899154
33.34345403419186,32.945813997619325
35.33165421705452,32.54817396104679
34.80146750162448,33.873640749621906
34.27128078619444,33.21090735533435
33.74109407076439,32.68072063990431
33.07836067647684,32.283080603331776
32.415627282189284,32.415627282189284
31.885440566759243,32.945813997619325
31.355253851329195,33.60854739190688
30.957613814756662,34.27128078619444
32.68072063990431,34.4701008044807
32.216807263903014,35.33165421705452
31.62034720904422,34.867740841053234
31.222707172471686,34.13873410733692
34.27128078619444,33.873640749621906
33.74109407076439,33.47600071304937
33.21090735533435,32.81326731876182
34.27128078619444,32.34935394276053
33.80736741019315,33.21090735533435
33.07836067647684,34.006187428479414
32.54817396104679,33.47600071304937
33.21090735533435,32.68072063990431
32.68072063990431,32.01798724561675
32.216807263903014,31.48780053018671
31.686620548472973,31.222707172471686
32.15053392447426,34.006187428479414
31.090160493614178,33.47600071304937
30.42742709932662,32.945813997619325
29.764693705039065,32.54817396104679
29.234506989609024,32.15053392447426
28.83686695303649,31.62034720904422
30.825067135899154,30.957613814756662
30.162333741611597,30.692520457041645
30.825067135899154,30.294880420469113
30.294880420469113,29.632147026181556
29.632147026181556,28.969413631894
29.101960310751508,29.83096704446782
28.505500255892713,29.234506989609024
27.90904020103391,30.957613814756662
28.43922691646396,30.294880420469113
28.704320274178976,31.222707172471686
28.174133558748935,31.090160493614178
27.643946843318894,30.55997377818413
26.981213449031337,30.162333741611597
26.451026733601296,29.89724038389658
25.78829333931374,29.49960034732404
25.324379963312452,28.969413631894
24.72791990845365,28.306680237606443
24.39655321130987,28.041586879891426
24.529099890167387,27.511400164461378
24.529099890167387,27.04748678846009
24.462826550738633,26.716120091316313
23.800093156451076,27.710220182747648
23.534999798736052,27.643946843318894
23.13735976216352,26.981213449031337
22.474626367875963,26.31848005474378
21.944439652445922,25.65574666045623
21.281706258158366,25.125559945026183
20.618972863870816,24.72791990845365
16.64257249814549,24.19773319302361
17.614581476433898,23.733819817022322
17.17275921357553,23.269906441021035
15.71474574614291,22.739719725590987
15.184559030712869,22.474626367875963
14.786918994140336,23.203633101592274
12.401078774705141,22.739719725590987
12.931265490135182,23.733819817022322
14.389278957567804,24.0651865141661
15.449652388427886,23.402453119878544
14.919465672997845,22.872266404448496
14.389278957567804,22.342079689018455
9.087411803267365,21.811892973588414
8.954865124409856,21.21543291872961
8.424678408979808,21.01661290044335
7.894491693549767,20.4864261850133
7.364304978119726,19.691146111868235
6.237658207830883,19.160959396438194
6.70157158383217,17.835492607863088
6.834118262689678,17.30530589243304
,16.907665855860508
,17.437852571290556
,16.907665855860508
,16.244932461572958
,15.71474574614291
,15.184559030712869
,14.720645654711582
,14.389278957567804
,13.726545563280247
,12.931265490135182
,12.53362545356265
,12.931265490135182
,13.726545563280247
,14.256732278710288
,13.726545563280247
,12.931265490135182
,12.401078774705141
,11.738345380417584
,10.94306530727252
,9.88269187641243
,9.485051839839898
,8.424678408979808
,7.828218354121013
,7.364304978119726
,6.569024904974661
,6.038838189544613
,5.3761047952570635
,4.779644740398261
,4.845918079827015
,5.3761047952570635
