Y(hoy),Y(ayer)
5.773744831829596,3.5204512912519093
5.773744831829596,3.5204512912519093
5.707471492400835,3.5204512912519093
5.508651474114572,3.3879046123944008
5.243558116399548,2.769353444392678
4.890100306112849,3.3879046123944008
5.6411981529720805,3.1228112546793767
5.243558116399548,2.65889787867809
5.6411981529720805,3.255357933536885
4.978464758684531,2.7914445575355984
4.580824722111998,2.5926245392493286
4.580824722111998,3.3216312729656394
4.580824722111998,2.8577178969643597
4.580824722111998,3.3879046123944008
4.580824722111998,2.990264575821868
4.580824722111998,2.46007786039182
4.05063800668195,1.9961644843905333
3.608815743823584,1.4659777689604852
4.315731364396974,2.0624378238192946
3.7855446489669333,1.7973444661042635
4.315731364396974,1.399704429531738
3.6529979701094177,1.929891144961772
2.990264575821868,1.664797787246755
2.5926245392493286,1.2671577506742295
2.990264575821868,1.2671577506742295
3.3879046123944008,1.2671577506742295
2.725171218106837,1.2671577506742295
2.3938045209630587,1.2671577506742295
2.46007786039182,1.2671577506742295
2.46007786039182,1.2671577506742295
2.0182555975334537,0.7369710352441814
1.664797787246755,0.20678431981413326
1.2671577506742295,0.20678431981413326
1.2671577506742295,0.20678431981413326
1.2008844112454682,0.20678431981413326
1.1346110718167068,0.14051098038538612
0.67069769581542,-0.1908557167583922
0.9136999403875308,-0.7210424321884403
0.47187767752916443,-0.8535891110459488
1.1346110718167068,-0.8535891110459488
0.47187767752916443,-0.8535891110459488
0.20678431981413326,-0.8535891110459488
0.20678431981413326,-0.8535891110459488
0.07423764095662477,-0.9861357899034573
-0.45594907447342337,-1.5163225053335054
0.07423764095662477,-1.913962541906045
-0.389675735044662,-1.383775826475997
-0.5222224139021705,-1.913962541906045
-0.8535891110459488,-1.648869184191014
-0.8535891110459488,-1.8476892024772837
-0.8535891110459488,-0.9861357899034573
-0.9861357899034573,-0.9861357899034573
-1.9802358813347922,-1.383775826475997
-1.8476892024772837,-1.913962541906045
-2.179055899621062,-1.913962541906045
-0.9861357899034573,-1.913962541906045
-1.383775826475997,-1.450049165904744
-0.9861357899034573,-0.9861357899034573
-1.450049165904744,-1.5163225053335054
-2.1127825601923007,-1.913962541906045
-2.179055899621062,-1.913962541906045
-2.1127825601923007,-1.5163225053335054
-2.0465092207635536,-0.9198624504747102
-2.0465092207635536,-0.8535891110459488
-2.0465092207635536,-0.8535891110459488
-1.7814158630485224,-0.8535891110459488
-2.179055899621062,-0.05830903790088371
-1.11868246876098,-0.5884957533309318
-0.9198624504747102,0.20678431981413326
-0.8535891110459488,0.20678431981413326
-0.8535891110459488,0.33933099867164174
-0.8535891110459488,1.0020643929591984
-0.8535891110459488,1.2671577506742295
-0.8535891110459488,1.2671577506742295
-0.8535891110459488,1.2671577506742295
-0.8535891110459488,1.399704429531738
-0.6768602059025994,1.929891144961772
0.07423764095662477,2.3275311815343116
-0.389675735044662,2.3275311815343116
-0.7873157716172017,2.3275311815343116
-0.8535891110459488,2.3275311815343116
-0.7873157716172017,2.3938045209630587
-0.1466734904725655,2.3275311815343116
-0.7210424321884403,2.3275311815343116
0.20678431981413326,2.3275311815343116
0.20678431981413326,2.3938045209630587
0.33933099867164174,3.1228112546793767
0.9136999403875308,2.5926245392493286
1.2671577506742295,3.918091327824442
1.2671577506742295,5.177284776970794
1.2671577506742295,4.580824722111998
1.3334310901029767,5.6411981529720805
1.664797787246755,5.1110114375420395
1.2671577506742295,4.713371400969507
2.194984502676803,4.713371400969507
1.8636178055330248,5.177284776970794
1.399704429531738,5.508651474114572
1.2671577506742295,4.978464758684531
1.3334310901029767,4.580824722111998
1.7310711266755163,3.918091327824442
1.2671577506742295,3.6529979701094177
2.3275311815343116,4.448278043254483
2.46007786039182,4.713371400969507
2.46007786039182,4.91219141925577
2.46007786039182,5.508651474114572
2.990264575821868,5.773744831829596
2.46007786039182,5.773744831829596
3.5204512912519093,5.773744831829596
3.3879046123944008,5.906291510687105
3.1228112546793767,6.767844923260924
2.5926245392493286,6.303931547259637
2.46007786039182,7.231758299262211
2.990264575821868,7.828218354121013
3.5204512912519093,7.894491693549767
3.5204512912519093,7.894491693549767
3.5204512912519093,7.894491693549767
3.5204512912519093,7.894491693549767
4.1169113461107045,7.894491693549767
3.6529979701094177,8.358405069551054
4.580824722111998,8.888591784981102
5.1110114375420395,8.954865124409856
4.580824722111998,8.954865124409856
5.6411981529720805,9.418778500411143
5.1110114375420395,10.015238555269946
4.647098061540753,10.147785234127454
4.580824722111998,10.412878591842478
4.580824722111998,10.94306530727252
4.580824722111998,10.677971949557495
4.580824722111998,10.214058573556208
4.625006948397832,10.147785234127454
5.6411981529720805,10.147785234127454
5.1110114375420395,10.479151931271232
5.773744831829596,11.075611986130028
5.773744831829596,11.340705343845052
5.773744831829596,11.340705343845052
5.773744831829596,11.340705343845052
5.84001817125835,11.47325202270256
6.480660452402979,12.003438738132608
5.906291510687105,12.401078774705141
6.70157158383217,12.467352114133895
6.171384868402129,13.06381216899269
5.773744831829596,12.666172132420158
6.966664941547194,13.461452205565223
6.436478226117146,13.461452205565223
6.038838189544613,14.256732278710288
8.071220598693117,13.726545563280247
7.496851656977235,14.521825636425312
8.822318445552341,14.521825636425312
8.2921317301223,14.720645654711582
7.960765032978522,15.250832370141623
7.960765032978522,15.71474574614291
8.601407314123158,16.377479140430466
8.027038372407276,16.244932461572958
9.087411803267365,15.781019085571664
9.131594029553199,15.582199067285401
10.015238555269946,15.781019085571664
9.485051839839898,16.244932461572958
10.147785234127454,16.708845837574245
10.147785234127454,16.510025819287975
10.545425270699987,16.024021330143768
10.015238555269946,16.64257249814549
11.208158664987543,17.437852571290556
11.738345380417584,16.907665855860508
12.268532095847625,18.674954907293987
11.605798701560076,18.100585965578105
11.141885325558782,18.36567932329313
11.208158664987543,17.968039286720597
11.738345380417584,19.293506075295703
11.340705343845052,19.82369279072575
12.268532095847625,19.22723273586695
11.738345380417584,19.691146111868235
11.274432004416298,19.293506075295703
11.605798701560076,20.088786148440768
11.075611986130028,19.558599433010727
12.268532095847625,19.160959396438194
12.401078774705141,19.757419451296997
12.33480543527638,20.287606166727038
12.268532095847625,20.751519542728325
11.804618719846339,21.21543291872961
11.340705343845052,23.13735976216352
11.738345380417584,22.60717304673348
12.268532095847625,22.07698633130343
11.738345380417584,21.54679961587339
11.406978683273806,24.19773319302361
12.047620964418442,23.733819817022322
12.33480543527638,23.733819817022322
12.577807679848483,24.19773319302361
13.328905526707715,23.932639835308585
12.798718811277674,23.534999798736052
12.135985416990117,23.13735976216352
11.870892059275093,22.673446386162233
11.47325202270256,22.209533010160946
11.075611986130028,22.143259670732192
12.003438738132608,21.41425293701588
12.003438738132608,20.751519542728325
11.340705343845052,20.353879506155792
10.677971949557495,19.95623946958326
10.280331912984963,19.492326093581973
10.94306530727252,19.028412717580686
10.94306530727252,19.42605275415322
10.412878591842478,19.82369279072575
10.0815118946987,19.160959396438194
10.147785234127454,19.028412717580686
9.617598518697413,19.028412717580686
8.954865124409856,18.630772681008153
8.2921317301223,18.16685930500686
7.960765032978522,17.437852571290556
7.761945014692259,16.775119177003
7.298031638690972,16.112385782715442
6.9003916021184395,15.582199067285401
6.303931547259637,15.449652388427886
5.84001817125835,14.919465672997845
6.480660452402979,14.256732278710288
6.70157158383217,13.991638920995271
6.038838189544613,13.593998884422739
5.3761047952570635,13.06381216899269
4.845918079827015,12.467352114133895
4.514551382683237,12.401078774705141
4.580824722111998,12.268532095847625
4.580824722111998,11.738345380417584
4.24945802496822,11.208158664987543
3.6529979701094177,10.677971949557495
3.5204512912519093,10.147785234127454
2.8577178969643597,9.485051839839898
2.3938045209630587,9.087411803267365
2.46007786039182,8.954865124409856
2.46007786039182,8.954865124409856
2.46007786039182,8.557225087837324
2.46007786039182,7.960765032978522
2.46007786039182,7.894491693549767
2.46007786039182,7.364304978119726
1.7973444661042635,6.834118262689678
1.3334310901029767,6.436478226117146
1.5322511083892465,5.972564850115859
2.23916672896263,5.773744831829596
2.46007786039182,5.773744831829596
2.3275311815343116,5.508651474114572
2.0624378238192946,4.91219141925577
1.664797787246755,4.448278043254483
2.23916672896263,4.05063800668195
1.664797787246755,3.6529979701094177
2.46007786039182,3.5867246306806635
2.46007786039182,4.183184685539466
2.46007786039182,4.315731364396974
2.46007786039182,3.8518179883956876
2.46007786039182,3.6529979701094177
2.990264575821868,4.315731364396974
2.46007786039182,3.918091327824442
3.3879046123944008,3.6529979701094177
2.725171218106837,3.5204512912519093
2.3938045209630587,3.5204512912519093
2.46007786039182,3.7855446489669333
2.46007786039182,4.448278043254483
2.46007786039182,4.448278043254483
2.504260086677661,3.8518179883956876
3.5204512912519093,4.448278043254483
2.990264575821868,3.918091327824442
3.5204512912519093,4.713371400969507
3.5204512912519093,4.713371400969507
3.5204512912519093,4.713371400969507
3.5204512912519093,4.183184685539466
3.5204512912519093,3.6529979701094177
4.094820232967784,4.183184685539466
5.420287021542897,4.713371400969507
4.845918079827015,4.713371400969507
5.6411981529720805,4.713371400969507
5.1110114375420395,4.713371400969507
4.647098061540753,4.713371400969507
4.580824722111998,4.845918079827015
4.580824722111998,5.3761047952570635
4.625006948397832,5.773744831829596
6.171384868402129,5.84001817125835
5.6411981529720805,6.569024904974661
5.1110114375420395,6.038838189544613
4.713371400969507,6.834118262689678
6.70157158383217,6.834118262689678
6.171384868402129,6.436478226117146
5.707471492400835,5.972564850115859
5.1110114375420395,6.569024904974661
4.713371400969507,6.038838189544613
5.773744831829596,6.834118262689678
5.1110114375420395,6.834118262689678
6.480660452402979,6.966664941547194
6.767844923260924,7.629398335834743
7.231758299262211,7.231758299262211
7.761945014692259,6.834118262689678
8.027038372407276,8.027038372407276
8.601407314123158,7.496851656977235
9.087411803267365,9.219958482124873
9.131594029553199,8.557225087837324
10.147785234127454,10.015238555269946
9.617598518697413,10.147785234127454
10.214058573556208,10.147785234127454
10.81051862841501,10.214058573556208
11.274432004416298,10.677971949557495
11.782527606703418,10.280331912984963
13.726545563280247,11.274432004416298
14.168367826138613,11.47325202270256
14.389278957567804,12.003438738132608
13.859092242137756,11.406978683273806
14.389278957567804,12.003438738132608
13.859092242137756,11.47325202270256
13.991638920995271,13.107994395278524
13.593998884422739,12.53362545356265
13.461452205565223,12.732445471848912
13.461452205565223,13.328905526707715
13.328905526707715,13.461452205565223
12.798718811277674,13.461452205565223
12.401078774705141,13.859092242137756
13.328905526707715,14.389278957567804
12.864992150706428,14.521825636425312
13.06381216899269,14.12418559985278
12.53362545356265,13.726545563280247
12.53362545356265,14.12418559985278
13.06381216899269,14.588098975854066
13.328905526707715,15.317105709570377
12.798718811277674,14.786918994140336
12.135985416990117,15.184559030712869
11.605798701560076,14.720645654711582
11.208158664987543,14.521825636425312
12.268532095847625,14.985739012426599
11.738345380417584,15.449652388427886
11.340705343845052,16.289114687858792
12.268532095847625,15.847292425000418
11.738345380417584,16.244932461572958
11.274432004416298,15.71474574614291
11.605798701560076,15.184559030712869
11.075611986130028,14.65437231528282
12.268532095847625,16.510025819287975
11.738345380417584,15.979839103857934
11.208158664987543,15.449652388427886
10.677971949557495,15.979839103857934
10.015238555269946,15.515925727856647
9.750145197554922,14.985739012426599
9.352505160982389,14.521825636425312
8.954865124409856,14.12418559985278
9.88269187641243,13.660272223851493
9.750145197554922,13.395178866136469
9.219958482124873,12.864992150706428
9.948965215841184,12.401078774705141
9.485051839839898,12.003438738132608
10.147785234127454,11.605798701560076
10.015238555269946,12.33480543527638
9.661780744983247,12.268532095847625
10.147785234127454,11.738345380417584
9.617598518697413,11.274432004416298
8.623498427266078,10.677971949557495
7.894491693549767,10.280331912984963
7.629398335834743,10.94306530727252
7.231758299262211,10.545425270699987
6.966664941547194,10.147785234127454
7.496851656977235,9.485051839839898
7.496851656977235,8.954865124409856
6.834118262689678,8.954865124409856
6.237658207830883,8.557225087837324
5.773744831829596,7.960765032978522
5.773744831829596,7.828218354121013
,7.298031638690972
,6.834118262689678
,6.303931547259637
,5.773744831829596
,7.496851656977235
,6.966664941547194
,6.436478226117146
