Y(hoy),Y(ayer)
1.1745763394115016,2.1360429209722724
1.5751874150618264,2.0759512596247234
1.7754929528869852,1.7754929528869852
1.3548513234541488,1.2947596621065998
0.9342096940213054,0.8140263713262073
1.1144846780639526,0.3933847418933709
1.1745763394115016,0.5736597259360181
1.1144846780639526,0.9342096940213054
1.1745763394115016,0.45347640324092
0.6337513872835672,0.5736597259360181
0.21310975785073083,1.1745763394115016
0.5736597259360181,0.9342096940213054
1.1144846780639526,0.45347640324092
1.1745763394115016,0.8140263713262073
1.535126307496789,1.1745763394115016
2.0158595982771743,1.1745763394115016
1.595217968844338,1.655309630191887
1.1745763394115016,2.1360429209722724
2.3764095663624687,2.2562262436673706
2.857142857142854,3.2176928252281414
3.0975095025330504,3.698426116008534
3.5782427933134358,4.058976084093821
4.058976084093821,4.780076020264403
4.719984358916854,4.29934272948401
4.29934272948401,5.020442665654592
5.561267617782526,5.380992633739886
6.102092569910461,5.861725924520272
8.86630899189769,6.582825860690853
9.347042282678075,7.183742474166337
9.947958896153558,7.664475764946722
10.428692186933944,8.385575701117297
16.197491676298583,8.86630899189769
15.836941708213295,9.467225605373173
17.158958257859354,10.188325541543747
16.798408289774066,9.82777557345846
19.44244138906619,10.548875509629042
19.923174679846582,11.029608800409427
18.961708098285804,11.750708736580009
19.3222580663711,12.832358640835878
19.802991357151484,12.351625350055492
21.00482458410245,14.51492515856723
25.571790846516123,14.034191867786845
25.21124087843083,15.356208417432903
27.975457300418057,15.836941708213295
29.65802381814941,16.918591612469164
29.297473850064115,16.43785832168878
32.30205691744153,18.12042483942013
33.98462343517289,17.759874871334837
33.6240734670876,19.3222580663711
37.3497564706356,18.961708098285804
35.30663998481895,19.923174679846582
39.03232298836694,19.50253305041374
38.67177302028166,19.923174679846582
42.517639346524746,21.00482458410245
43.358922605390426,20.644274616017157
42.99837263730514,22.206657811053418
44.140114202908556,21.846107842968124
43.71947257347571,23.88922432878477
44.50066417099384,23.408491038004385
45.04148912312178,25.812157491906312
44.56075583234139,25.331424201125927
43.83965589617081,24.97087423304064
42.03690605574437,28.69655723658863
40.294247876665466,28.215823945808246
40.7148895060983,27.73509065502786
40.35433953801301,27.374540686942574
40.9552561514885,29.65802381814941
40.474522860708106,30.859857045100377
39.75342292453753,30.499307077015082
39.33278129510469,33.023156853612115
39.81351458588507,32.54242356283173
39.39287295645224,32.06169027205134
40.534614522055655,34.22499008056308
40.9552561514885,33.744256789782696
40.534614522055655,35.18645666212386
39.57314794049488,36.38828988907482
39.99378956992772,36.02773992098953
39.39287295645224,37.59012311602579
39.15250631106204,37.2295731479405
38.79195634297675,39.27268963375714
38.31122305219637,38.79195634297675
37.710306438720885,38.431406374891466
37.3497564706356,41.67635608765907
37.830489761415976,41.19562279687869
37.469939793330695,40.8350728287934
37.830489761415976,42.517639346524746
37.3497564706356,42.99837263730514
36.628656534465016,43.59928925078062
35.42682330751405,44.08002254156101
34.70572337134347,43.83965589617081
34.22499008056308,43.479105928085524
33.6240734670876,42.637822669219844
33.023156853612115,41.67635608765907
32.42224024013663,40.9552561514885
33.023156853612115,39.99378956992772
32.54242356283173,39.513056279147335
32.54242356283173,39.15250631106204
32.06169027205134,39.75342292453753
30.73967372240528,40.11397289262282
30.499307077015082,40.11397289262282
30.018573786234697,40.11397289262282
29.477748834106762,40.11397289262282
28.81674055928373,40.11397289262282
28.57637391389354,39.75342292453753
28.215823945808246,38.91213966567185
27.73509065502786,38.431406374891466
27.314449025595025,38.07085640680617
27.01399071885728,37.469939793330695
26.593349089424443,37.2295731479405
26.232799121339156,36.74883985716011
26.81368518103212,36.32819822772727
27.01399071885728,36.869023179855205
26.533257428076894,36.9892065025503
26.172707459991607,36.628656534465016
26.83371573481464,36.02773992098953
26.413074105381796,35.54700663020914
27.374540686942574,34.94609001673366
28.215823945808246,34.46535672595327
28.51628225254599,34.10480675786798
29.057107204673926,33.744256789782696
29.057107204673926,33.263523499002304
28.57637391389354,32.24196525609399
27.975457300418057,31.941506949356246
28.155732284460697,31.40068199722831
28.69655723658863,31.821323626661147
28.215823945808246,31.340590335880762
28.69655723658863,30.859857045100377
28.275915607155795,30.37912375431999
28.215823945808246,30.018573786234697
28.69655723658863,29.65802381814941
29.71811547949696,29.177290527369024
30.138757108929795,28.75664889793618
30.198848770277344,28.336007268503344
30.198848770277344,27.975457300418057
30.138757108929795,27.554815670985214
30.258940431624893,27.134174041552377
30.218879324059863,27.49472400963767
31.46077365857586,27.85527397772296
30.859857045100377,27.314449025595025
32.06169027205134,27.134174041552377
31.46077365857586,27.254357364247475
31.220407013185664,27.85527397772296
30.859857045100377,27.314449025595025
30.37912375431999,27.73509065502786
31.100223690490566,27.374540686942574
30.61949039971018,28.095640623113148
30.319032092972442,28.095640623113148
30.018573786234697,27.73509065502786
30.499307077015082,27.254357364247475
30.980040367795475,27.614907332332763
31.220407013185664,28.095640623113148
30.018573786234697,28.456190591198443
31.42071255101083,28.997015543326377
31.70114030396605,29.057107204673926
31.220407013185664,29.057107204673926
32.42224024013663,29.057107204673926
31.941506949356246,29.53784049545431
33.023156853612115,29.8983904635396
33.6240734670876,29.297473850064115
35.54700663020914,29.237382188716573
35.907556598294434,29.65802381814941
34.765815032691016,30.018573786234697
34.22499008056308,29.8983904635396
35.54700663020914,29.417657172759213
34.70572337134347,29.8983904635396
44.74103081638404,30.859857045100377
44.4405725096463,30.439215415667533
45.04148912312178,30.138757108929795
44.56075583234139,29.71811547949696
44.200205864256105,29.237382188716573
43.71947257347571,29.057107204673926
42.03690605574437,29.237382188716573
42.637822669219844,29.65802381814941
43.118555960000236,30.018573786234697
43.238739282695335,30.37912375431999
40.23415621531791,30.859857045100377
40.23415621531791,30.258940431624893
42.27727270113456,30.258940431624893
40.23415621531791,31.340590335880762
39.75342292453753,32.181873594746435
37.469939793330695,32.181873594746435
36.628656534465016,32.54242356283173
36.14792324368463,33.023156853612115
35.06627333942876,32.06169027205134
36.02773992098953,31.340590335880762
33.98462343517289,31.821323626661147
33.5038901443925,32.782790208221925
33.744256789782696,32.30205691744153
33.263523499002304,33.744256789782696
33.98462343517289,33.263523499002304
33.5038901443925,34.58554004864837
32.66260688552683,35.06627333942876
31.941506949356246,35.06627333942876
31.340590335880762,35.66718995290424
30.859857045100377,35.30663998481895
30.37912375431999,39.513056279147335
29.8983904635396,39.03232298836694
29.297473850064115,38.551589697586564
29.057107204673926,38.07085640680617
28.57637391389354,37.710306438720885
28.155732284460697,42.637822669219844
28.336007268503344,42.157089378439466
28.936923881978828,41.79653941035417
29.457718280324244,44.380480848298745
30.258940431624893,43.83965589617081
28.095640623113148,44.80112247773158
28.936923881978828,43.71947257347571
28.57637391389354,43.29883094404288
29.297473850064115,43.77956423482327
30.859857045100377,42.99837263730514
30.37912375431999,42.477578238959715
30.018573786234697,43.118555960000236
32.06169027205134,43.83965589617081
31.58095698127095,43.479105928085524
32.06169027205134,43.358922605390426
31.46077365857586,42.75800599191494
30.859857045100377,42.03690605574437
30.258940431624893,41.556172764963975
30.198848770277344,40.9552561514885
30.67958206105773,40.35433953801301
31.100223690490566,39.75342292453753
31.821323626661147,39.33278129510469
33.023156853612115,39.81351458588507
32.54242356283173,40.35433953801301
32.181873594746435,41.43598944226888
32.30205691744153,41.07543947418359
31.821323626661147,41.91672273304927
31.340590335880762,40.23415621531791
30.980040367795475,39.75342292453753
31.160315351838115,39.39287295645224
30.699612614840248,38.551589697586564
30.018573786234697,37.59012311602579
32.06169027205134,37.2295731479405
31.46077365857586,36.869023179855205
31.040132029143017,36.50847321176992
31.58095698127095,36.14792324368463
31.220407013185664,35.18645666212386
32.06169027205134,34.825906694038565
32.42224024013663,34.22499008056308
33.44379848304496,33.744256789782696
33.98462343517289,32.66260688552683
33.58401235952256,32.24196525609399
32.181873594746435,32.782790208221925
31.861384734226178,33.14334017630721
31.340590335880762,32.782790208221925
32.06169027205134,32.42224024013663
31.7612319653136,32.06169027205134
31.340590335880762,31.58095698127095
31.100223690490566,31.160315351838115
31.160315351838115,30.61949039971018
30.67958206105773,30.018573786234697
31.100223690490566,29.457718280324244
30.258940431624893,30.018573786234697
29.65802381814941,30.138757108929795
30.198848770277344,29.65802381814941
29.057107204673926,28.736618344153662
31.100223690490566,28.336007268503344
30.61949039971018,29.477748834106762
31.62101808883598,29.8983904635396
31.100223690490566,29.417657172759213
32.782790208221925,29.057107204673926
32.30205691744153,28.336007268503344
32.782790208221925,28.81674055928373
32.30205691744153,29.297473850064115
31.821323626661147,29.8983904635396
31.340590335880762,30.73967372240528
30.919948706447926,30.258940431624893
30.37912375431999,30.61949039971018
30.018573786234697,30.138757108929795
30.859857045100377,29.53784049545431
30.73967372240528,28.936923881978828
30.258940431624893,28.456190591198443
30.859857045100377,28.997015543326377
30.37912375431999,28.57637391389354
30.61949039971018,29.53784049545431
30.138757108929795,29.057107204673926
29.65802381814941,30.67958206105773
29.057107204673926,30.138757108929795
28.81674055928373,31.100223690490566
28.456190591198443,31.7612319653136
28.095640623113148,31.340590335880762
27.254357364247475,30.73967372240528
26.77362407346709,30.319032092972442
26.413074105381796,30.73967372240528
28.69655723658863,30.258940431624893
29.057107204673926,30.61949039971018
29.177290527369024,30.258940431624893
28.57637391389354,31.70114030396605
27.975457300418057,31.340590335880762
27.254357364247475,30.919948706447926
26.77362407346709,30.37912375431999
26.292890782686705,29.778207140844508
25.93234081460141,29.177290527369024
27.134174041552377,29.117198866021475
26.292890782686705,30.859857045100377
25.93234081460141,30.37912375431999
25.571790846516123,29.8983904635396
25.151149217083287,29.417657172759213
25.091057555735738,31.821323626661147
25.151149217083287,31.340590335880762
25.571790846516123,32.54242356283173
26.05252413729651,33.14334017630721
25.571790846516123,33.14334017630721
24.97087423304064,32.54242356283173
24.730507587650443,32.06169027205134
24.369957619565156,30.73967372240528
23.88922432878477,30.319032092972442
23.408491038004385,31.160315351838115
22.8075744245289,30.73967372240528
22.206657811053418,30.319032092972442
21.725924520273026,30.73967372240528
21.24519122949264,30.138757108929795
20.764457938712255,29.65802381814941
20.28372464793187,29.297473850064115
19.983266341194124,30.018573786234697
20.043358002541673,30.138757108929795
19.44244138906619,30.138757108929795
19.202074743676,29.8983904635396
18.721341452895615,29.297473850064115
18.240608162115223,29.057107204673926
17.819966532682386,28.936923881978828
17.519508225944648,28.51628225254599
17.038774935164263,27.975457300418057
18.12042483942013,27.49472400963767
17.519508225944648,27.134174041552377
16.918591612469164,28.035548961765606
16.43785832168878,27.614907332332763
16.137400014951034,28.095640623113148
16.49794998303632,27.254357364247475
16.077308353603485,26.77362407346709
16.918591612469164,26.232799121339156
16.49794998303632,26.533257428076894
15.957125030908387,27.49472400963767
15.356208417432903,29.177290527369024
14.995658449347616,28.69655723658863
14.695200142609878,29.8983904635396
14.154375190481943,29.53784049545431
13.55345857700646,29.297473850064115
13.253000270268714,28.75664889793618
13.833886329961679,28.336007268503344
13.793825222396649,27.975457300418057
13.313091931616263,27.49472400963767
12.832358640835878,26.77362407346709
12.351625350055492,26.292890782686705
11.8708920592751,25.812157491906312
11.269975445799616,25.331424201125927
11.029608800409427,26.05252413729651
10.548875509629042,25.69197416921122
,26.77362407346709
,26.05252413729651
,25.451607523821025
,24.670415926302894
,24.12959097417496
,23.528674360699476
,23.04794106991909
,22.447024456443607
,22.08647448835832
,22.08647448835832
,22.08647448835832
,22.08647448835832
,21.725924520273026
,21.30528289084019
,20.764457938712255
,20.34381630927942
,19.802991357151484
,19.38234972771864
,18.841524775590706
,18.36079148481032
,17.759874871334837
,17.519508225944648
,17.158958257859354
,16.678224967078968
,16.31767499899368
,17.219049919206903
,16.798408289774066
,17.639691548639746
,17.038774935164263
,16.678224967078968
,16.197491676298583
,15.5965750628231
,15.236025094737812
,15.115841772042714
,14.75529180395742
,14.214466851829485
,14.154375190481943
,14.274558513177034
,14.995658449347616
,14.635108481262328
,14.274558513177034
,13.793825222396649
,13.373183592963812
,13.192908608921165
,12.71217531814078
,12.171350366012845
,12.171350366012845
,12.71217531814078
,12.351625350055492
,11.8708920592751
,11.450250429842264
,10.90942547771433
,10.428692186933944
,10.068142218848656
,9.467225605373173
,9.106675637287879
,8.265392378422206
,7.664475764946722
