Y(hoy),Y(ayer)
11.274432004416298,12.401078774705141
11.075611986130028,12.003438738132608
12.003438738132608,11.47325202270256
11.605798701560076,11.340705343845052
12.003438738132608,10.545425270699987
11.605798701560076,10.147785234127454
11.274432004416298,10.147785234127454
11.208158664987543,10.015238555269946
11.208158664987543,9.418778500411143
11.208158664987543,8.888591784981102
11.47325202270256,8.159585051264791
11.075611986130028,7.894491693549767
12.135985416990117,7.828218354121013
12.268532095847625,7.364304978119726
11.804618719846339,6.9003916021184395
11.208158664987543,6.834118262689678
10.545425270699987,6.70157158383217
10.0815118946987,6.237658207830883
10.015238555269946,5.773744831829596
9.750145197554922,5.773744831829596
9.219958482124873,5.773744831829596
8.557225087837324,5.243558116399548
8.027038372407276,4.713371400969507
7.761945014692259,4.713371400969507
7.099211620404702,4.183184685539466
6.834118262689678,3.5867246306806635
6.70157158383217,3.5204512912519093
6.171384868402129,3.5204512912519093
5.508651474114572,3.6529979701094177
4.978464758684531,4.183184685539466
4.580824722111998,4.05063800668195
4.580824722111998,3.6529979701094177
4.448278043254483,2.8577178969643597
4.05063800668195,2.3275311815343116
4.183184685539466,2.3275311815343116
3.3879046123944008,2.3275311815343116
4.713371400969507,2.3275311815343116
3.5867246306806635,2.0624378238192946
3.5204512912519093,1.4659777689604852
3.5204512912519093,1.2671577506742295
3.5204512912519093,1.2671577506742295
3.5204512912519093,1.2671577506742295
3.3879046123944008,1.2671577506742295
3.1228112546793767,1.2671577506742295
2.5926245392493286,1.2671577506742295
2.46007786039182,1.2008844112454682
2.3275311815343116,0.47187767752916443
1.929891144961772,1.1346110718167068
1.664797787246755,0.7369710352441814
0.8695177141016899,0.20678431981413326
0.33933099867164174,0.20678431981413326
1.2008844112454682,1.0020643929591984
1.2671577506742295,0.47187767752916443
0.20678431981413326,0.8695177141016899
0.20678431981413326,0.33933099867164174
0.33933099867164174,0.20678431981413326
0.8695177141016899,0.67069769581542
1.0020643929591984,1.2008844112454682
0.7369710352441814,1.2671577506742295
0.2730576592428946,1.2671577506742295
0.9357910535304512,1.2671577506742295
1.2671577506742295,1.399704429531738
1.2671577506742295,1.929891144961772
1.2671577506742295,2.3938045209630587
1.2671577506742295,2.3275311815343116
1.2671577506742295,1.7973444661042635
1.3334310901029767,1.929891144961772
1.664797787246755,2.3938045209630587
1.2671577506742295,3.1228112546793767
2.23916672896263,2.5926245392493286
2.46007786039182,3.5867246306806635
2.46007786039182,4.448278043254483
2.46007786039182,3.918091327824442
2.46007786039182,4.713371400969507
1.929891144961772,4.713371400969507
1.399704429531738,4.713371400969507
1.9740733712476128,4.713371400969507
2.504260086677661,4.713371400969507
3.299540159822719,4.713371400969507
2.725171218106837,5.508651474114572
3.5204512912519093,4.978464758684531
4.05063800668195,5.773744831829596
4.580824722111998,5.773744831829596
3.918091327824442,6.237658207830883
3.454177951823155,5.773744831829596
3.5204512912519093,7.298031638690972
3.5204512912519093,6.70157158383217
4.1169113461107045,7.761945014692259
3.6529979701094177,7.231758299262211
4.580824722111998,6.834118262689678
4.580824722111998,7.828218354121013
4.580824722111998,7.364304978119726
4.580824722111998,8.093311711836037
4.580824722111998,8.601407314123158
4.580824722111998,8.2921317301223
4.580824722111998,7.761945014692259
4.845918079827015,7.231758299262211
4.448278043254483,6.834118262689678
5.420287021542897,7.828218354121013
5.707471492400835,7.364304978119726
6.171384868402129,8.358405069551054
6.70157158383217,7.894491693549767
6.834118262689678,9.418778500411143
6.9003916021184395,8.822318445552341
7.231758299262211,10.015238555269946
6.834118262689678,10.147785234127454
7.761945014692259,10.214058573556208
7.894491693549767,10.677971949557495
7.960765032978522,10.280331912984963
8.358405069551054,11.539525362131315
7.894491693549767,11.075611986130028
8.822318445552341,12.069712077561363
8.358405069551054,12.53362545356265
7.960765032978522,13.06381216899269
8.159585051264791,13.461452205565223
8.866500671838182,14.256732278710288
9.087411803267365,13.726545563280247
9.087411803267365,14.12418559985278
9.683871858126167,13.660272223851493
10.147785234127454,14.12418559985278
10.147785234127454,14.588098975854066
10.147785234127454,16.046112443286688
10.147785234127454,15.449652388427886
10.191967460413288,14.919465672997845
11.075611986130028,16.377479140430466
10.545425270699987,15.91356576442918
11.208158664987543,16.64257249814549
11.208158664987543,16.112385782715442
11.605798701560076,16.841392516431753
11.075611986130028,17.30530589243304
12.268532095847625,17.835492607863088
12.53362545356265,18.16685930500686
13.638181110708572,18.630772681008153
13.06381216899269,19.028412717580686
14.389278957567804,19.492326093581973
13.726545563280247,19.95623946958326
13.461452205565223,19.42605275415322
13.461452205565223,18.89586603872317
13.593998884422739,18.36567932329313
14.190458939281534,18.100585965578105
14.786918994140336,18.674954907293987
15.493834614713727,18.36567932329313
15.71474574614291,17.968039286720597
16.244932461572958,18.89586603872317
16.775119177003,18.498226002150638
17.040212534718023,19.82369279072575
16.64257249814549,19.293506075295703
17.702945929005573,19.42605275415322
17.835492607863088,19.028412717580686
17.835492607863088,19.028412717580686
17.835492607863088,19.028412717580686
17.835492607863088,19.558599433010727
17.835492607863088,20.884066221585833
18.674954907293987,20.221332827298284
18.100585965578105,21.149159579300857
18.962139378151925,21.54679961587339
19.028412717580686,21.944439652445922
19.492326093581973,21.679346294730898
19.95623946958326,21.149159579300857
19.42605275415322,22.07698633130343
19.09468605700944,21.54679961587339
19.73532833815407,22.143259670732192
19.95623946958326,22.342079689018455
19.42605275415322,23.203633101592274
19.028412717580686,22.739719725590987
19.95623946958326,23.468726459307298
19.42605275415322,24.0651865141661
19.42605275415322,24.59537322959614
19.028412717580686,24.661646569024896
20.022512809012014,25.258106623883698
20.088786148440768,24.860466587311166
20.15505948786953,25.58947332102747
20.884066221585833,25.258106623883698
20.221332827298284,24.72791990845365
21.325888484444206,24.0651865141661
22.07698633130343,23.667546477593568
21.679346294730898,24.264006532452363
21.41425293701588,24.794193247882404
21.149159579300857,25.258106623883698
21.149159579300857,24.993013266168674
21.082886239872103,24.59537322959614
21.01661290044335,24.59537322959614
20.552699524442062,24.330279871881118
20.15505948786953,23.932639835308585
20.088786148440768,23.534999798736052
20.022512809012014,25.258106623883698
19.95623946958326,24.72791990845365
19.492326093581973,24.330279871881118
18.984230491294852,24.993013266168674
18.89586603872317,24.59537322959614
18.23313264443562,26.119660036457518
17.835492607863088,25.523199981598715
17.835492607863088,26.583573412458804
17.30530589243304,25.920840018171248
16.775119177003,26.583573412458804
16.244932461572958,26.185933375886272
15.71474574614291,25.78829333931374
15.582199067285401,25.324379963312452
15.317105709570377,24.794193247882404
14.786918994140336,25.258106623883698
14.521825636425312,24.860466587311166
14.256732278710288,25.78829333931374
13.726545563280247,26.583573412458804
13.461452205565223,26.185933375886272
13.06381216899269,25.854566678742493
12.53362545356265,26.451026733601296
12.401078774705141,26.782393430745074
12.33480543527638,27.643946843318894
12.268532095847625,27.180033467317607
11.804618719846339,26.64984675188756
11.274432004416298,26.053386697028763
11.208158664987543,25.65574666045623
10.545425270699987,27.113760127888845
10.147785234127454,26.583573412458804
10.147785234127454,27.710220182747648
10.147785234127454,27.643946843318894
10.147785234127454,27.113760127888845
10.147785234127454,26.583573412458804
10.147785234127454,26.119660036457518
10.147785234127454,25.65574666045623
10.191967460413288,26.053386697028763
10.677971949557495,26.64984675188756
10.280331912984963,26.84866677017383
11.141885325558782,27.643946843318894
11.738345380417584,27.24630680674636
11.340705343845052,27.113760127888845
12.401078774705141,26.716120091316313
11.870892059275093,26.31848005474378
11.208158664987543,25.78829333931374
11.738345380417584,25.324379963312452
12.069712077561363,24.860466587311166
11.47325202270256,24.462826550738633
12.53362545356265,23.99891317473734
12.401078774705141,23.468726459307298
12.53362545356265,22.872266404448496
13.859092242137756,22.342079689018455
13.06381216899269,21.811892973588414
14.389278957567804,21.281706258158366
14.521825636425312,20.751519542728325
14.521825636425312,20.221332827298284
14.455552296996558,19.95623946958326
13.90327446842359,19.492326093581973
13.461452205565223,18.763319359865662
15.493834614713727,18.498226002150638
14.919465672997845,18.03431262614935
15.847292425000418,17.437852571290556
15.317105709570377,16.907665855860508
15.383379048999132,16.510025819287975
14.919465672997845,16.046112443286688
15.781019085571664,15.582199067285401
15.317105709570377,15.052012351855353
16.311205801001712,14.521825636425312
16.775119177003,15.449652388427886
17.040212534718023,14.985739012426599
17.901765947291842,14.65437231528282
17.968039286720597,14.12418559985278
17.371579231861794,13.593998884422739
16.841392516431753,13.461452205565223
17.30530589243304,13.06381216899269
17.968039286720597,12.599898792991404
18.630772681008153,12.33480543527638
18.630772681008153,11.804618719846339
18.100585965578105,11.340705343845052
17.702945929005573,11.870892059275093
18.962139378151925,12.401078774705141
19.293506075295703,12.33480543527638
20.022512809012014,11.804618719846339
20.4864261850133,11.340705343845052
21.01661290044335,11.340705343845052
21.281706258158366,11.340705343845052
21.856075199874248,11.47325202270256
22.38626191530429,12.003438738132608
23.269906441021035,12.401078774705141
22.60717304673348,11.870892059275093
23.468726459307298,11.340705343845052
24.330279871881118,11.870892059275093
23.932639835308585,12.53362545356265
24.19773319302361,13.130085508421452
25.258106623883698,12.53362545356265
24.72791990845365,13.06381216899269
25.191833284454937,12.798718811277674
24.72791990845365,13.328905526707715
24.860466587311166,13.461452205565223
24.330279871881118,13.461452205565223
24.39655321130987,13.991638920995271
24.462826550738633,13.461452205565223
23.932639835308585,14.12418559985278
23.534999798736052,13.593998884422739
24.241915419309443,13.991638920995271
24.462826550738633,14.521825636425312
23.800093156451076,14.786918994140336
23.534999798736052,15.184559030712869
23.13735976216352,15.582199067285401
22.474626367875963,15.184559030712869
22.209533010160946,14.521825636425312
24.462826550738633,15.052012351855353
23.932639835308585,15.582199067285401
23.468726459307298,15.582199067285401
23.932639835308585,15.71474574614291
23.468726459307298,16.244932461572958
23.932639835308585,17.437852571290556
23.468726459307298,16.775119177003
23.932639835308585,17.084394761003857
24.462826550738633,17.702945929005573
24.330279871881118,17.968039286720597
23.800093156451076,18.431952662721883
23.534999798736052,18.89586603872317
23.00481308330601,19.42605275415322
22.40835302844721,19.82369279072575
21.811892973588414,19.22723273586695
21.281706258158366,18.763319359865662
21.41425293701588,18.16685930500686
22.07698633130343,18.630772681008153
21.54679961587339,19.293506075295703
21.01661290044335,19.82369279072575
20.4864261850133,20.751519542728325
20.088786148440768,21.281706258158366
19.95623946958326,22.143259670732192
19.293506075295703,21.679346294730898
18.630772681008153,22.60717304673348
18.100585965578105,23.269906441021035
17.570399250148064,23.534999798736052
17.040212534718023,23.932639835308585
16.64257249814549,24.529099890167387
17.570399250148064,24.529099890167387
17.106485874146777,24.19773319302361
17.30530589243304,23.402453119878544
16.775119177003,23.534999798736052
16.112385782715442,24.131459853594855
15.648472406714156,23.932639835308585
15.582199067285401,23.534999798736052
15.317105709570377,25.258106623883698
14.786918994140336,24.72791990845365
14.521825636425312,25.58947332102747
14.12418559985278,25.258106623883698
13.726545563280247,24.794193247882404
13.328905526707715,25.258106623883698
13.328905526707715,24.860466587311166
12.798718811277674,25.65574666045623
12.268532095847625,25.65574666045623
11.738345380417584,25.58947332102747
11.208158664987543,25.05928660559743
11.141885325558782,24.59537322959614
11.031429759844194,25.05928660559743
11.208158664987543,25.390653302741207
10.677971949557495,24.794193247882404
10.280331912984963,24.59537322959614
,24.59537322959614
,25.125559945026183
,25.258106623883698
,24.794193247882404
,24.59537322959614
,24.19773319302361
,23.534999798736052
,23.402453119878544
,23.13735976216352
,22.673446386162233
,22.07698633130343
,21.21543291872961
,20.751519542728325
,20.353879506155792
,19.691146111868235
,19.22723273586695
,19.95623946958326
,19.492326093581973
,18.89586603872317
,18.36567932329313
,17.968039286720597
,18.962139378151925
,18.498226002150638
,19.492326093581973
,19.82369279072575
,19.22723273586695
,18.763319359865662
,18.36567932329313
,17.901765947291842
,17.570399250148064
,17.040212534718023
,16.510025819287975
,15.979839103857934
,15.317105709570377
,14.588098975854066
,14.389278957567804
,13.859092242137756
,13.328905526707715
,12.798718811277674
,12.33480543527638
,11.738345380417584
,11.340705343845052
,12.33480543527638
