Y(hoy),Y(ayer)
-1.9802358813347922,-0.9198624504747102
-2.0465092207635536,-1.2512291476184885
-1.9802358813347922,-1.7151425236197753
-2.0465092207635536,-2.3116025784785705
-1.913962541906045,-2.8417892939086187
-1.9802358813347922,-2.70924261505111
-1.913962541906045,-2.70924261505111
-1.9802358813347922,-2.444149257336079
-1.913962541906045,-2.70924261505111
-1.913962541906045,-2.3116025784785705
-2.444149257336079,-2.5766959361935875
-1.9802358813347922,-2.974335972766127
-1.913962541906045,-2.444149257336079
-1.9802358813347922,-2.179055899621062
-2.0465092207635536,-2.70924261505111
-1.9802358813347922,-2.3116025784785705
-2.0465092207635536,-2.179055899621062
-1.9802358813347922,-2.5766959361935875
-1.450049165904744,-2.5766959361935875
-0.9861357899034573,-2.179055899621062
-0.8535891110459488,-2.444149257336079
-0.7873157716172017,-2.5766959361935875
-0.389675735044662,-2.179055899621062
-0.8535891110459488,-1.913962541906045
0.07423764095662477,-1.913962541906045
0.4056043381004031,-1.913962541906045
1.0020643929591984,-1.913962541906045
1.2671577506742295,-1.913962541906045
1.399704429531738,-1.913962541906045
1.9961644843905333,-1.913962541906045
2.5926245392493286,-1.913962541906045
3.299540159822719,-1.450049165904744
3.5204512912519093,-0.9198624504747102
3.5204512912519093,-0.8535891110459488
3.6529979701094177,-0.8535891110459488
4.315731364396974,-0.8535891110459488
5.420287021542897,-0.8535891110459488
4.845918079827015,-0.8535891110459488
6.70157158383217,-0.8535891110459488
6.237658207830883,-0.7210424321884403
6.834118262689678,-0.05830903790088371
7.2759405255480445,0.20678431981413326
6.834118262689678,0.20678431981413326
8.557225087837324,0.6044243563866729
8.093311711836037,1.2008844112454682
9.661780744983247,1.2671577506742295
9.087411803267365,1.1346110718167068
10.987247533558353,0.6044243563866729
10.412878591842478,1.1346110718167068
12.268532095847625,0.7369710352441814
11.738345380417584,2.0624378238192946
13.593998884422739,1.5322511083892465
13.130085508421452,2.5926245392493286
14.65437231528282,2.3275311815343116
14.12418559985278,2.5263511998205814
15.71474574614291,3.1228112546793767
15.184559030712869,2.8577178969643597
16.311205801001712,2.5926245392493286
17.349488118718874,3.3216312729656394
16.775119177003,2.8577178969643597
18.674954907293987,3.7855446489669333
18.100585965578105,4.315731364396974
18.962139378151925,3.8518179883956876
19.691146111868235,3.5204512912519093
19.160959396438194,3.3879046123944008
22.342079689018455,2.769353444392678
21.679346294730898,3.3879046123944008
21.281706258158366,3.5204512912519093
20.751519542728325,3.7855446489669333
20.221332827298284,4.448278043254483
24.72791990845365,4.713371400969507
24.19773319302361,4.91219141925577
23.667546477593568,5.508651474114572
23.13735976216352,5.773744831829596
27.37885348560387,6.303931547259637
26.716120091316313,6.436478226117146
26.31848005474378,5.972564850115859
25.78829333931374,5.773744831829596
25.258106623883698,5.773744831829596
29.234506989609024,5.3761047952570635
28.704320274178976,4.845918079827015
28.174133558748935,5.508651474114572
31.090160493614178,6.303931547259637
30.626247117612884,6.767844923260924
30.02978706275409,6.834118262689678
31.686620548472973,7.629398335834743
32.68072063990431,7.099211620404702
32.15053392447426,7.960765032978522
34.536374143909455,8.888591784981102
34.07246076790817,8.424678408979808
33.47600071304937,8.954865124409856
36.17111651648543,8.888591784981102
35.596747574769545,8.2921317301223
35.0665608593395,7.894491693549767
37.4524010787747,8.822318445552341
36.98848770277341,8.424678408979808
39.04296122506483,8.336313956408134
38.51277450963478,9.219958482124873
37.98258779420474,10.015238555269946
40.898614729069976,10.147785234127454
40.36842801363994,10.147785234127454
39.838241298209894,10.74424528898625
42.75426823307514,10.280331912984963
42.22408151764509,11.208158664987543
41.69389480221505,12.135985416990117
44.609921737080285,11.605798701560076
44.079735021650244,12.467352114133895
43.5495483062202,13.395178866136469
45.9353885256554,12.931265490135182
45.40520181022535,13.859092242137756
46.73066859880046,14.256732278710288
47.39340199308802,13.660272223851493
47.52594867194553,14.256732278710288
46.99576195651548,13.726545563280247
46.33302856222792,13.859092242137756
45.80284184679789,13.461452205565223
45.14010845251033,14.786918994140336
44.477375058222776,14.256732278710288
44.21228170050775,16.046112443286688
43.68209498507771,15.449652388427886
43.218181609076424,16.64257249814549
43.218181609076424,16.775119177003
42.62172155421762,17.371579231861794
42.09153483878758,16.907665855860508
41.82644148107256,17.968039286720597
41.428801444500024,18.674954907293987
40.898614729069976,18.630772681008153
40.36842801363994,18.16685930500686
39.9707879770674,19.160959396438194
40.898614729069976,20.884066221585833
40.36842801363994,20.221332827298284
40.898614729069976,19.691146111868235
40.23588133478243,18.763319359865662
39.9707879770674,20.884066221585833
39.9707879770674,20.221332827298284
39.838241298209894,19.757419451296997
39.17550790392234,19.22723273586695
38.51277450963478,19.757419451296997
37.98258779420474,20.221332827298284
37.31985439991719,21.01661290044335
36.657121005629634,20.618972863870816
36.126934290199586,20.530608411299134
35.464200895912036,20.088786148440768
38.51277450963478,21.347979597587127
37.85004111534723,22.40835302844721
37.31985439991719,21.811892973588414
36.8559410239159,22.916448630734337
36.39202764791461,22.60717304673348
35.86184093248457,22.07698633130343
38.51277450963478,21.54679961587339
37.98258779420474,22.07698633130343
37.4524010787747,21.679346294730898
36.92221436334465,23.00481308330601
36.39202764791461,22.474626367875963
35.86184093248457,23.269906441021035
35.19910753819701,22.739719725590987
34.93401418048199,22.474626367875963
34.536374143909455,23.13735976216352
33.873640749621906,22.739719725590987
33.21090735533435,22.651355273019313
32.54817396104679,23.33617978044979
31.951713906187997,23.13735976216352
31.39943607761503,22.60717304673348
32.15053392447426,23.468726459307298
31.62034720904422,23.00481308330601
32.68072063990431,23.932639835308585
33.21090735533435,24.529099890167387
32.216807263903014,24.0651865141661
32.68072063990431,23.468726459307298
31.48780053018671,23.468726459307298
30.957613814756662,23.932639835308585
30.294880420469113,24.529099890167387
29.764693705039065,24.529099890167387
29.234506989609024,24.19773319302361
29.764693705039065,23.667546477593568
29.101960310751508,23.203633101592274
28.969413631894,22.673446386162233
28.43922691646396,24.0651865141661
27.90904020103391,23.402453119878544
28.704320274178976,22.872266404448496
28.24040689817769,23.932639835308585
27.90904020103391,23.468726459307298
28.24040689817769,22.872266404448496
27.776493522176402,22.209533010160946
28.704320274178976,21.590981842159223
28.174133558748935,21.944439652445922
28.704320274178976,21.679346294730898
28.174133558748935,21.281706258158366
28.571773595321467,20.618972863870816
28.041586879891426,19.95623946958326
27.776493522176402,19.42605275415322
28.969413631894,18.962139378151925
28.43922691646396,18.630772681008153
29.49960034732404,18.16685930500686
29.89724038389658,17.63667258957682
29.16823365018027,17.17275921357553
28.571773595321467,16.775119177003
28.041586879891426,16.311205801001712
28.748502500464816,15.781019085571664
28.174133558748935,15.250832370141623
28.969413631894,14.521825636425312
29.234506989609024,13.991638920995271
28.83686695303649,13.527725544993984
30.825067135899154,13.461452205565223
30.162333741611597,13.328905526707715
29.764693705039065,12.864992150706428
30.825067135899154,12.401078774705141
30.294880420469113,12.003438738132608
29.764693705039065,11.406978683273806
29.234506989609024,11.208158664987543
28.969413631894,10.677971949557495
30.073969289039923,10.280331912984963
29.49960034732404,10.214058573556208
31.355253851329195,10.81051862841501
30.825067135899154,11.340705343845052
32.15053392447426,11.340705343845052
32.15053392447426,11.274432004416298
31.48780053018671,11.870892059275093
31.090160493614178,12.467352114133895
31.355253851329195,13.196358847850206
30.957613814756662,12.666172132420158
32.415627282189284,13.461452205565223
31.81916722733048,12.931265490135182
33.21090735533435,12.401078774705141
32.68072063990431,12.798718811277674
32.15053392447426,13.395178866136469
31.48780053018671,13.461452205565223
30.957613814756662,13.925365581566517
30.294880420469113,13.461452205565223
29.89724038389658,14.389278957567804
31.885440566759243,13.991638920995271
31.355253851329195,13.527725544993984
30.825067135899154,13.593998884422739
32.15053392447426,14.12418559985278
31.81916722733048,14.521825636425312
31.39943607761503,14.521825636425312
32.68072063990431,14.12418559985278
32.216807263903014,13.660272223851493
33.21090735533435,14.12418559985278
32.54817396104679,14.521825636425312
31.885440566759243,14.919465672997845
31.39943607761503,15.515925727856647
32.15053392447426,15.317105709570377
33.21090735533435,14.742736767854502
32.68072063990431,15.515925727856647
32.68072063990431,15.052012351855353
32.01798724561675,15.582199067285401
31.355253851329195,15.648472406714156
31.885440566759243,16.57629915871673
30.957613814756662,15.979839103857934
33.21090735533435,17.702945929005573
32.68072063990431,17.040212534718023
32.68072063990431,18.431952662721883
32.216807263903014,18.89586603872317
31.62034720904422,19.42605275415322
31.28898051190044,20.81779288215708
31.885440566759243,20.221332827298284
32.98999622390516,19.82369279072575
32.415627282189284,22.916448630734337
34.27128078619444,22.342079689018455
33.80736741019315,21.811892973588414
34.867740841053234,21.281706258158366
35.33165421705452,23.402453119878544
35.00028751991075,23.468726459307298
34.580556370195296,23.932639835308585
35.33165421705452,24.462826550738633
34.867740841053234,24.0651865141661
35.33165421705452,23.468726459307298
34.536374143909455,23.269906441021035
35.11074308562534,22.673446386162233
34.536374143909455,22.209533010160946
35.86184093248457,21.811892973588414
37.4524010787747,21.347979597587127
36.78966768448714,21.149159579300857
36.39202764791461,21.149159579300857
37.4524010787747,20.751519542728325
36.92221436334465,20.287606166727038
36.2594809690571,20.81779288215708
35.72929425362706,21.281706258158366
35.0665608593395,22.07698633130343
34.536374143909455,21.613072955302144
35.11074308562534,21.21543291872961
35.596747574769545,20.618972863870816
37.717494436489716,20.15505948786953
37.187307721059675,20.884066221585833
36.657121005629634,20.287606166727038
36.19320762962835,19.558599433010727
41.428801444500024,19.293506075295703
40.898614729069976,18.89586603872317
40.36842801363994,18.36567932329313
39.838241298209894,17.968039286720597
39.308054582779846,18.630772681008153
38.77786786734981,18.03431262614935
38.247681151919764,17.835492607863088
43.5495483062202,17.371579231861794
43.019361590790155,16.907665855860508
42.48917487536011,16.841392516431753
41.95898815993007,17.437852571290556
45.40520181022535,17.570399250148064
44.87501509479531,17.106485874146777
44.411101718794015,16.775119177003
44.87501509479531,16.64257249814549
44.477375058222776,15.979839103857934
45.27265513136784,15.515925727856647
44.74246841593779,14.919465672997845
43.94718834279273,14.588098975854066
43.68209498507771,15.184559030712869
43.28445494850518,14.786918994140336
44.34482837936527,14.65437231528282
43.81464166393522,14.12418559985278
43.28445494850518,13.593998884422739
45.40520181022535,13.461452205565223
44.87501509479531,13.925365581566517
45.40520181022535,14.389278957567804
44.94128843422406,13.859092242137756
44.34482837936527,13.328905526707715
43.81464166393522,12.864992150706428
43.28445494850518,12.401078774705141
43.28445494850518,13.06381216899269
42.75426823307514,13.925365581566517
42.09153483878758,13.461452205565223
41.428801444500024,14.389278957567804
41.82644148107256,13.991638920995271
41.296254765642516,13.660272223851493
42.48917487536011,14.256732278710288
43.019361590790155,14.12418559985278
42.75426823307514,13.726545563280247
42.22408151764509,13.328905526707715
41.56134812335753,12.798718811277674
40.898614729069976,12.33480543527638
40.23588133478243,11.738345380417584
39.57314794049488,11.340705343845052
39.04296122506483,12.135985416990117
38.51277450963478,11.738345380417584
37.98258779420474,11.208158664987543
37.4524010787747,10.545425270699987
36.78966768448714,9.88269187641243
36.2594809690571,9.219958482124873
35.72929425362706,8.888591784981102
35.596747574769545,8.2921317301223
35.464200895912036,7.761945014692259
35.19910753819701,7.231758299262211
34.80146750162448,6.834118262689678
34.13873410733692,6.436478226117146
33.60854739190688,5.972564850115859
32.81326731876182,5.508651474114572
32.54817396104679,5.1110114375420395
32.15053392447426,4.580824722111998
31.686620548472973,4.1169113461107045
31.156433833042932,3.6529979701094177
30.55997377818413,3.255357933536885
29.89724038389658,2.7914445575355984
29.234506989609024,2.3275311815343116
29.764693705039065,1.929891144961772
28.83686695303649,1.3334310901029767
30.825067135899154,1.2671577506742295
30.361153759897867,1.1346110718167068
29.234506989609024,0.67069769581542
31.48780053018671,0.33933099867164174
32.15053392447426,1.0020643929591984
31.62034720904422,0.8695177141016899
31.090160493614178,0.33933099867164174
30.55997377818413,0.20678431981413326
30.02978706275409,-0.3234023956159007
30.957613814756662,-0.8535891110459488
30.42742709932662,-0.8535891110459488
30.162333741611597,
29.632147026181556,
29.101960310751508,
29.013595858179833,
30.825067135899154,
30.22860708104035,
29.764693705039065,
32.15053392447426,
31.62034720904422,
32.15053392447426,
31.686620548472973,
31.090160493614178,
30.55997377818413,
30.02978706275409,
29.565873686752802,
29.035686971322754,
28.83686695303649,
28.571773595321467,
28.174133558748935,
28.748502500464816,
28.174133558748935,
30.02978706275409,
29.565873686752802,
32.15053392447426,
31.62034720904422,
31.090160493614178,
30.55997377818413,
30.22860708104035,
30.825067135899154,
29.764693705039065,
29.234506989609024,
28.83686695303649,
30.294880420469113,
30.957613814756662,
30.294880420469113,
29.764693705039065,
29.234506989609024,
30.02978706275409,
31.090160493614178,
30.55997377818413,
29.632147026181556,
30.096060402182843,
30.55997377818413,
30.02978706275409,
30.02978706275409,
30.073969289039923,
31.885440566759243,
31.42152719075795,
30.825067135899154,
33.47600071304937,
32.945813997619325,
32.415627282189284,
34.07246076790817,
35.11074308562534,
34.536374143909455,
36.39202764791461,
35.72929425362706,
35.86184093248457,
35.33165421705452,
34.66892082276697,
34.40382746505195,
33.873640749621906,
33.40972737362062,
33.60854739190688,
34.27128078619444,
33.74109407076439,
33.2771806947631,
32.68072063990431,
32.283080603331776,
33.47600071304937,
34.27128078619444,
33.74109407076439,
33.07836067647684,
32.81326731876182,
32.283080603331776,
32.01798724561675,
31.48780053018671,
31.222707172471686,
30.692520457041645,
30.096060402182843,
30.02978706275409,
30.55997377818413,
30.02978706275409,
31.885440566759243,
31.355253851329195,
31.885440566759243,
31.222707172471686,
30.957613814756662,
30.55997377818413,
29.89724038389658,
29.367053668466532,
28.704320274178976,
28.041586879891426,
27.776493522176402,
27.776493522176402,
27.710220182747648,
27.113760127888845,
26.451026733601296,
25.920840018171248,
25.65574666045623,
26.583573412458804,
26.053386697028763,
25.523199981598715,
24.993013266168674,
24.462826550738633,
23.800093156451076,
23.402453119878544,
23.446635346164378,
24.462826550738633,
23.932639835308585,
25.05928660559743,
25.523199981598715,
25.523199981598715,
24.860466587311166,
24.59537322959614,
24.19773319302361,
23.667546477593568,
23.13735976216352,
22.474626367875963,
22.209533010160946,
21.811892973588414,
21.281706258158366,
21.878166313017168,
22.342079689018455,
22.209533010160946,
21.944439652445922,
21.41425293701588,
21.149159579300857,
20.618972863870816,
19.95623946958326,
19.42605275415322,
18.763319359865662,
18.498226002150638,
17.968039286720597,
17.702945929005573,
18.23313264443562,
17.702945929005573,
18.940048265009004,
20.221332827298284,
19.691146111868235,
21.01661290044335,
20.4864261850133,
19.82369279072575,
19.22723273586695,
18.630772681008153,
17.968039286720597,
17.30530589243304,
16.775119177003,
16.244932461572958,
15.71474574614291,
15.582199067285401,
15.317105709570377,
14.786918994140336,
14.190458939281534,
13.593998884422739,
12.931265490135182,
12.268532095847625,
11.804618719846339,
11.208158664987543,
10.677971949557495,
10.147785234127454,
9.617598518697413,
8.954865124409856,
8.689771766694832,
8.2921317301223,
7.629398335834743,
6.966664941547194,
6.70157158383217,
6.171384868402129,
5.508651474114572,
5.243558116399548,
4.845918079827015,
4.315731364396974,
3.8518179883956876,
3.454177951823155,
3.5204512912519093,
3.0565379152506154,
2.46007786039182,
1.929891144961772,
1.4438866558175647,
2.194984502676803,
2.194984502676803,
1.5322511083892465,
0.8695177141016899,
0.47187767752916443,
0.20678431981413326,
0.47187767752916443,
1.1346110718167068,
