Y(hoy),Y(ayer)
6.834118262689678,8.822318445552341
6.70157158383217,8.2921317301223
6.171384868402129,7.828218354121013
5.84001817125835,7.231758299262211
6.569024904974661,6.834118262689678
6.834118262689678,8.557225087837324
6.502751565545907,8.027038372407276
5.972564850115859,7.496851656977235
5.442378134685818,8.027038372407276
4.845918079827015,7.496851656977235
4.514551382683237,6.966664941547194
4.580824722111998,6.834118262689678
4.580824722111998,6.834118262689678
3.918091327824442,6.70157158383217
3.3879046123944008,6.171384868402129
3.3879046123944008,5.773744831829596
4.713371400969507,5.3761047952570635
1.9961644843905333,4.91219141925577
1.399704429531738,4.382004703825729
1.2671577506742295,3.7855446489669333
1.1346110718167068,4.315731364396974
0.5381510169579116,3.7855446489669333
0.20678431981413326,3.1228112546793767
0.20678431981413326,2.5926245392493286
0.20678431981413326,2.194984502676803
0.20678431981413326,1.664797787246755
0.14051098038538612,1.2671577506742295
0.07423764095662477,1.2671577506742295
-0.5222224139021705,1.2671577506742295
-0.5222224139021705,1.2671577506742295
0.07423764095662477,0.8695177141016899
-0.389675735044662,0.2730576592428946
-0.5884957533309318,0.20678431981413326
-0.5884957533309318,0.20678431981413326
-0.25712905618715354,0.20678431981413326
-0.7210424321884403,0.20678431981413326
-0.7210424321884403,0.20678431981413326
0.07423764095662477,0.20678431981413326
0.20678431981413326,-0.3234023956159007
0.2730576592428946,-0.8535891110459488
0.9357910535304512,-0.8535891110459488
0.47187767752916443,-0.8535891110459488
2.3938045209630587,-0.8535891110459488
3.0565379152506154,-0.8535891110459488
2.5926245392493286,-0.8535891110459488
4.514551382683237,-0.8535891110459488
5.177284776970794,-0.8535891110459488
5.6411981529720805,-0.8535891110459488
6.303931547259637,-0.8535891110459488
7.364304978119726,-0.8535891110459488
8.358405069551054,-0.8535891110459488
7.894491693549767,-0.8535891110459488
9.352505160982389,-0.8535891110459488
8.822318445552341,-0.8535891110459488
9.88269187641243,-0.8535891110459488
13.06381216899269,-0.8535891110459488
11.208158664987543,-0.8535891110459488
14.389278957567804,-0.8535891110459488
13.859092242137756,-0.8535891110459488
13.461452205565223,-0.8535891110459488
15.979839103857934,-0.45594907447342337
15.582199067285401,0.20678431981413326
17.30530589243304,0.07423764095662477
19.028412717580686,-0.7873157716172017
17.835492607863088,-0.654769092759679
18.498226002150638,-0.1908557167583922
18.100585965578105,0.20678431981413326
17.702945929005573,0.20678431981413326
18.23313264443562,0.6044243563866729
20.751519542728325,1.2008844112454682
20.221332827298284,1.5322511083892465
18.89586603872317,2.194984502676803
26.583573412458804,3.1228112546793767
26.185933375886272,3.6529979701094177
23.402453119878544,3.918091327824442
23.00481308330601,4.448278043254483
28.748502500464816,5.3761047952570635
28.174133558748935,4.978464758684531
27.643946843318894,5.906291510687105
27.113760127888845,6.303931547259637
29.101960310751508,7.761945014692259
29.764693705039065,7.231758299262211
31.355253851329195,8.822318445552341
30.825067135899154,8.2921317301223
33.21090735533435,9.617598518697413
32.68072063990431,9.219958482124873
35.99438761134208,10.147785234127454
35.33165421705452,11.208158664987543
34.80146750162448,10.81051862841501
34.40382746505195,12.268532095847625
37.76167666277556,12.931265490135182
37.187307721059675,14.12418559985278
36.657121005629634,13.593998884422739
38.55695673592062,16.510025819287975
38.77786786734981,15.979839103857934
38.247681151919764,15.449652388427886
37.78376777591848,17.570399250148064
37.054761042202166,17.17275921357553
36.524574326772125,18.564499341579392
35.86184093248457,17.968039286720597
35.33165421705452,18.630772681008153
34.867740841053234,18.100585965578105
34.27128078619444,17.968039286720597
33.74109407076439,18.36567932329313
33.34345403419186,19.028412717580686
34.27128078619444,19.558599433010727
33.74109407076439,21.01661290044335
33.2771806947631,20.4864261850133
32.68072063990431,20.088786148440768
32.283080603331776,23.667546477593568
31.090160493614178,23.13735976216352
30.692520457041645,22.60717304673348
30.118151515325764,24.993013266168674
31.62034720904422,26.31848005474378
31.090160493614178,25.920840018171248
32.15053392447426,27.113760127888845
31.62034720904422,27.975313540462672
31.156433833042932,27.511400164461378
30.55997377818413,28.43922691646396
30.02978706275409,29.49960034732404
31.222707172471686,28.969413631894
32.15053392447426,31.355253851329195
31.62034720904422,30.825067135899154
33.21090735533435,30.294880420469113
32.68072063990431,29.89724038389658
31.023887154185417,33.21090735533435
30.825067135899154,32.68072063990431
30.162333741611597,32.01798724561675
30.869249362184988,35.0665608593395
31.090160493614178,34.536374143909455
31.090160493614178,34.006187428479414
31.42152719075795,36.2594809690571
31.929622793045077,35.72929425362706
32.15053392447426,36.524574326772125
31.81916722733048,35.86184093248457
31.355253851329195,35.39792755648328
31.090160493614178,34.80146750162448
31.222707172471686,34.27128078619444
30.162333741611597,33.60854739190688
29.89724038389658,33.34345403419186
29.49960034732404,32.81326731876182
29.101960310751508,32.283080603331776
28.505500255892713,32.15053392447426
29.764693705039065,31.752893887901728
29.300780329037778,30.957613814756662
31.885440566759243,30.361153759897867
31.222707172471686,30.692520457041645
30.692520457041645,30.02978706275409
30.22860708104035,29.49960034732404
31.885440566759243,29.101960310751508
31.355253851329195,30.692520457041645
30.825067135899154,30.02978706275409
30.294880420469113,30.383244873040788
29.764693705039065,31.62034720904422
29.234506989609024,31.090160493614178
28.83686695303649,32.68072063990431
31.090160493614178,32.283080603331776
30.55997377818413,33.07836067647684
30.096060402182843,32.415627282189284
29.632147026181556,31.42152719075795
30.294880420469113,31.885440566759243
29.83096704446782,31.090160493614178
29.367053668466532,30.55997377818413
29.764693705039065,29.764693705039065
30.869249362184988,29.300780329037778
30.294880420469113,28.903140292465245
31.090160493614178,29.83096704446782
31.090160493614178,29.367053668466532
30.55997377818413,30.162333741611597
30.096060402182843,30.825067135899154
30.957613814756662,31.090160493614178
30.294880420469113,30.55997377818413
31.090160493614178,30.02978706275409
30.55997377818413,29.565873686752802
30.957613814756662,29.101960310751508
33.21090735533435,30.162333741611597
32.68072063990431,29.49960034732404
32.15053392447426,30.825067135899154
31.686620548472973,30.294880420469113
30.096060402182843,29.632147026181556
30.55997377818413,29.035686971322754
34.27128078619444,28.83686695303649
33.74109407076439,28.43922691646396
34.27128078619444,27.90904020103391
33.80736741019315,27.37885348560387
33.07836067647684,26.84866677017383
32.61444730047555,28.770593613607737
33.2771806947631,28.174133558748935
32.68072063990431,28.571773595321467
32.415627282189284,27.997404653605592
32.945813997619325,28.770593613607737
34.27128078619444,28.306680237606443
33.74109407076439,28.83686695303649
33.47600071304937,29.101960310751508
33.01208733704808,29.764693705039065
34.006187428479414,30.02978706275409
34.27128078619444,29.83096704446782
33.74109407076439,29.300780329037778
32.945813997619325,29.764693705039065
32.415627282189284,29.367053668466532
31.885440566759243,29.367053668466532
31.42152719075795,29.101960310751508
30.957613814756662,29.764693705039065
32.945813997619325,31.62034720904422
32.415627282189284,31.090160493614178
34.27128078619444,32.945813997619325
33.74109407076439,32.54817396104679
33.21090735533435,32.15053392447426
32.54817396104679,31.62034720904422
32.68072063990431,31.090160493614178
33.21090735533435,30.55997377818413
32.68072063990431,30.162333741611597
32.01798724561675,30.692520457041645
31.48780053018671,31.885440566759243
33.60854739190688,31.48780053018671
32.415627282189284,32.945813997619325
33.74109407076439,32.48190062161804
33.21090735533435,32.283080603331776
32.415627282189284,31.752893887901728
33.47600071304937,31.222707172471686
32.945813997619325,32.74699397933306
34.735194162195725,32.15053392447426
34.006187428479414,31.62034720904422
35.33165421705452,34.27128078619444
34.93401418048199,33.74109407076439
34.536374143909455,33.2771806947631
35.0665608593395,32.81326731876182
34.536374143909455,31.752893887901728
40.36842801363994,31.355253851329195
39.838241298209894,32.283080603331776
34.66892082276697,32.945813997619325
41.95898815993007,32.415627282189284
41.428801444500024,31.885440566759243
43.019361590790155,31.355253851329195
42.42290153593136,32.945813997619325
41.69389480221505,32.54817396104679
39.838241298209894,33.2771806947631
39.308054582779846,32.68072063990431
38.91041454620732,32.15053392447426
37.98258779420474,31.62034720904422
37.4524010787747,30.957613814756662
36.39202764791461,30.42742709932662
35.86184093248457,30.162333741611597
35.464200895912036,32.945813997619325
37.717494436489716,32.415627282189284
37.31985439991719,31.885440566759243
39.04296122506483,31.48780053018671
38.51277450963478,32.283080603331776
38.048861133633494,32.283080603331776
37.51867441820345,31.885440566759243
36.92221436334465,31.222707172471686
36.2594809690571,30.55997377818413
35.6630209141983,30.162333741611597
35.596747574769545,31.090160493614178
36.2594809690571,30.692520457041645
36.92221436334465,31.355253851329195
37.4524010787747,33.21090735533435
39.308054582779846,32.81326731876182
38.77786786734981,34.27128078619444
38.247681151919764,33.74109407076439
41.69389480221505,32.415627282189284
41.16370808678501,31.752893887901728
40.63352137135496,31.28898051190044
40.10333465592491,31.885440566759243
43.019361590790155,34.735194162195725
42.48917487536011,33.74109407076439
40.63352137135496,33.34345403419186
39.9707879770674,35.33165421705452
39.705694619352386,34.66892082276697
39.308054582779846,34.006187428479414
38.77786786734981,33.34345403419186
38.247681151919764,32.68072063990431
37.78376777591848,32.283080603331776
37.187307721059675,34.006187428479414
36.657121005629634,33.47600071304937
38.51277450963478,33.07836067647684
37.98258779420474,34.40382746505195
36.92221436334465,34.4701008044807
36.39202764791461,35.0665608593395
33.21090735533435,35.464200895912036
32.54817396104679,35.464200895912036
32.01798724561675,35.19910753819701
31.090160493614178,34.80146750162448
30.55997377818413,37.717494436489716
29.89724038389658,37.187307721059675
29.632147026181556,36.657121005629634
29.234506989609024,40.23588133478243
28.704320274178976,39.705694619352386
28.306680237606443,41.49507478392878
27.90904020103391,40.898614729069976
27.511400164461378,41.95898815993007
25.920840018171248,40.63352137135496
24.993013266168674,40.23588133478243
24.59537322959614,41.296254765642516
23.932639835308585,41.82644148107256
22.474626367875963,41.16370808678501
22.474626367875963,40.50097469249745
23.402453119878544,39.838241298209894
23.00481308330601,39.44060126163736
21.54679961587339,38.77786786734981
20.751519542728325,38.247681151919764
20.15505948786953,37.717494436489716
21.54679961587339,37.187307721059675
22.342079689018455,36.78966768448714
21.149159579300857,40.898614729069976
23.534999798736052,40.36842801363994
22.739719725590987,39.838241298209894
22.342079689018455,39.44060126163736
22.342079689018455,39.57314794049488
22.342079689018455,39.10923456449358
22.872266404448496,39.838241298209894
23.534999798736052,39.17550790392234
22.209533010160946,38.51277450963478
22.673446386162233,38.048861133633494
23.667546477593568,37.31985439991719
23.13735976216352,36.78966768448714
24.462826550738633,37.187307721059675
24.0651865141661,38.247681151919764
24.529099890167387,37.717494436489716
24.59537322959614,40.10333465592491
25.523199981598715,39.57314794049488
24.993013266168674,39.04296122506483
26.583573412458804,38.6453211884923
26.185933375886272,43.019361590790155
26.31848005474378,42.48917487536011
25.920840018171248,41.95898815993007
24.72791990845365,41.428801444500024
24.19773319302361,40.898614729069976
23.534999798736052,46.200481883370415
23.269906441021035,45.53774848908286
23.800093156451076,45.00756177365282
23.269906441021035,44.609921737080285
24.462826550738633,44.079735021650244
24.72791990845365,43.68209498507771
24.330279871881118,44.477375058222776
25.302288850169532,43.81464166393522
26.583573412458804,43.28445494850518
26.119660036457518,42.75426823307514
27.643946843318894,42.22408151764509
27.113760127888845,41.82644148107256
28.43922691646396,40.76606805021247
28.041586879891426,40.36842801363994
28.704320274178976,39.9707879770674
28.306680237606443,39.838241298209894
27.90904020103391,39.308054582779846
27.511400164461378,36.92221436334465
26.981213449031337,36.39202764791461
27.643946843318894,35.86184093248457
28.174133558748935,35.464200895912036
28.969413631894,33.07836067647684
30.096060402182843,32.68072063990431
29.49960034732404,32.01798724561675
31.090160493614178,31.355253851329195
30.55997377818413,30.825067135899154
30.162333741611597,30.361153759897867
28.969413631894,29.764693705039065
27.90904020103391,29.101960310751508
27.511400164461378,28.43922691646396
26.981213449031337,27.90904020103391
28.24040689817769,27.37885348560387
27.776493522176402,26.981213449031337
28.704320274178976,26.31848005474378
28.174133558748935,25.65574666045623
28.63804693475022,25.258106623883698
28.174133558748935,24.860466587311166
27.776493522176402,24.462826550738633
29.234506989609024,23.932639835308585
28.704320274178976,23.534999798736052
27.511400164461378,23.00481308330601
26.981213449031337,22.474626367875963
26.716120091316313,24.0651865141661
27.90904020103391,23.402453119878544
27.511400164461378,23.932639835308585
28.571773595321467,22.872266404448496
27.643946843318894,21.679346294730898
27.113760127888845,21.41425293701588
28.174133558748935,22.209533010160946
31.090160493614178,22.209533010160946
30.55997377818413,21.590981842159223
29.89724038389658,22.872266404448496
29.367053668466532,23.402453119878544
28.704320274178976,23.402453119878544
28.306680237606443,23.402453119878544
30.957613814756662,23.00481308330601
30.957613814756662,22.474626367875963
29.49960034732404,22.872266404448496
29.101960310751508,24.462826550738633
28.43922691646396,23.932639835308585
27.90904020103391,23.402453119878544
28.704320274178976,26.31848005474378
28.174133558748935,25.722019999884985
27.643946843318894,25.258106623883698
27.113760127888845,24.860466587311166
26.64984675188756,25.523199981598715
26.119660036457518,24.993013266168674
27.90904020103391,24.19773319302361
27.37885348560387,23.733819817022322
26.981213449031337,24.0651865141661
28.704320274178976,23.534999798736052
28.174133558748935,23.932639835308585
27.643946843318894,23.534999798736052
27.180033467317607,24.993013266168674
26.782393430745074,24.462826550738633
27.113760127888845,26.31848005474378
26.716120091316313,25.78829333931374
27.643946843318894,27.511400164461378
27.113760127888845,26.981213449031337
26.583573412458804,26.31848005474378
26.053386697028763,25.523199981598715
25.523199981598715,24.993013266168674
24.993013266168674,24.59537322959614
24.59537322959614,25.390653302741207
24.241915419309443,24.72791990845365
23.667546477593568,26.64984675188756
24.462826550738633,26.053386697028763
23.932639835308585,27.113760127888845
23.468726459307298,27.710220182747648
22.872266404448496,28.174133558748935
21.01661290044335,27.776493522176402
20.4864261850133,29.54378257360988
20.088786148440768,28.969413631894
20.088786148440768,28.704320274178976
20.353879506155792,28.174133558748935
18.630772681008153,27.511400164461378
15.71474574614291,27.113760127888845
13.726545563280247,28.24040689817769
12.666172132420158,27.643946843318894
13.461452205565223,28.770593613607737
12.003438738132608,28.704320274178976
11.539525362131315,28.21831578503477
11.075611986130028,29.69842036561031
10.214058573556208,29.234506989609024
10.280331912984963,28.83686695303649
,29.101960310751508
,28.43922691646396
,27.90904020103391
,27.445126825032624
,26.981213449031337
,28.770593613607737
,28.174133558748935
,27.776493522176402
,29.234506989609024
,29.89724038389658
,29.89724038389658
,29.367053668466532
,31.885440566759243
,31.222707172471686
,30.825067135899154
,29.234506989609024
,28.704320274178976
,28.306680237606443
,27.776493522176402
,30.294880420469113
,29.49960034732404
,28.969413631894
,30.825067135899154
,30.162333741611597
,29.49960034732404
,28.969413631894
,28.174133558748935
,28.704320274178976
,28.83686695303649
,27.90904020103391
,26.782393430745074
,27.113760127888845
,26.716120091316313
,28.43922691646396
,27.90904020103391
,27.511400164461378
,28.83686695303649
,29.367053668466532
,30.02978706275409
,30.7587937964704
,30.162333741611597
,29.49960034732404
,29.101960310751508
,28.43922691646396
,27.90904020103391
,27.37885348560387
,26.84866677017383
,28.704320274178976
,28.174133558748935
,30.825067135899154
,30.294880420469113
,29.49960034732404
,28.969413631894
,28.43922691646396
,27.90904020103391
,27.511400164461378
,27.113760127888845
,26.716120091316313
,27.643946843318894
,27.180033467317607
,26.583573412458804
,26.053386697028763
,25.65574666045623
,26.31848005474378
,26.053386697028763
,25.65574666045623
,25.523199981598715
,24.993013266168674
,24.462826550738633
,23.932639835308585
,23.402453119878544
,22.938539743877257
,22.474626367875963
,25.258106623883698
,24.72791990845365
,24.19773319302361
,23.667546477593568
,23.269906441021035
,23.402453119878544
,22.872266404448496
,22.474626367875963
,23.269906441021035
,23.13735976216352
,22.60717304673348
,22.07698633130343
,21.54679961587339
,20.751519542728325
,20.221332827298284
,19.691146111868235
,19.028412717580686
,18.498226002150638
,18.03431262614935
,19.691146111868235
,19.160959396438194
,18.763319359865662
,20.022512809012014
,19.492326093581973
,18.763319359865662
,18.498226002150638
,18.100585965578105
,19.42605275415322
,18.89586603872317
,18.498226002150638
,20.353879506155792
,19.82369279072575
,20.884066221585833
,20.353879506155792
,18.89586603872317
,18.36567932329313
,17.835492607863088
,17.040212534718023
,17.393670345004715
,15.979839103857934
,15.449652388427886
,14.12418559985278
,13.593998884422739
,12.931265490135182
,12.53362545356265
,13.06381216899269
,12.268532095847625
,11.738345380417584
,11.075611986130028
,10.280331912984963
,9.485051839839898
,9.617598518697413
