Y(hoy),Y(ayer)
8.145209055727108,11.029608800409427
8.145209055727108,11.390158768494715
8.085117394379559,11.991075381970198
7.9048424103369115,12.111258704665296
7.664475764946722,12.111258704665296
7.183742474166337,12.111258704665296
7.063559151471239,12.111258704665296
6.462642537995755,11.991075381970198
6.042000908562912,11.63052541388491
6.102092569910461,11.209883784452074
6.102092569910461,10.969517139061878
6.102092569910461,10.548875509629042
5.6213592791300755,10.128233880196198
5.200717649697239,10.068142218848656
5.861725924520272,10.068142218848656
5.380992633739886,9.947958896153558
5.861725924520272,9.587408928068264
5.260809311044788,9.166767298635428
5.14062598834969,8.98649231459278
5.020442665654592,8.505759023812395
4.780076020264403,8.145209055727108
4.29934272948401,8.145209055727108
4.11906774544137,8.085117394379559
3.938792761398723,7.544292442251624
3.4580594706183376,7.183742474166337
3.1576011638805923,7.604384103599173
3.0975095025330504,7.183742474166337
3.0975095025330504,7.9048424103369115
3.0975095025330504,7.364017458208977
3.0975095025330504,7.183742474166337
3.0975095025330504,6.943375828776141
3.0975095025330504,6.222275892605559
3.0975095025330504,6.102092569910461
2.9773261798379522,5.741542601825174
2.3764095663624687,5.200717649697239
2.1360429209722724,5.020442665654592
2.1360429209722724,5.020442665654592
2.1360429209722724,4.780076020264403
2.1360429209722724,4.179159406788919
2.1360429209722724,4.239251068136468
2.1360429209722724,4.780076020264403
2.0158595982771743,4.539709374874207
2.0158595982771743,4.179159406788919
1.4149429848016908,4.900259342959494
1.0543930167164035,4.539709374874207
1.0543930167164035,4.419526052179108
1.0543930167164035,4.058976084093821
1.0543930167164035,4.058976084093821
1.4149429848016908,4.058976084093821
0.9342096940213054,4.4796177135266575
2.0158595982771743,4.960351004307043
1.535126307496789,5.020442665654592
1.1745763394115016,4.780076020264403
1.595217968844338,4.239251068136468
2.0158595982771743,4.058976084093821
2.1360429209722724,4.419526052179108
2.0759512596247234,4.780076020264403
2.0158595982771743,4.11906774544137
1.535126307496789,3.938792761398723
1.1144846780639526,3.4580594706183376
1.0543930167164035,3.0975095025330504
1.0543930167164035,3.0975095025330504
1.0543930167164035,3.0975095025330504
1.0543930167164035,3.0975095025330504
1.1144846780639526,3.0975095025330504
1.535126307496789,2.736959534447756
2.0158595982771743,2.3163179050149196
2.1360429209722724,2.1360429209722724
2.4365012277100178,2.1360429209722724
2.9773261798379522,2.1360429209722724
2.616776211752658,2.1360429209722724
3.0975095025330504,2.1360429209722724
3.4580594706183376,2.1360429209722724
3.0975095025330504,2.1360429209722724
3.938792761398723,2.1360429209722724
4.179159406788919,2.1360429209722724
4.780076020264403,2.1360429209722724
5.14062598834969,2.1360429209722724
5.18068709591472,2.1360429209722724
6.102092569910461,2.1360429209722724
5.6213592791300755,2.496592889057567
6.102092569910461,3.0374178411855013
6.8231925060810426,3.0975095025330504
6.402550876648206,3.0975095025330504
5.98190924721537,3.0975095025330504
7.824720195206844,3.0975095025330504
7.303925796861428,3.0975095025330504
8.505759023812395,3.5782427933134358
9.106675637287879,4.058976084093821
9.707592250763362,4.058976084093821
10.248417202891297,3.998884422746272
10.729150493671682,3.4580594706183376
11.670586521449941,3.998884422746272
11.149792123104525,3.5782427933134358
12.872419748400908,4.239251068136468
12.351625350055492,4.659892697569305
14.034191867786845,5.020442665654592
13.55345857700646,5.080534327002141
15.236025094737812,5.741542601825174
14.75529180395742,5.260809311044788
16.918591612469164,5.501175956434977
16.43785832168878,5.260809311044788
15.957125030908387,5.98190924721537
18.12042483942013,5.98190924721537
17.639691548639746,5.6213592791300755
18.12042483942013,5.14062598834969
18.12042483942013,5.080534327002141
18.160485946985162,5.741542601825174
19.562624711761288,5.260809311044788
19.14198308232845,6.102092569910461
18.601158130200517,6.102092569910461
18.240608162115223,6.102092569910461
21.00482458410245,6.222275892605559
20.524091293322066,6.582825860690853
20.043358002541673,7.123650812818788
22.687391101833803,7.183742474166337
22.206657811053418,7.604384103599173
21.725924520273026,7.183742474166337
23.9292854363498,7.9048424103369115
23.408491038004385,7.364017458208977
25.131118663300768,7.824720195206844
24.610324264955345,7.424109119556526
26.292890782686705,7.544292442251624
25.87224915325386,7.183742474166337
27.294418471812506,7.183742474166337
26.77362407346709,7.183742474166337
28.456190591198443,7.544292442251624
27.975457300418057,8.385575701117297
29.8983904635396,8.786186776767622
29.417657172759213,8.505759023812395
28.936923881978828,8.145209055727108
31.58095698127095,9.04658397594033
31.160315351838115,9.106675637287879
30.61949039971018,9.106675637287879
32.54242356283173,9.106675637287879
32.06169027205134,9.166767298635428
33.063217961177145,9.707592250763362
34.70572337134347,10.068142218848656
34.28508174191063,10.789242155019231
33.744256789782696,10.308508864238846
36.18798435124966,11.029608800409427
35.66718995290424,11.029608800409427
35.18645666212386,11.029608800409427
36.869023179855205,11.209883784452074
36.869023179855205,11.63052541388491
36.38828988907482,12.051167043317747
36.087831582337074,12.351625350055492
36.14792324368463,12.952541963530976
35.66718995290424,13.192908608921165
35.18645666212386,13.373183592963812
34.70572337134347,13.914008545091747
34.22499008056308,14.154375190481943
35.06627333942876,14.154375190481943
34.58554004864837,14.334650174524583
35.06627333942876,14.75529180395742
34.825906694038565,15.115841772042714
34.34517340325817,16.237552783863613
34.10480675786798,15.716758385518197
33.744256789782696,15.356208417432903
33.263523499002304,16.918591612469164
33.263523499002304,16.55804164438387
33.864440112477794,16.137400014951034
34.26505118812811,16.49794998303632
34.94609001673366,16.077308353603485
36.02773992098953,16.978683273816713
35.42682330751405,17.39932490324955
36.14792324368463,18.000241516725033
35.54700663020914,17.759874871334837
35.30663998481895,17.219049919206903
34.94609001673366,17.038774935164263
34.34517340325817,17.219049919206903
33.744256789782696,17.759874871334837
33.14334017630721,18.240608162115223
32.54242356283173,18.961708098285804
32.06169027205134,18.48097480750542
31.58095698127095,18.961708098285804
31.160315351838115,18.42088314615787
31.100223690490566,18.601158130200517
30.980040367795475,18.240608162115223
30.73967372240528,19.14198308232845
30.258940431624893,18.721341452895615
30.138757108929795,18.240608162115223
30.138757108929795,18.721341452895615
30.018573786234697,18.841524775590706
29.778207140844508,18.42088314615787
29.417657172759213,18.961708098285804
29.057107204673926,18.48097480750542
30.018573786234697,18.961708098285804
29.59793215680186,18.240608162115223
29.417657172759213,18.12042483942013
28.936923881978828,18.12042483942013
28.336007268503344,18.721341452895615
28.095640623113148,18.240608162115223
27.73509065502786,19.14198308232845
27.374540686942574,18.48097480750542
27.134174041552377,18.240608162115223
27.134174041552377,18.841524775590706
27.134174041552377,18.48097480750542
27.194265702899926,18.601158130200517
27.73509065502786,18.18051650076768
27.254357364247475,18.12042483942013
28.336007268503344,18.12042483942013
28.936923881978828,17.880058194029935
28.81674055928373,17.27914158055445
28.336007268503344,17.038774935164263
28.095640623113148,16.678224967078968
29.177290527369024,16.257583337646132
28.69655723658863,16.017216692255936
29.65802381814941,15.53648340147555
30.018573786234697,15.055750110695165
29.357565511411664,14.75529180395742
28.81674055928373,14.334650174524583
28.336007268503344,14.154375190481943
28.97698498954386,13.914008545091747
28.456190591198443,13.253000270268714
29.177290527369024,13.192908608921165
29.237382188716573,12.71217531814078
29.71811547949696,12.231442027360394
30.138757108929795,11.8708920592751
30.499307077015082,11.450250429842264
30.018573786234697,11.029608800409427
31.100223690490566,10.66905883232414
31.6410486426185,10.128233880196198
32.06169027205134,10.008050557501107
32.36214857878908,9.527317266720715
32.902973530917016,9.226858959982977
33.5038901443925,9.82777557345846
33.98462343517289,10.008050557501107
33.98462343517289,9.467225605373173
33.5038901443925,9.106675637287879
33.023156853612115,10.008050557501107
32.60251522417927,9.587408928068264
32.24196525609399,10.248417202891297
32.902973530917016,10.66905883232414
33.023156853612115,11.029608800409427
32.72269854687437,11.029608800409427
32.34211802500656,11.029608800409427
33.5038901443925,11.029608800409427
33.023156853612115,11.269975445799616
33.98462343517289,11.991075381970198
33.5038901443925,11.991075381970198
32.902973530917016,11.63052541388491
32.42224024013663,11.089700461756976
32.181873594746435,11.029608800409427
33.023156853612115,11.089700461756976
32.54242356283173,11.63052541388491
33.263523499002304,11.269975445799616
33.78431789734773,12.411717011403042
33.98462343517289,11.991075381970198
33.3837068216974,12.832358640835878
33.023156853612115,12.591991995445682
32.60251522417927,12.171350366012845
32.181873594746435,12.111258704665296
32.60251522417927,12.111258704665296
33.023156853612115,12.351625350055492
33.023156853612115,12.952541963530976
32.54242356283173,12.952541963530976
32.181873594746435,12.411717011403042
33.023156853612115,12.952541963530976
32.54242356283173,12.471808672750583
32.782790208221925,13.192908608921165
32.30205691744153,13.613550238354001
33.744256789782696,13.914008545091747
33.263523499002304,13.373183592963812
33.98462343517289,13.914008545091747
33.3837068216974,13.433275254311361
33.14334017630721,14.154375190481943
33.263523499002304,14.154375190481943
34.26505118812811,14.334650174524583
33.744256789782696,14.875475126652518
35.06627333942876,14.51492515856723
35.18645666212386,14.154375190481943
35.18645666212386,14.995658449347616
35.18645666212386,14.635108481262328
35.787373275599336,15.476391740128001
35.30663998481895,16.017216692255936
37.3497564706356,16.077308353603485
36.80893151850766,16.49794998303632
36.38828988907482,16.978683273816713
39.513056279147335,17.038774935164263
39.03232298836694,17.39932490324955
38.551589697586564,18.000241516725033
38.07085640680617,18.18051650076768
40.9552561514885,18.661249791548066
40.474522860708106,19.081891420980902
39.99378956992772,19.923174679846582
41.91672273304927,19.44244138906619
41.375897780921335,20.22363298658432
41.67635608765907,20.764457938712255
41.13553113553114,21.125007906797542
42.03690605574437,20.764457938712255
41.556172764963975,20.34381630927942
41.31580611957378,20.764457938712255
40.8350728287934,20.403907970626967
40.35433953801301,21.125007906797542
39.75342292453753,21.485557874882836
39.27268963375714,22.02638282701077
39.03232298836694,22.08647448835832
38.551589697586564,22.08647448835832
38.13094806815372,22.14656614970587
37.950673084111074,23.468582699351927
37.710306438720885,22.927757747223993
37.2295731479405,22.447024456443607
36.50847321176992,23.769041006089672
36.02773992098953,23.228216053961738
35.30663998481895,22.747482763181353
35.06627333942876,22.386932795096058
35.30663998481895,22.98784940857154
35.907556598294434,23.04794106991909
36.869023179855205,22.687391101833803
36.38828988907482,22.266749472400967
38.07085640680617,22.08647448835832
37.59012311602579,22.08647448835832
37.59012311602579,22.08647448835832
37.1093898252454,21.846107842968124
36.628656534465016,21.36537455218774
36.14792324368463,21.00482458410245
35.727281614251794,20.584182954669608
35.06627333942876,20.16354132523677
34.46535672595327,20.524091293322066
33.98462343517289,21.06491624545
33.5038901443925,20.524091293322066
33.023156853612115,20.043358002541673
32.54242356283173,19.562624711761288
32.12178193339889,19.14198308232845
31.6410486426185,18.841524775590706
31.160315351838115,18.36079148481032
31.100223690490566,18.000241516725033
30.499307077015082,17.27914158055445
29.8983904635396,16.678224967078968
29.417657172759213,15.5965750628231
28.997015543326377,15.115841772042714
28.456190591198443,14.75529180395742
27.85527397772296,14.334650174524583
27.374540686942574,14.154375190481943
26.77362407346709,14.154375190481943
26.172707459991607,14.154375190481943
25.93234081460141,14.154375190481943
25.571790846516123,14.034191867786845
25.091057555735738,13.613550238354001
24.610324264955345,13.132816947573616
24.12959097417496,12.71217531814078
24.00940765147987,12.231442027360394
23.769041006089672,12.111258704665296
23.408491038004385,
23.88922432878477,
23.408491038004385,
23.648857683394574,
23.16812439261419,
24.12959097417496,
23.769041006089672,
24.12959097417496,
25.091057555735738,
24.610324264955345,
24.12959097417496,
26.05252413729651,
25.571790846516123,
26.112615798644057,
25.93234081460141,
25.69197416921122,
25.21124087843083,
24.610324264955345,
24.18968263552251,
24.730507587650443,
25.331424201125927,
25.87224915325386,
26.413074105381796,
27.01399071885728,
26.593349089424443,
26.112615798644057,
25.571790846516123,
25.151149217083287,
25.391515862473476,
24.97087423304064,
25.93234081460141,
26.533257428076894,
27.01399071885728,
27.254357364247475,
27.77515176259289,
27.975457300418057,
27.374540686942574,
27.134174041552377,
27.294418471812506,
28.095640623113148,
27.614907332332763,
28.736618344153662,
28.215823945808246,
29.8983904635396,
29.417657172759213,
30.138757108929795,
29.65802381814941,
29.217351634934055,
29.8983904635396,
29.8983904635396,
29.297473850064115,
29.177290527369024,
30.138757108929795,
29.65802381814941,
31.100223690490566,
30.61949039971018,
30.319032092972442,
29.8983904635396,
29.297473850064115,
29.177290527369024,
29.217351634934055,
30.419184861885014,
29.8983904635396,
31.100223690490566,
31.100223690490566,
31.100223690490566,
30.67958206105773,
30.138757108929795,
30.138757108929795,
30.138757108929795,
30.61949039971018,
30.138757108929795,
31.100223690490566,
30.499307077015082,
29.958482124887148,
29.417657172759213,
29.117198866021475,
29.477748834106762,
29.057107204673926,
30.018573786234697,
30.138757108929795,
30.018573786234697,
29.778207140844508,
29.297473850064115,
29.177290527369024,
28.69655723658863,
28.215823945808246,
28.75664889793618,
29.177290527369024,
29.057107204673926,
28.81674055928373,
28.456190591198443,
28.095640623113148,
28.936923881978828,
28.456190591198443,
27.975457300418057,
27.554815670985214,
26.893807396162188,
26.413074105381796,
25.812157491906312,
25.331424201125927,
26.292890782686705,
27.01399071885728,
25.571790846516123,
27.254357364247475,
27.73509065502786,
27.975457300418057,
27.49472400963767,
27.01399071885728,
26.533257428076894,
25.93234081460141,
25.69197416921122,
25.21124087843083,
24.610324264955345,
24.12959097417496,
23.648857683394574,
23.16812439261419,
22.567207779138705,
21.966291165663222,
21.425466213535287,
20.524091293322066,
19.802991357151484,
19.3222580663711,
18.961708098285804,
18.48097480750542,
17.880058194029935,
17.39932490324955,
16.798408289774066,
16.55804164438387,
16.197491676298583,
16.077308353603485,
16.718286074644,
16.918591612469164,
16.43785832168878,
15.836941708213295,
15.236025094737812,
14.75529180395742,
14.394741835872132,
13.793825222396649,
13.313091931616263,
13.012633624878518,
13.072725286226067,
12.65208365679323,
13.072725286226067,
12.171350366012845,
11.69061707523246,
11.149792123104525,
11.029608800409427,
10.789242155019231,
10.428692186933944,
10.128233880196198,
