Y(hoy),Y(ayer)
6.042000908562912,5.020442665654592
5.6213592791300755,4.539709374874207
5.861725924520272,4.179159406788919
5.380992633739886,4.780076020264403
5.861725924520272,4.659892697569305
5.320900972392337,4.29934272948401
5.14062598834969,3.938792761398723
5.020442665654592,3.5181511319658867
4.780076020264403,3.0975095025330504
4.419526052179108,3.0975095025330504
4.11906774544137,3.0975095025330504
3.818609438703625,3.0975095025330504
3.4580594706183376,2.736959534447756
3.3378761479232395,2.1961345823198215
3.0975095025330504,2.1360429209722724
2.9773261798379522,2.1360429209722724
2.5767151041876275,2.1360429209722724
2.3764095663624687,2.1360429209722724
2.1360429209722724,2.1360429209722724
2.1360429209722724,2.1360429209722724
2.0158595982771743,2.0158595982771743
1.4750346461492398,1.535126307496789
1.8956762755820833,1.1745763394115016
2.3764095663624687,1.1745763394115016
2.857142857142854,1.1745763394115016
3.818609438703625,1.2947596621065998
4.058976084093821,2.0158595982771743
5.18068709591472,2.1360429209722724
5.6213592791300755,2.1360429209722724
6.582825860690853,2.1360429209722724
7.664475764946722,2.1360429209722724
7.183742474166337,2.1360429209722724
8.385575701117297,2.2562262436673706
8.98649231459278,3.0975095025330504
9.527317266720715,3.698426116008534
9.947958896153558,4.058976084093821
10.789242155019231,4.419526052179108
20.403907970626967,5.020442665654592
20.884641261407353,5.380992633739886
21.36537455218774,5.98190924721537
22.206657811053418,6.582825860690853
21.846107842968124,7.063559151471239
23.408491038004385,7.784659087641813
22.927757747223993,7.424109119556526
24.610324264955345,8.265392378422206
24.12959097417496,9.106675637287879
26.05252413729651,8.625942346507493
25.571790846516123,9.707592250763362
27.73509065502786,10.66905883232414
27.254357364247475,10.308508864238846
29.53784049545431,11.510342091189813
28.936923881978828,12.111258704665296
28.456190591198443,13.313091931616263
31.220407013185664,12.952541963530976
30.61949039971018,14.51492515856723
30.138757108929795,15.476391740128001
32.84288186956947,17.158958257859354
32.30205691744153,16.678224967078968
31.821323626661147,18.841524775590706
34.22499008056308,18.36079148481032
33.744256789782696,19.44244138906619
33.263523499002304,20.22363298658432
35.42682330751405,20.764457938712255
34.94609001673366,21.36537455218774
34.58554004864837,21.846107842968124
36.38828988907482,22.927757747223993
36.02773992098953,22.447024456443607
41.01534781283604,24.12959097417496
40.594706183403204,23.648857683394574
42.437517131394685,25.812157491906312
41.91672273304927,25.331424201125927
41.43598944226888,24.85069091034554
43.118555960000236,27.49472400963767
43.05846429865268,27.01399071885728
42.03690605574437,26.653440750771992
40.11397289262282,28.69655723658863
39.39287295645224,28.215823945808246
39.15250631106204,27.85527397772296
38.67177302028166,30.138757108929795
38.31122305219637,29.65802381814941
38.8520480043243,29.177290527369024
38.31122305219637,31.821323626661147
39.03232298836694,31.340590335880762
38.731864681629204,30.859857045100377
38.31122305219637,30.499307077015082
38.79195634297675,33.744256789782696
39.75342292453753,33.263523499002304
39.33278129510469,32.782790208221925
38.79195634297675,32.42224024013663
38.19103972950127,35.18645666212386
38.07085640680617,34.70572337134347
37.59012311602579,34.22499008056308
37.1093898252454,36.14792324368463
36.628656534465016,35.66718995290424
35.727281614251794,37.59012311602579
35.2465483234714,37.2295731479405
36.628656534465016,39.27268963375714
35.66718995290424,38.79195634297675
36.9892065025503,41.73644774900662
36.38828988907482,41.19562279687869
35.787373275599336,40.7148895060983
35.18645666212386,40.35433953801301
34.70572337134347,43.17864762134778
33.744256789782696,42.637822669219844
33.32361516034986,42.157089378439466
32.782790208221925,43.59928925078062
32.30205691744153,44.140114202908556
31.941506949356246,44.08002254156101
31.46077365857586,43.59928925078062
30.499307077015082,42.99837263730514
30.258940431624893,42.397456023829655
29.8983904635396,41.67635608765907
29.417657172759213,41.07543947418359
29.057107204673926,40.474522860708106
30.138757108929795,40.11397289262282
29.59793215680186,39.75342292453753
28.51628225254599,39.33278129510469
28.936923881978828,39.87360624723262
28.53631280632851,39.553117386712366
28.215823945808246,40.9552561514885
28.095640623113148,40.534614522055655
27.79518231637541,40.11397289262282
27.374540686942574,39.27268963375714
27.134174041552377,38.91213966567185
27.254357364247475,38.551589697586564
27.73509065502786,38.07085640680617
28.095640623113148,37.59012311602579
27.254357364247475,37.1093898252454
27.134174041552377,36.74883985716011
27.134174041552377,36.38828988907482
28.095640623113148,35.96764825964198
28.336007268503344,35.42682330751405
28.736618344153662,34.94609001673366
29.177290527369024,34.46535672595327
29.177290527369024,34.10480675786798
29.297473850064115,33.744256789782696
28.57637391389354,33.263523499002304
28.095640623113148,32.782790208221925
27.374540686942574,32.42224024013663
27.134174041552377,32.06169027205134
27.49472400963767,31.58095698127095
27.975457300418057,31.220407013185664
28.81674055928373,31.220407013185664
29.177290527369024,30.980040367795475
30.258940431624893,30.37912375431999
29.53784049545431,29.8983904635396
28.75664889793618,29.417657172759213
28.215823945808246,28.57637391389354
28.215823945808246,28.095640623113148
29.177290527369024,28.095640623113148
28.81674055928373,27.73509065502786
29.778207140844508,27.314449025595025
30.899918152665407,27.85527397772296
30.37912375431999,28.095640623113148
31.58095698127095,28.095640623113148
32.06169027205134,28.095640623113148
31.62101808883598,28.095640623113148
32.782790208221925,27.614907332332763
32.30205691744153,27.254357364247475
33.023156853612115,27.79518231637541
32.42224024013663,27.374540686942574
32.181873594746435,26.653440750771992
32.36214857878908,26.292890782686705
33.263523499002304,27.85527397772296
32.782790208221925,27.254357364247475
34.22499008056308,26.77362407346709
33.744256789782696,28.035548961765606
34.765815032691016,27.49472400963767
35.18645666212386,27.614907332332763
35.18645666212386,27.85527397772296
34.70572337134347,27.314449025595025
34.22499008056308,27.73509065502786
34.70572337134347,28.095640623113148
35.2465483234714,27.73509065502786
35.66718995290424,27.314449025595025
37.3497564706356,27.73509065502786
36.869023179855205,28.57637391389354
36.50847321176992,28.095640623113148
39.513056279147335,29.057107204673926
39.03232298836694,28.69655723658863
38.551589697586564,28.215823945808246
38.19103972950127,27.73509065502786
40.9552561514885,27.374540686942574
40.474522860708106,28.215823945808246
42.27727270113456,28.936923881978828
41.01534781283604,28.51628225254599
40.474522860708106,27.73509065502786
40.11397289262282,27.254357364247475
40.89516449014094,28.936923881978828
42.157089378439466,28.456190591198443
39.27268963375714,28.81674055928373
39.63323960184243,28.295946160938314
39.63323960184243,28.69655723658863
39.27268963375714,29.53784049545431
39.63323960184243,30.018573786234697
39.27268963375714,29.65802381814941
38.79195634297675,29.057107204673926
38.31122305219637,28.997015543326377
38.832017450541784,28.275915607155795
38.431406374891466,28.75664889793618
38.91213966567185,29.177290527369024
38.551589697586564,29.8983904635396
38.19103972950127,30.198848770277344
39.99378956992772,30.73967372240528
39.513056279147335,31.70114030396605
39.15250631106204,31.46077365857586
39.75342292453753,31.821323626661147
39.39287295645224,32.24196525609399
39.03232298836694,33.3837068216974
38.611681358934106,32.782790208221925
37.950673084111074,32.42224024013663
37.469939793330695,34.044715096520434
36.869023179855205,33.98462343517289
36.26810656637973,33.5038901443925
36.14792324368463,33.14334017630721
36.14792324368463,33.98462343517289
35.54700663020914,33.6240734670876
35.30663998481895,34.825906694038565
34.825906694038565,34.34517340325817
34.22499008056308,35.42682330751405
33.6240734670876,36.869023179855205
33.14334017630721,36.38828988907482
32.42224024013663,35.907556598294434
31.941506949356246,38.79195634297675
31.220407013185664,38.31122305219637
30.980040367795475,37.830489761415976
30.61949039971018,37.469939793330695
30.138757108929795,41.19562279687869
30.138757108929795,40.7148895060983
30.419184861885014,40.23415621531791
30.018573786234697,39.75342292453753
31.100223690490566,39.39287295645224
30.61949039971018,41.91672273304927
30.138757108929795,41.49608110361643
29.65802381814941,41.91672273304927
29.237382188716573,40.9552561514885
29.177290527369024,40.474522860708106
31.220407013185664,39.39287295645224
31.160315351838115,38.91213966567185
30.799765383752828,38.551589697586564
30.258940431624893,38.19103972950127
29.65802381814941,39.75342292453753
29.177290527369024,39.27268963375714
30.138757108929795,40.11397289262282
29.778207140844508,40.11397289262282
30.61949039971018,39.513056279147335
31.58095698127095,39.03232298836694
32.06169027205134,38.551589697586564
31.58095698127095,37.830489761415976
31.160315351838115,37.40984813198314
30.73967372240528,37.950673084111074
29.297473850064115,38.67177302028166
30.499307077015082,39.15250631106204
30.018573786234697,38.79195634297675
31.040132029143017,38.31122305219637
29.71811547949696,37.89058142276353
29.237382188716573,37.3497564706356
29.057107204673926,36.74883985716011
30.37912375431999,36.14792324368463
30.018573786234697,35.727281614251794
31.100223690490566,35.18645666212386
30.73967372240528,34.765815032691016
31.941506949356246,34.28508174191063
31.941506949356246,33.864440112477794
32.54242356283173,33.5038901443925
32.06169027205134,33.083248514959664
31.52086531992341,32.66260688552683
31.52086531992341,32.24196525609399
32.06169027205134,32.06169027205134
31.160315351838115,31.6410486426185
30.699612614840248,31.100223690490566
30.018573786234697,30.499307077015082
32.12178193339889,29.778207140844508
32.06169027205134,29.297473850064115
31.46077365857586,28.936923881978828
30.980040367795475,28.51628225254599
30.258940431624893,28.215823945808246
30.018573786234697,28.81674055928373
30.258940431624893,29.057107204673926
30.899918152665407,29.057107204673926
31.100223690490566,29.057107204673926
31.100223690490566,28.69655723658863
30.499307077015082,28.215823945808246
29.958482124887148,27.79518231637541
29.417657172759213,27.314449025595025
29.117198866021475,27.73509065502786
30.018573786234697,28.215823945808246
29.417657172759213,28.69655723658863
29.057107204673926,29.65802381814941
32.06169027205134,29.297473850064115
31.58095698127095,30.859857045100377
31.941506949356246,30.499307077015082
31.58095698127095,30.61949039971018
32.181873594746435,30.138757108929795
30.859857045100377,29.71811547949696
30.37912375431999,29.297473850064115
30.018573786234697,28.936923881978828
29.65802381814941,28.496251698763473
29.177290527369024,28.936923881978828
29.297473850064115,30.67958206105773
29.057107204673926,30.138757108929795
27.614907332332763,29.778207140844508
27.134174041552377,31.160315351838115
26.533257428076894,30.980040367795475
27.01399071885728,30.258940431624893
26.05252413729651,29.778207140844508
25.571790846516123,29.417657172759213
25.091057555735738,30.980040367795475
25.091057555735738,30.37912375431999
25.091057555735738,30.018573786234697
24.490140942260254,31.220407013185664
23.88922432878477,31.6410486426185
23.408491038004385,31.941506949356246
22.8075744245289,31.340590335880762
22.206657811053418,30.258940431624893
21.725924520273026,29.8983904635396
21.24519122949264,29.417657172759213
20.764457938712255,29.8983904635396
20.16354132523677,31.100223690490566
19.923174679846582,30.61949039971018
19.562624711761288,30.258940431624893
18.961708098285804,32.06169027205134
18.721341452895615,32.84288186956947
18.240608162115223,32.30205691744153
18.000241516725033,31.58095698127095
18.000241516725033,31.220407013185664
17.759874871334837,31.280498674533213
17.27914158055445,31.7612319653136
16.678224967078968,31.220407013185664
16.077308353603485,30.61949039971018
15.53648340147555,30.198848770277344
14.995658449347616,30.258940431624893
14.51492515856723,30.980040367795475
14.154375190481943,31.46077365857586
14.995658449347616,31.941506949356246
14.51492515856723,32.902973530917016
15.115841772042714,32.42224024013663
14.995658449347616,33.083248514959664
14.57501681991478,32.60251522417927
14.154375190481943,32.181873594746435
13.793825222396649,31.70114030396605
12.471808672750583,31.220407013185664
11.8708920592751,32.60251522417927
11.390158768494715,32.06169027205134
11.029608800409427,31.58095698127095
10.188325541543747,32.902973530917016
10.008050557501107,32.36214857878908
9.547347820503234,32.782790208221925
8.145209055727108,33.083248514959664
,32.782790208221925
,32.30205691744153
,31.70114030396605
,31.100223690490566
,30.61949039971018
,30.258940431624893
,30.859857045100377
,31.340590335880762
,31.821323626661147
,32.181873594746435
,31.58095698127095
,31.100223690490566
,30.61949039971018
,29.65802381814941
,29.177290527369024
,28.69655723658863
,28.215823945808246
,28.275915607155795
,28.69655723658863
,29.057107204673926
,28.456190591198443
,27.73509065502786
,27.254357364247475
,26.77362407346709
,26.292890782686705
,25.87224915325386
,25.331424201125927
,24.730507587650443
,24.18968263552251
,23.88922432878477
,23.408491038004385
,22.927757747223993
,22.447024456443607
,22.98784940857154
,22.567207779138705
,22.927757747223993
,22.447024456443607
,21.966291165663222
,21.485557874882836
,20.884641261407353
,20.644274616017157
,20.28372464793187
,19.863083018499033
,19.202074743676
,18.601158130200517
,18.18051650076768
,17.639691548639746
,17.219049919206903
,17.038774935164263
,16.918591612469164
,16.49794998303632
,15.957125030908387
,15.356208417432903
,14.635108481262328
,14.154375190481943
,13.793825222396649
,13.253000270268714
,13.373183592963812
,13.914008545091747
,14.154375190481943
,14.034191867786845
,13.67364189970155
,13.192908608921165
,12.591991995445682
,12.111258704665296
,11.63052541388491
,11.269975445799616
,10.789242155019231
,10.308508864238846
,9.707592250763362
,9.166767298635428
,9.106675637287879
,8.86630899189769
,8.265392378422206
,8.325484039769755
,8.746125669202591
