Y(hoy),Y(ayer)
-1.1849558081897271,-0.8535891110459488
-1.7151425236197753,-0.9198624504747102
-2.179055899621062,-1.2512291476184885
-0.9861357899034573,-1.7814158630485224
-1.5163225053335054,-1.913962541906045
-1.4721402790476645,-1.913962541906045
-0.9861357899034573,-1.383775826475997
-1.383775826475997,-0.9861357899034573
-1.7814158630485224,-1.5163225053335054
-2.179055899621062,-1.913962541906045
-1.5825958447622668,-1.913962541906045
-0.9861357899034573,-1.913962541906045
-1.5163225053335054,-1.5163225053335054
-2.1127825601923007,-0.9198624504747102
-1.9802358813347922,-0.8535891110459488
-1.4721402790476645,-0.8535891110459488
-1.11868246876098,-0.8535891110459488
-0.45594907447342337,-0.8535891110459488
0.07423764095662477,-0.8535891110459488
0.20678431981413326,-0.8535891110459488
0.47187767752916443,-0.8535891110459488
1.0020643929591984,-0.8535891110459488
1.399704429531738,-0.8535891110459488
1.9961644843905333,-0.45594907447342337
3.299540159822719,0.07423764095662477
2.8577178969643597,0.33933099867164174
2.5263511998205814,0.8695177141016899
2.990264575821868,1.664797787246755
5.3761047952570635,2.2612578421055503
6.70157158383217,2.46007786039182
6.171384868402129,3.1228112546793767
5.773744831829596,3.5204512912519093
7.099211620404702,4.05063800668195
8.027038372407276,4.713371400969507
9.219958482124873,5.3761047952570635
8.557225087837324,5.906291510687105
9.948965215841184,6.436478226117146
10.412878591842478,7.099211620404702
12.798718811277674,7.629398335834743
14.65437231528282,8.689771766694832
14.12418559985278,8.159585051264791
16.907665855860508,9.352505160982389
16.64257249814549,10.412878591842478
17.17275921357553,9.88269187641243
17.835492607863088,11.738345380417584
18.630772681008153,12.798718811277674
18.100585965578105,14.65437231528282
17.702945929005573,14.12418559985278
22.07698633130343,13.726545563280247
28.174133558748935,16.510025819287975
27.643946843318894,15.979839103857934
27.24630680674636,17.040212534718023
29.234506989609024,17.63667258957682
28.704320274178976,18.630772681008153
31.090160493614178,18.100585965578105
30.692520457041645,19.73532833815407
34.27128078619444,19.160959396438194
33.873640749621906,19.42605275415322
35.33165421705452,19.028412717580686
34.80146750162448,20.4864261850133
36.657121005629634,19.95623946958326
36.126934290199586,22.60717304673348
38.247681151919764,22.07698633130343
37.717494436489716,21.679346294730898
40.10333465592491,25.78829333931374
39.57314794049488,25.258106623883698
41.95898815993007,24.72791990845365
41.56134812335753,28.43922691646396
45.14010845251033,28.041586879891426
45.53774848908286,29.49960034732404
43.81464166393522,29.101960310751508
42.48917487536011,31.090160493614178
42.09153483878758,30.55997377818413
41.95898815993007,32.945813997619325
41.428801444500024,32.415627282189284
40.50097469249745,34.80146750162448
40.23588133478243,34.27128078619444
39.838241298209894,33.873640749621906
39.308054582779846,35.86184093248457
38.77786786734981,35.33165421705452
38.115134473062255,37.187307721059675
37.85004111534723,36.657121005629634
39.308054582779846,38.77786786734981
38.77786786734981,38.247681151919764
39.308054582779846,37.85004111534723
38.77786786734981,40.36842801363994
38.31395449134852,39.838241298209894
38.77786786734981,39.44060126163736
37.85004111534723,41.95898815993007
38.247681151919764,41.428801444500024
39.57314794049488,43.81464166393522
39.04296122506483,43.41700162736269
39.838241298209894,45.80284184679789
39.308054582779846,45.14010845251033
38.77786786734981,46.46557524108544
38.247681151919764,45.9353885256554
37.717494436489716,45.40520181022535
37.25358106048843,44.94128843422406
36.524574326772125,44.477375058222776
36.2594809690571,45.07383511308157
35.72929425362706,43.81464166393522
35.0665608593395,43.019361590790155
34.66892082276697,42.48917487536011
34.580556370195296,41.82644148107256
35.33165421705452,41.428801444500024
34.80146750162448,41.03116140792749
35.33165421705452,40.63352137135496
34.40382746505195,40.10333465592491
33.873640749621906,39.9707879770674
31.222707172471686,39.308054582779846
30.957613814756662,38.77786786734981
31.090160493614178,38.247681151919764
30.42742709932662,37.85004111534723
29.632147026181556,37.717494436489716
29.367053668466532,37.187307721059675
28.969413631894,36.78966768448714
28.43922691646396,38.51277450963478
28.041586879891426,37.98258779420474
28.748502500464816,37.58494775763221
28.174133558748935,37.4524010787747
28.83686695303649,36.92221436334465
28.571773595321467,36.2594809690571
28.174133558748935,35.596747574769545
27.643946843318894,35.0665608593395
27.113760127888845,34.40382746505195
26.583573412458804,34.13873410733692
26.053386697028763,33.78527629705023
25.65574666045623,33.34345403419186
26.583573412458804,34.40382746505195
26.053386697028763,33.873640749621906
25.523199981598715,33.47600071304937
24.794193247882404,34.13873410733692
25.920840018171248,33.873640749621906
25.258106623883698,32.945813997619325
26.583573412458804,32.54817396104679
26.64984675188756,31.355253851329195
26.583573412458804,30.825067135899154
26.119660036457518,30.162333741611597
25.722019999884985,29.632147026181556
25.65574666045623,29.234506989609024
25.920840018171248,28.770593613607737
26.583573412458804,28.306680237606443
26.84866677017383,27.842766861605156
27.37885348560387,27.37885348560387
27.643946843318894,26.914940109602583
27.113760127888845,26.31848005474378
26.451026733601296,25.722019999884985
25.920840018171248,27.643946843318894
27.113760127888845,27.113760127888845
27.643946843318894,26.64984675188756
26.981213449031337,26.053386697028763
26.451026733601296,25.390653302741207
25.78829333931374,24.72791990845365
27.113760127888845,24.330279871881118
26.583573412458804,23.534999798736052
27.643946843318894,22.872266404448496
27.511400164461378,22.474626367875963
27.24630680674636,23.932639835308585
26.892848996459662,23.402453119878544
27.710220182747648,25.258106623883698
27.24630680674636,24.72791990845365
27.776493522176402,24.330279871881118
27.643946843318894,25.65574666045623
27.180033467317607,25.65574666045623
26.782393430745074,25.125559945026183
26.053386697028763,24.59537322959614
25.65574666045623,24.59537322959614
25.78829333931374,24.794193247882404
26.31848005474378,25.390653302741207
26.583573412458804,25.65574666045623
26.185933375886272,25.390653302741207
28.704320274178976,24.72791990845365
28.10786021932018,24.19773319302361
27.643946843318894,23.667546477593568
27.113760127888845,25.523199981598715
30.02978706275409,24.993013266168674
29.565873686752802,24.462826550738633
30.02978706275409,26.185933375886272
29.367053668466532,25.65574666045623
29.101960310751508,25.125559945026183
28.704320274178976,24.59537322959614
28.174133558748935,25.523199981598715
27.776493522176402,24.993013266168674
27.90904020103391,26.451026733601296
28.483409142749792,25.987113357600002
28.704320274178976,25.523199981598715
28.041586879891426,25.05928660559743
27.842766861605156,24.59537322959614
27.842766861605156,24.59537322959614
28.174133558748935,25.05928660559743
27.776493522176402,25.390653302741207
29.49960034732404,24.72791990845365
31.355253851329195,24.59537322959614
30.825067135899154,25.65574666045623
30.294880420469113,24.993013266168674
32.415627282189284,26.185933375886272
31.885440566759243,25.523199981598715
33.07836067647684,24.993013266168674
33.34345403419186,24.59537322959614
33.34345403419186,26.053386697028763
33.47600071304937,25.523199981598715
34.050369654765255,26.64984675188756
34.27128078619444,26.31848005474378
33.60854739190688,25.78829333931374
33.34345403419186,25.258106623883698
33.47600071304937,24.72791990845365
34.006187428479414,26.583573412458804
36.126934290199586,26.053386697028763
35.596747574769545,27.37885348560387
35.19910753819701,26.84866677017383
45.40520181022535,26.583573412458804
44.87501509479531,26.053386697028763
44.477375058222776,25.523199981598715
45.47147514965411,24.993013266168674
45.40520181022535,24.59537322959614
44.87501509479531,25.58947332102747
44.411101718794015,25.125559945026183
43.81464166393522,26.053386697028763
43.41700162736269,26.64984675188756
43.019361590790155,26.716120091316313
42.48917487536011,27.24630680674636
42.09153483878758,26.716120091316313
43.81464166393522,27.37885348560387
43.35072828793393,26.84866677017383
42.75426823307514,26.384753394172535
42.22408151764509,25.722019999884985
45.40520181022535,26.892848996459662
44.87501509479531,26.31848005474378
44.34482837936527,25.78829333931374
45.40520181022535,29.83096704446782
44.74246841593779,29.234506989609024
44.477375058222776,28.704320274178976
44.079735021650244,28.174133558748935
43.41700162736269,27.643946843318894
43.15190826964766,29.764693705039065
42.75426823307514,29.300780329037778
42.22408151764509,29.632147026181556
41.69389480221505,29.101960310751508
41.16370808678501,29.367053668466532
40.69979471078371,29.101960310751508
39.9707879770674,29.764693705039065
39.705694619352386,29.367053668466532
39.35223680906569,31.156433833042932
40.63352137135496,30.55997377818413
40.10333465592491,30.162333741611597
41.95898815993007,32.15053392447426
41.428801444500024,31.62034720904422
40.898614729069976,32.68072063990431
40.36842801363994,33.07836067647684
39.04296122506483,32.415627282189284
38.51277450963478,32.283080603331776
37.31985439991719,32.283080603331776
36.39202764791461,33.54227405247813
31.885440566759243,32.945813997619325
31.28898051190044,32.415627282189284
31.62034720904422,37.187307721059675
31.222707172471686,36.657121005629634
32.15053392447426,36.126934290199586
31.48780053018671,35.596747574769545
30.692520457041645,35.0665608593395
30.42742709932662,34.536374143909455
30.02978706275409,34.006187428479414
29.367053668466532,40.63352137135496
28.969413631894,40.23588133478243
28.969413631894,39.57314794049488
28.306680237606443,43.32863717479101
27.710220182747648,42.75426823307514
27.113760127888845,42.3566281965026
26.716120091316313,44.079735021650244
27.643946843318894,43.28445494850518
27.180033467317607,42.75426823307514
27.643946843318894,42.3566281965026
27.113760127888845,43.019361590790155
26.64984675188756,42.62172155421762
26.053386697028763,42.22408151764509
25.390653302741207,41.56134812335753
24.860466587311166,40.898614729069976
25.523199981598715,40.23588133478243
25.125559945026183,39.57314794049488
25.390653302741207,38.976687885636075
25.125559945026183,40.898614729069976
24.72791990845365,40.36842801363994
25.65574666045623,43.15190826964766
26.583573412458804,42.48917487536011
26.053386697028763,41.95898815993007
25.258106623883698,41.428801444500024
24.860466587311166,43.15190826964766
24.462826550738633,42.75426823307514
23.99891317473734,42.22408151764509
25.832475565599573,41.56134812335753
25.258106623883698,40.898614729069976
27.643946843318894,40.23588133478243
27.113760127888845,39.57314794049488
26.583573412458804,38.91041454620732
27.37885348560387,38.247681151919764
26.716120091316313,37.85004111534723
26.451026733601296,38.51277450963478
26.053386697028763,38.976687885636075
25.523199981598715,40.36842801363994
25.05928660559743,39.705694619352386
24.661646569024896,39.44060126163736
25.302288850169532,38.77786786734981
25.58947332102747,38.247681151919764
25.920840018171248,37.85004111534723
26.84866677017383,37.58494775763221
26.31848005474378,37.187307721059675
27.643946843318894,36.657121005629634
27.113760127888845,36.126934290199586
26.451026733601296,34.80146750162448
25.987113357600002,34.27128078619444
26.64984675188756,33.873640749621906
26.053386697028763,31.885440566759243
25.65574666045623,31.355253851329195
27.643946843318894,30.825067135899154
27.113760127888845,30.162333741611597
28.969413631894,29.632147026181556
28.43922691646396,29.101960310751508
30.825067135899154,30.825067135899154
30.294880420469113,30.294880420469113
29.764693705039065,29.89724038389658
32.45980950847512,30.294880420469113
31.885440566759243,29.83096704446782
31.355253851329195,29.367053668466532
33.80736741019315,28.969413631894
33.21090735533435,28.505500255892713
35.33165421705452,27.975313540462672
34.80146750162448,27.511400164461378
34.27128078619444,27.113760127888845
37.4524010787747,26.583573412458804
36.78966768448714,26.119660036457518
36.2594809690571,25.65574666045623
35.79556759305581,25.854566678742493
36.657121005629634,26.451026733601296
36.126934290199586,26.053386697028763
35.596747574769545,25.65574666045623
35.19910753819701,25.258106623883698
34.80146750162448,24.72791990845365
34.27128078619444,24.330279871881118
33.873640749621906,23.932639835308585
32.415627282189284,23.534999798736052
31.885440566759243,24.19773319302361
30.02978706275409,23.667546477593568
30.02978706275409,23.468726459307298
29.367053668466532,24.462826550738633
29.101960310751508,23.932639835308585
28.704320274178976,26.31848005474378
28.041586879891426,25.78829333931374
27.776493522176402,25.722019999884985
27.643946843318894,25.523199981598715
27.113760127888845,24.860466587311166
26.451026733601296,24.19773319302361
26.185933375886272,23.534999798736052
25.78829333931374,23.534999798736052
25.258106623883698,23.932639835308585
24.72791990845365,24.59537322959614
23.932639835308585,25.125559945026183
23.269906441021035,25.523199981598715
22.739719725590987,24.993013266168674
23.932639835308585,24.59537322959614
23.468726459307298,24.19773319302361
22.209533010160946,23.733819817022322
25.523199981598715,23.402453119878544
24.993013266168674,23.534999798736052
24.529099890167387,24.264006532452363
24.993013266168674,25.258106623883698
24.59537322959614,24.72791990845365
25.390653302741207,24.772102134739484
24.860466587311166,25.258106623883698
24.59537322959614,24.72791990845365
24.19773319302361,25.832475565599573
23.667546477593568,25.258106623883698
23.13735976216352,27.113760127888845
22.474626367875963,26.583573412458804
22.209533010160946,28.43922691646396
21.811892973588414,27.90904020103391
21.281706258158366,29.764693705039065
21.149159579300857,29.234506989609024
21.01661290044335,31.48780053018671
20.4864261850133,30.825067135899154
20.088786148440768,30.294880420469113
21.01661290044335,32.68072063990431
20.4864261850133,32.15053392447426
19.95623946958326,34.580556370195296
19.42605275415322,34.006187428479414
18.89586603872317,33.47600071304937
18.23313264443562,33.07836067647684
17.570399250148064,35.33165421705452
16.841392516431753,34.27128078619444
17.371579231861794,33.74109407076439
18.89586603872317,32.68072063990431
18.36567932329313,32.15053392447426
19.558599433010727,31.62034720904422
18.962139378151925,30.02978706275409
18.498226002150638,29.49960034732404
18.100585965578105,29.035686971322754
17.570399250148064,28.83686695303649
16.775119177003,28.43922691646396
16.244932461572958,27.975313540462672
15.582199067285401,27.511400164461378
15.052012351855353,27.113760127888845
14.521825636425312,26.583573412458804
15.582199067285401,26.119660036457518
15.052012351855353,25.65574666045623
14.65437231528282,25.258106623883698
14.12418559985278,24.860466587311166
13.726545563280247,24.462826550738633
13.461452205565223,24.0651865141661
13.726545563280247,23.402453119878544
13.395178866136469,22.872266404448496
13.328905526707715,22.342079689018455
12.864992150706428,22.474626367875963
12.467352114133895,23.13735976216352
12.33480543527638,22.673446386162233
11.804618719846339,22.916448630734337
11.208158664987543,22.474626367875963
10.545425270699987,22.60717304673348
10.147785234127454,22.07698633130343
9.617598518697413,21.41425293701588
9.219958482124873,20.751519542728325
8.822318445552341,20.088786148440768
8.2921317301223,19.42605275415322
7.761945014692259,19.028412717580686
7.231758299262211,20.022512809012014
6.834118262689678,19.95623946958326
6.436478226117146,19.42605275415322
6.569024904974661,18.89586603872317
6.303931547259637,18.36567932329313
5.773744831829596,17.968039286720597
5.1110114375420395,18.630772681008153
3.6529979701094177,18.100585965578105
3.5204512912519093,17.63667258957682
3.0565379152506154,17.106485874146777
2.5263511998205814,17.437852571290556
2.5263511998205814,18.03431262614935
2.3275311815343116,18.630772681008153
0.47187767752916443,19.62487277243948
0.2730576592428946,19.160959396438194
0.8695177141016899,19.028412717580686
0.47187767752916443,18.36567932329313
,17.570399250148064
,17.040212534718023
,16.510025819287975
,15.979839103857934
,15.184559030712869
,14.65437231528282
,14.12418559985278
,13.660272223851493
,14.256732278710288
,13.593998884422739
,13.461452205565223
,13.461452205565223
,13.06381216899269
,12.401078774705141
,13.06381216899269
,13.726545563280247
,14.256732278710288
,13.859092242137756
,13.328905526707715
,12.798718811277674
,12.401078774705141
,12.401078774705141
,12.003438738132608
,11.340705343845052
,10.677971949557495
,10.280331912984963
,11.539525362131315
,11.870892059275093
,11.208158664987543
,10.545425270699987
,9.88269187641243
,9.352505160982389
,8.954865124409856
,8.557225087837324
,8.027038372407276
,7.629398335834743
,7.231758299262211
,6.834118262689678
,6.303931547259637
,5.773744831829596
,5.6411981529720805
,5.177284776970794
,4.713371400969507
,3.7855446489669333
,3.1228112546793767
,2.3938045209630587
,2.3275311815343116
,1.7973444661042635
,1.399704429531738
,1.929891144961772
,2.3275311815343116
,1.7973444661042635
,0.33933099867164174
,0.33933099867164174
,1.0020643929591984
,1.2671577506742295
