Y(hoy),Y(ayer)
7.960765032978522,6.834118262689678
8.601407314123158,6.834118262689678
9.131594029553199,6.834118262689678
9.88269187641243,6.834118262689678
9.352505160982389,6.303931547259637
9.88269187641243,5.773744831829596
9.219958482124873,6.171384868402129
8.954865124409856,6.767844923260924
8.557225087837324,6.70157158383217
8.027038372407276,6.038838189544613
8.623498427266078,5.3761047952570635
9.087411803267365,4.845918079827015
8.954865124409856,4.448278043254483
8.689771766694832,3.8518179883956876
8.159585051264791,3.5204512912519093
7.894491693549767,3.5204512912519093
7.761945014692259,3.3879046123944008
7.231758299262211,2.7914445575355984
6.9003916021184395,2.3275311815343116
6.767844923260924,2.2612578421055503
6.70157158383217,1.664797787246755
6.237658207830883,2.2612578421055503
5.84001817125835,2.0624378238192946
5.707471492400835,1.4659777689604852
5.508651474114572,1.2671577506742295
5.243558116399548,1.2671577506742295
4.845918079827015,1.2671577506742295
4.514551382683237,1.2671577506742295
4.580824722111998,1.1346110718167068
4.580824722111998,0.67069769581542
4.24945802496822,0.20678431981413326
3.7855446489669333,0.20678431981413326
4.580824722111998,0.20678431981413326
4.05063800668195,0.20678431981413326
4.05063800668195,0.20678431981413326
3.5204512912519093,0.14051098038538612
3.7855446489669333,-0.45594907447342337
3.3879046123944008,-0.8535891110459488
4.315731364396974,-0.8535891110459488
4.05063800668195,-0.8535891110459488
3.5867246306806635,-0.8535891110459488
3.5204512912519093,-0.8535891110459488
3.3879046123944008,-0.8535891110459488
3.1228112546793767,-0.8535891110459488
2.5926245392493286,-0.8535891110459488
1.929891144961772,-0.8535891110459488
1.399704429531738,-0.8535891110459488
1.399704429531738,-0.8535891110459488
1.9961644843905333,-0.8535891110459488
2.46007786039182,-0.8535891110459488
2.46007786039182,-0.8535891110459488
1.9961644843905333,-0.8535891110459488
1.399704429531738,-0.8535891110459488
1.2671577506742295,-0.8535891110459488
1.1346110718167068,-0.8535891110459488
0.6044243563866729,-0.8535891110459488
0.20678431981413326,-0.8535891110459488
1.1346110718167068,-0.8535891110459488
0.6044243563866729,-0.8535891110459488
1.2671577506742295,-0.8535891110459488
1.2671577506742295,-0.8535891110459488
1.2671577506742295,-0.8535891110459488
1.2671577506742295,-0.3234023956159007
1.2671577506742295,0.20678431981413326
1.2671577506742295,0.33933099867164174
1.2671577506742295,0.8695177141016899
1.1346110718167068,1.2671577506742295
0.67069769581542,1.3334310901029767
0.2730576592428946,1.929891144961772
0.20678431981413326,1.5322511083892465
0.20678431981413326,2.3275311815343116
0.20678431981413326,2.7914445575355984
0.20678431981413326,3.3879046123944008
0.20678431981413326,3.6529979701094177
0.07423764095662477,4.05063800668195
-0.389675735044662,4.91219141925577
-0.45594907447342337,4.448278043254483
0.07423764095662477,5.3761047952570635
0.20678431981413326,5.906291510687105
0.20678431981413326,6.767844923260924
0.20678431981413326,6.303931547259637
0.20678431981413326,7.231758299262211
0.20678431981413326,8.159585051264791
0.2730576592428946,7.629398335834743
1.0020643929591984,9.485051839839898
0.33933099867164174,8.822318445552341
1.2671577506742295,10.147785234127454
1.2671577506742295,11.009338646701273
1.4659777689604852,10.545425270699987
1.9961644843905333,12.666172132420158
2.46007786039182,12.003438738132608
2.46007786039182,11.47325202270256
2.990264575821868,14.521825636425312
2.46007786039182,13.859092242137756
3.3879046123944008,13.328905526707715
2.725171218106837,15.781019085571664
2.3938045209630587,15.184559030712869
2.7914445575355984,16.841392516431753
2.3275311815343116,16.244932461572958
3.255357933536885,17.437852571290556
2.990264575821868,17.30530589243304
2.5263511998205814,16.841392516431753
3.5204512912519093,16.311205801001712
3.1228112546793767,15.847292425000418
3.918091327824442,15.449652388427886
3.3879046123944008,14.985739012426599
4.580824722111998,14.65437231528282
4.845918079827015,16.775119177003
4.448278043254483,16.244932461572958
5.3761047952570635,15.71474574614291
5.950473736972938,15.184559030712869
6.70157158383217,17.835492607863088
6.370204886688391,17.30530589243304
5.906291510687105,18.697046020436908
5.773744831829596,18.23313264443562
5.773744831829596,19.82369279072575
5.773744831829596,19.160959396438194
5.773744831829596,21.082886239872103
5.84001817125835,20.4864261850133
6.569024904974661,22.143259670732192
5.906291510687105,21.54679961587339
6.834118262689678,23.711728703879402
6.966664941547194,23.13735976216352
7.541033883263069,22.60717304673348
7.894491693549767,25.56738220788455
8.071220598693117,24.993013266168674
8.822318445552341,24.462826550738633
10.015238555269946,26.914940109602583
9.352505160982389,26.31848005474378
10.147785234127454,27.37885348560387
10.147785234127454,27.90904020103391
10.147785234127454,28.83686695303649
10.147785234127454,28.306680237606443
10.94306530727252,30.604156004469964
10.412878591842478,30.02978706275409
11.47325202270256,29.49960034732404
12.135985416990117,32.54817396104679
12.401078774705141,31.885440566759243
12.401078774705141,31.355253851329195
12.599898792991404,34.27128078619444
13.196358847850206,33.74109407076439
13.593998884422739,33.21090735533435
14.698554541568662,35.39792755648328
14.12418559985278,34.80146750162448
15.493834614713727,35.19910753819701
15.582199067285401,34.40382746505195
15.052012351855353,33.74109407076439
14.389278957567804,33.2771806947631
13.726545563280247,32.68072063990431
13.461452205565223,32.01798724561675
15.449652388427886,31.355253851329195
14.919465672997845,30.891340475327908
14.389278957567804,30.294880420469113
13.859092242137756,29.83096704446782
15.184559030712869,29.300780329037778
14.65437231528282,29.83096704446782
15.847292425000418,29.367053668466532
15.317105709570377,30.294880420469113
16.55420804557381,30.825067135899154
16.775119177003,30.361153759897867
16.244932461572958,30.55997377818413
15.71474574614291,30.162333741611597
16.311205801001712,31.156433833042932
16.775119177003,31.355253851329195
16.775119177003,32.216807263903014
17.835492607863088,31.752893887901728
17.30530589243304,32.74699397933306
16.775119177003,33.2771806947631
18.940048265009004,33.21090735533435
18.36567932329313,32.74699397933306
19.691146111868235,32.15053392447426
19.95623946958326,31.48780053018671
19.42605275415322,31.222707172471686
18.763319359865662,30.692520457041645
18.23313264443562,30.162333741611597
17.702945929005573,29.764693705039065
18.763319359865662,29.300780329037778
18.100585965578105,29.632147026181556
19.42605275415322,29.101960310751508
19.95623946958326,30.02978706275409
19.42605275415322,29.89724038389658
19.09468605700944,29.234506989609024
19.73532833815407,28.770593613607737
20.265515053584117,28.174133558748935
21.149159579300857,27.776493522176402
20.4864261850133,27.710220182747648
21.856075199874248,27.113760127888845
21.944439652445922,27.710220182747648
21.41425293701588,26.716120091316313
23.13735976216352,28.770593613607737
22.540899707304725,28.174133558748935
22.07698633130343,28.571773595321467
21.54679961587339,27.90904020103391
23.00481308330601,27.24630680674636
22.474626367875963,26.84866677017383
22.209533010160946,26.716120091316313
23.402453119878544,26.716120091316313
22.872266404448496,26.914940109602583
23.667546477593568,27.511400164461378
23.269906441021035,27.776493522176402
24.330279871881118,27.776493522176402
24.462826550738633,27.975313540462672
23.932639835308585,28.571773595321467
23.468726459307298,28.83686695303649
23.99891317473734,29.035686971322754
24.462826550738633,29.632147026181556
24.462826550738633,29.49960034732404
23.932639835308585,28.969413631894
23.468726459307298,28.505500255892713
22.872266404448496,27.90904020103391
22.40835302844721,28.43922691646396
23.402453119878544,28.903140292465245
24.462826550738633,29.234506989609024
23.932639835308585,30.096060402182843
24.462826550738633,29.632147026181556
24.462826550738633,30.55997377818413
24.462826550738633,31.156433833042932
24.462826550738633,31.222707172471686
23.800093156451076,31.222707172471686
23.203633101592274,31.222707172471686
22.60717304673348,31.222707172471686
23.269906441021035,31.222707172471686
22.60717304673348,31.686620548472973
23.402453119878544,32.01798724561675
23.402453119878544,31.42152719075795
23.402453119878544,32.01798724561675
23.402453119878544,31.48780053018671
23.402453119878544,32.283080603331776
24.19773319302361,31.752893887901728
23.667546477593568,31.28898051190044
24.19773319302361,32.48190062161804
23.534999798736052,31.885440566759243
22.938539743877257,33.54227405247813
22.342079689018455,32.945813997619325
22.872266404448496,34.13873410733692
23.269906441021035,34.006187428479414
22.60717304673348,33.47600071304937
23.181541988449354,33.34345403419186
22.60717304673348,33.34345403419186
23.402453119878544,33.34345403419186
22.872266404448496,33.34345403419186
22.342079689018455,33.34345403419186
22.209533010160946,34.07246076790817
21.944439652445922,33.60854739190688
21.41425293701588,34.536374143909455
20.618972863870816,35.33165421705452
20.353879506155792,34.93401418048199
19.95623946958326,34.80146750162448
19.293506075295703,34.4701008044807
19.028412717580686,35.19910753819701
18.498226002150638,34.66892082276697
17.901765947291842,35.464200895912036
17.835492607863088,35.464200895912036
17.17275921357553,35.464200895912036
16.907665855860508,35.596747574769545
16.377479140430466,36.39202764791461
15.781019085571664,35.99438761134208
15.184559030712869,35.99438761134208
14.521825636425312,35.72929425362706
13.859092242137756,36.524574326772125
13.527725544993984,37.49658330506054
13.395178866136469,36.92221436334465
13.328905526707715,39.35223680906569
12.864992150706428,38.77786786734981
12.467352114133895,38.247681151919764
12.268532095847625,41.20789031307084
11.605798701560076,40.63352137135496
11.141885325558782,40.10333465592491
11.208158664987543,43.019361590790155
10.74424528898625,42.55544821478887
10.214058573556208,41.95898815993007
10.147785234127454,42.3566281965026
10.147785234127454,42.09153483878758
10.015238555269946,41.69389480221505
9.750145197554922,41.229981426213755
9.352505160982389,41.03116140792749
8.954865124409856,41.49507478392878
10.147785234127454,41.95898815993007
9.617598518697413,41.428801444500024
10.147785234127454,40.76606805021247
10.147785234127454,40.16960799535367
10.147785234127454,40.63352137135496
9.617598518697413,40.10333465592491
9.087411803267365,39.57314794049488
9.683871858126167,39.10923456449358
10.147785234127454,38.38022783077727
10.147785234127454,37.85004111534723
10.677971949557495,38.31395449134852
10.147785234127454,38.84414120677856
11.208158664987543,39.10923456449358
11.208158664987543,39.61733016678071
11.208158664987543,39.308054582779846
11.208158664987543,38.77786786734981
10.677971949557495,38.247681151919764
10.147785234127454,37.717494436489716
10.280331912984963,37.054761042202166
10.94306530727252,36.78966768448714
11.605798701560076,36.39202764791461
12.268532095847625,35.86184093248457
12.268532095847625,35.19910753819701
11.738345380417584,34.536374143909455
11.406978683273806,33.873640749621906
12.047620964418442,33.21090735533435
12.33480543527638,32.54817396104679
12.577807679848483,32.283080603331776
13.328905526707715,31.885440566759243
12.864992150706428,31.355253851329195
12.798718811277674,30.692520457041645
12.401078774705141,30.42742709932662
13.328905526707715,30.02978706275409
13.461452205565223,29.49960034732404
13.461452205565223,29.035686971322754
13.726545563280247,28.43922691646396
14.389278957567804,28.041586879891426
14.389278957567804,27.643946843318894
13.925365581566517,27.180033467317607
13.527725544993984,26.716120091316313
14.256732278710288,26.31848005474378
14.521825636425312,25.854566678742493
14.521825636425312,25.324379963312452
14.521825636425312,24.860466587311166
14.588098975854066,24.462826550738633
14.919465672997845,23.99891317473734
14.521825636425312,23.534999798736052
15.493834614713727,23.13735976216352
15.71474574614291,22.60717304673348
15.71474574614291,22.143259670732192
16.510025819287975,21.54679961587339
16.046112443286688,21.149159579300857
15.582199067285401,20.751519542728325
17.614581476433898,20.15505948786953
17.040212534718023,20.221332827298284
17.901765947291842,21.01661290044335
18.431952662721883,20.552699524442062
18.89586603872317,20.022512809012014
19.028412717580686,19.42605275415322
19.028412717580686,19.028412717580686
19.09468605700944,20.287606166727038
19.73532833815407,19.82369279072575
19.160959396438194,20.884066221585833
19.95623946958326,20.4864261850133
19.62487277243948,20.088786148440768
19.205141622724028,21.01661290044335
20.221332827298284,20.618972863870816
19.691146111868235,21.944439652445922
20.884066221585833,21.41425293701588
21.149159579300857,22.143259670732192
21.149159579300857,21.811892973588414
21.281706258158366,21.347979597587127
21.878166313017168,21.149159579300857
22.342079689018455,21.347979597587127
22.342079689018455,21.811892973588414
22.872266404448496,22.209533010160946
22.342079689018455,22.209533010160946
23.402453119878544,22.07698633130343
23.269906441021035,21.613072955302144
23.00481308330601,21.281706258158366
22.474626367875963,21.944439652445922
22.342079689018455,22.209533010160946
22.872266404448496,22.673446386162233
23.402453119878544,23.269906441021035
23.402453119878544,23.402453119878544
23.402453119878544,23.269906441021035
23.402453119878544,22.872266404448496
22.872266404448496,22.40835302844721
22.209533010160946,22.474626367875963
21.54679961587339,23.269906441021035
21.811892973588414,23.99891317473734
21.41425293701588,23.534999798736052
19.95623946958326,25.05928660559743
19.42605275415322,24.462826550738633
19.028412717580686,25.58947332102747
18.630772681008153,25.258106623883698
17.901765947291842,24.72791990845365
17.437852571290556,24.264006532452363
16.819301403288833,23.667546477593568
17.702945929005573,24.860466587311166
17.570399250148064,24.19773319302361
17.17275921357553,25.390653302741207
16.244932461572958,24.72791990845365
15.71474574614291,24.59537322959614
15.052012351855353,25.125559945026183
14.521825636425312,25.65574666045623
13.925365581566517,25.58947332102747
13.527725544993984,24.993013266168674
13.328905526707715,24.59537322959614
12.732445471848912,25.65574666045623
11.340705343845052,26.31848005474378
10.81051862841501,26.64984675188756
10.015238555269946,26.31848005474378
,25.854566678742493
,26.362662281029614
,25.920840018171248
,26.053386697028763
,25.65574666045623
,26.64984675188756
,26.716120091316313
,27.180033467317607
,26.716120091316313
,27.643946843318894
,27.180033467317607
,26.716120091316313
,26.31848005474378
,25.854566678742493
,25.722019999884985
,26.31848005474378
,26.716120091316313
,26.716120091316313
,26.716120091316313
,26.716120091316313
,26.185933375886272
,25.65574666045623
,26.053386697028763
,26.64984675188756
,26.716120091316313
,26.716120091316313
,26.31848005474378
,25.722019999884985
,25.78829333931374
,26.31848005474378
,26.716120091316313
,26.716120091316313
,26.64984675188756
,26.053386697028763
,25.523199981598715
,24.993013266168674
,24.529099890167387
,23.932639835308585
,23.534999798736052
,23.13735976216352
,22.673446386162233
,22.07698633130343
,21.01661290044335
,20.088786148440768
,19.691146111868235
,19.160959396438194
,18.630772681008153
,17.835492607863088
,17.17275921357553
,16.907665855860508
,17.570399250148064
,18.23313264443562
,18.763319359865662
,17.835492607863088
,17.30530589243304
,16.775119177003
,16.377479140430466
,15.979839103857934
,15.449652388427886
,15.052012351855353
,14.256732278710288
,13.859092242137756
,13.395178866136469
,12.931265490135182
,12.467352114133895
,12.401078774705141
,12.135985416990117
,11.47325202270256
,10.81051862841501
,10.280331912984963
,10.81051862841501
