Y(hoy),Y(ayer)
6.303931547259637,6.834118262689678
5.84001817125835,6.9003916021184395
6.038838189544613,7.629398335834743
6.70157158383217,7.099211620404702
6.370204886688391,7.231758299262211
5.906291510687105,6.834118262689678
5.707471492400835,7.629398335834743
5.6411981529720805,7.099211620404702
4.978464758684531,7.496851656977235
4.580824722111998,7.032938280975948
4.580824722111998,6.834118262689678
4.580824722111998,6.834118262689678
3.918091327824442,6.436478226117146
3.454177951823155,5.972564850115859
3.5204512912519093,6.569024904974661
3.5204512912519093,6.171384868402129
2.990264575821868,5.773744831829596
2.46007786039182,5.3761047952570635
2.46007786039182,4.91219141925577
2.3275311815343116,4.713371400969507
2.0624378238192946,4.713371400969507
1.5322511083892465,4.713371400969507
1.2671577506742295,4.448278043254483
1.2671577506742295,3.7855446489669333
1.1346110718167068,3.5204512912519093
0.6044243563866729,3.3879046123944008
0.20678431981413326,2.7914445575355984
1.1346110718167068,2.3938045209630587
0.67069769581542,2.3275311815343116
0.8695177141016899,2.3275311815343116
0.33933099867164174,2.3275311815343116
0.20678431981413326,2.3275311815343116
0.20678431981413326,2.194984502676803
0.20678431981413326,1.664797787246755
0.14051098038538612,1.2671577506742295
0.07423764095662477,1.2671577506742295
-0.5884957533309318,1.2671577506742295
-0.8535891110459488,1.2671577506742295
-0.8535891110459488,1.2671577506742295
-0.8535891110459488,1.0020643929591984
-0.8535891110459488,0.4056043381004031
-0.8535891110459488,1.1346110718167068
-0.8535891110459488,0.7369710352441814
-0.9861357899034573,0.6044243563866729
-0.9861357899034573,0.20678431981413326
-1.5163225053335054,1.2008844112454682
-1.9802358813347922,1.0020643929591984
-0.9861357899034573,0.33933099867164174
-1.5163225053335054,0.20678431981413326
-0.9198624504747102,0.20678431981413326
-0.9861357899034573,0.20678431981413326
-1.648869184191014,0.20678431981413326
-2.0465092207635536,0.20678431981413326
-2.0465092207635536,-0.1908557167583922
-1.9802358813347922,-0.654769092759679
-1.450049165904744,-0.8535891110459488
-0.9861357899034573,-0.8535891110459488
-0.9198624504747102,-0.8535891110459488
-0.9861357899034573,-0.8535891110459488
-1.450049165904744,-0.8535891110459488
-1.9802358813347922,-0.8535891110459488
-2.0465092207635536,-0.8535891110459488
-2.0465092207635536,-0.8535891110459488
-2.0465092207635536,-0.8535891110459488
-2.0465092207635536,-0.8535891110459488
-2.0465092207635536,-0.8535891110459488
-2.0465092207635536,-0.8535891110459488
-2.0465092207635536,-0.8535891110459488
-1.7372336367626815,-0.8535891110459488
-2.179055899621062,-0.8535891110459488
-1.1849558081897271,-0.8535891110459488
-0.45594907447342337,-0.8535891110459488
0.07423764095662477,-0.8535891110459488
0.20678431981413326,-0.8535891110459488
0.20678431981413326,-0.389675735044662
0.6044243563866729,0.07423764095662477
0.20678431981413326,-0.3234023956159007
1.1346110718167068,-0.654769092759679
1.399704429531738,-0.05830903790088371
2.0624378238192946,0.20678431981413326
2.46007786039182,0.20678431981413326
2.504260086677661,0.20678431981413326
3.5204512912519093,0.20678431981413326
2.990264575821868,0.20678431981413326
3.6529979701094177,0.20678431981413326
4.315731364396974,0.20678431981413326
5.420287021542897,0.20678431981413326
4.845918079827015,0.20678431981413326
6.70157158383217,0.33933099867164174
6.237658207830883,1.0020643929591984
6.834118262689678,1.2671577506742295
7.496851656977235,1.2671577506742295
6.966664941547194,1.2671577506742295
9.352505160982389,1.7973444661042635
8.888591784981102,2.3275311815343116
8.2921317301223,1.7973444661042635
10.457060818128312,1.399704429531738
9.88269187641243,1.929891144961772
11.208158664987543,2.3275311815343116
12.798718811277674,2.3275311815343116
12.268532095847625,2.2612578421055503
11.738345380417584,1.7973444661042635
14.65437231528282,1.399704429531738
14.12418559985278,1.929891144961772
13.593998884422739,2.3938045209630587
16.510025819287975,2.990264575821868
15.979839103857934,2.5926245392493286
15.449652388427886,3.454177951823155
17.835492607863088,3.5204512912519093
17.30530589243304,3.6529979701094177
16.863483629574674,5.177284776970794
16.775119177003,4.580824722111998
16.244932461572958,4.05063800668195
15.71474574614291,5.6411981529720805
15.184559030712869,4.978464758684531
14.65437231528282,5.3761047952570635
13.991638920995271,4.845918079827015
13.527725544993984,4.315731364396974
13.593998884422739,3.6529979701094177
14.190458939281534,4.183184685539466
14.786918994140336,4.647098061540753
15.449652388427886,4.713371400969507
16.046112443286688,4.713371400969507
16.64257249814549,5.420287021542897
17.349488118718874,4.978464758684531
18.14476819186394,5.1110114375420395
19.42605275415322,4.713371400969507
18.962139378151925,4.713371400969507
21.01661290044335,5.1110114375420395
20.4864261850133,5.972564850115859
19.95623946958326,5.508651474114572
22.872266404448496,6.569024904974661
22.40835302844721,6.171384868402129
21.811892973588414,5.773744831829596
23.402453119878544,6.767844923260924
24.462826550738633,7.761945014692259
23.932639835308585,7.298031638690972
23.402453119878544,6.9003916021184395
25.65574666045623,6.70157158383217
24.993013266168674,6.171384868402129
26.362662281029614,5.773744831829596
26.583573412458804,6.70157158383217
26.119660036457518,6.303931547259637
26.583573412458804,7.231758299262211
25.58947332102747,7.828218354121013
24.860466587311166,7.894491693549767
24.330279871881118,8.358405069551054
23.534999798736052,8.888591784981102
23.269906441021035,8.954865124409856
22.872266404448496,8.954865124409856
22.209533010160946,8.954865124409856
21.944439652445922,8.954865124409856
21.54679961587339,8.557225087837324
21.149159579300857,8.027038372407276
22.07698633130343,9.750145197554922
22.07698633130343,9.087411803267365
21.41425293701588,8.557225087837324
21.149159579300857,9.617598518697413
21.21543291872961,9.15368514269612
21.590981842159223,9.15368514269612
21.149159579300857,9.683871858126167
22.916448630734337,10.147785234127454
22.342079689018455,10.94306530727252
23.667546477593568,10.545425270699987
24.330279871881118,10.677971949557495
24.993013266168674,10.280331912984963
25.523199981598715,10.94306530727252
24.993013266168674,11.340705343845052
24.330279871881118,11.340705343845052
23.733819817022322,11.340705343845052
23.13735976216352,11.340705343845052
22.474626367875963,11.274432004416298
21.811892973588414,11.539525362131315
21.281706258158366,12.003438738132608
21.149159579300857,11.738345380417584
21.01661290044335,11.340705343845052
20.4864261850133,12.268532095847625
20.088786148440768,13.06381216899269
21.01661290044335,12.666172132420158
22.12116855758927,12.53362545356265
21.54679961587339,11.870892059275093
22.872266404448496,11.406978683273806
23.269906441021035,12.003438738132608
22.60717304673348,12.401078774705141
23.13735976216352,12.33480543527638
22.540899707304725,11.605798701560076
22.474626367875963,11.340705343845052
21.944439652445922,12.003438738132608
21.41425293701588,11.605798701560076
21.149159579300857,12.599898792991404
23.402453119878544,12.135985416990117
22.872266404448496,13.107994395278524
22.342079689018455,12.798718811277674
23.269906441021035,12.33480543527638
22.739719725590987,11.738345380417584
22.07698633130343,11.075611986130028
21.41425293701588,10.412878591842478
23.13735976216352,11.605798701560076
22.474626367875963,10.94306530727252
22.07698633130343,12.33480543527638
21.54679961587339,12.268532095847625
22.342079689018455,11.804618719846339
21.811892973588414,11.340705343845052
21.281706258158366,11.340705343845052
22.209533010160946,11.340705343845052
22.2758063495897,11.274432004416298
21.679346294730898,10.94306530727252
21.41425293701588,10.280331912984963
20.884066221585833,10.147785234127454
20.353879506155792,10.479151931271232
20.088786148440768,10.94306530727252
21.01661290044335,10.280331912984963
20.618972863870816,10.015238555269946
21.347979597587127,9.617598518697413
21.878166313017168,9.219958482124873
22.342079689018455,9.750145197554922
23.932639835308585,9.15368514269612
23.468726459307298,8.623498427266078
22.872266404448496,8.225858390693546
22.342079689018455,8.822318445552341
25.523199981598715,8.424678408979808
24.993013266168674,8.2921317301223
24.462826550738633,7.894491693549767
23.99891317473734,7.629398335834743
24.462826550738633,6.966664941547194
23.402453119878544,6.834118262689678
23.932639835308585,6.436478226117146
23.402453119878544,6.038838189544613
25.523199981598715,5.773744831829596
24.993013266168674,5.773744831829596
24.462826550738633,5.773744831829596
24.72791990845365,5.3761047952570635
24.19773319302361,4.713371400969507
23.534999798736052,4.713371400969507
23.667546477593568,4.713371400969507
23.269906441021035,5.177284776970794
25.258106623883698,5.508651474114572
24.661646569024896,4.91219141925577
24.19773319302361,4.713371400969507
25.258106623883698,4.713371400969507
24.72791990845365,5.177284776970794
24.39655321130987,5.508651474114572
24.993013266168674,4.91219141925577
24.59537322959614,4.713371400969507
25.523199981598715,4.713371400969507
24.993013266168674,4.713371400969507
24.529099890167387,5.1110114375420395
25.390653302741207,5.707471492400835
24.72791990845365,5.773744831829596
26.053386697028763,6.237658207830883
26.583573412458804,5.773744831829596
26.583573412458804,6.569024904974661
26.053386697028763,5.972564850115859
25.722019999884985,6.569024904974661
26.451026733601296,6.171384868402129
26.583573412458804,5.773744831829596
25.920840018171248,5.773744831829596
25.390653302741207,5.508651474114572
24.772102134739484,4.91219141925577
26.053386697028763,5.508651474114572
25.523199981598715,4.978464758684531
26.892848996459662,5.773744831829596
27.643946843318894,6.171384868402129
27.113760127888845,6.569024904974661
26.451026733601296,5.972564850115859
25.920840018171248,6.436478226117146
25.65574666045623,6.038838189544613
26.716120091316313,6.834118262689678
26.185933375886272,6.834118262689678
27.37885348560387,6.834118262689678
27.643946843318894,6.834118262689678
27.113760127888845,6.834118262689678
26.583573412458804,7.231758299262211
26.053386697028763,7.629398335834743
25.65574666045623,7.032938280975948
28.704320274178976,7.496851656977235
28.174133558748935,8.358405069551054
27.643946843318894,7.894491693549767
27.180033467317607,8.822318445552341
26.583573412458804,8.358405069551054
26.053386697028763,7.894491693549767
27.90904020103391,7.960765032978522
27.37885348560387,8.888591784981102
26.84866677017383,8.424678408979808
26.185933375886272,9.352505160982389
25.78829333931374,9.88269187641243
25.722019999884985,9.418778500411143
26.583573412458804,8.954865124409856
26.119660036457518,9.418778500411143
26.31848005474378,9.948965215841184
25.78829333931374,10.412878591842478
25.78829333931374,10.94306530727252
26.362662281029614,10.479151931271232
26.583573412458804,10.677971949557495
25.920840018171248,11.870892059275093
25.65574666045623,11.208158664987543
25.78829333931374,13.107994395278524
26.84866677017383,12.53362545356265
26.31848005474378,12.798718811277674
27.643946843318894,12.401078774705141
27.113760127888845,12.666172132420158
26.451026733601296,13.925365581566517
26.185933375886272,13.328905526707715
25.722019999884985,14.455552296996558
25.65574666045623,14.521825636425312
25.65574666045623,14.521825636425312
25.65574666045623,14.12418559985278
27.643946843318894,13.660272223851493
27.113760127888845,14.12418559985278
26.583573412458804,13.726545563280247
26.053386697028763,14.521825636425312
31.355253851329195,14.521825636425312
30.692520457041645,14.588098975854066
30.22860708104035,15.317105709570377
29.764693705039065,14.919465672997845
29.234506989609024,14.588098975854066
28.704320274178976,15.317105709570377
28.174133558748935,14.786918994140336
32.68072063990431,15.515925727856647
32.216807263903014,15.052012351855353
33.21090735533435,14.786918994140336
32.68072063990431,15.515925727856647
32.01798724561675,15.582199067285401
31.48780053018671,16.046112443286688
30.825067135899154,16.64257249814549
30.294880420469113,16.775119177003
29.89724038389658,16.64257249814549
30.957613814756662,16.112385782715442
30.42742709932662,16.510025819287975
30.294880420469113,16.046112443286688
29.764693705039065,15.582199067285401
29.234506989609024,15.184559030712869
28.571773595321467,14.65437231528282
28.041586879891426,14.720645654711582
27.776493522176402,15.317105709570377
29.013595858179833,15.052012351855353
28.43922691646396,14.521825636425312
29.764693705039065,14.919465672997845
29.16823365018027,15.317105709570377
29.764693705039065,14.65437231528282
28.571773595321467,13.991638920995271
28.306680237606443,13.461452205565223
27.90904020103391,13.461452205565223
27.445126825032624,13.461452205565223
26.892848996459662,12.931265490135182
27.643946843318894,12.401078774705141
27.180033467317607,12.268532095847625
27.37885348560387,11.804618719846339
26.84866677017383,11.340705343845052
28.43922691646396,10.94306530727252
27.975313540462672,10.412878591842478
30.55997377818413,10.015238555269946
30.02978706275409,9.617598518697413
29.49960034732404,9.219958482124873
28.969413631894,8.822318445552341
33.21090735533435,8.358405069551054
32.68072063990431,8.027038372407276
32.15053392447426,8.689771766694832
31.62034720904422,8.557225087837324
31.090160493614178,8.159585051264791
30.55997377818413,
31.355253851329195,
29.764693705039065,
29.234506989609024,
28.704320274178976,
28.174133558748935,
27.710220182747648,
27.180033467317607,
26.583573412458804,
25.920840018171248,
25.258106623883698,
24.59537322959614,
24.0651865141661,
23.534999798736052,
22.872266404448496,
22.342079689018455,
21.811892973588414,
21.281706258158366,
20.751519542728325,
20.287606166727038,
19.558599433010727,
18.89586603872317,
18.36567932329313,
17.835492607863088,
17.30530589243304,
16.775119177003,
16.112385782715442,
15.847292425000418,
15.317105709570377,
14.720645654711582,
14.12418559985278,
13.638181110708572,
14.389278957567804,
13.925365581566517,
13.859092242137756,
13.461452205565223,
14.389278957567804,
14.389278957567804,
13.925365581566517,
13.527725544993984,
13.726545563280247,
14.389278957567804,
13.925365581566517,
14.389278957567804,
13.527725544993984,
15.449652388427886,
14.919465672997845,
14.389278957567804,
14.786918994140336,
14.521825636425312,
14.389278957567804,
13.726545563280247,
13.461452205565223,
13.328905526707715,
12.798718811277674,
14.12418559985278,
13.593998884422739,
13.06381216899269,
12.53362545356265,
14.389278957567804,
14.057912260424025,
13.593998884422739,
14.168367826138613,
14.521825636425312,
14.698554541568662,
15.449652388427886,
16.64257249814549,
15.979839103857934,
16.775119177003,
16.64257249814549,
16.377479140430466,
15.979839103857934,
16.775119177003,
16.244932461572958,
17.30530589243304,
17.835492607863088,
17.30530589243304,
16.841392516431753,
17.570399250148064,
17.040212534718023,
17.570399250148064,
16.907665855860508,
17.084394761003857,
16.64257249814549,
18.36567932329313,
17.901765947291842,
18.89586603872317,
18.36567932329313,
17.968039286720597,
18.89586603872317,
18.36567932329313,
19.028412717580686,
19.028412717580686,
19.09468605700944,
20.751519542728325,
20.221332827298284,
19.691146111868235,
19.160959396438194,
22.07698633130343,
21.54679961587339,
21.41425293701588,
21.149159579300857,
21.54679961587339,
21.149159579300857,
22.07698633130343,
21.41425293701588,
21.149159579300857,
20.751519542728325,
20.15505948786953,
21.54679961587339,
22.07698633130343,
21.149159579300857,
21.54679961587339,
20.884066221585833,
20.265515053584117,
21.01661290044335,
20.618972863870816,
21.01661290044335,
20.4864261850133,
20.022512809012014,
19.82369279072575,
19.558599433010727,
19.160959396438194,
20.265515053584117,
19.691146111868235,
21.01661290044335,
20.4864261850133,
22.07698633130343,
21.54679961587339,
21.01661290044335,
20.552699524442062,
21.281706258158366,
20.751519542728325,
20.221332827298284,
19.691146111868235,
19.160959396438194,
19.160959396438194,
19.73532833815407,
19.95623946958326,
19.293506075295703,
19.028412717580686,
18.498226002150638,
17.968039286720597,
18.36567932329313,
18.89586603872317,
18.23313264443562,
17.769219268434327,
18.674954907293987,
18.100585965578105,
17.702945929005573,
19.95623946958326,
19.42605275415322,
20.4864261850133,
21.01661290044335,
20.4864261850133,
19.95623946958326,
19.492326093581973,
18.763319359865662,
18.100585965578105,
18.89586603872317,
18.36567932329313,
17.901765947291842,
17.30530589243304,
16.510025819287975,
16.046112443286688,
17.084394761003857,
15.582199067285401,
17.702945929005573,
17.040212534718023,
16.377479140430466,
15.847292425000418,
15.228741256998703,
15.582199067285401,
14.65437231528282,
14.919465672997845,
14.521825636425312,
15.449652388427886,
15.118285691284115,
14.65437231528282,
15.184559030712869,
15.449652388427886,
14.919465672997845,
14.389278957567804,
13.726545563280247,
13.461452205565223,
13.06381216899269,
12.003438738132608,
11.47325202270256,
10.81051862841501,
10.147785234127454,
9.617598518697413,
9.15368514269612,
10.94306530727252,
10.545425270699987,
9.617598518697413,
10.94306530727252,
10.545425270699987,
9.485051839839898,
9.219958482124873,
8.822318445552341,
8.2921317301223,
7.828218354121013,
7.099211620404702,
6.834118262689678,
6.834118262689678,
6.834118262689678,
