Y(hoy),Y(ayer)
3.5204512912519093,2.3275311815343116
3.5204512912519093,2.3275311815343116
3.0565379152506154,2.990264575821868
3.5204512912519093,3.3879046123944008
2.8577178969643597,2.8577178969643597
2.3275311815343116,2.3275311815343116
1.9961644843905333,2.0624378238192946
1.4880688821034056,1.399704429531738
1.3334310901029767,1.2671577506742295
1.0020643929591984,0.8695177141016899
0.6044243563866729,0.33933099867164174
0.20678431981413326,0.20678431981413326
-0.12458237732964506,0.20678431981413326
-0.6326779796167585,0.20678431981413326
-0.1908557167583922,0.20678431981413326
-0.7210424321884403,0.20678431981413326
-0.1908557167583922,0.20678431981413326
-0.7210424321884403,0.20678431981413326
-0.8535891110459488,-0.1908557167583922
-0.8535891110459488,-0.654769092759679
-0.8535891110459488,-0.8535891110459488
-1.11868246876098,-0.8535891110459488
-1.2512291476184885,-0.8535891110459488
-1.7814158630485224,-0.8535891110459488
-2.179055899621062,-0.8535891110459488
-1.11868246876098,-0.8535891110459488
-0.9198624504747102,-0.8535891110459488
-1.913962541906045,-1.383775826475997
-1.7814158630485224,-1.913962541906045
-2.179055899621062,-1.383775826475997
-1.2512291476184885,-0.8535891110459488
-1.7151425236197753,-0.9198624504747102
-1.383775826475997,-1.648869184191014
-1.7814158630485224,-0.9861357899034573
-1.1849558081897271,-0.9861357899034573
-0.8535891110459488,-1.648869184191014
-0.8535891110459488,-1.913962541906045
-0.8535891110459488,-0.9861357899034573
-0.41176684818758247,-0.8535891110459488
-0.05830903790088371,-0.8535891110459488
0.2730576592428946,-0.8535891110459488
0.9357910535304512,-0.8535891110459488
0.47187767752916443,-0.8535891110459488
2.46007786039182,-0.8535891110459488
3.0565379152506154,-0.8535891110459488
3.454177951823155,-0.8535891110459488
3.5204512912519093,-0.8535891110459488
3.5867246306806635,-0.8535891110459488
4.1169113461107045,-0.8535891110459488
7.298031638690972,-0.8535891110459488
7.894491693549767,-0.7873157716172017
16.64257249814549,-0.05830903790088371
17.040212534718023,-0.5884957533309318
17.702945929005573,-0.45594907447342337
18.36567932329313,-0.05830903790088371
18.89586603872317,-0.3234023956159007
19.691146111868235,-0.654769092759679
19.09468605700944,-0.1908557167583922
21.54679961587339,0.20678431981413326
26.053386697028763,0.20678431981413326
25.65574666045623,0.6044243563866729
28.174133558748935,1.2008844112454682
27.776493522176402,1.5322511083892465
34.27128078619444,2.0624378238192946
36.43620987420045,2.725171218106837
35.86184093248457,3.3879046123944008
37.187307721059675,3.6529979701094177
38.51277450963478,4.05063800668195
37.98258779420474,4.647098061540753
37.58494775763221,4.713371400969507
40.94279695535582,4.713371400969507
40.36842801363994,5.1110114375420395
39.838241298209894,5.773744831829596
39.44060126163736,6.303931547259637
41.69389480221505,6.834118262689678
42.75426823307514,7.231758299262211
43.15190826964766,7.629398335834743
42.48917487536011,9.617598518697413
42.29035485707385,9.087411803267365
41.16370808678501,10.94306530727252
41.49507478392878,11.738345380417584
41.03116140792749,11.340705343845052
42.09153483878758,12.798718811277674
42.09153483878758,14.65437231528282
41.82644148107256,14.12418559985278
41.428801444500024,16.510025819287975
40.76606805021247,15.979839103857934
40.14751688221075,17.30530589243304
40.898614729069976,18.16685930500686
41.95898815993007,17.702945929005573
41.428801444500024,18.697046020436908
40.898614729069976,19.160959396438194
40.36842801363994,19.691146111868235
37.65122109706097,20.088786148440768
37.717494436489716,21.54679961587339
37.31985439991719,21.01661290044335
36.92221436334465,23.667546477593568
36.524574326772125,23.13735976216352
37.187307721059675,26.583573412458804
36.657121005629634,26.053386697028763
37.58494775763221,25.523199981598715
36.92221436334465,25.125559945026183
35.86184093248457,28.174133558748935
35.33165421705452,29.234506989609024
34.80146750162448,30.55997377818413
34.27128078619444,31.885440566759243
33.74109407076439,31.48780053018671
33.34345403419186,34.27128078619444
32.945813997619325,33.74109407076439
32.216807263903014,33.34345403419186
31.708711661615894,36.657121005629634
31.222707172471686,36.126934290199586
30.55997377818413,35.72929425362706
30.02978706275409,37.4524010787747
29.49960034732404,37.054761042202166
28.83686695303649,39.308054582779846
28.571773595321467,38.77786786734981
28.174133558748935,38.247681151919764
27.776493522176402,37.85004111534723
28.571773595321467,41.82644148107256
28.041586879891426,41.16370808678501
27.37885348560387,40.63352137135496
26.84866677017383,40.10333465592491
28.704320274178976,42.09153483878758
28.174133558748935,41.69389480221505
27.776493522176402,41.229981426213755
27.90904020103391,43.019361590790155
27.24630680674636,42.48917487536011
26.981213449031337,41.7601681416438
26.583573412458804,41.69389480221505
25.920840018171248,41.16370808678501
25.65574666045623,40.63352137135496
27.37885348560387,40.16960799535367
26.914940109602583,41.95898815993007
26.451026733601296,41.428801444500024
27.37885348560387,40.96488806849874
26.84866677017383,40.36842801363994
28.748502500464816,39.705694619352386
28.174133558748935,39.10923456449358
27.57767350389014,39.57314794049488
27.113760127888845,40.43470135306869
26.716120091316313,39.9707879770674
27.90904020103391,40.898614729069976
28.43922691646396,40.36842801363994
27.511400164461378,39.705694619352386
28.041586879891426,38.976687885636075
27.445126825032624,38.77786786734981
26.914940109602583,38.247681151919764
27.37885348560387,37.85004111534723
27.975313540462672,38.77786786734981
26.981213449031337,38.247681151919764
28.43922691646396,37.85004111534723
27.24630680674636,39.57314794049488
26.782393430745074,39.10923456449358
27.423035711889703,38.048861133633494
27.643946843318894,38.55695673592062
27.113760127888845,38.247681151919764
26.716120091316313,37.78376777591848
27.776493522176402,37.187307721059675
27.113760127888845,36.657121005629634
28.483409142749792,35.33165421705452
28.969413631894,34.80146750162448
28.969413631894,34.40382746505195
28.83686695303649,36.39202764791461
30.162333741611597,35.99438761134208
29.69842036561031,36.524574326772125
29.101960310751508,35.86184093248457
28.969413631894,35.33165421705452
28.43922691646396,34.80146750162448
29.83096704446782,34.27128078619444
28.83686695303649,33.74109407076439
29.49960034732404,33.21090735533435
30.55997377818413,32.68072063990431
30.096060402182843,32.283080603331776
29.764693705039065,31.62034720904422
29.101960310751508,31.222707172471686
28.571773595321467,31.48780053018671
28.041586879891426,31.885440566759243
28.770593613607737,31.355253851329195
28.174133558748935,30.957613814756662
29.367053668466532,30.55997377818413
30.02978706275409,30.02978706275409
29.49960034732404,29.367053668466532
31.090160493614178,29.764693705039065
30.42742709932662,29.367053668466532
29.89724038389658,28.969413631894
29.234506989609024,28.43922691646396
28.83686695303649,28.041586879891426
29.764693705039065,29.83096704446782
30.294880420469113,30.692520457041645
29.367053668466532,30.162333741611597
30.957613814756662,29.367053668466532
32.01798724561675,28.571773595321467
31.48780053018671,27.975313540462672
30.825067135899154,27.776493522176402
30.162333741611597,27.776493522176402
31.62034720904422,28.43922691646396
33.01208733704808,28.83686695303649
32.415627282189284,28.571773595321467
30.957613814756662,27.90904020103391
33.34345403419186,28.43922691646396
33.47600071304937,28.041586879891426
34.40382746505195,29.764693705039065
33.47600071304937,29.300780329037778
33.74109407076439,28.83686695303649
33.34345403419186,28.969413631894
34.80146750162448,28.306680237606443
34.27128078619444,29.035686971322754
38.51277450963478,28.571773595321467
37.98258779420474,29.632147026181556
41.16370808678501,29.367053668466532
40.76606805021247,29.101960310751508
42.3566281965026,29.89724038389658
41.82644148107256,29.367053668466532
41.16370808678501,30.02978706275409
42.62172155421762,30.294880420469113
42.09153483878758,30.825067135899154
41.69389480221505,30.294880420469113
39.04296122506483,29.764693705039065
38.51277450963478,29.300780329037778
37.98258779420474,29.89724038389658
39.04296122506483,30.294880420469113
38.6453211884923,30.891340475327908
39.705694619352386,31.42152719075795
39.705694619352386,31.885440566759243
39.308054582779846,31.090160493614178
38.51277450963478,30.55997377818413
37.98258779420474,30.02978706275409
37.65122109706097,29.49960034732404
36.92221436334465,28.83686695303649
36.39202764791461,28.372953577035204
35.86184093248457,28.041586879891426
35.464200895912036,29.764693705039065
36.39202764791461,30.604156004469964
37.054761042202166,30.294880420469113
38.77786786734981,29.764693705039065
37.4524010787747,29.234506989609024
36.92221436334465,30.825067135899154
36.524574326772125,30.42742709932662
36.657121005629634,31.222707172471686
36.2594809690571,30.692520457041645
35.596747574769545,30.096060402182843
35.0665608593395,30.891340475327908
34.27128078619444,30.294880420469113
33.74109407076439,31.885440566759243
33.07836067647684,31.355253851329195
32.54817396104679,30.825067135899154
32.283080603331776,30.361153759897867
33.54227405247813,29.764693705039065
33.07836067647684,29.234506989609024
34.006187428479414,29.234506989609024
33.47600071304937,31.62034720904422
33.2771806947631,31.090160493614178
32.54817396104679,30.55997377818413
32.283080603331776,32.15053392447426
31.885440566759243,31.62034720904422
31.48780053018671,31.222707172471686
30.55997377818413,31.355253851329195
30.096060402182843,32.68072063990431
30.162333741611597,32.15053392447426
29.101960310751508,31.752893887901728
29.101960310751508,33.2771806947631
31.222707172471686,33.34345403419186
29.89724038389658,33.74109407076439
29.234506989609024,34.33755412562319
28.83686695303649,34.27128078619444
29.764693705039065,33.80736741019315
31.090160493614178,33.34345403419186
30.7587937964704,35.33165421705452
30.361153759897867,34.80146750162448
31.885440566759243,34.40382746505195
31.355253851329195,34.13873410733692
30.825067135899154,33.674820731335636
33.21090735533435,34.80146750162448
32.68072063990431,34.40382746505195
32.283080603331776,38.77786786734981
32.72490286619014,38.247681151919764
33.21090735533435,37.717494436489716
32.74699397933306,37.187307721059675
32.216807263903014,41.428801444500024
31.686620548472973,40.76606805021247
31.090160493614178,42.48917487536011
30.55997377818413,43.35072828793393
30.02978706275409,43.85882389022106
31.664529435330053,43.5495483062202
31.090160493614178,42.48917487536011
30.55997377818413,41.95898815993007
34.006187428479414,41.56134812335753
33.34345403419186,40.23588133478243
32.945813997619325,39.2417812433511
32.415627282189284,39.838241298209894
36.39202764791461,39.9707879770674
35.72929425362706,39.308054582779846
35.19910753819701,38.84414120677856
34.66892082276697,38.51277450963478
35.33165421705452,37.98258779420474
34.80146750162448,37.31985439991719
34.27128078619444,36.92221436334465
33.60854739190688,37.98258779420474
33.34345403419186,39.838241298209894
33.34345403419186,39.44060126163736
33.2771806947631,40.63352137135496
33.21090735533435,40.23588133478243
32.74699397933306,39.04296122506483
32.34935394276053,38.38022783077727
32.15053392447426,37.85004111534723
31.62034720904422,38.77786786734981
32.01798724561675,38.247681151919764
31.48780053018671,37.717494436489716
32.81326731876182,37.187307721059675
33.47600071304937,36.78966768448714
35.33165421705452,36.39202764791461
34.80146750162448,35.86184093248457
34.27128078619444,35.33165421705452
33.873640749621906,34.80146750162448
36.524574326772125,34.27128078619444
35.99438761134208,33.74109407076439
35.72929425362706,34.27128078619444
35.596747574769545,34.40382746505195
35.19910753819701,34.006187428479414
34.80146750162448,33.47600071304937
34.13873410733692,32.945813997619325
33.873640749621906,32.415627282189284
35.596747574769545,32.01798724561675
33.47600071304937,31.62034720904422
36.657121005629634,31.222707172471686
36.126934290199586,30.825067135899154
35.19910753819701,30.294880420469113
36.72339434505839,29.632147026181556
37.717494436489716,29.101960310751508
37.187307721059675,30.02978706275409
38.77786786734981,30.957613814756662
38.247681151919764,30.957613814756662
37.58494775763221,30.361153759897867
37.31985439991719,30.825067135899154
36.92221436334465,30.294880420469113
36.39202764791461,29.764693705039065
35.33165421705452,29.234506989609024
34.40382746505195,28.571773595321467
36.126934290199586,27.90904020103391
35.6630209141983,28.83686695303649
35.19910753819701,28.306680237606443
37.717494436489716,29.49960034732404
37.187307721059675,30.825067135899154
36.657121005629634,30.294880420469113
37.717494436489716,29.89724038389658
37.187307721059675,31.62034720904422
36.657121005629634,31.222707172471686
36.19320762962835,32.15053392447426
35.6630209141983,32.15053392447426
38.77786786734981,31.48780053018671
38.247681151919764,30.825067135899154
37.187307721059675,30.162333741611597
37.85004111534723,29.89724038389658
36.657121005629634,29.300780329037778
36.2594809690571,28.969413631894
35.0665608593395,29.632147026181556
34.4701008044807,30.825067135899154
34.006187428479414,30.294880420469113
33.47600071304937,30.02978706275409
35.596747574769545,29.49960034732404
35.464200895912036,29.101960310751508
32.68072063990431,29.764693705039065
32.283080603331776,29.367053668466532
29.101960310751508,28.969413631894
30.361153759897867,28.505500255892713
30.869249362184988,27.997404653605592
29.764693705039065,28.704320274178976
29.367053668466532,28.306680237606443
31.62034720904422,30.162333741611597
32.216807263903014,29.49960034732404
32.74699397933306,29.101960310751508
33.21090735533435,30.891340475327908
32.68072063990431,31.355253851329195
32.283080603331776,31.885440566759243
33.21090735533435,32.945813997619325
32.68072063990431,32.415627282189284
32.15053392447426,34.27128078619444
31.686620548472973,33.74109407076439
31.090160493614178,33.34345403419186
30.42742709932662,35.13283419876826
29.89724038389658,34.66892082276697
29.367053668466532,35.596747574769545
28.43922691646396,36.98848770277341
29.300780329037778,36.524574326772125
29.764693705039065,37.4524010787747
29.764693705039065,35.86184093248457
29.101960310751508,35.33165421705452
28.83686695303649,34.80146750162448
28.306680237606443,34.006187428479414
27.643946843318894,33.47600071304937
27.180033467317607,32.81326731876182
26.716120091316313,32.34935394276053
25.78829333931374,33.54227405247813
25.390653302741207,33.07836067647684
24.72791990845365,34.006187428479414
25.58947332102747,35.13283419876826
24.72791990845365,34.536374143909455
24.19773319302361,36.126934290199586
23.667546477593568,35.596747574769545
23.13735976216352,36.59084766620087
22.673446386162233,36.39202764791461
22.209533010160946,35.92811427191332
21.679346294730898,36.2594809690571
19.691146111868235,35.86184093248457
18.674954907293987,35.33165421705452
18.100585965578105,34.80146750162448
18.89586603872317,35.39792755648328
18.36567932329313,35.86184093248457
17.835492607863088,35.464200895912036
17.17275921357553,36.657121005629634
16.907665855860508,37.717494436489716
16.377479140430466,37.4524010787747
15.979839103857934,36.92221436334465
14.919465672997845,36.39202764791461
14.256732278710288,35.99438761134208
13.726545563280247,34.27128078619444
15.493834614713727,33.74109407076439
14.919465672997845,33.21090735533435
14.389278957567804,32.68072063990431
13.859092242137756,32.283080603331776
15.71474574614291,33.54227405247813
15.582199067285401,33.07836067647684
15.317105709570377,34.66892082276697
14.919465672997845,34.006187428479414
14.521825636425312,35.33165421705452
14.12418559985278,32.945813997619325
13.593998884422739,32.415627282189284
13.06381216899269,31.885440566759243
12.53362545356265,31.48780053018671
12.003438738132608,30.825067135899154
11.539525362131315,30.22860708104035
11.075611986130028,32.81326731876182
9.88269187641243,32.15053392447426
9.418778500411143,32.54817396104679
10.94306530727252,31.090160493614178
10.346605252413717,30.55997377818413
10.94306530727252,29.234506989609024
10.280331912984963,28.83686695303649
9.485051839839898,29.300780329037778
9.219958482124873,29.764693705039065
8.689771766694832,31.156433833042932
8.159585051264791,30.55997377818413
7.894491693549767,30.162333741611597
8.822318445552341,32.01798724561675
8.358405069551054,31.554073869615465
8.159585051264791,31.355253851329195
7.894491693549767,30.957613814756662
,30.55997377818413
,30.096060402182843
,29.632147026181556
,29.234506989609024
,28.43922691646396
,28.041586879891426
,27.180033467317607
,27.643946843318894
,28.770593613607737
,28.704320274178976
,28.041586879891426
,27.37885348560387
,26.84866677017383
,26.716120091316313
,26.053386697028763
,25.65574666045623
,24.72791990845365
,24.0651865141661
,23.800093156451076
,23.269906441021035
,22.739719725590987
,24.330279871881118
,23.667546477593568
,23.13735976216352
,25.125559945026183
,24.993013266168674
,24.462826550738633
,23.667546477593568
,23.269906441021035
,22.872266404448496
,22.07698633130343
,21.679346294730898
,20.751519542728325
,20.221332827298284
,19.691146111868235
,19.160959396438194
,18.630772681008153
,18.23313264443562
,17.570399250148064
,17.040212534718023
,16.377479140430466
,15.91356576442918
,16.64257249814549
,16.510025819287975
,16.046112443286688
,15.449652388427886
,14.919465672997845
,14.521825636425312
,15.317105709570377
,15.052012351855353
,14.65437231528282
,14.256732278710288
,13.859092242137756
,13.196358847850206
,12.599898792991404
,13.06381216899269
,12.666172132420158
,13.991638920995271
,13.461452205565223
,14.455552296996558
,13.859092242137756
,13.328905526707715
,12.931265490135182
,12.53362545356265
,12.135985416990117
,11.738345380417584
,10.94306530727252
,10.545425270699987
,9.617598518697413
,9.087411803267365
,8.557225087837324
,8.027038372407276
,7.894491693549767
,7.761945014692259
,7.231758299262211
,6.834118262689678
,6.436478226117146
,5.972564850115859
,6.436478226117146
,6.038838189544613
