Y(hoy),Y(ayer)
12.401078774705141,8.954865124409856
12.931265490135182,9.02113846383861
13.593998884422739,9.948965215841184
14.256732278710288,9.485051839839898
14.521825636425312,10.015238555269946
14.389278957567804,9.396687387268223
13.925365581566517,9.750145197554922
13.527725544993984,9.15368514269612
14.168367826138613,8.623498427266078
14.389278957567804,8.027038372407276
13.726545563280247,7.894491693549767
13.06381216899269,7.894491693549767
12.53362545356265,7.496851656977235
12.268532095847625,7.032938280975948
11.605798701560076,6.767844923260924
11.009338646701273,6.237658207830883
10.412878591842478,5.773744831829596
10.0815118946987,5.773744831829596
10.147785234127454,5.6411981529720805
9.617598518697413,5.1110114375420395
8.954865124409856,4.713371400969507
8.358405069551054,4.647098061540753
7.960765032978522,4.315731364396974
7.828218354121013,3.7855446489669333
7.629398335834743,3.6529979701094177
7.364304978119726,4.315731364396974
6.966664941547194,3.6529979701094177
6.70157158383217,3.5204512912519093
6.038838189544613,3.1228112546793767
5.3761047952570635,2.5263511998205814
4.845918079827015,2.5263511998205814
4.580824722111998,3.1228112546793767
4.647098061540753,2.990264575821868
4.580824722111998,2.5263511998205814
4.139002459253625,2.3275311815343116
4.05063800668195,2.3275311815343116
3.6529979701094177,1.929891144961772
4.580824722111998,1.3334310901029767
4.05063800668195,1.2671577506742295
3.6529979701094177,1.2671577506742295
4.315731364396974,1.2671577506742295
4.315731364396974,1.2671577506742295
3.6529979701094177,1.2671577506742295
3.5204512912519093,1.2671577506742295
3.5204512912519093,1.2671577506742295
3.3879046123944008,1.0020643929591984
3.1228112546793767,0.42769545124332353
2.5926245392493286,0.8695177141016899
2.46007786039182,1.2671577506742295
2.46007786039182,0.8695177141016899
2.46007786039182,0.4056043381004031
2.46007786039182,0.20678431981413326
2.46007786039182,0.20678431981413326
2.46007786039182,0.20678431981413326
2.46007786039182,0.20678431981413326
2.1287111632480418,0.20678431981413326
1.5322511083892465,0.20678431981413326
1.2671577506742295,1.0020643929591984
1.2671577506742295,0.47187767752916443
1.2671577506742295,0.6044243563866729
1.2671577506742295,0.20678431981413326
1.2671577506742295,0.20678431981413326
1.2671577506742295,0.20678431981413326
1.2671577506742295,0.20678431981413326
1.2671577506742295,0.20678431981413326
1.2671577506742295,0.20678431981413326
1.2008844112454682,0.20678431981413326
0.6927888089583405,0.20678431981413326
0.9136999403875308,0.33933099867164174
0.47187767752916443,1.0683377323879597
1.1346110718167068,0.33933099867164174
1.1346110718167068,0.7369710352441814
0.5381510169579116,1.2671577506742295
0.5381510169579116,1.2671577506742295
1.2008844112454682,1.2671577506742295
0.7369710352441814,1.2671577506742295
1.2671577506742295,1.2671577506742295
1.2008844112454682,1.2671577506742295
1.1346110718167068,1.3334310901029767
0.2730576592428946,1.929891144961772
1.2008844112454682,2.3275311815343116
0.6486065826724996,2.3938045209630587
0.20678431981413326,2.990264575821868
1.0020643929591984,2.5926245392493286
0.9357910535304512,3.454177951823155
0.4056043381004031,3.5204512912519093
0.38351322495748263,4.183184685539466
0.9357910535304512,3.6529979701094177
0.9357910535304512,4.315731364396974
0.42769545124332353,3.8518179883956876
1.1346110718167068,3.5204512912519093
0.6044243563866729,3.5204512912519093
1.2671577506742295,3.5204512912519093
1.4659777689604852,3.7855446489669333
1.9961644843905333,4.448278043254483
2.46007786039182,4.713371400969507
2.46007786039182,5.177284776970794
2.46007786039182,5.508651474114572
2.46007786039182,4.91219141925577
2.46007786039182,5.508651474114572
2.46007786039182,4.978464758684531
2.46007786039182,5.773744831829596
2.46007786039182,5.773744831829596
2.46007786039182,5.773744831829596
2.990264575821868,5.773744831829596
2.46007786039182,5.773744831829596
3.5204512912519093,6.171384868402129
3.5204512912519093,6.767844923260924
3.5204512912519093,6.966664941547194
3.5204512912519093,7.496851656977235
2.990264575821868,7.894491693549767
2.46007786039182,7.960765032978522
2.5926245392493286,8.623498427266078
3.299540159822719,8.159585051264791
3.5204512912519093,9.087411803267365
3.5867246306806635,9.948965215841184
4.1169113461107045,9.485051839839898
4.580824722111998,10.147785234127454
4.580824722111998,10.280331912984963
4.580824722111998,10.677971949557495
4.580824722111998,11.208158664987543
4.580824722111998,11.340705343845052
4.647098061540753,11.870892059275093
5.1110114375420395,11.340705343845052
5.6411981529720805,12.401078774705141
5.773744831829596,12.401078774705141
5.773744831829596,12.401078774705141
5.773744831829596,12.864992150706428
5.773744831829596,13.395178866136469
5.84001817125835,13.461452205565223
6.569024904974661,13.593998884422739
6.038838189544613,14.455552296996558
6.834118262689678,13.991638920995271
6.834118262689678,14.919465672997845
6.834118262689678,15.449652388427886
6.9003916021184395,16.377479140430466
7.298031638690972,15.847292425000418
6.834118262689678,16.244932461572958
7.761945014692259,15.781019085571664
7.894491693549767,15.250832370141623
7.894491693549767,14.85319233356909
7.894491693549767,15.515925727856647
7.894491693549767,15.052012351855353
8.071220598693117,15.582199067285401
8.866500671838182,15.979839103857934
8.2921317301223,16.510025819287975
9.087411803267365,16.024021330143768
9.683871858126167,16.64257249814549
10.147785234127454,16.775119177003
10.147785234127454,17.040212534718023
10.677971949557495,17.570399250148064
10.147785234127454,17.084394761003857
11.208158664987543,17.901765947291842
11.47325202270256,17.437852571290556
11.075611986130028,17.968039286720597
12.047620964418442,17.968039286720597
12.33480543527638,18.36567932329313
12.268532095847625,19.22723273586695
11.738345380417584,18.763319359865662
11.406978683273806,19.691146111868235
12.003438738132608,20.088786148440768
12.666172132420158,20.088786148440768
13.328905526707715,20.088786148440768
12.997538829563936,20.15505948786953
12.53362545356265,21.01661290044335
12.53362545356265,20.618972863870816
13.107994395278524,20.4864261850133
13.638181110708572,20.088786148440768
14.389278957567804,21.082886239872103
13.859092242137756,21.149159579300857
14.521825636425312,21.149159579300857
14.521825636425312,21.856075199874248
14.455552296996558,21.41425293701588
14.389278957567804,21.811892973588414
13.925365581566517,21.281706258158366
13.527725544993984,20.618972863870816
14.168367826138613,20.088786148440768
14.521825636425312,20.552699524442062
14.698554541568662,20.088786148440768
15.582199067285401,21.082886239872103
15.052012351855353,21.149159579300857
15.582199067285401,20.751519542728325
15.317105709570377,20.287606166727038
14.786918994140336,20.884066221585833
14.588098975854066,20.4864261850133
14.521825636425312,20.088786148440768
14.786918994140336,20.088786148440768
15.449652388427886,20.088786148440768
14.85319233356909,20.088786148440768
15.449652388427886,20.088786148440768
14.256732278710288,20.088786148440768
13.726545563280247,19.95623946958326
13.461452205565223,19.42605275415322
14.389278957567804,19.028412717580686
13.859092242137756,19.42605275415322
14.389278957567804,19.82369279072575
13.726545563280247,19.160959396438194
13.461452205565223,18.763319359865662
13.638181110708572,18.36567932329313
14.455552296996558,17.968039286720597
13.991638920995271,18.100585965578105
14.521825636425312,18.763319359865662
14.256732278710288,19.028412717580686
13.991638920995271,19.028412717580686
13.461452205565223,18.630772681008153
12.864992150706428,18.16685930500686
12.467352114133895,17.968039286720597
13.107994395278524,17.570399250148064
13.461452205565223,17.106485874146777
13.328905526707715,16.510025819287975
12.864992150706428,15.847292425000418
12.356896548419307,15.582199067285401
12.268532095847625,15.582199067285401
11.605798701560076,15.184559030712869
11.208158664987543,14.720645654711582
11.208158664987543,14.190458939281534
11.208158664987543,13.726545563280247
11.208158664987543,13.328905526707715
10.677971949557495,12.864992150706428
10.214058573556208,12.401078774705141
10.94306530727252,12.798718811277674
10.280331912984963,13.196358847850206
10.412878591842478,12.599898792991404
9.88269187641243,13.107994395278524
9.219958482124873,12.666172132420158
8.954865124409856,12.798718811277674
9.087411803267365,12.401078774705141
9.087411803267365,12.003438738132608
9.087411803267365,11.406978683273806
9.087411803267365,11.340705343845052
8.424678408979808,10.81051862841501
7.960765032978522,10.214058573556208
7.894491693549767,10.147785234127454
7.629398335834743,10.015238555269946
7.364304978119726,9.617598518697413
6.966664941547194,9.15368514269612
7.541033883263069,9.219958482124873
7.761945014692259,9.88269187641243
7.231758299262211,9.418778500411143
6.834118262689678,9.617598518697413
6.9003916021184395,10.0815118946987
7.298031638690972,9.88269187641243
6.834118262689678,9.396687387268223
7.828218354121013,9.750145197554922
7.894491693549767,9.286231821553635
7.828218354121013,10.015238555269946
7.761945014692259,9.485051839839898
7.298031638690972,10.015238555269946
6.9003916021184395,9.418778500411143
6.9003916021184395,8.954865124409856
7.231758299262211,8.954865124409856
6.834118262689678,8.954865124409856
7.828218354121013,8.954865124409856
8.358405069551054,9.352505160982389
8.822318445552341,10.015238555269946
8.2921317301223,10.147785234127454
7.960765032978522,10.147785234127454
7.894491693549767,10.147785234127454
7.894491693549767,10.412878591842478
7.894491693549767,10.94306530727252
7.894491693549767,10.280331912984963
7.894491693549767,10.147785234127454
7.894491693549767,10.147785234127454
7.894491693549767,10.81051862841501
7.960765032978522,10.280331912984963
8.358405069551054,11.340705343845052
7.894491693549767,12.047620964418442
8.954865124409856,11.605798701560076
9.087411803267365,11.738345380417584
9.087411803267365,11.340705343845052
9.087411803267365,11.340705343845052
9.617598518697413,11.47325202270256
9.087411803267365,12.135985416990117
10.147785234127454,12.401078774705141
10.147785234127454,12.401078774705141
10.147785234127454,12.401078774705141
10.147785234127454,12.401078774705141
10.191967460413288,12.401078774705141
11.075611986130028,12.798718811277674
10.412878591842478,13.395178866136469
11.208158664987543,13.726545563280247
11.208158664987543,14.12418559985278
11.208158664987543,14.985739012426599
10.677971949557495,14.521825636425312
10.214058573556208,15.515925727856647
11.208158664987543,15.71474574614291
10.677971949557495,16.57629915871673
10.280331912984963,16.112385782715442
11.782527606703418,17.040212534718023
12.135985416990117,17.570399250148064
12.53362545356265,17.106485874146777
13.130085508421452,16.64257249814549
13.461452205565223,15.979839103857934
13.925365581566517,16.244932461572958
14.521825636425312,17.17275921357553
15.184559030712869,17.702945929005573
15.052012351855353,18.36567932329313
14.65437231528282,18.962139378151925
15.493834614713727,19.028412717580686
14.919465672997845,19.028412717580686
15.71474574614291,19.42605275415322
15.582199067285401,19.82369279072575
15.317105709570377,19.160959396438194
14.919465672997845,19.028412717580686
15.449652388427886,19.028412717580686
14.919465672997845,18.630772681008153
16.775119177003,18.16685930500686
16.377479140430466,18.498226002150638
17.702945929005573,18.962139378151925
18.16685930500686,19.558599433010727
18.630772681008153,19.028412717580686
18.188950418149787,20.088786148440768
17.835492607863088,20.088786148440768
17.879674834148922,20.088786148440768
18.697046020436908,20.088786148440768
18.100585965578105,19.82369279072575
18.962139378151925,19.22723273586695
19.028412717580686,19.028412717580686
17.968039286720597,19.028412717580686
17.702945929005573,18.763319359865662
18.36567932329313,18.16685930500686
17.968039286720597,18.674954907293987
18.89586603872317,18.23313264443562
18.962139378151925,18.36567932329313
18.763319359865662,17.968039286720597
18.498226002150638,17.968039286720597
18.14476819186394,17.835492607863088
18.89586603872317,17.17275921357553
18.36567932329313,16.510025819287975
18.89586603872317,16.046112443286688
18.23313264443562,15.449652388427886
17.769219268434327,14.919465672997845
17.835492607863088,14.389278957567804
17.835492607863088,13.925365581566517
17.30530589243304,13.461452205565223
16.64257249814549,13.196358847850206
15.979839103857934,12.666172132420158
16.510025819287975,12.135985416990117
15.979839103857934,11.47325202270256
16.244932461572958,10.81051862841501
15.71474574614291,10.412878591842478
15.184559030712869,10.94306530727252
14.698554541568662,
15.449652388427886,
14.85319233356909,
15.449652388427886,
14.389278957567804,
13.859092242137756,
13.395178866136469,
13.328905526707715,
12.798718811277674,
12.401078774705141,
12.268532095847625,
11.340705343845052,
10.015238555269946,
