Y(hoy),Y(ayer)
-1.9802358813347922,-2.179055899621062
-2.0465092207635536,-2.5766959361935875
-1.913962541906045,-2.974335972766127
-1.9802358813347922,-2.8417892939086187
-2.0465092207635536,-2.3116025784785705
-2.0465092207635536,-2.179055899621062
-2.5766959361935875,-2.5766959361935875
-2.70924261505111,-2.974335972766127
-1.9802358813347922,-2.8417892939086187
-2.0465092207635536,-2.179055899621062
-2.5766959361935875,-1.913962541906045
-2.2674203521927296,-2.3116025784785705
-2.70924261505111,-2.8417892939086187
-2.974335972766127,-2.974335972766127
-2.5104225967648404,-2.377875917907332
-2.0465092207635536,-2.5766959361935875
-2.0465092207635536,-2.974335972766127
-1.9802358813347922,-2.8417892939086187
-1.913962541906045,-2.3116025784785705
-1.913962541906045,-2.974335972766127
-2.48833148362192,-2.974335972766127
-2.179055899621062,-2.3116025784785705
-2.642969275622349,-2.974335972766127
-2.642969275622349,-2.7755159544798573
-2.0465092207635536,-2.3116025784785705
-2.5766959361935875,-2.8417892939086187
-2.974335972766127,-2.974335972766127
-2.2674203521927296,-2.5766959361935875
-2.70924261505111,-1.9802358813347922
-2.5766959361935875,-2.444149257336079
-2.974335972766127,-2.974335972766127
-1.913962541906045,-2.444149257336079
-2.974335972766127,-2.70924261505111
-2.444149257336079,-2.5766959361935875
-2.974335972766127,-1.7814158630485224
-1.9802358813347922,-0.9861357899034573
-1.913962541906045,-0.8535891110459488
-1.383775826475997,-0.8535891110459488
-1.7814158630485224,-0.7210424321884403
-1.1849558081897271,0.07423764095662477
-1.7814158630485224,0.20678431981413326
-0.5884957533309318,0.67069769581542
-0.05830903790088371,1.1346110718167068
0.20678431981413326,0.6044243563866729
1.0020643929591984,0.20678431981413326
4.713371400969507,0.8695177141016899
6.569024904974661,1.2671577506742295
6.834118262689678,1.2671577506742295
7.231758299262211,1.7973444661042635
7.761945014692259,2.3275311815343116
8.027038372407276,2.5926245392493286
8.49095174840857,3.1228112546793767
6.038838189544613,3.918091327824442
5.773744831829596,4.448278043254483
5.84001817125835,4.448278043254483
6.70157158383217,3.918091327824442
6.105111528973374,3.918091327824442
5.773744831829596,4.448278043254483
6.303931547259637,4.713371400969507
6.436478226117146,5.3761047952570635
5.972564850115859,6.038838189544613
5.508651474114572,6.70157158383217
5.1110114375420395,6.834118262689678
4.647098061540753,7.496851656977235
4.845918079827015,8.027038372407276
4.448278043254483,8.888591784981102
5.243558116399548,8.424678408979808
4.1169113461107045,8.954865124409856
3.5867246306806635,8.954865124409856
4.05063800668195,8.424678408979808
4.580824722111998,7.894491693549767
5.773744831829596,7.231758299262211
4.845918079827015,6.569024904974661
4.382004703825729,5.906291510687105
3.6529979701094177,5.84001817125835
3.3879046123944008,6.436478226117146
3.829726875252767,6.038838189544613
3.3879046123944008,6.834118262689678
4.183184685539466,6.569024904974661
4.647098061540753,5.84001817125835
4.580824722111998,5.906291510687105
4.713371400969507,6.436478226117146
4.647098061540753,6.834118262689678
4.713371400969507,6.767844923260924
4.647098061540753,6.436478226117146
4.978464758684531,5.906291510687105
5.420287021542897,5.773744831829596
4.669189174683673,6.237658207830883
4.448278043254483,6.569024904974661
4.978464758684531,5.972564850115859
5.420287021542897,5.1110114375420395
5.707471492400835,4.713371400969507
5.773744831829596,4.713371400969507
5.773744831829596,5.243558116399548
5.199375890113714,5.3761047952570635
5.6411981529720805,4.91219141925577
5.773744831829596,4.713371400969507
5.773744831829596,5.3761047952570635
5.773744831829596,4.845918079827015
5.508651474114572,4.713371400969507
5.773744831829596,4.183184685539466
6.171384868402129,3.5867246306806635
6.70157158383217,3.6529979701094177
6.966664941547194,4.183184685539466
7.541033883263069,3.918091327824442
7.761945014692259,3.6529979701094177
7.099211620404702,4.315731364396974
6.834118262689678,3.829726875252767
7.1654849598334565,4.448278043254483
7.761945014692259,4.713371400969507
7.231758299262211,5.243558116399548
7.496851656977235,5.6411981529720805
7.032938280975948,5.1110114375420395
7.761945014692259,4.713371400969507
7.231758299262211,4.713371400969507
9.087411803267365,4.713371400969507
8.557225087837324,5.243558116399548
11.208158664987543,4.713371400969507
10.677971949557495,5.243558116399548
9.750145197554922,4.713371400969507
10.214058573556208,4.978464758684531
8.954865124409856,5.508651474114572
10.147785234127454,4.91219141925577
9.485051839839898,5.508651474114572
8.623498427266078,5.1110114375420395
8.027038372407276,4.713371400969507
8.557225087837324,4.845918079827015
9.15368514269612,5.3761047952570635
8.756045106123587,5.773744831829596
8.225858390693546,5.773744831829596
8.159585051264791,4.91219141925577
8.689771766694832,5.6411981529720805
9.88269187641243,5.773744831829596
9.286231821553635,5.773744831829596
9.087411803267365,5.773744831829596
7.894491693549767,5.906291510687105
7.894491693549767,6.569024904974661
6.966664941547194,6.436478226117146
6.436478226117146,5.972564850115859
6.038838189544613,6.436478226117146
3.0565379152506154,6.834118262689678
2.46007786039182,6.834118262689678
3.3879046123944008,6.834118262689678
2.990264575821868,6.834118262689678
2.8577178969643597,7.364304978119726
2.5263511998205814,7.894491693549767
2.46007786039182,8.2921317301223
2.46007786039182,9.617598518697413
2.5926245392493286,9.087411803267365
1.7973444661042635,10.015238555269946
1.399704429531738,9.88269187641243
2.3275311815343116,9.352505160982389
1.7973444661042635,10.015238555269946
1.9740733712476128,9.617598518697413
1.5322511083892465,8.954865124409856
2.46007786039182,8.954865124409856
2.1287111632480418,8.557225087837324
1.5985244478179936,8.093311711836037
1.2671577506742295,7.761945014692259
1.2671577506742295,7.099211620404702
1.2671577506742295,7.894491693549767
0.20678431981413326,8.689771766694832
0.67069769581542,8.027038372407276
1.1346110718167068,7.894491693549767
1.3334310901029767,6.966664941547194
1.664797787246755,6.436478226117146
2.194984502676803,5.84001817125835
1.7531622398184368,5.508651474114572
1.5322511083892465,4.845918079827015
1.5985244478179936,4.448278043254483
2.194984502676803,4.05063800668195
1.7973444661042635,3.3879046123944008
1.929891144961772,2.46007786039182
1.5322511083892465,2.3275311815343116
1.2008844112454682,1.929891144961772
0.6044243563866729,1.3334310901029767
0.20678431981413326,1.2671577506742295
1.2671577506742295,1.7973444661042635
1.664797787246755,2.3275311815343116
2.0624378238192946,1.7973444661042635
2.0624378238192946,1.3334310901029767
1.7973444661042635,1.2671577506742295
1.2671577506742295,1.2671577506742295
0.47187767752916443,1.2671577506742295
0.5381510169579116,1.2671577506742295
1.1346110718167068,1.2671577506742295
0.6044243563866729,1.1346110718167068
0.33933099867164174,0.6044243563866729
0.8032443746729285,0.20678431981413326
1.2671577506742295,1.1346110718167068
0.20678431981413326,1.0020643929591984
0.20678431981413326,0.4056043381004031
0.20678431981413326,0.8695177141016899
-0.12458237732964506,1.2671577506742295
-0.1908557167583922,1.2671577506742295
-0.7210424321884403,1.2671577506742295
-0.8535891110459488,1.2671577506742295
-0.8535891110459488,1.2671577506742295
-0.8535891110459488,1.2671577506742295
,0.6044243563866729
,0.20678431981413326
,0.2730576592428946
,1.0020643929591984
,0.47187767752916443
,0.6044243563866729
,0.20678431981413326
,0.8695177141016899
,1.2671577506742295
,1.2671577506742295
,1.2671577506742295
,1.2671577506742295
,1.2671577506742295
,1.2671577506742295
,1.2671577506742295
,0.8695177141016899
,0.33933099867164174
,0.7369710352441814
,1.1346110718167068
,0.67069769581542
,0.20678431981413326
,1.929891144961772
,1.399704429531738
,1.0020643929591984
,2.3275311815343116
,1.929891144961772
,1.5322511083892465
,1.929891144961772
,2.3275311815343116
,1.664797787246755
,1.2671577506742295
,1.2671577506742295
,1.2671577506742295
,0.6044243563866729
,0.20678431981413326
,0.20678431981413326
,0.20678431981413326
,0.2730576592428946
,1.2008844112454682
,1.2671577506742295
,0.7369710352441814
,0.20678431981413326
,0.20678431981413326
,0.20678431981413326
,0.07423764095662477
,-0.45594907447342337
,-0.8535891110459488
,-0.7873157716172017
,-0.45594907447342337
,0.14051098038538612
,0.20678431981413326
,0.20678431981413326
,0.20678431981413326
,0.20678431981413326
,0.20678431981413326
,-0.1908557167583922
,-0.7210424321884403
,-0.8535891110459488
,-0.8535891110459488
,-1.2512291476184885
,-1.8476892024772837
,-1.913962541906045
,-1.5163225053335054
