Y(hoy),Y(ayer)
7.183742474166337,6.102092569910461
7.604384103599173,6.042000908562912
8.02502573303201,5.6213592791300755
8.02502573303201,5.200717649697239
7.424109119556526,4.960351004307043
7.183742474166337,4.4796177135266575
6.703009183385944,3.998884422746272
6.16218423125801,3.698426116008534
6.102092569910461,3.2777844865756904
5.501175956434977,3.0975095025330504
5.080534327002141,3.0975095025330504
5.020442665654592,3.0975095025330504
4.780076020264403,2.857142857142854
4.29934272948401,2.496592889057567
4.058976084093821,2.1360429209722724
3.938792761398723,2.1360429209722724
3.4580594706183376,2.1360429209722724
3.3378761479232395,2.1360429209722724
3.0374178411855013,1.655309630191887
2.556684550405109,1.1745763394115016
2.3764095663624687,1.655309630191887
2.1360429209722724,1.4149429848016908
2.1360429209722724,1.1745763394115016
2.1360429209722724,1.1745763394115016
2.1360429209722724,1.655309630191887
2.1360429209722724,1.4149429848016908
2.1360429209722724,1.1745763394115016
2.1360429209722724,1.1745763394115016
2.0759512596247234,1.655309630191887
2.0158595982771743,1.4149429848016908
1.4750346461492398,1.1745763394115016
0.9342096940213054,1.595217968844338
1.2346680007590507,2.0158595982771743
2.0759512596247234,1.655309630191887
1.655309630191887,1.4149429848016908
2.3764095663624687,2.1360429209722724
3.0374178411855013,2.1360429209722724
3.498120578183368,2.1360429209722724
5.260809311044788,2.1360429209722724
5.6213592791300755,2.2562262436673706
5.98190924721537,3.698426116008534
5.6213592791300755,4.058976084093821
5.260809311044788,4.29934272948401
7.00346749012369,4.900259342959494
7.604384103599173,5.020442665654592
8.02502573303201,5.260809311044788
8.625942346507493,5.741542601825174
9.82777557345846,6.462642537995755
15.957125030908387,6.943375828776141
15.476391740128001,7.784659087641813
18.12042483942013,7.424109119556526
17.639691548639746,8.265392378422206
17.158958257859354,8.625942346507493
16.678224967078968,9.347042282678075
18.601158130200517,9.947958896153558
18.961708098285804,11.149792123104525
19.44244138906619,10.789242155019231
20.043358002541673,12.111258704665296
20.644274616017157,13.313091931616263
26.533257428076894,12.952541963530976
26.05252413729651,14.51492515856723
25.69197416921122,15.476391740128001
28.51628225254599,15.115841772042714
27.975457300418057,17.39932490324955
27.49472400963767,16.918591612469164
27.01399071885728,16.43785832168878
29.417657172759213,16.077308353603485
28.936923881978828,18.841524775590706
31.340590335880762,18.36079148481032
30.859857045100377,17.880058194029935
30.499307077015082,19.562624711761288
33.3837068216974,20.28372464793187
32.782790208221925,19.923174679846582
32.30205691744153,20.644274616017157
34.58554004864837,21.125007906797542
33.98462343517289,21.125007906797542
35.18645666212386,22.447024456443607
36.869023179855205,21.966291165663222
36.38828988907482,24.369957619565156
38.31122305219637,23.88922432878477
37.830489761415976,27.49472400963767
39.513056279147335,27.01399071885728
39.03232298836694,26.533257428076894
41.19562279687869,26.05252413729651
40.7148895060983,25.69197416921122
45.281855768511974,28.69655723658863
43.59928925078062,28.215823945808246
43.118555960000236,27.85527397772296
46.063047366030105,29.8983904635396
45.64240573659727,29.417657172759213
45.281855768511974,32.30205691744153
44.92130580042668,31.821323626661147
42.03690605574437,31.340590335880762
41.556172764963975,30.859857045100377
41.19562279687869,30.499307077015082
41.23568390444372,33.98462343517289
41.67635608765907,33.5038901443925
42.27727270113456,33.023156853612115
43.238739282695335,32.66260688552683
43.71947257347571,34.70572337134347
44.3203891869512,34.34517340325817
44.80112247773158,35.66718995290424
44.08002254156101,35.18645666212386
44.80112247773158,37.59012311602579
43.358922605390426,37.1093898252454
42.87818931461004,36.628656534465016
42.457547685177204,36.26810656637973
41.67635608765907,38.79195634297675
41.19562279687869,38.31122305219637
40.7148895060983,37.950673084111074
40.27421732288295,39.75342292453753
41.91672273304927,39.27268963375714
41.31580611957378,41.67635608765907
40.9552561514885,41.19562279687869
41.91672273304927,40.7148895060983
41.43598944226888,43.83965589617081
40.9552561514885,43.358922605390426
40.474522860708106,42.87818931461004
39.87360624723262,44.4405725096463
39.63323960184243,44.92130580042668
39.15250631106204,45.64240573659727
38.611681358934106,45.88277238198746
38.07085640680617,45.40203909120707
37.469939793330695,44.80112247773158
36.92911484120276,43.59928925078062
36.38828988907482,42.75800599191494
35.907556598294434,42.27727270113456
35.42682330751405,42.157089378439466
35.06627333942876,42.157089378439466
36.14792324368463,41.79653941035417
37.1093898252454,41.31580611957378
36.628656534465016,41.43598944226888
36.02773992098953,42.637822669219844
35.787373275599336,42.99837263730514
35.30663998481895,42.457547685177204
35.06627333942876,41.97681439439681
35.06627333942876,41.43598944226888
34.825906694038565,40.8350728287934
34.34517340325817,40.23415621531791
34.10480675786798,39.75342292453753
33.6240734670876,39.33278129510469
33.20343183765476,39.27268963375714
33.78431789734773,39.87360624723262
33.98462343517289,39.75342292453753
33.3837068216974,39.39287295645224
33.14334017630721,39.03232298836694
33.14334017630721,38.551589697586564
33.263523499002304,38.13094806815372
33.864440112477794,37.710306438720885
34.10480675786798,37.3497564706356
33.98462343517289,36.92911484120276
33.56398180574005,36.38828988907482
33.023156853612115,35.787373275599336
32.54242356283173,35.18645666212386
32.181873594746435,34.825906694038565
33.023156853612115,34.40526506460573
32.54242356283173,34.94609001673366
32.181873594746435,34.52544838730083
33.98462343517289,33.864440112477794
33.5038901443925,33.20343183765476
34.94609001673366,33.14334017630721
34.46535672595327,33.023156853612115
33.98462343517289,32.54242356283173
33.3837068216974,32.12178193339889
33.14334017630721,31.58095698127095
33.14334017630721,31.220407013185664
33.30358460656734,31.340590335880762
34.46535672595327,31.861384734226178
33.98462343517289,31.58095698127095
34.94609001673366,31.220407013185664
34.46535672595327,31.220407013185664
34.10480675786798,31.861384734226178
35.06627333942876,31.46077365857586
34.46535672595327,31.58095698127095
35.06627333942876,31.220407013185664
34.825906694038565,31.160315351838115
34.46535672595327,30.859857045100377
34.16489841921553,30.439215415667533
34.16489841921553,30.980040367795475
34.52544838730083,30.499307077015082
34.10480675786798,31.220407013185664
35.06627333942876,31.70114030396605
35.30663998481895,32.24196525609399
35.907556598294434,32.782790208221925
35.3667316461665,32.42224024013663
34.94609001673366,33.14334017630721
34.46535672595327,32.66260688552683
33.924531773825336,32.181873594746435
34.46535672595327,32.54242356283173
33.5038901443925,33.083248514959664
34.94609001673366,33.14334017630721
34.10480675786798,33.14334017630721
34.46535672595327,32.782790208221925
34.986151124298694,32.24196525609399
34.46535672595327,32.30205691744153
35.18645666212386,32.82285131578695
35.18645666212386,32.54242356283173
35.42682330751405,32.181873594746435
35.06627333942876,33.32361516034986
36.02773992098953,32.902973530917016
36.14792324368463,33.864440112477794
36.26810656637973,33.98462343517289
36.869023179855205,33.263523499002304
37.469939793330695,33.32361516034986
38.07085640680617,33.864440112477794
37.59012311602579,33.6240734670876
38.431406374891466,33.263523499002304
37.830489761415976,33.98462343517289
39.513056279147335,33.6240734670876
39.0924146497145,33.263523499002304
40.474522860708106,32.66260688552683
39.99378956992772,32.30205691744153
40.9552561514885,33.864440112477794
40.35433953801301,33.263523499002304
39.75342292453753,32.782790208221925
39.452964617799786,34.10480675786798
40.11397289262282,34.28508174191063
39.63323960184243,34.825906694038565
41.31580611957378,35.06627333942876
46.00295570468255,35.4869149688616
47.9258888678041,35.907556598294434
47.44515557702371,36.869023179855205
48.166255513194294,36.38828988907482
47.56533889971881,37.830489761415976
46.96442228624333,37.3497564706356
46.36350567276784,38.611681358934106
45.82268072063991,39.03232298836694
45.40203909120707,38.551589697586564
46.00295570468255,37.950673084111074
45.40203909120707,37.469939793330695
44.68093915503649,38.79195634297675
44.200205864256105,38.31122305219637
43.479105928085524,37.950673084111074
42.21718103978701,38.551589697586564
42.637822669219844,38.19103972950127
43.59928925078062,39.75342292453753
43.118555960000236,39.27268963375714
42.27727270113456,38.91213966567185
44.140114202908556,42.157089378439466
43.358922605390426,41.67635608765907
42.637822669219844,41.19562279687869
42.157089378439466,44.56075583234139
41.556172764963975,43.95983921886591
37.59012311602579,46.243322350072745
37.2295731479405,45.88277238198746
36.628656534465016,46.96442228624333
37.1093898252454,46.54378065681048
36.628656534465016,46.12313902737765
36.38828988907482,45.76258905929236
35.787373275599336,45.34194742985952
35.18645666212386,45.281855768511974
34.58554004864837,45.82268072063991
33.263523499002304,45.281855768511974
32.782790208221925,44.86121413907914
32.181873594746435,44.4405725096463
31.46077365857586,44.08002254156101
30.980040367795475,43.479105928085524
30.258940431624893,42.99837263730514
30.980040367795475,42.397456023829655
30.499307077015082,41.556172764963975
31.220407013185664,41.67635608765907
31.100223690490566,41.31580611957378
31.100223690490566,42.6979143305674
30.61949039971018,42.157089378439466
30.258940431624893,43.59928925078062
31.100223690490566,43.118555960000236
30.61949039971018,43.95983921886591
30.258940431624893,43.479105928085524
31.6410486426185,42.87818931461004
32.181873594746435,42.397456023829655
32.82285131578695,41.91672273304927
33.023156853612115,41.43598944226888
32.42224024013663,40.23415621531791
32.06169027205134,39.27268963375714
31.6410486426185,38.91213966567185
31.220407013185664,37.59012311602579
31.6410486426185,37.1093898252454
32.06169027205134,36.628656534465016
32.782790208221925,36.26810656637973
32.30205691744153,35.96764825964198
33.98462343517289,35.54700663020914
33.5038901443925,35.18645666212386
33.98462343517289,34.70572337134347
33.56398180574005,33.5038901443925
33.20343183765476,33.023156853612115
33.20343183765476,32.60251522417927
33.56398180574005,31.941506949356246
33.14334017630721,31.340590335880762
34.044715096520434,30.37912375431999
33.98462343517289,30.018573786234697
33.5038901443925,30.439215415667533
33.14334017630721,30.859857045100377
33.98462343517289,30.37912375431999
35.06627333942876,29.958482124887148
34.46535672595327,29.417657172759213
35.66718995290424,28.81674055928373
36.14792324368463,28.215823945808246
36.18798435124966,29.69808492571444
37.1093898252454,29.177290527369024
36.74883985716011,28.69655723658863
36.02773992098953,29.65802381814941
35.66718995290424,29.297473850064115
35.06627333942876,30.138757108929795
36.14792324368463,31.160315351838115
35.787373275599336,30.61949039971018
36.20801490503217,31.6410486426185
37.830489761415976,31.941506949356246
37.3497564706356,31.46077365857586
36.869023179855205,31.100223690490566
36.50847321176992,30.61949039971018
39.03232298836694,30.198848770277344
38.551589697586564,29.778207140844508
37.950673084111074,29.457718280324244
37.710306438720885,30.198848770277344
37.3497564706356,29.778207140844508
36.92911484120276,30.61949039971018
36.38828988907482,31.6410486426185
36.087831582337074,31.100223690490566
36.628656534465016,32.54242356283173
36.14792324368463,32.12178193339889
37.1093898252454,33.023156853612115
36.628656534465016,32.06169027205134
36.26810656637973,31.58095698127095
36.90908428742024,31.220407013185664
37.2295731479405,31.220407013185664
36.74883985716011,31.40068199722831
36.14792324368463,31.821323626661147
36.869023179855205,32.30205691744153
36.38828988907482,33.083248514959664
36.869023179855205,32.66260688552683
36.26810656637973,33.5038901443925
36.14792324368463,33.864440112477794
35.54700663020914,33.32361516034986
35.1263650007763,32.84288186956947
35.06627333942876,32.30205691744153
34.58554004864837,32.84288186956947
34.34517340325817,33.744256789782696
33.98462343517289,33.263523499002304
33.3837068216974,34.16489841921553
33.14334017630721,35.54700663020914
35.18645666212386,34.94609001673366
34.70572337134347,34.46535672595327
36.42835099663985,36.628656534465016
35.907556598294434,36.14792324368463
37.1093898252454,37.59012311602579
36.50847321176992,37.1093898252454
36.14792324368463,38.07085640680617
36.14792324368463,37.469939793330695
35.54700663020914,36.869023179855205
35.30663998481895,36.50847321176992
34.94609001673366,35.907556598294434
34.22499008056308,35.18645666212386
33.6240734670876,35.06627333942876
33.20343183765476,35.54700663020914
33.3837068216974,36.14792324368463
33.98462343517289,36.02773992098953
33.56398180574005,35.66718995290424
33.98462343517289,35.2465483234714
33.083248514959664,34.70572337134347
32.60251522417927,34.28508174191063
32.06169027205134,33.744256789782696
31.46077365857586,33.263523499002304
30.919948706447926,35.006181678081205
30.37912375431999,34.46535672595327
29.778207140844508,34.10480675786798
29.177290527369024,35.2465483234714
29.65802381814941,35.66718995290424
30.018573786234697,36.14792324368463
29.477748834106762,36.628656534465016
29.117198866021475,35.66718995290424
29.057107204673926,35.06627333942876
28.81674055928373,34.52544838730083
28.336007268503344,34.10480675786798
28.095640623113148,34.22499008056308
27.614907332332763,34.94609001673366
27.01399071885728,34.58554004864837
26.533257428076894,34.46535672595327
26.05252413729651,34.10480675786798
25.631882507863672,33.744256789782696
25.151149217083287,33.32361516034986
25.091057555735738,32.66260688552683
24.490140942260254,32.06169027205134
24.00940765147987,31.46077365857586
23.408491038004385,33.5038901443925
22.8075744245289,33.023156853612115
22.32684113374851,32.54242356283173
21.966291165663222,34.70572337134347
21.485557874882836,34.22499008056308
21.00482458410245,35.907556598294434
20.524091293322066,35.42682330751405
20.043358002541673,34.825906694038565
19.44244138906619,34.22499008056308
18.841524775590706,34.70572337134347
18.541066468852968,33.98462343517289
19.081891420980902,33.5038901443925
18.601158130200517,33.023156853612115
19.562624711761288,32.54242356283173
20.043358002541673,32.06169027205134
19.562624711761288,31.58095698127095
18.961708098285804,31.220407013185664
18.48097480750542,31.941506949356246
17.880058194029935,31.58095698127095
17.27914158055445,31.160315351838115
17.038774935164263,30.859857045100377
16.55804164438387,30.37912375431999
16.077308353603485,29.958482124887148
15.356208417432903,29.477748834106762
15.115841772042714,29.057107204673926
15.115841772042714,28.69655723658863
14.995658449347616,28.275915607155795
14.394741835872132,27.85527397772296
14.154375190481943,27.49472400963767
13.793825222396649,27.134174041552377
13.313091931616263,27.49472400963767
12.832358640835878,27.85527397772296
12.351625350055492,27.314449025595025
12.051167043317747,26.893807396162188
12.111258704665296,26.533257428076894
12.111258704665296,26.05252413729651
,25.571790846516123
,25.151149217083287
,24.610324264955345
,24.249774296870058
,23.88922432878477
,23.468582699351927
,23.04794106991909
,22.687391101833803
,22.266749472400967
,21.786016181620575
,21.36537455218774
,21.00482458410245
,20.584182954669608
,20.16354132523677
,19.802991357151484
,19.3222580663711
,18.901616436938255
,18.36079148481032
,18.060333178072582
,17.759874871334837
,17.158958257859354
,16.738316628426517
,16.197491676298583
,15.776850046865746
,15.356208417432903
,14.995658449347616
,14.51492515856723
,14.094283529134394
,13.67364189970155
,13.253000270268714
,13.072725286226067
,12.591991995445682
,12.171350366012845
,11.69061707523246
,11.209883784452074
,10.969517139061878
,10.548875509629042
,10.128233880196198
