Y(hoy),Y(ayer)
9.347042282678075,8.385575701117297
9.767683912110911,8.98649231459278
10.308508864238846,9.106675637287879
10.90942547771433,9.106675637287879
10.488783848281493,9.106675637287879
10.90942547771433,9.106675637287879
10.128233880196198,9.106675637287879
12.391686457620523,9.106675637287879
11.8708920592751,8.625942346507493
11.390158768494715,8.145209055727108
11.029608800409427,7.784659087641813
13.55345857700646,7.364017458208977
13.072725286226067,7.183742474166337
14.274558513177034,7.183742474166337
14.875475126652518,7.183742474166337
14.995658449347616,7.063559151471239
14.51492515856723,6.582825860690853
14.034191867786845,6.16218423125801
13.55345857700646,6.102092569910461
13.072725286226067,5.921817585867821
12.65208365679323,5.501175956434977
11.991075381970198,5.080534327002141
11.750708736580009,5.020442665654592
11.390158768494715,5.020442665654592
10.789242155019231,5.080534327002141
10.548875509629042,5.020442665654592
10.188325541543747,5.020442665654592
9.707592250763362,5.020442665654592
9.286950621330526,4.659892697569305
8.746125669202591,4.11906774544137
8.145209055727108,4.058976084093821
7.604384103599173,3.938792761398723
6.462642537995755,3.5181511319658867
5.861725924520272,3.818609438703625
5.380992633739886,3.3378761479232395
5.080534327002141,3.998884422746272
5.14062598834969,3.4580594706183376
5.14062598834969,3.0975095025330504
4.840167681611952,3.0374178411855013
4.419526052179108,2.736959534447756
4.11906774544137,2.2562262436673706
4.058976084093821,2.1360429209722724
3.998884422746272,2.1360429209722724
3.938792761398723,2.1360429209722724
3.4580594706183376,2.1360429209722724
3.0975095025330504,2.1360429209722724
3.938792761398723,2.1360429209722724
3.4580594706183376,2.1360429209722724
4.058976084093821,2.1360429209722724
3.938792761398723,1.7754929528869852
3.4580594706183376,1.2947596621065998
3.0975095025330504,1.2947596621065998
3.0975095025330504,1.7754929528869852
3.0975095025330504,1.2947596621065998
2.9773261798379522,1.2947596621065998
2.3764095663624687,1.7754929528869852
2.1360429209722724,2.1360429209722724
2.1360429209722724,2.1360429209722724
2.1360429209722724,2.1360429209722724
2.1360429209722724,2.1360429209722724
1.8355846142345342,2.1360429209722724
1.7754929528869852,2.1360429209722724
1.2947596621065998,2.1360429209722724
0.9943013553688544,2.1360429209722724
1.0543930167164035,2.1360429209722724
1.0543930167164035,2.1360429209722724
1.0543930167164035,2.1360429209722724
1.0543930167164035,2.1360429209722724
1.0543930167164035,2.857142857142854
0.9342096940213054,2.3764095663624687
1.1144846780639526,3.0975095025330504
1.655309630191887,3.5782427933134358
1.8956762755820833,4.058976084093821
2.496592889057567,4.058976084093821
2.9773261798379522,4.058976084093821
3.0975095025330504,4.058976084093821
3.0975095025330504,4.058976084093821
3.0975095025330504,4.058976084093821
3.1576011638805923,4.4796177135266575
3.818609438703625,4.960351004307043
3.2176928252281414,5.020442665654592
4.058976084093821,5.200717649697239
4.29934272948401,5.6213592791300755
4.699953805134335,6.042000908562912
5.14062598834969,6.102092569910461
4.840167681611952,5.861725924520272
4.459587159744139,5.441084295087435
4.900259342959494,5.020442665654592
4.539709374874207,5.080534327002141
4.659892697569305,5.200717649697239
4.29934272948401,5.741542601825174
5.14062598834969,6.222275892605559
4.780076020264403,6.943375828776141
5.441084295087435,6.462642537995755
5.020442665654592,7.183742474166337
5.98190924721537,7.183742474166337
6.102092569910461,7.183742474166337
6.342459215300657,7.183742474166337
5.98190924721537,7.604384103599173
6.943375828776141,7.183742474166337
7.063559151471239,7.9048424103369115
7.063559151471239,7.364017458208977
7.063559151471239,7.243834135513879
7.063559151471239,7.784659087641813
7.063559151471239,7.343986904426458
7.103620259036269,8.085117394379559
7.844750748989362,8.145209055727108
7.303925796861428,8.565850685159944
8.385575701117297,8.145209055727108
8.98649231459278,8.86630899189769
8.565850685159944,8.325484039769755
8.205300717074657,8.86630899189769
8.265392378422206,8.385575701117297
8.80621733055014,9.106675637287879
9.347042282678075,9.527317266720715
9.947958896153558,10.008050557501107
10.068142218848656,10.068142218848656
10.068142218848656,9.707592250763362
10.068142218848656,9.286950621330526
10.068142218848656,9.707592250763362
10.128233880196198,10.068142218848656
10.729150493671682,10.128233880196198
10.188325541543747,10.66905883232414
11.149792123104525,10.308508864238846
11.450250429842264,11.029608800409427
11.029608800409427,11.029608800409427
11.991075381970198,11.089700461756976
12.111258704665296,11.63052541388491
12.351625350055492,11.269975445799616
11.991075381970198,12.051167043317747
12.952541963530976,12.111258704665296
13.072725286226067,12.111258704665296
13.072725286226067,12.111258704665296
13.072725286226067,12.231442027360394
13.433275254311361,12.952541963530976
12.952541963530976,12.471808672750583
14.034191867786845,13.192908608921165
13.55345857700646,13.192908608921165
13.192908608921165,13.313091931616263
13.613550238354001,13.793825222396649
14.034191867786845,14.154375190481943
14.394741835872132,14.154375190481943
14.995658449347616,14.154375190481943
15.115841772042714,14.154375190481943
15.236025094737812,14.57501681991478
15.836941708213295,15.055750110695165
16.077308353603485,15.115841772042714
16.197491676298583,15.236025094737812
16.718286074644,15.957125030908387
16.798408289774066,15.5965750628231
16.31767499899368,15.476391740128001
16.958652720034195,15.175933433390263
16.43785832168878,15.836941708213295
17.158958257859354,15.356208417432903
17.43938601081458,15.716758385518197
17.038774935164263,15.236025094737812
18.601158130200517,15.115841772042714
18.18051650076768,15.476391740128001
19.081891420980902,15.836941708213295
19.562624711761288,15.296116756085361
19.202074743676,15.115841772042714
20.043358002541673,15.115841772042714
20.28372464793187,15.115841772042714
20.804519046277285,14.875475126652518
21.00482458410245,14.334650174524583
20.704366277364706,14.995658449347616
20.3237857554969,14.635108481262328
21.00482458410245,14.214466851829485
20.644274616017157,14.334650174524583
21.125007906797542,14.875475126652518
21.125007906797542,14.51492515856723
21.18509956814509,14.154375190481943
21.765985627838056,14.154375190481943
21.24519122949264,14.154375190481943
21.966291165663222,14.154375190481943
21.966291165663222,13.914008545091747
21.36537455218774,13.373183592963812
21.125007906797542,13.253000270268714
21.125007906797542,13.793825222396649
21.125007906797542,13.433275254311361
21.125007906797542,13.55345857700646
21.125007906797542,13.192908608921165
21.06491624545,13.192908608921165
21.00482458410245,12.71217531814078
20.524091293322066,12.291533688707943
20.16354132523677,12.832358640835878
21.00482458410245,12.411717011403042
20.524091293322066,11.991075381970198
21.00482458410245,11.63052541388491
20.524091293322066,11.209883784452074
20.16354132523677,10.789242155019231
20.16354132523677,10.428692186933944
20.103449663889222,10.068142218848656
20.043358002541673,10.789242155019231
19.562624711761288,10.128233880196198
19.14198308232845,10.068142218848656
19.081891420980902,9.587408928068264
18.661249791548066,9.106675637287879
18.18051650076768,8.86630899189769
18.12042483942013,8.265392378422206
18.601158130200517,8.145209055727108
19.081891420980902,8.145209055727108
19.081891420980902,7.9048424103369115
19.081891420980902,7.303925796861428
19.081891420980902,7.183742474166337
18.601158130200517,7.664475764946722
18.12042483942013,8.145209055727108
17.639691548639746,8.145209055727108
17.098866596511805,8.145209055727108
18.000241516725033,8.145209055727108
17.519508225944648,8.145209055727108
17.158958257859354,8.145209055727108
16.738316628426517,8.145209055727108
16.197491676298583,8.145209055727108
16.197491676298583,8.145209055727108
16.678224967078968,8.145209055727108
16.918591612469164,8.145209055727108
16.43785832168878,8.145209055727108
15.836941708213295,8.145209055727108
15.356208417432903,8.145209055727108
14.75529180395742,8.145209055727108
14.274558513177034,8.145209055727108
13.67364189970155,8.145209055727108
13.132816947573616,8.145209055727108
13.072725286226067,8.145209055727108
13.072725286226067,8.145209055727108
13.072725286226067,8.145209055727108
12.65208365679323,8.565850685159944
12.111258704665296,8.145209055727108
12.111258704665296,9.04658397594033
11.510342091189813,9.106675637287879
11.269975445799616,9.106675637287879
10.789242155019231,9.106675637287879
10.188325541543747,9.106675637287879
10.709119939889163,9.106675637287879
10.90942547771433,9.106675637287879
10.488783848281493,10.008050557501107
10.128233880196198,9.467225605373173
10.068142218848656,10.90942547771433
10.068142218848656,10.488783848281493
10.068142218848656,10.128233880196198
10.188325541543747,10.068142218848656
10.94948658527936,10.488783848281493
10.428692186933944,10.969517139061878
11.149792123104525,11.029608800409427
10.548875509629042,11.390158768494715
10.128233880196198,11.930983720622649
10.068142218848656,12.351625350055492
10.068142218848656,12.952541963530976
10.128233880196198,13.192908608921165
10.709119939889163,13.373183592963812
10.188325541543747,13.914008545091747
10.90942547771433,14.154375190481943
10.308508864238846,14.154375190481943
10.128233880196198,14.154375190481943
10.068142218848656,14.274558513177034
10.248417202891297,15.055750110695165
10.729150493671682,14.635108481262328
11.149792123104525,15.476391740128001
11.149792123104525,16.017216692255936
10.729150493671682,16.197491676298583
11.149792123104525,16.678224967078968
10.308508864238846,17.038774935164263
10.068142218848656,16.918591612469164
10.128233880196198,16.49794998303632
10.488783848281493,16.738316628426517
10.068142218848656,16.31767499899368
11.029608800409427,17.158958257859354
11.149792123104525,17.759874871334837
11.149792123104525,17.519508225944648
11.149792123104525,17.27914158055445
11.149792123104525,18.000241516725033
11.149792123104525,18.12042483942013
11.189853230669556,18.42088314615787
11.8708920592751,18.841524775590706
11.510342091189813,19.682808034456386
11.63052541388491,19.202074743676
11.149792123104525,19.802991357151484
12.351625350055492,19.38234972771864
11.8708920592751,19.081891420980902
12.952541963530976,18.601158130200517
13.072725286226067,18.000241516725033
12.591991995445682,17.27914158055445
12.231442027360394,17.038774935164263
12.832358640835878,16.678224967078968
12.71217531814078,16.257583337646132
12.231442027360394,15.776850046865746
12.952541963530976,15.316147309867873
12.351625350055492,15.957125030908387
13.132816947573616,15.53648340147555
13.613550238354001,14.875475126652518
14.034191867786845,14.274558513177034
14.394741835872132,13.853916883744198
14.995658449347616,13.373183592963812
15.115841772042714,13.914008545091747
15.236025094737812,13.433275254311361
15.836941708213295,14.154375190481943
16.077308353603485,13.793825222396649
16.077308353603485,13.313091931616263
15.957125030908387,12.892450302183427
15.476391740128001,12.351625350055492
16.918591612469164,11.991075381970198
16.43785832168878,11.63052541388491
15.957125030908387,11.269975445799616
15.476391740128001,10.90942547771433
17.158958257859354,10.488783848281493
17.158958257859354,10.068142218848656
17.158958257859354,10.068142218848656
16.798408289774066,10.068142218848656
16.137400014951034,9.587408928068264
16.077308353603485,9.106675637287879
16.077308353603485,9.467225605373173
16.077308353603485,10.008050557501107
16.197491676298583,
16.718286074644,
17.158958257859354,
17.158958257859354,
17.158958257859354,
17.639691548639746,
18.12042483942013,
18.12042483942013,
18.060333178072582,
17.038774935164263,
17.699783209987288,
18.240608162115223,
18.841524775590706,
18.30069982346277,
18.841524775590706,
17.880058194029935,
17.39932490324955,
16.998713827599232,
17.158958257859354,
16.55804164438387,
16.137400014951034,
16.077308353603485,
16.077308353603485,
16.017216692255936,
15.957125030908387,
15.356208417432903,
14.815383465304969,
14.274558513177034,
13.67364189970155,
13.132816947573616,
12.591991995445682,
12.111258704665296,
11.991075381970198,
11.750708736580009,
11.269975445799616,
10.66905883232414,
10.308508864238846,
10.068142218848656,
