Y(hoy),Y(ayer)
6.767844923260924,5.773744831829596
6.237658207830883,5.3761047952570635
5.773744831829596,4.91219141925577
5.707471492400835,5.243558116399548
5.309831455828302,5.1110114375420395
4.713371400969507,4.580824722111998
4.580824722111998,4.1169113461107045
4.05063800668195,3.5867246306806635
3.3879046123944008,3.454177951823155
3.5204512912519093,3.7855446489669333
3.5204512912519093,4.315731364396974
2.8577178969643597,3.918091327824442
2.5263511998205814,3.255357933536885
2.46007786039182,2.5926245392493286
1.929891144961772,2.3275311815343116
1.5322511083892465,2.3275311815343116
1.2008844112454682,1.929891144961772
0.6927888089583405,1.4659777689604852
0.47187767752916443,1.2671577506742295
0.20678431981413326,1.2671577506742295
0.20678431981413326,1.2008844112454682
-0.45594907447342337,0.6044243563866729
0.07423764095662477,0.20678431981413326
-0.45594907447342337,0.20678431981413326
-0.9198624504747102,0.07423764095662477
-0.9861357899034573,-0.45594907447342337
-1.5163225053335054,-0.8535891110459488
-0.9861357899034573,-0.45594907447342337
-1.5163225053335054,-0.1908557167583922
-0.9198624504747102,-0.8535891110459488
-0.9861357899034573,-0.8535891110459488
-1.5825958447622668,-0.8535891110459488
-0.8535891110459488,-0.8535891110459488
-0.8535891110459488,-0.8535891110459488
-0.9861357899034573,-0.8535891110459488
-1.5163225053335054,-0.8535891110459488
-1.648869184191014,-0.8535891110459488
-1.11868246876098,-0.8535891110459488
-0.8535891110459488,-1.2512291476184885
-0.05830903790088371,-1.7151425236197753
1.5322511083892465,-1.913962541906045
2.5926245392493286,-1.913962541906045
3.0565379152506154,-1.913962541906045
3.5204512912519093,-1.7814158630485224
3.5867246306806635,-1.11868246876098
4.183184685539466,-1.648869184191014
4.845918079827015,-1.913962541906045
5.3761047952570635,-1.913962541906045
5.906291510687105,-1.8476892024772837
7.298031638690972,-1.2512291476184885
7.828218354121013,-0.8535891110459488
8.424678408979808,-0.8535891110459488
9.617598518697413,-0.8535891110459488
9.087411803267365,-0.8535891110459488
10.677971949557495,-0.8535891110459488
10.147785234127454,-0.8535891110459488
12.003438738132608,-0.8535891110459488
11.47325202270256,-0.8535891110459488
13.328905526707715,-0.8535891110459488
15.71474574614291,-0.1908557167583922
16.907665855860508,0.20678431981413326
16.244932461572958,0.20678431981413326
17.614581476433898,0.7369710352441814
17.835492607863088,1.2671577506742295
17.968039286720597,1.5322511083892465
18.36567932329313,2.194984502676803
19.160959396438194,2.3275311815343116
18.763319359865662,2.5926245392493286
26.84866677017383,2.990264575821868
26.451026733601296,3.6529979701094177
27.90904020103391,4.05063800668195
34.80146750162448,4.845918079827015
36.657121005629634,4.448278043254483
36.126934290199586,5.906291510687105
35.596747574769545,5.3761047952570635
37.717494436489716,6.834118262689678
37.187307721059675,7.231758299262211
38.38022783077727,7.629398335834743
39.04296122506483,8.557225087837324
39.44060126163736,9.087411803267365
37.4524010787747,10.412878591842478
38.84414120677856,9.88269187641243
38.446501170206034,12.003438738132608
38.02677002049058,11.47325202270256
38.77786786734981,10.94306530727252
38.247681151919764,13.859092242137756
38.91041454620732,13.328905526707715
39.57314794049488,12.931265490135182
39.04296122506483,14.786918994140336
40.898614729069976,15.449652388427886
40.36842801363994,16.377479140430466
39.9707879770674,15.847292425000418
40.63352137135496,16.907665855860508
40.10333465592491,17.570399250148064
39.838241298209894,17.17275921357553
39.17550790392234,17.968039286720597
38.38022783077727,19.42605275415322
37.85004111534723,18.89586603872317
37.054761042202166,18.36567932329313
36.657121005629634,21.281706258158366
36.657121005629634,20.751519542728325
36.524574326772125,23.13735976216352
36.2594809690571,22.60717304673348
35.72929425362706,24.993013266168674
35.596747574769545,24.59537322959614
34.93401418048199,27.643946843318894
34.27128078619444,27.113760127888845
33.74109407076439,26.583573412458804
33.07836067647684,28.174133558748935
32.81326731876182,28.571773595321467
32.415627282189284,29.764693705039065
32.68072063990431,31.090160493614178
32.283080603331776,30.692520457041645
33.21090735533435,32.945813997619325
32.74699397933306,32.54817396104679
32.15053392447426,35.596747574769545
31.62034720904422,35.0665608593395
30.957613814756662,34.66892082276697
30.692520457041645,37.58494775763221
30.294880420469113,36.92221436334465
29.764693705039065,36.39202764791461
29.101960310751508,35.99438761134208
28.83686695303649,38.31395449134852
28.571773595321467,38.77786786734981
28.041586879891426,39.308054582779846
27.511400164461378,40.16960799535367
27.710220182747648,39.705694619352386
27.643946843318894,40.63352137135496
27.113760127888845,39.308054582779846
26.716120091316313,38.77786786734981
27.710220182747648,37.4524010787747
27.24630680674636,36.92221436334465
27.997404653605592,36.126934290199586
28.748502500464816,35.72929425362706
28.174133558748935,36.92221436334465
29.101960310751508,38.38022783077727
28.903140292465245,38.115134473062255
28.571773595321467,37.717494436489716
27.643946843318894,37.25358106048843
26.981213449031337,36.72339434505839
28.43922691646396,36.92221436334465
27.90904020103391,37.4524010787747
27.37885348560387,36.98848770277341
26.981213449031337,37.187307721059675
29.057778084465674,36.78966768448714
30.825067135899154,38.38022783077727
30.294880420469113,37.717494436489716
29.89724038389658,39.04296122506483
30.825067135899154,39.838241298209894
30.294880420469113,39.37432792220861
29.367053668466532,38.84414120677856
28.969413631894,38.51277450963478
31.090160493614178,38.115134473062255
30.55997377818413,37.717494436489716
30.096060402182843,37.054761042202166
30.55997377818413,36.2594809690571
29.89724038389658,35.72929425362706
30.294880420469113,35.33165421705452
31.090160493614178,34.867740841053234
31.090160493614178,34.536374143909455
30.55997377818413,35.11074308562534
29.49960034732404,34.80146750162448
29.035686971322754,34.27128078619444
29.632147026181556,33.74109407076439
29.101960310751508,33.34345403419186
30.825067135899154,32.81326731876182
32.15053392447426,32.01798724561675
31.62034720904422,31.355253851329195
31.222707172471686,30.692520457041645
31.62034720904422,30.096060402182843
31.222707172471686,30.02978706275409
32.15053392447426,29.764693705039065
31.752893887901728,29.101960310751508
32.01798724561675,28.83686695303649
31.752893887901728,28.43922691646396
31.355253851329195,27.975313540462672
31.023887154185417,27.643946843318894
31.752893887901728,27.04748678846009
31.222707172471686,27.643946843318894
32.415627282189284,26.981213449031337
32.98999622390516,26.451026733601296
33.21090735533435,26.053386697028763
32.54817396104679,25.65574666045623
32.283080603331776,26.64984675188756
31.752893887901728,26.185933375886272
31.222707172471686,27.113760127888845
31.686620548472973,27.511400164461378
32.15053392447426,26.914940109602583
32.283080603331776,26.716120091316313
32.68072063990431,27.776493522176402
33.21090735533435,27.113760127888845
33.34345403419186,28.43922691646396
33.60854739190688,27.90904020103391
34.27128078619444,28.306680237606443
34.66892082276697,28.704320274178976
35.6630209141983,28.83686695303649
36.657121005629634,28.306680237606443
36.126934290199586,27.776493522176402
36.657121005629634,28.704320274178976
36.657121005629634,28.174133558748935
35.99438761134208,29.764693705039065
35.72929425362706,29.367053668466532
35.33165421705452,29.89724038389658
34.735194162195725,29.234506989609024
34.66892082276697,29.764693705039065
36.126934290199586,30.692520457041645
35.596747574769545,30.55997377818413
39.308054582779846,30.096060402182843
38.77786786734981,30.02978706275409
40.898614729069976,30.02978706275409
42.29035485707385,30.162333741611597
43.019361590790155,30.7587937964704
42.42290153593136,30.339062646754947
42.09153483878758,30.825067135899154
43.019361590790155,31.156433833042932
42.48917487536011,30.55997377818413
42.09153483878758,30.096060402182843
41.69389480221505,30.096060402182843
41.16370808678501,30.692520457041645
40.63352137135496,31.222707172471686
40.10333465592491,31.222707172471686
39.838241298209894,30.692520457041645
39.308054582779846,30.162333741611597
38.976687885636075,30.692520457041645
39.57314794049488,30.692520457041645
40.36842801363994,30.294880420469113
40.898614729069976,31.62034720904422
40.23588133478243,31.090160493614178
39.9707879770674,30.692520457041645
39.57314794049488,32.15053392447426
39.04296122506483,32.283080603331776
38.91041454620732,32.283080603331776
39.57314794049488,32.34935394276053
39.04296122506483,33.01208733704808
40.898614729069976,34.006187428479414
40.36842801363994,33.47600071304937
40.63352137135496,34.66892082276697
39.9707879770674,35.39792755648328
39.308054582779846,35.464200895912036
38.77786786734981,35.0665608593395
36.92221436334465,34.60264748333822
36.458300987343364,34.40382746505195
35.72929425362706,34.40382746505195
35.0665608593395,34.006187428479414
34.40382746505195,33.47600071304937
33.74109407076439,36.657121005629634
33.07836067647684,36.126934290199586
32.415627282189284,35.596747574769545
32.283080603331776,35.19910753819701
31.885440566759243,39.308054582779846
31.355253851329195,38.51277450963478
30.957613814756662,41.16370808678501
29.89724038389658,40.567248031926205
26.981213449031337,40.23588133478243
26.981213449031337,41.95898815993007
27.643946843318894,40.36842801363994
27.180033467317607,39.838241298209894
27.643946843318894,39.308054582779846
26.64984675188756,38.91041454620732
26.119660036457518,40.96488806849874
25.58947332102747,41.95898815993007
25.523199981598715,41.296254765642516
24.993013266168674,40.63352137135496
27.643946843318894,40.10333465592491
27.180033467317607,39.705694619352386
26.583573412458804,39.308054582779846
26.053386697028763,38.91041454620732
28.24040689817769,40.898614729069976
28.83686695303649,40.43470135306869
29.101960310751508,40.037061316496164
28.83686695303649,39.57314794049488
28.571773595321467,39.10923456449358
28.10786021932018,38.51277450963478
27.643946843318894,38.048861133633494
27.113760127888845,37.31985439991719
27.511400164461378,36.524574326772125
26.716120091316313,35.92811427191332
30.096060402182843,37.054761042202166
30.02978706275409,36.39202764791461
30.02978706275409,35.99438761134208
30.626247117612884,38.38022783077727
31.090160493614178,37.717494436489716
31.752893887901728,39.04296122506483
31.885440566759243,39.838241298209894
31.42152719075795,39.44060126163736
30.825067135899154,39.04296122506483
30.294880420469113,38.51277450963478
29.89724038389658,37.85004111534723
31.090160493614178,36.92221436334465
31.686620548472973,36.39202764791461
32.216807263903014,35.86184093248457
32.945813997619325,35.33165421705452
34.27128078619444,34.867740841053234
33.74109407076439,34.27128078619444
33.34345403419186,33.60854739190688
33.34345403419186,33.34345403419186
34.27128078619444,33.34345403419186
33.873640749621906,32.945813997619325
34.27128078619444,32.415627282189284
33.60854739190688,31.752893887901728
33.47600071304937,31.355253851329195
34.580556370195296,30.825067135899154
34.006187428479414,30.02978706275409
35.33165421705452,29.632147026181556
34.80146750162448,28.83686695303649
34.27128078619444,28.174133558748935
33.74109407076439,27.37885348560387
33.34345403419186,26.84866677017383
34.33755412562319,26.31848005474378
33.74109407076439,25.722019999884985
34.867740841053234,25.65574666045623
35.464200895912036,25.65574666045623
35.596747574769545,25.65574666045623
35.596747574769545,25.258106623883698
35.596747574769545,24.794193247882404
36.19320762962835,24.59537322959614
35.596747574769545,25.258106623883698
36.657121005629634,26.31848005474378
36.524574326772125,25.78829333931374
36.2594809690571,27.643946843318894
35.72929425362706,27.113760127888845
35.596747574769545,26.716120091316313
36.126934290199586,28.174133558748935
36.524574326772125,28.571773595321467
35.79556759305581,27.975313540462672
35.19910753819701,27.776493522176402
34.93401418048199,27.24630680674636
34.536374143909455,26.716120091316313
35.33165421705452,27.90904020103391
34.80146750162448,27.511400164461378
34.40382746505195,28.969413631894
36.524574326772125,29.632147026181556
35.86184093248457,29.367053668466532
36.657121005629634,28.83686695303649
36.524574326772125,28.83686695303649
36.2594809690571,29.300780329037778
35.72929425362706,29.764693705039065
35.596747574769545,30.825067135899154
35.0665608593395,30.294880420469113
34.580556370195296,31.885440566759243
35.33165421705452,31.222707172471686
34.867740841053234,32.216807263903014
35.33165421705452,31.62034720904422
34.536374143909455,31.090160493614178
33.873640749621906,30.294880420469113
33.34345403419186,31.156433833042932
32.54817396104679,30.692520457041645
32.283080603331776,31.62034720904422
32.15053392447426,32.01798724561675
31.686620548472973,32.945813997619325
30.957613814756662,33.47600071304937
30.692520457041645,34.205007446765684
30.294880420469113,33.74109407076439
29.632147026181556,33.21090735533435
29.367053668466532,32.68072063990431
28.969413631894,32.283080603331776
28.43922691646396,32.283080603331776
27.975313540462672,32.283080603331776
27.776493522176402,32.74699397933306
27.37885348560387,32.283080603331776
26.583573412458804,33.07836067647684
26.053386697028763,32.415627282189284
25.390653302741207,31.951713906187997
25.125559945026183,31.28898051190044
24.72791990845365,31.222707172471686
24.264006532452363,31.222707172471686
23.667546477593568,31.48780053018671
23.13735976216352,32.74699397933306
20.353879506155792,32.15053392447426
19.95623946958326,33.21090735533435
19.293506075295703,32.68072063990431
18.498226002150638,32.15053392447426
17.835492607863088,31.686620548472973
17.17275921357553,31.222707172471686
16.244932461572958,30.825067135899154
15.71474574614291,30.361153759897867
15.184559030712869,30.55997377818413
14.65437231528282,30.162333741611597
15.781019085571664,31.156433833042932
15.317105709570377,31.156433833042932
14.12418559985278,30.825067135899154
13.461452205565223,30.361153759897867
13.06381216899269,29.764693705039065
13.06381216899269,29.234506989609024
12.401078774705141,28.571773595321467
11.738345380417584,28.306680237606443
11.274432004416298,27.90904020103391
11.208158664987543,28.43922691646396
11.208158664987543,29.300780329037778
11.870892059275093,28.83686695303649
11.340705343845052,29.89724038389658
12.577807679848483,30.096060402182843
13.90327446842359,30.55997377818413
13.328905526707715,31.156433833042932
15.184559030712869,31.156433833042932
14.720645654711582,30.825067135899154
16.244932461572958,30.294880420469113
15.71474574614291,29.83096704446782
,29.278689215894858
,30.02978706275409
,29.632147026181556
,30.825067135899154
,30.361153759897867
,29.83096704446782
,29.234506989609024
,28.704320274178976
,28.174133558748935
,28.704320274178976
,28.306680237606443
,27.90904020103391
,27.24630680674636
,26.981213449031337
,26.583573412458804
,26.119660036457518
,25.65574666045623
,26.583573412458804
,26.053386697028763
,25.65574666045623
,27.643946843318894
,27.24630680674636
,26.84866677017383
,26.185933375886272
,25.523199981598715
,25.05928660559743
,24.462826550738633
,24.0651865141661
,23.667546477593568
,23.13735976216352
,21.811892973588414
,20.751519542728325
,20.353879506155792
,19.691146111868235
,19.160959396438194
,18.697046020436908
,18.23313264443562
,17.835492607863088
,17.17275921357553
,16.64257249814549
,16.046112443286688
,14.65437231528282
,13.991638920995271
,13.593998884422739
,14.12418559985278
,15.052012351855353
,14.521825636425312
,15.582199067285401
,14.389278957567804
,13.859092242137756
,13.196358847850206
,12.467352114133895
,12.268532095847625
,11.738345380417584
,11.274432004416298
,10.677971949557495
,10.214058573556208
,10.147785234127454
,10.147785234127454
,9.750145197554922
,9.15368514269612
,8.954865124409856
,9.087411803267365
,9.617598518697413
