Y(hoy),Y(ayer)
,6.834118262689678
,6.834118262689678
,6.436478226117146
,5.972564850115859
,6.569024904974661
,6.038838189544613
,6.171384868402129
,5.707471492400835
,5.3761047952570635
,4.91219141925577
,4.713371400969507
,4.183184685539466
,3.5867246306806635
,3.5204512912519093
,3.5204512912519093
,3.5204512912519093
,3.255357933536885
,2.5926245392493286
,2.3275311815343116
,2.0624378238192946
,1.4659777689604852
,1.2671577506742295
,1.2671577506742295
,1.2671577506742295
,1.1346110718167068
,0.6044243563866729
,0.20678431981413326
,1.0020643929591984
,0.4056043381004031
,0.20678431981413326
,0.20678431981413326
,0.20678431981413326
,0.20678431981413326
,0.20678431981413326
,0.20678431981413326
,0.14051098038538612
,-0.1908557167583922
,-0.654769092759679
,-0.1908557167583922
,0.20678431981413326
,0.20678431981413326
,0.20678431981413326
,0.20678431981413326
,0.20678431981413326
,-0.1908557167583922
,-0.654769092759679
,-0.05830903790088371
,0.20678431981413326
,0.20678431981413326
,0.20678431981413326
,0.07423764095662477
,-0.5884957533309318
,-0.1908557167583922
,0.20678431981413326
,0.14051098038538612
,-0.1908557167583922
,-0.654769092759679
,-0.1908557167583922
,0.20678431981413326
,0.14051098038538612
,-0.1908557167583922
,-0.654769092759679
,-0.1908557167583922
,0.20678431981413326
,0.20678431981413326
,0.20678431981413326
,0.20678431981413326
,0.20678431981413326
,0.20678431981413326
,0.20678431981413326
,0.67069769581542
,1.2008844112454682
,1.4659777689604852
,1.929891144961772
,2.3275311815343116
,2.3938045209630587
,3.0565379152506154
,2.5926245392493286
,3.5204512912519093
,4.05063800668195
,4.647098061540753
,4.713371400969507
,4.713371400969507
,5.442378134685818
,4.978464758684531
,5.972564850115859
,6.436478226117146
,7.298031638690972
,6.834118262689678
,7.828218354121013
,8.159585051264791
,9.485051839839898
,8.822318445552341
,10.147785234127454
,11.009338646701273
,10.545425270699987
,12.135985416990117
,11.47325202270256
,13.461452205565223
,12.798718811277674
,14.786918994140336
,14.12418559985278
,15.515925727856647
,16.244932461572958
,15.71474574614291
,17.371579231861794
,16.775119177003
,17.901765947291842
,18.03431262614935
,18.829592699294416
,20.088786148440768
,19.42605275415322
,18.36567932329313
,22.38626191530429
,21.811892973588414
,21.281706258158366
,20.751519542728325
,24.72791990845365
,24.19773319302361
,23.667546477593568
,23.13735976216352
,26.84866677017383
,26.31848005474378
,25.78829333931374
,25.258106623883698
,28.571773595321467
,27.90904020103391
,27.37885348560387
,29.234506989609024
,28.83686695303649
,31.929622793045077
,31.355253851329195
,30.825067135899154
,30.294880420469113
,29.764693705039065
,33.873640749621906
,33.21090735533435
,32.68072063990431
,35.13283419876826
,34.536374143909455
,36.701303231915475
,36.126934290199586
,35.596747574769545
,38.6453211884923
,37.98258779420474
,37.4524010787747
,40.43470135306869
,39.838241298209894
,39.308054582779846
,42.02526149935882
,41.428801444500024
,40.898614729069976
,42.62172155421762
,42.09153483878758
,43.94718834279273
,43.28445494850518
,43.81464166393522
,43.35072828793393
,42.75426823307514
,42.29035485707385
,41.56134812335753
,41.296254765642516
,41.95898815993007
,41.296254765642516
,41.03116140792749
,40.63352137135496
,40.10333465592491
,39.57314794049488
,39.04296122506483
,38.38022783077727
,37.85004111534723
,37.187307721059675
,36.72339434505839
,36.657121005629634
,36.39202764791461
,35.92811427191332
,35.464200895912036
,35.0665608593395
,34.4701008044807
,35.39792755648328
,34.80146750162448
,34.40382746505195
,36.39202764791461
,35.92811427191332
,35.86184093248457
,35.464200895912036
,35.0665608593395
,34.4701008044807
,34.27128078619444
,33.60854739190688
,32.945813997619325
,32.283080603331776
,31.686620548472973
,31.28898051190044
,32.54817396104679
,31.885440566759243
,33.07836067647684
,32.415627282189284
,32.283080603331776
,31.885440566759243
,31.355253851329195
,30.891340475327908
,30.294880420469113
,29.632147026181556
,28.969413631894
,28.903140292465245
,29.234506989609024
,29.764693705039065
,29.234506989609024
,28.571773595321467
,27.975313540462672
,28.43922691646396
,27.90904020103391
,27.37885348560387
,26.914940109602583
,26.31848005474378
,25.65574666045623
,24.993013266168674
,24.59537322959614
,26.583573412458804
,26.053386697028763
,25.523199981598715
,27.710220182747648
,27.113760127888845
,27.511400164461378
,26.84866677017383
,26.716120091316313
,27.113760127888845
,27.511400164461378
,26.914940109602583
,26.716120091316313
,28.174133558748935
,27.643946843318894
,27.113760127888845
,29.764693705039065
,29.234506989609024
,28.770593613607737
,28.571773595321467
,28.10786021932018
,27.776493522176402
,28.969413631894
,28.571773595321467
,29.83096704446782
,29.367053668466532
,29.89724038389658
,29.300780329037778
,30.294880420469113
,29.764693705039065
,29.234506989609024
,30.825067135899154
,30.294880420469113
,29.764693705039065
,29.300780329037778
,29.89724038389658
,29.367053668466532
,30.096060402182843
,30.55997377818413
,31.090160493614178
,32.01798724561675
,31.48780053018671
,32.283080603331776
,32.283080603331776
,32.01798724561675
,31.42152719075795
,31.885440566759243
,31.48780053018671
,31.62034720904422
,31.222707172471686
,32.54817396104679
,33.2771806947631
,33.21090735533435
,32.68072063990431
,32.15053392447426
,31.62034720904422
,31.090160493614178
,30.55997377818413
,30.162333741611597
,32.216807263903014
,31.62034720904422
,31.090160493614178
,32.68072063990431
,33.07836067647684
,32.48190062161804
,32.01798724561675
,31.62034720904422
,31.222707172471686
,32.68072063990431
,32.15053392447426
,34.27128078619444
,33.74109407076439
,33.21090735533435
,33.07836067647684
,32.61444730047555
,32.283080603331776
,34.31546301248027
,33.74109407076439
,33.21090735533435
,36.17111651648543
,35.596747574769545
,35.0665608593395
,35.86184093248457
,36.524574326772125
,36.524574326772125
,36.126934290199586
,35.72929425362706
,37.58494775763221
,36.92221436334465
,36.524574326772125
,37.85004111534723
,38.38022783077727
,37.85004111534723
,39.57314794049488
,39.04296122506483
,39.04296122506483
,38.38022783077727
,37.916314454775986
,38.6453211884923
,38.247681151919764
,38.55695673592062
,37.98258779420474
,40.412610239925776
,39.838241298209894
,39.308054582779846
,41.16370808678501
,41.95898815993007
,41.56134812335753
,41.472983670785865
,43.32863717479101
,42.75426823307514
,42.22408151764509
,44.079735021650244
,43.68209498507771
,43.28445494850518
,42.75426823307514
,42.22408151764509
,41.69389480221505
,41.03116140792749
,40.50097469249745
,39.9707879770674
,39.44060126163736
,38.976687885636075
,43.019361590790155
,42.48917487536011
,41.95898815993007
,41.428801444500024
,40.898614729069976
,41.69389480221505
,41.16370808678501
,40.69979471078371
,40.10333465592491
,39.44060126163736
,38.91041454620732
,38.38022783077727
,37.85004111534723
,37.85004111534723
,38.38022783077727
,37.85004111534723
,39.57314794049488
,38.91041454620732
,38.446501170206034
,37.85004111534723
,37.31985439991719
,36.8559410239159
,38.6453211884923
,38.181407812491
,37.85004111534723
,37.98258779420474
,37.4524010787747
,36.78966768448714
,36.2594809690571
,35.596747574769545
,35.0665608593395
,34.40382746505195
,33.873640749621906
,33.34345403419186
,35.39792755648328
,34.80146750162448
,34.27128078619444
,35.19910753819701
,34.93401418048199
,34.536374143909455
,34.006187428479414
,33.34345403419186
,33.07836067647684
,32.68072063990431
,32.15053392447426
,31.686620548472973
,31.090160493614178
,30.42742709932662
,29.632147026181556
,29.101960310751508
,28.704320274178976
,28.174133558748935
,27.710220182747648
,27.113760127888845
,26.716120091316313
,27.511400164461378
,26.84866677017383
,29.300780329037778
,28.704320274178976
,28.174133558748935
,29.632147026181556
,29.101960310751508
,28.704320274178976
,28.174133558748935
,27.710220182747648
,27.15794235417468
,26.716120091316313
,28.041586879891426
,28.770593613607737
,28.571773595321467
,28.10786021932018
,28.770593613607737
,29.89724038389658
,29.234506989609024
,30.02978706275409
,29.632147026181556
,29.035686971322754
,28.770593613607737
,28.24040689817769
,27.776493522176402
,29.367053668466532
,28.704320274178976
,28.306680237606443
,30.692520457041645
,30.02978706275409
,31.885440566759243
,31.28898051190044
,31.090160493614178
,30.55997377818413
,30.162333741611597
,31.090160493614178
,30.692520457041645
,31.62034720904422
,32.15053392447426
,31.355253851329195
,30.825067135899154
,30.294880420469113
,30.825067135899154
,31.686620548472973
,31.222707172471686
,32.01798724561675
,31.42152719075795
,31.222707172471686
,31.222707172471686
,31.752893887901728
,32.283080603331776
,32.216807263903014
,31.686620548472973
,31.156433833042932
,30.55997377818413
,29.89724038389658
,29.234506989609024
,30.42742709932662
,29.764693705039065
,31.686620548472973
,31.090160493614178
,32.74699397933306
,32.15053392447426
,33.21090735533435
,32.68072063990431
,32.283080603331776
,33.2771806947631
,34.27128078619444
,33.74109407076439
,33.07836067647684
,32.48190062161804
,33.07836067647684
,32.68072063990431
,32.283080603331776
,32.945813997619325
,33.34345403419186
,33.40972737362062
,34.27128078619444
,33.80736741019315
,33.21090735533435
,32.54817396104679
,32.283080603331776
,31.885440566759243
,31.355253851329195
,30.825067135899154
,30.294880420469113
,32.54817396104679
,31.885440566759243
,31.355253851329195
,33.74109407076439
,33.2771806947631
,34.27128078619444
,33.47600071304937
,32.945813997619325
,32.283080603331776
,31.752893887901728
,31.28898051190044
,32.945813997619325
,32.415627282189284
,32.01798724561675
,33.2771806947631
,32.74699397933306
,32.15053392447426
,31.62034720904422
,31.090160493614178
,30.604156004469964
,30.162333741611597
,31.355253851329195
,30.957613814756662
,31.885440566759243
,32.283080603331776
,32.283080603331776
,32.81326731876182
,34.050369654765255
,33.47600071304937
,33.74109407076439
,33.21090735533435
,32.68072063990431
,32.15053392447426
,31.62034720904422
,31.090160493614178
,30.55997377818413
,30.162333741611597
,32.216807263903014
,31.62034720904422
,33.07836067647684
,32.61444730047555
,32.15053392447426
,31.48780053018671
,30.692520457041645
,30.22860708104035
,30.825067135899154
,30.361153759897867
,29.89724038389658
,29.367053668466532
,29.101960310751508
,29.89724038389658
,29.632147026181556
,28.969413631894
,28.306680237606443
,27.776493522176402
,27.643946843318894
,27.113760127888845
,26.64984675188756
,26.053386697028763
,25.65574666045623
,25.258106623883698
,24.72791990845365
,24.264006532452363
,23.800093156451076
,23.402453119878544
,22.739719725590987
,22.07698633130343
,21.41425293701588
,21.149159579300857
,20.618972863870816
,20.088786148440768
,19.691146111868235
,19.22723273586695
,19.691146111868235
,19.293506075295703
,20.552699524442062
,20.088786148440768
,21.01661290044335
,20.552699524442062
,20.088786148440768
,19.691146111868235
,19.22723273586695
,18.962139378151925
,18.36567932329313
,17.702945929005573
,17.437852571290556
,17.040212534718023
,16.510025819287975
,15.847292425000418
,15.052012351855353
,14.455552296996558
,14.12418559985278
,13.660272223851493
,13.461452205565223
,12.931265490135182
,12.401078774705141
,12.599898792991404
,13.06381216899269
