Y(hoy),Y(ayer)
7.123650812818788,6.102092569910461
7.063559151471239,6.042000908562912
7.063559151471239,5.6213592791300755
7.063559151471239,5.200717649697239
6.642917522038395,4.960351004307043
6.102092569910461,4.4796177135266575
5.6213592791300755,4.780076020264403
5.14062598834969,4.29934272948401
5.200717649697239,4.659892697569305
5.020442665654592,4.239251068136468
4.780076020264403,3.818609438703625
4.29934272948401,3.4580594706183376
4.058976084093821,3.0975095025330504
3.1576011638805923,3.758517777356076
3.0975095025330504,2.736959534447756
3.0975095025330504,2.3163179050149196
3.0975095025330504,2.736959534447756
3.0975095025330504,2.3764095663624687
3.0975095025330504,3.0975095025330504
3.0975095025330504,2.736959534447756
2.9773261798379522,2.3163179050149196
2.4365012277100178,2.1360429209722724
2.1360429209722724,2.1360429209722724
2.1360429209722724,2.1360429209722724
2.1360429209722724,2.1360429209722724
2.1360429209722724,2.1360429209722724
2.1360429209722724,1.655309630191887
2.1360429209722724,1.1144846780639526
2.0158595982771743,1.1745763394115016
1.4750346461492398,1.7754929528869852
1.4750346461492398,2.1360429209722724
2.0158595982771743,2.0158595982771743
2.0158595982771743,1.535126307496789
1.535126307496789,1.1745763394115016
1.4149429848016908,1.1144846780639526
1.8155540604520226,1.1745763394115016
2.0158595982771743,1.655309630191887
1.6152485226268496,2.1360429209722724
1.4149429848016908,2.1360429209722724
1.4750346461492398,2.1360429209722724
2.0158595982771743,2.1360429209722724
1.535126307496789,2.1360429209722724
1.535126307496789,2.1360429209722724
2.0158595982771743,2.1360429209722724
1.535126307496789,2.496592889057567
2.0158595982771743,2.9773261798379522
1.535126307496789,3.0975095025330504
2.1360429209722724,3.5782427933134358
2.1360429209722724,3.0975095025330504
2.1360429209722724,4.780076020264403
2.1360429209722724,4.29934272948401
2.1360429209722724,5.260809311044788
2.4365012277100178,5.861725924520272
3.0374178411855013,6.582825860690853
2.616776211752658,6.943375828776141
3.4580594706183376,7.544292442251624
3.938792761398723,8.505759023812395
4.239251068136468,9.106675637287879
4.719984358916854,11.149792123104525
5.020442665654592,10.66905883232414
6.222275892605559,10.188325541543747
10.66905883232414,12.591991995445682
10.308508864238846,12.111258704665296
12.111258704665296,11.750708736580009
11.63052541388491,13.793825222396649
13.313091931616263,13.313091931616263
12.832358640835878,12.952541963530976
15.236025094737812,14.154375190481943
14.75529180395742,15.236025094737812
13.793825222396649,14.75529180395742
17.27914158055445,14.394741835872132
17.759874871334837,16.678224967078968
18.36079148481032,16.31767499899368
18.961708098285804,17.098866596511805
19.562624711761288,17.639691548639746
20.043358002541673,18.42088314615787
20.584182954669608,18.000241516725033
21.485557874882836,18.961708098285804
21.00482458410245,19.802991357151484
23.408491038004385,19.3222580663711
22.927757747223993,21.00482458410245
22.567207779138705,20.524091293322066
25.091057555735738,23.16812439261419
24.610324264955345,22.687391101833803
26.77362407346709,22.206657811053418
26.292890782686705,21.725924520273026
29.177290527369024,24.85069091034554
28.81674055928373,24.369957619565156
30.61949039971018,23.88922432878477
36.26810656637973,26.77362407346709
37.950673084111074,26.292890782686705
36.02773992098953,25.812157491906312
40.23415621531791,25.451607523821025
39.75342292453753,29.8983904635396
43.17864762134778,29.417657172759213
42.637822669219844,28.936923881978828
42.157089378439466,28.456190591198443
41.67635608765907,30.61949039971018
41.31580611957378,31.821323626661147
45.04148912312178,31.46077365857586
44.56075583234139,33.98462343517289
44.08002254156101,33.5038901443925
43.59928925078062,33.14334017630721
44.3203891869512,35.907556598294434
46.60387231815804,35.42682330751405
46.12313902737765,36.628656534465016
45.70249739794481,36.26810656637973
45.281855768511974,38.31122305219637
44.80112247773158,37.830489761415976
45.76258905929236,39.99378956992772
45.281855768511974,39.513056279147335
44.56075583234139,41.91672273304927
43.95983921886591,41.43598944226888
43.479105928085524,40.9552561514885
42.87818931461004,40.594706183403204
42.337364362482106,45.52222241390217
42.03690605574437,44.3203891869512
44.80112247773158,43.83965589617081
44.3203891869512,43.358922605390426
46.00295570468255,42.87818931461004
45.52222241390217,42.397456023829655
45.04148912312178,46.96442228624333
44.56075583234139,46.48368899546294
44.08002254156101,46.00295570468255
43.65938091212817,47.084605608938425
43.17864762134778,46.60387231815804
43.118555960000236,46.00295570468255
42.637822669219844,45.64240573659727
43.83965589617081,45.04148912312178
43.479105928085524,44.56075583234139
44.84118358529662,43.83965589617081
44.3203891869512,43.29883094404288
45.281855768511974,42.87818931461004
45.80265016685739,42.457547685177204
46.00295570468255,41.91672273304927
45.40203909120707,41.43598944226888
45.04148912312178,41.97681439439681
44.56075583234139,41.556172764963975
44.08002254156101,42.457547685177204
43.65938091212817,42.87818931461004
43.118555960000236,42.157089378439466
42.517639346524746,41.556172764963975
42.03690605574437,41.07543947418359
41.31580611957378,40.594706183403204
40.8350728287934,40.23415621531791
40.27421732288295,42.99837263730514
40.9552561514885,42.397456023829655
40.474522860708106,41.91672273304927
40.9552561514885,41.43598944226888
39.99378956992772,43.238739282695335
39.513056279147335,43.118555960000236
38.91213966567185,42.637822669219844
38.551589697586564,42.21718103978701
38.19103972950127,41.67635608765907
39.03232298836694,41.07543947418359
38.551589697586564,40.8350728287934
37.950673084111074,40.474522860708106
37.710306438720885,39.99378956992772
37.3497564706356,39.39287295645224
36.74883985716011,39.15250631106204
36.50847321176992,39.15250631106204
36.14792324368463,38.79195634297675
35.66718995290424,38.431406374891466
35.2465483234714,37.830489761415976
34.765815032691016,37.2295731479405
34.22499008056308,36.74883985716011
35.2465483234714,36.38828988907482
34.70572337134347,35.96764825964198
36.02773992098953,35.4869149688616
35.54700663020914,35.06627333942876
34.94609001673366,34.70572337134347
34.46535672595327,34.28508174191063
33.98462343517289,33.864440112477794
33.3837068216974,33.5038901443925
32.782790208221925,34.94609001673366
32.181873594746435,34.46535672595327
31.52086531992341,34.044715096520434
30.61949039971018,33.3837068216974
30.198848770277344,33.14334017630721
31.52086531992341,32.782790208221925
32.06169027205134,32.30205691744153
31.52086531992341,31.881415288008697
30.61949039971018,31.280498674533213
31.100223690490566,31.220407013185664
30.198848770277344,31.100223690490566
30.61949039971018,30.499307077015082
29.738146033279477,29.8983904635396
29.93845157110463,29.417657172759213
29.417657172759213,29.057107204673926
30.138757108929795,28.69655723658863
30.67958206105773,28.095640623113148
30.138757108929795,30.67958206105773
31.100223690490566,30.138757108929795
30.859857045100377,29.65802381814941
30.37912375431999,29.177290527369024
31.100223690490566,31.160315351838115
30.61949039971018,31.6410486426185
31.340590335880762,31.220407013185664
30.980040367795475,31.941506949356246
31.861384734226178,31.42071255101083
31.70114030396605,32.82285131578695
31.280498674533213,32.30205691744153
31.881415288008697,31.821323626661147
31.46077365857586,32.54242356283173
32.181873594746435,32.24196525609399
32.24196525609399,33.5038901443925
32.902973530917016,33.023156853612115
32.30205691744153,32.54242356283173
34.94609001673366,33.98462343517289
34.46535672595327,33.5038901443925
35.06627333942876,33.023156853612115
34.825906694038565,32.42224024013663
34.46535672595327,32.181873594746435
33.744256789782696,32.60251522417927
33.263523499002304,33.083248514959664
33.083248514959664,33.14334017630721
33.023156853612115,33.3837068216974
32.66260688552683,33.98462343517289
32.782790208221925,34.10480675786798
34.94609001673366,34.34517340325817
34.46535672595327,34.70572337134347
34.10480675786798,35.06627333942876
34.825906694038565,34.94609001673366
34.34517340325817,34.46535672595327
34.10480675786798,33.98462343517289
34.94609001673366,33.56398180574005
34.58554004864837,33.023156853612115
34.34517340325817,32.54242356283173
33.98462343517289,33.98462343517289
33.20343183765476,33.6240734670876
33.80434845113024,33.20343183765476
34.94609001673366,33.56398180574005
34.46535672595327,33.14334017630721
34.46535672595327,34.044715096520434
33.80434845113024,34.10480675786798
33.263523499002304,33.744256789782696
33.744256789782696,33.32361516034986
38.07085640680617,33.744256789782696
37.59012311602579,34.10480675786798
37.1093898252454,34.10480675786798
36.628656534465016,34.22499008056308
36.26810656637973,35.42682330751405
34.22499008056308,35.06627333942876
37.1093898252454,35.907556598294434
36.628656534465016,35.42682330751405
36.087831582337074,36.02773992098953
35.06627333942876,36.50847321176992
36.9892065025503,36.869023179855205
35.06627333942876,36.14792324368463
38.431406374891466,35.727281614251794
37.3497564706356,35.30663998481895
36.9892065025503,37.830489761415976
39.27268963375714,37.3497564706356
38.79195634297675,36.9892065025503
39.87360624723262,38.19103972950127
39.99378956992772,38.611681358934106
39.513056279147335,39.03232298836694
38.91213966567185,38.551589697586564
38.49149803623901,38.07085640680617
38.19103972950127,37.469939793330695
37.1093898252454,37.830489761415976
36.50847321176992,39.03232298836694
36.14792324368463,38.551589697586564
37.830489761415976,39.99378956992772
38.551589697586564,39.57314794049488
39.03232298836694,39.513056279147335
47.9258888678041,42.87818931461004
47.38506391567617,42.397456023829655
45.281855768511974,41.91672273304927
46.72405564085314,41.556172764963975
46.12313902737765,45.40203909120707
46.12313902737765,44.92130580042668
45.281855768511974,46.54378065681048
44.86121413907914,46.96442228624333
44.380480848298745,45.64240573659727
45.40203909120707,45.40203909120707
44.80112247773158,46.00295570468255
46.00295570468255,45.281855768511974
45.52222241390217,44.80112247773158
43.95983921886591,44.3203891869512
43.479105928085524,43.95983921886591
43.238739282695335,43.59928925078062
42.87818931461004,43.238739282695335
42.27727270113456,44.80112247773158
42.03690605574437,44.3203891869512
42.09699771709191,43.95983921886591
41.67635608765907,44.380480848298745
41.19562279687869,44.80112247773158
41.07543947418359,44.140114202908556
42.397456023829655,43.59928925078062
41.97681439439681,43.118555960000236
41.43598944226888,42.517639346524746
41.07543947418359,42.03690605574437
44.3203891869512,41.516111657398945
43.83965589617081,43.479105928085524
43.358922605390426,42.87818931461004
42.87818931461004,42.397456023829655
44.80112247773158,41.91672273304927
43.59928925078062,41.556172764963975
43.118555960000236,44.56075583234139
42.637822669219844,44.08002254156101
42.157089378439466,45.76258905929236
41.556172764963975,45.281855768511974
41.13553113553114,45.281855768511974
41.07543947418359,44.80112247773158
40.8350728287934,44.3203891869512
40.474522860708106,44.08002254156101
39.513056279147335,43.65938091212817
39.15250631106204,43.118555960000236
37.950673084111074,42.637822669219844
37.469939793330695,42.03690605574437
37.2295731479405,41.43598944226888
37.89058142276353,40.9552561514885
37.469939793330695,40.23415621531791
38.07085640680617,39.75342292453753
36.74883985716011,39.27268963375714
36.50847321176992,38.551589697586564
36.14792324368463,38.19103972950127
35.54700663020914,38.611681358934106
35.30663998481895,38.91213966567185
34.825906694038565,38.31122305219637
34.58554004864837,37.28966480928804
34.22499008056308,36.869023179855205
33.6240734670876,36.26810656637973
33.20343183765476,35.66718995290424
33.20343183765476,35.2465483234714
33.5038901443925,34.58554004864837
33.14334017630721,34.10480675786798
33.98462343517289,35.4869149688616
33.56398180574005,34.94609001673366
33.20343183765476,34.46535672595327
33.14334017630721,35.787373275599336
33.20343183765476,35.3667316461665
33.56398180574005,35.907556598294434
33.14334017630721,35.4869149688616
33.98462343517289,35.006181678081205
34.10480675786798,34.50541783351831
33.98462343517289,34.825906694038565
33.3837068216974,34.28508174191063
33.14334017630721,34.22499008056308
33.3837068216974,35.707251060469275
33.98462343517289,35.18645666212386
35.18645666212386,34.70572337134347
36.628656534465016,36.9892065025503
36.26810656637973,36.38828988907482
36.869023179855205,37.2295731479405
36.869023179855205,36.869023179855205
36.32819822772727,36.44838155042237
36.628656534465016,35.907556598294434
36.20801490503217,35.30663998481895
37.1093898252454,35.06627333942876
38.07085640680617,34.70572337134347
37.650214777373336,34.10480675786798
39.03232298836694,33.5038901443925
38.551589697586564,34.22499008056308
38.551589697586564,35.18645666212386
39.15250631106204,34.825906694038565
38.91213966567185,36.38828988907482
38.551589697586564,36.02773992098953
38.19103972950127,37.830489761415976
37.40984813198314,37.3497564706356
37.830489761415976,37.1093898252454
36.74883985716011,36.628656534465016
36.50847321176992,35.54700663020914
36.14792324368463,35.006181678081205
35.54700663020914,34.52544838730083
35.30663998481895,33.98462343517289
34.94609001673366,33.5038901443925
34.46535672595327,35.42682330751405
34.10480675786798,35.006181678081205
35.907556598294434,34.46535672595327
35.3667316461665,33.14334017630721
36.9892065025503,37.3497564706356
36.50847321176992,36.869023179855205
35.787373275599336,36.38828988907482
35.18645666212386,35.907556598294434
35.42682330751405,37.830489761415976
35.06627333942876,37.2295731479405
36.869023179855205,36.50847321176992
36.38828988907482,36.14792324368463
36.02773992098953,35.66718995290424
37.59012311602579,35.06627333942876
37.2295731479405,34.58554004864837
38.832017450541784,34.10480675786798
38.431406374891466,35.787373275599336
39.27268963375714,35.18645666212386
38.91213966567185,35.66718995290424
39.75342292453753,35.30663998481895
40.9552561514885,36.869023179855205
40.474522860708106,36.38828988907482
39.99378956992772,37.830489761415976
39.39287295645224,37.3497564706356
38.79195634297675,38.551589697586564
36.869023179855205,39.39287295645224
36.38828988907482,39.87360624723262
35.96764825964198,39.513056279147335
35.607098291556696,38.79195634297675
35.30663998481895,38.31122305219637
35.907556598294434,37.710306438720885
35.18645666212386,37.28966480928804
34.46535672595327,38.07085640680617
33.864440112477794,38.31122305219637
33.3837068216974,38.79195634297675
32.66260688552683,40.05388123127527
32.24196525609399,39.513056279147335
32.06169027205134,39.15250631106204
31.46077365857586,40.9552561514885
30.859857045100377,40.474522860708106
30.37912375431999,39.99378956992772
31.100223690490566,39.513056279147335
30.61949039971018,39.03232298836694
31.58095698127095,38.551589697586564
32.06169027205134,38.07085640680617
31.58095698127095,37.650214777373336
31.100223690490566,37.1093898252454
30.61949039971018,36.628656534465016
30.198848770277344,36.20801490503217
32.06169027205134,36.02773992098953
31.58095698127095,35.46688441507908
31.100223690490566,36.14792324368463
30.61949039971018,37.59012311602579
30.258940431624893,37.1093898252454
31.340590335880762,36.628656534465016
30.859857045100377,38.19103972950127
30.258940431624893,38.25113139084882
30.018573786234697,38.79195634297675
29.65802381814941,38.431406374891466
29.297473850064115,37.710306438720885
29.8983904635396,37.3497564706356
29.357565511411664,38.07085640680617
29.8983904635396,37.710306438720885
28.936923881978828,38.79195634297675
28.456190591198443,38.431406374891466
28.055579515548125,38.551589697586564
27.975457300418057,38.07085640680617
27.554815670985214,37.59012311602579
27.01399071885728,37.2295731479405
26.533257428076894,37.830489761415976
25.93234081460141,37.3497564706356
25.69197416921122,36.869023179855205
25.21124087843083,36.38828988907482
24.97087423304064,35.907556598294434
25.091057555735738,35.42682330751405
25.571790846516123,34.825906694038565
25.21124087843083,34.22499008056308
26.05252413729651,33.6240734670876
25.571790846516123,33.263523499002304
24.97087423304064,33.744256789782696
24.730507587650443,35.006181678081205
24.369957619565156,34.46535672595327
23.88922432878477,34.10480675786798
23.408491038004385,36.02773992098953
22.8075744245289,35.42682330751405
22.206657811053418,36.14792324368463
21.725924520273026,36.38828988907482
21.24519122949264,36.869023179855205
20.764457938712255,36.38828988907482
20.34381630927942,35.787373275599336
19.802991357151484,35.30663998481895
19.202074743676,34.70572337134347
18.961708098285804,34.22499008056308
18.48097480750542,33.6240734670876
18.060333178072582,33.20343183765476
18.000241516725033,34.044715096520434
17.759874871334837,33.6240734670876
17.27914158055445,33.98462343517289
17.038774935164263,33.56398180574005
16.798408289774066,32.902973530917016
16.43785832168878,32.42224024013663
15.957125030908387,33.98462343517289
15.476391740128001,33.5038901443925
15.115841772042714,33.023156853612115
16.43785832168878,32.54242356283173
15.957125030908387,32.06169027205134
17.038774935164263,31.58095698127095
17.699783209987288,30.980040367795475
19.3222580663711,30.37912375431999
18.841524775590706,29.778207140844508
18.48097480750542,29.177290527369024
21.00482458410245,28.81674055928373
20.524091293322066,28.396098929850893
20.043358002541673,28.997015543326377
21.966291165663222,29.8983904635396
21.485557874882836,29.417657172759213
21.00482458410245,28.81674055928373
20.403907970626967,28.155732284460697
19.923174679846582,27.975457300418057
19.682808034456386,27.49472400963767
19.202074743676,27.07408238020483
18.961708098285804,26.533257428076894
19.562624711761288,26.05252413729651
19.202074743676,25.451607523821025
20.043358002541673,24.85069091034554
19.562624711761288,24.369957619565156
19.081891420980902,23.769041006089672
18.601158130200517,23.528674360699476
18.12042483942013,23.16812439261419
18.961708098285804,22.687391101833803
18.48097480750542,22.08647448835832
18.240608162115223,21.605741197577935
17.759874871334837,21.24519122949264
17.27914158055445,20.824549600059804
16.55804164438387,20.34381630927942
16.077308353603485,19.923174679846582
15.356208417432903,19.562624711761288
15.115841772042714,19.14198308232845
14.75529180395742,18.841524775590706
14.154375190481943,18.36079148481032
13.914008545091747,17.940149855377484
13.55345857700646,17.27914158055445
13.072725286226067,17.158958257859354
12.65208365679323,17.880058194029935
11.991075381970198,17.519508225944648
11.750708736580009,18.000241516725033
11.390158768494715,17.639691548639746
11.029608800409427,17.158958257859354
11.8708920592751,16.678224967078968
,16.077308353603485
,15.836941708213295
,15.476391740128001
,15.115841772042714
,14.995658449347616
,14.394741835872132
,13.793825222396649
,13.253000270268714
,13.192908608921165
,13.072725286226067
,12.591991995445682
,12.171350366012845
,11.63052541388491
,11.209883784452074
,10.66905883232414
,10.248417202891297
,10.068142218848656
,10.068142218848656
