Y(hoy),Y(ayer)
-0.8535891110459488,-0.8535891110459488
-0.9861357899034573,-1.2512291476184885
-1.4279580527618378,-1.7151425236197753
-1.9802358813347922,-1.913962541906045
-1.913962541906045,-2.3116025784785705
-2.0465092207635536,-2.7755159544798573
-1.913962541906045,-2.5766959361935875
-1.9802358813347922,-2.179055899621062
-1.913962541906045,-2.444149257336079
-1.9802358813347922,-2.974335972766127
-2.48833148362192,-2.444149257336079
-1.913962541906045,-2.179055899621062
-1.9802358813347922,-2.70924261505111
-1.9802358813347922,-2.3116025784785705
-1.913962541906045,-2.70924261505111
-2.1127825601923007,-2.179055899621062
-2.179055899621062,-2.5766959361935875
-1.450049165904744,-2.974335972766127
-0.9861357899034573,-2.974335972766127
-0.9198624504747102,-2.179055899621062
-1.913962541906045,-2.70924261505111
-1.4721402790476645,-2.444149257336079
-1.11868246876098,-2.70924261505111
-0.5884957533309318,-2.3116025784785705
-0.05830903790088371,-1.913962541906045
1.0020643929591984,-1.450049165904744
1.2671577506742295,-1.11868246876098
2.3275311815343116,-1.7814158630485224
3.6529979701094177,-1.913962541906045
5.972564850115859,-1.913962541906045
5.508651474114572,-1.383775826475997
6.436478226117146,-0.9198624504747102
8.424678408979808,-0.8535891110459488
9.617598518697413,-0.5884957533309318
9.087411803267365,0.20678431981413326
10.412878591842478,0.8695177141016899
10.015238555269946,1.2671577506742295
13.859092242137756,1.664797787246755
13.328905526707715,2.3275311815343116
14.65437231528282,2.5926245392493286
17.769219268434327,3.255357933536885
28.83686695303649,4.05063800668195
30.55997377818413,4.845918079827015
30.02978706275409,6.436478226117146
32.48190062161804,5.906291510687105
31.885440566759243,6.834118262689678
31.355253851329195,7.099211620404702
35.0665608593395,7.629398335834743
34.66892082276697,8.557225087837324
34.006187428479414,9.087411803267365
33.47600071304937,10.412878591842478
32.945813997619325,9.88269187641243
37.717494436489716,12.003438738132608
37.31985439991719,11.605798701560076
40.10333465592491,14.389278957567804
39.57314794049488,13.859092242137756
42.22408151764509,13.328905526707715
41.82644148107256,14.919465672997845
43.019361590790155,15.582199067285401
42.48917487536011,16.112385782715442
43.59373053250604,16.775119177003
44.34482837936527,18.674954907293987
43.5495483062202,18.100585965578105
43.019361590790155,17.702945929005573
42.48917487536011,18.36567932329313
41.95898815993007,17.968039286720597
41.428801444500024,19.42605275415322
40.898614729069976,18.89586603872317
40.36842801363994,21.281706258158366
39.9707879770674,20.751519542728325
40.898614729069976,23.13735976216352
40.43470135306869,22.60717304673348
40.10333465592491,24.993013266168674
39.57314794049488,24.59537322959614
39.04296122506483,26.84866677017383
38.38022783077727,26.451026733601296
37.78376777591848,28.969413631894
37.717494436489716,28.43922691646396
38.048861133633494,31.355253851329195
37.58494775763221,30.825067135899154
38.6453211884923,30.294880420469113
39.308054582779846,33.21090735533435
39.838241298209894,32.68072063990431
39.838241298209894,32.15053392447426
39.17550790392234,31.752893887901728
38.51277450963478,34.33755412562319
37.98258779420474,33.74109407076439
37.4524010787747,35.0665608593395
36.92221436334465,34.66892082276697
36.2594809690571,37.98258779420474
35.72929425362706,37.4524010787747
35.464200895912036,36.92221436334465
36.126934290199586,40.63352137135496
37.58494775763221,40.10333465592491
37.054761042202166,39.57314794049488
36.78966768448714,39.17550790392234
36.2594809690571,43.15190826964766
35.72929425362706,42.48917487536011
35.19910753819701,41.95898815993007
34.536374143909455,43.68209498507771
34.006187428479414,45.00756177365282
33.47600071304937,44.34482837936527
32.945813997619325,45.73656850736913
32.283080603331776,46.200481883370415
31.752893887901728,45.40520181022535
31.28898051190044,44.74246841593779
32.15053392447426,44.079735021650244
31.62034720904422,43.5495483062202
31.090160493614178,42.886814911932646
30.55997377818413,42.42290153593136
30.096060402182843,43.019361590790155
30.55997377818413,42.62172155421762
30.162333741611597,42.22408151764509
31.222707172471686,41.56134812335753
30.294880420469113,40.898614729069976
29.764693705039065,40.36842801363994
29.234506989609024,39.9707879770674
28.969413631894,40.898614729069976
28.43922691646396,40.50097469249745
27.90904020103391,40.037061316496164
27.776493522176402,39.9707879770674
28.041586879891426,40.96488806849874
28.483409142749792,40.36842801363994
28.571773595321467,39.9707879770674
28.10786021932018,41.95898815993007
28.770593613607737,41.49507478392878
28.174133558748935,41.428801444500024
29.367053668466532,41.03116140792749
30.02978706275409,40.63352137135496
29.367053668466532,40.16960799535367
28.770593613607737,39.639421279923624
28.21831578503477,39.17550790392234
28.704320274178976,38.77786786734981
28.174133558748935,38.38022783077727
29.300780329037778,37.98258779420474
29.764693705039065,37.4524010787747
29.764693705039065,36.92221436334465
29.16823365018027,36.78966768448714
28.83686695303649,38.84414120677856
30.55997377818413,38.247681151919764
31.090160493614178,37.717494436489716
30.162333741611597,39.838241298209894
31.090160493614178,39.308054582779846
31.686620548472973,38.77786786734981
31.222707172471686,38.115134473062255
32.15053392447426,37.4524010787747
32.283080603331776,37.054761042202166
32.68072063990431,36.657121005629634
32.283080603331776,36.126934290199586
33.21090735533435,35.19910753819701
33.21090735533435,34.80146750162448
32.68072063990431,34.006187428479414
32.34935394276053,33.47600071304937
32.98999622390516,32.81326731876182
32.415627282189284,32.15053392447426
34.27128078619444,31.355253851329195
33.74109407076439,30.294880420469113
33.74109407076439,29.764693705039065
33.34345403419186,29.234506989609024
34.27128078619444,28.770593613607737
33.80736741019315,28.174133558748935
33.47600071304937,27.643946843318894
33.80736741019315,27.180033467317607
33.34345403419186,26.716120091316313
34.27128078619444,27.113760127888845
33.74109407076439,27.643946843318894
33.34345403419186,27.776493522176402
34.27128078619444,27.04748678846009
33.80736741019315,27.445126825032624
34.27128078619444,26.914940109602583
33.74109407076439,27.511400164461378
33.34345403419186,27.776493522176402
34.27128078619444,28.24040689817769
33.873640749621906,28.704320274178976
34.27128078619444,28.24040689817769
33.74109407076439,27.776493522176402
33.34345403419186,27.776493522176402
35.0665608593395,27.776493522176402
34.40382746505195,27.975313540462672
37.4524010787747,28.571773595321467
36.8559410239159,28.83686695303649
36.39202764791461,28.83686695303649
35.86184093248457,29.035686971322754
37.31985439991719,29.632147026181556
36.78966768448714,29.367053668466532
37.85004111534723,29.101960310751508
37.31985439991719,29.764693705039065
38.55695673592062,29.367053668466532
38.77786786734981,30.294880420469113
38.446501170206034,30.825067135899154
37.98258779420474,30.361153759897867
39.04296122506483,29.89724038389658
38.51277450963478,29.367053668466532
40.10333465592491,29.101960310751508
39.57314794049488,29.764693705039065
40.76606805021247,29.367053668466532
40.898614729069976,29.234506989609024
40.43470135306869,30.361153759897867
40.898614729069976,29.764693705039065
40.037061316496164,30.825067135899154
41.95898815993007,31.222707172471686
41.428801444500024,31.28898051190044
41.03116140792749,31.885440566759243
42.48917487536011,31.355253851329195
41.95898815993007,30.891340475327908
41.428801444500024,30.339062646754947
41.03116140792749,31.156433833042932
44.87501509479531,31.355253851329195
44.34482837936527,31.885440566759243
43.81464166393522,31.222707172471686
43.28445494850518,30.957613814756662
46.46557524108544,30.55997377818413
45.9353885256554,30.162333741611597
47.39340199308802,31.752893887901728
48.05613538737557,31.090160493614178
48.58632210280561,32.98999622390516
47.923588708518054,32.415627282189284
47.260855314230504,32.68072063990431
46.774850825086304,32.283080603331776
47.52594867194553,33.21090735533435
46.99576195651548,32.81326731876182
46.33302856222792,34.13873410733692
45.670295167940374,33.60854739190688
46.46557524108544,34.006187428479414
46.46557524108544,33.54227405247813
45.9353885256554,35.39792755648328
45.27265513136784,34.80146750162448
44.74246841593779,34.27128078619444
44.079735021650244,35.86184093248457
43.41700162736269,36.72339434505839
43.15190826964766,36.2594809690571
43.41700162736269,37.187307721059675
44.079735021650244,37.78376777591848
44.74246841593779,37.4524010787747
45.40520181022535,36.78966768448714
44.74246841593779,35.99438761134208
44.477375058222776,35.72929425362706
44.079735021650244,36.72339434505839
43.41700162736269,36.2594809690571
43.15190826964766,37.187307721059675
42.62172155421762,39.08714345135067
41.95898815993007,38.51277450963478
41.49507478392878,37.98258779420474
40.76606805021247,37.58494775763221
40.50097469249745,41.428801444500024
40.10333465592491,40.898614729069976
39.57314794049488,40.36842801363994
38.91041454620732,39.838241298209894
38.247681151919764,44.079735021650244
37.717494436489716,43.5495483062202
37.31985439991719,43.019361590790155
35.596747574769545,42.48917487536011
35.0665608593395,41.95898815993007
34.536374143909455,46.598121919942955
34.07246076790817,45.9353885256554
33.34345403419186,45.40520181022535
32.68072063990431,44.87501509479531
32.283080603331776,47.260855314230504
33.34345403419186,46.200481883370415
31.885440566759243,45.60402182851162
31.355253851329195,47.39340199308802
30.825067135899154,46.86321527765797
30.294880420469113,46.06793520451291
29.963513723325335,45.40520181022535
29.234506989609024,44.87501509479531
28.704320274178976,44.477375058222776
28.041586879891426,45.47147514965411
27.776493522176402,46.33302856222792
28.041586879891426,45.9353885256554
28.704320274178976,45.00756177365282
28.24040689817769,44.34482837936527
28.704320274178976,43.81464166393522
27.842766861605156,43.35072828793393
27.24630680674636,42.886814911932646
26.782393430745074,42.09153483878758
27.423035711889703,41.49507478392878
27.643946843318894,41.16370808678501
26.981213449031337,41.7601681416438
26.84866677017383,42.22408151764509
27.90904020103391,43.019361590790155
27.37885348560387,42.55544821478887
28.748502500464816,42.22408151764509
28.969413631894,41.69389480221505
28.969413631894,41.03116140792749
28.969413631894,40.43470135306869
28.969413631894,39.838241298209894
29.013595858179833,39.308054582779846
29.764693705039065,38.77786786734981
29.101960310751508,38.38022783077727
28.969413631894,37.98258779420474
28.43922691646396,37.4524010787747
27.90904020103391,36.92221436334465
28.83686695303649,36.39202764791461
28.306680237606443,35.596747574769545
28.969413631894,35.0665608593395
30.02978706275409,34.536374143909455
29.565873686752802,34.006187428479414
28.969413631894,33.47600071304937
31.090160493614178,35.13283419876826
30.55997377818413,34.536374143909455
30.096060402182843,34.13873410733692
30.55997377818413,34.66892082276697
29.632147026181556,34.006187428479414
29.101960310751508,33.60854739190688
29.89724038389658,32.81326731876182
29.234506989609024,32.15053392447426
30.073969289039923,31.62034720904422
31.355253851329195,31.156433833042932
30.825067135899154,30.55997377818413
32.15053392447426,29.632147026181556
31.62034720904422,29.16823365018027
31.156433833042932,30.55997377818413
31.885440566759243,30.02978706275409
31.355253851329195,29.632147026181556
31.885440566759243,31.752893887901728
31.222707172471686,31.090160493614178
30.55997377818413,32.415627282189284
30.02978706275409,32.945813997619325
30.02978706275409,32.15053392447426
30.02978706275409,31.62034720904422
30.55997377818413,31.090160493614178
30.02978706275409,30.55997377818413
31.090160493614178,30.162333741611597
31.090160493614178,30.825067135899154
30.55997377818413,31.222707172471686
30.02978706275409,31.222707172471686
29.49960034732404,32.74699397933306
29.035686971322754,32.15053392447426
28.969413631894,31.62034720904422
29.49960034732404,34.27128078619444
29.89724038389658,33.80736741019315
29.234506989609024,33.21090735533435
29.764693705039065,33.40972737362062
28.969413631894,33.21090735533435
30.55997377818413,32.68072063990431
31.090160493614178,32.283080603331776
31.090160493614178,32.283080603331776
30.626247117612884,31.752893887901728
30.02978706275409,31.222707172471686
30.02978706275409,32.81326731876182
30.02978706275409,32.15053392447426
30.55997377818413,31.62034720904422
30.096060402182843,34.13873410733692
31.090160493614178,33.47600071304937
30.55997377818413,35.33165421705452
30.02978706275409,34.867740841053234
29.565873686752802,34.80146750162448
29.101960310751508,34.33755412562319
29.764693705039065,33.873640749621906
29.632147026181556,33.40972737362062
29.101960310751508,33.07836067647684
30.02978706275409,32.48190062161804
29.49960034732404,33.07836067647684
30.626247117612884,34.33755412562319
31.090160493614178,33.74109407076439
30.957613814756662,36.39202764791461
30.42742709932662,35.86184093248457
29.764693705039065,35.33165421705452
29.234506989609024,34.80146750162448
28.903140292465245,37.4524010787747
28.306680237606443,36.92221436334465
27.445126825032624,36.39202764791461
26.981213449031337,35.86184093248457
26.31848005474378,35.39792755648328
25.523199981598715,34.80146750162448
24.860466587311166,34.40382746505195
24.0651865141661,34.40382746505195
23.534999798736052,34.80146750162448
23.00481308330601,35.72929425362706
22.342079689018455,35.19910753819701
22.80599306501974,36.98848770277341
22.60717304673348,36.39202764791461
22.07698633130343,37.31985439991719
21.41425293701588,36.78966768448714
20.81779288215708,36.524574326772125
20.353879506155792,35.86184093248457
19.42605275415322,35.33165421705452
18.89586603872317,34.867740841053234
18.36567932329313,34.13873410733692
17.901765947291842,33.674820731335636
17.835492607863088,33.34345403419186
17.371579231861794,34.13873410733692
16.775119177003,33.54227405247813
16.775119177003,33.34345403419186
16.775119177003,33.80736741019315
17.30530589243304,34.27128078619444
16.775119177003,33.873640749621906
17.835492607863088,33.47600071304937
17.835492607863088,33.01208733704808
17.835492607863088,32.48190062161804
17.835492607863088,32.283080603331776
18.498226002150638,33.2771806947631
17.968039286720597,32.68072063990431
19.160959396438194,34.33755412562319
20.751519542728325,33.74109407076439
20.221332827298284,34.60264748333822
19.691146111868235,35.0665608593395
21.01661290044335,35.464200895912036
20.353879506155792,35.33165421705452
20.088786148440768,34.66892082276697
19.691146111868235,34.40382746505195
19.160959396438194,34.006187428479414
18.630772681008153,33.34345403419186
18.100585965578105,32.74699397933306
17.63667258957682,32.283080603331776
17.040212534718023,33.74109407076439
16.377479140430466,33.21090735533435
15.847292425000418,32.68072063990431
15.184559030712869,34.27128078619444
14.521825636425312,33.74109407076439
13.991638920995271,33.21090735533435
13.328905526707715,32.68072063990431
12.666172132420158,32.283080603331776
12.135985416990117,33.21090735533435
11.47325202270256,32.74699397933306
10.94306530727252,32.01798724561675
10.412878591842478,31.28898051190044
,31.222707172471686
,31.355253851329195
,31.885440566759243
,32.74699397933306
,32.283080603331776
,33.07836067647684
,32.48190062161804
,32.945813997619325
,32.54817396104679
,32.01798724561675
,31.355253851329195
,30.825067135899154
,30.162333741611597
,29.49960034732404
,29.101960310751508
,28.704320274178976
,28.174133558748935
,27.776493522176402
,27.710220182747648
,27.24630680674636
,26.84866677017383
,26.31848005474378
,25.258106623883698
,24.72791990845365
,24.19773319302361
,23.800093156451076
,23.402453119878544
,22.872266404448496
,22.60717304673348
,23.269906441021035
,22.60717304673348
,22.07698633130343
,21.54679961587339
,21.149159579300857
,20.751519542728325
,20.287606166727038
,20.088786148440768
,19.691146111868235
,19.160959396438194
,18.498226002150638
,17.835492607863088
,17.30530589243304
,16.907665855860508
,17.437852571290556
,16.775119177003
,16.112385782715442
,15.582199067285401
,15.449652388427886
,14.919465672997845
,14.455552296996558
,13.991638920995271
,13.593998884422739
,13.130085508421452
,12.621989906134324
,14.256732278710288
,13.593998884422739
,13.06381216899269
,14.521825636425312
,13.991638920995271
,13.461452205565223
,13.06381216899269
,12.599898792991404
,12.33480543527638
,11.804618719846339
,11.340705343845052
,10.94306530727252
,10.457060818128312
,10.81051862841501
,10.214058573556208
,9.683871858126167
,9.219958482124873
,8.822318445552341
,8.2921317301223
,7.828218354121013
,7.231758299262211
,6.834118262689678
,6.436478226117146
,5.972564850115859
,5.442378134685818
,4.978464758684531
