Y(hoy),Y(ayer)
5.1110114375420395,4.315731364396974
4.713371400969507,3.8518179883956876
5.6411981529720805,4.05063800668195
5.1110114375420395,3.6529979701094177
4.713371400969507,4.448278043254483
5.420287021542897,4.183184685539466
4.978464758684531,3.5867246306806635
5.3761047952570635,3.454177951823155
4.713371400969507,3.3879046123944008
4.580824722111998,2.990264575821868
3.984364667253196,2.5263511998205814
3.5867246306806635,1.9961644843905333
3.189084594108131,1.5985244478179936
2.725171218106837,2.194984502676803
2.3275311815343116,1.7973444661042635
3.3879046123944008,1.3334310901029767
2.923991236393107,1.2671577506742295
2.5926245392493286,1.1346110718167068
2.3275311815343116,0.67069769581542
2.46007786039182,0.20678431981413326
2.46007786039182,0.20678431981413326
1.929891144961772,0.20678431981413326
1.399704429531738,0.20678431981413326
1.9740733712476128,-0.1908557167583922
2.194984502676803,-0.7873157716172017
1.5322511083892465,-0.654769092759679
0.9357910535304512,-0.1908557167583922
0.47187767752916443,-0.45594907447342337
0.20678431981413326,-0.8535891110459488
0.20678431981413326,-0.8535891110459488
0.20678431981413326,-0.8535891110459488
0.20678431981413326,-0.8535891110459488
0.07423764095662477,-0.8535891110459488
-0.5222224139021705,-0.8535891110459488
-0.8535891110459488,-0.8535891110459488
-0.8535891110459488,-1.2512291476184885
-0.9861357899034573,-1.8476892024772837
-1.4279580527618378,-1.913962541906045
-0.8535891110459488,-1.913962541906045
-1.11868246876098,-1.648869184191014
-0.7873157716172017,-1.2512291476184885
0.14051098038538612,-1.913962541906045
0.20678431981413326,-1.7814158630485224
0.7369710352441814,-0.9861357899034573
1.0020643929591984,-0.8535891110459488
2.3275311815343116,-0.8535891110459488
2.46007786039182,-0.8535891110459488
3.5204512912519093,-0.8535891110459488
3.5204512912519093,-0.8535891110459488
4.183184685539466,-0.389675735044662
5.972564850115859,-0.05830903790088371
5.508651474114572,-0.5884957533309318
6.436478226117146,0.47187767752916443
13.859092242137756,0.8695177141016899
13.328905526707715,1.2671577506742295
15.184559030712869,1.2671577506742295
14.65437231528282,3.034446802107695
15.582199067285401,2.46007786039182
16.244932461572958,2.0624378238192946
15.71474574614291,3.3879046123944008
14.919465672997845,2.725171218106837
14.256732278710288,3.255357933536885
13.593998884422739,4.315731364396974
14.256732278710288,4.779644740398261
15.052012351855353,6.436478226117146
15.71474574614291,5.906291510687105
16.907665855860508,6.834118262689678
20.751519542728325,7.099211620404702
21.811892973588414,7.629398335834743
21.281706258158366,9.087411803267365
22.60717304673348,8.689771766694832
23.33617978044979,10.147785234127454
24.0651865141661,10.81051862841501
24.72791990845365,12.003438738132608
26.053386697028763,11.605798701560076
25.523199981598715,14.389278957567804
27.90904020103391,13.859092242137756
27.37885348560387,13.328905526707715
29.764693705039065,15.71474574614291
29.101960310751508,15.184559030712869
28.83686695303649,16.510025819287975
28.43922691646396,16.112385782715442
27.511400164461378,15.847292425000418
26.981213449031337,16.244932461572958
26.31848005474378,16.907665855860508
25.78829333931374,16.510025819287975
25.523199981598715,15.979839103857934
25.125559945026183,15.317105709570377
23.99891317473734,14.85319233356909
23.534999798736052,15.979839103857934
24.241915419309443,15.582199067285401
24.330279871881118,16.775119177003
24.993013266168674,18.100585965578105
25.523199981598715,19.42605275415322
24.993013266168674,19.028412717580686
25.390653302741207,21.01661290044335
26.64984675188756,20.4864261850133
27.113760127888845,22.342079689018455
28.174133558748935,21.811892973588414
27.643946843318894,22.739719725590987
28.969413631894,23.269906441021035
28.571773595321467,24.19773319302361
26.31848005474378,23.800093156451076
25.722019999884985,25.258106623883698
27.643946843318894,24.72791990845365
27.180033467317607,26.31848005474378
26.716120091316313,25.78829333931374
26.451026733601296,28.43922691646396
26.185933375886272,27.90904020103391
25.832475565599573,27.37885348560387
26.583573412458804,30.825067135899154
26.053386697028763,30.361153759897867
25.125559945026183,29.764693705039065
24.860466587311166,30.294880420469113
24.330279871881118,29.89724038389658
23.800093156451076,29.49960034732404
23.402453119878544,28.969413631894
24.19773319302361,28.174133558748935
23.667546477593568,28.704320274178976
23.932639835308585,28.174133558748935
23.534999798736052,27.643946843318894
24.462826550738633,26.981213449031337
24.0651865141661,26.716120091316313
24.330279871881118,26.31848005474378
23.932639835308585,25.78829333931374
23.269906441021035,25.258106623883698
24.59537322959614,24.661646569024896
24.286097645595284,24.72791990845365
23.269906441021035,25.302288850169532
23.402453119878544,24.993013266168674
24.59537322959614,24.59537322959614
26.583573412458804,24.59537322959614
26.053386697028763,25.523199981598715
25.65574666045623,26.84866677017383
26.31848005474378,26.451026733601296
25.65574666045623,27.37885348560387
24.993013266168674,28.704320274178976
25.523199981598715,28.174133558748935
24.59537322959614,29.89724038389658
28.704320274178976,29.234506989609024
28.041586879891426,29.632147026181556
27.511400164461378,29.367053668466532
27.04748678846009,28.969413631894
26.583573412458804,28.43922691646396
28.704320274178976,27.90904020103391
28.174133558748935,27.511400164461378
27.643946843318894,26.185933375886272
27.113760127888845,25.78829333931374
26.64984675188756,27.37885348560387
27.04748678846009,26.84866677017383
27.643946843318894,26.84866677017383
26.892848996459662,26.31848005474378
26.31848005474378,25.65574666045623
25.722019999884985,25.722019999884985
27.643946843318894,26.384753394172535
27.113760127888845,25.832475565599573
28.704320274178976,26.583573412458804
28.174133558748935,27.643946843318894
27.90904020103391,27.180033467317607
27.37885348560387,26.451026733601296
26.84866677017383,25.78829333931374
27.776493522176402,27.423035711889703
27.113760127888845,26.84866677017383
26.716120091316313,26.31848005474378
26.185933375886272,27.776493522176402
26.716120091316313,27.776493522176402
27.312580146175115,27.37885348560387
26.981213449031337,26.84866677017383
27.776493522176402,26.31848005474378
27.113760127888845,25.78829333931374
26.716120091316313,25.523199981598715
29.764693705039065,24.993013266168674
29.16823365018027,24.19773319302361
29.234506989609024,23.667546477593568
28.704320274178976,22.872266404448496
28.306680237606443,22.474626367875963
27.90904020103391,23.269906441021035
28.704320274178976,23.402453119878544
28.174133558748935,23.534999798736052
27.710220182747648,24.19773319302361
27.113760127888845,24.72791990845365
26.451026733601296,25.258106623883698
25.920840018171248,24.72791990845365
25.65574666045623,24.0651865141661
27.90904020103391,23.534999798736052
27.37885348560387,25.258106623883698
26.84866677017383,24.860466587311166
28.571773595321467,24.59537322959614
28.903140292465245,24.0651865141661
28.83686695303649,23.667546477593568
29.367053668466532,24.72791990845365
29.963513723325335,24.330279871881118
30.02978706275409,25.125559945026183
29.49960034732404,24.59537322959614
29.035686971322754,24.0651865141661
30.55997377818413,23.534999798736052
31.090160493614178,24.993013266168674
30.02978706275409,24.462826550738633
29.49960034732404,23.932639835308585
29.101960310751508,26.583573412458804
33.74109407076439,26.119660036457518
33.21090735533435,25.65574666045623
32.81326731876182,25.78829333931374
35.90602315877041,26.451026733601296
35.464200895912036,25.987113357600002
37.187307721059675,26.716120091316313
36.524574326772125,27.113760127888845
35.86184093248457,28.704320274178976
35.19910753819701,28.24040689817769
34.66892082276697,27.776493522176402
34.40382746505195,28.174133558748935
37.4524010787747,26.583573412458804
37.054761042202166,26.053386697028763
35.86184093248457,25.523199981598715
35.39792755648328,24.993013266168674
37.4524010787747,24.462826550738633
36.92221436334465,23.932639835308585
34.80146750162448,23.534999798736052
34.27128078619444,25.05928660559743
33.80736741019315,26.053386697028763
33.21090735533435,25.523199981598715
32.68072063990431,27.113760127888845
32.216807263903014,26.451026733601296
31.62034720904422,26.053386697028763
31.222707172471686,25.390653302741207
32.415627282189284,24.860466587311166
33.21090735533435,24.59537322959614
33.144634015905595,28.571773595321467
32.54817396104679,28.041586879891426
32.283080603331776,27.24630680674636
31.885440566759243,26.583573412458804
31.355253851329195,26.053386697028763
30.957613814756662,27.710220182747648
29.764693705039065,27.113760127888845
29.234506989609024,27.776493522176402
28.83686695303649,27.776493522176402
31.222707172471686,27.113760127888845
30.096060402182843,27.511400164461378
29.632147026181556,26.981213449031337
30.957613814756662,25.78829333931374
29.89724038389658,25.258106623883698
34.27128078619444,24.72791990845365
33.74109407076439,27.37885348560387
33.21090735533435,26.84866677017383
32.74699397933306,26.31848005474378
32.15053392447426,28.704320274178976
31.48780053018671,28.174133558748935
30.957613814756662,27.776493522176402
30.361153759897867,27.37885348560387
29.764693705039065,26.84866677017383
29.234506989609024,27.37885348560387
28.704320274178976,26.84866677017383
28.24040689817769,30.825067135899154
27.643946843318894,30.22860708104035
27.113760127888845,29.764693705039065
26.716120091316313,29.234506989609024
25.258106623883698,28.704320274178976
24.72791990845365,28.306680237606443
24.330279871881118,32.15053392447426
22.60717304673348,31.62034720904422
22.209533010160946,31.090160493614178
21.811892973588414,30.55997377818413
21.281706258158366,30.02978706275409
20.618972863870816,29.49960034732404
19.42605275415322,29.101960310751508
19.95623946958326,28.63804693475022
19.42605275415322,28.174133558748935
18.89586603872317,29.234506989609024
17.835492607863088,29.764693705039065
19.22723273586695,29.300780329037778
18.763319359865662,29.83096704446782
19.691146111868235,29.367053668466532
19.160959396438194,30.294880420469113
18.697046020436908,30.825067135899154
18.100585965578105,31.222707172471686
18.630772681008153,32.15053392447426
19.160959396438194,31.62034720904422
19.82369279072575,34.006187428479414
20.088786148440768,33.47600071304937
20.884066221585833,32.945813997619325
21.480526276444635,36.657121005629634
22.07698633130343,36.126934290199586
21.54679961587339,35.72929425362706
21.21543291872961,38.51277450963478
20.751519542728325,38.048861133633494
20.221332827298284,37.4524010787747
20.15505948786953,37.717494436489716
20.81779288215708,37.187307721059675
20.221332827298284,36.78966768448714
21.347979597587127,36.524574326772125
23.534999798736052,36.126934290199586
22.342079689018455,35.596747574769545
21.811892973588414,35.19910753819701
21.149159579300857,34.536374143909455
20.618972863870816,33.873640749621906
20.15505948786953,33.47600071304937
20.751519542728325,34.27128078619444
23.402453119878544,33.873640749621906
22.07698633130343,33.74109407076439
23.269906441021035,34.80146750162448
20.884066221585833,34.27128078619444
20.353879506155792,35.33165421705452
20.088786148440768,33.74109407076439
21.811892973588414,33.21090735533435
21.281706258158366,32.68072063990431
24.72791990845365,32.15053392447426
23.402453119878544,31.62034720904422
23.00481308330601,30.294880420469113
25.523199981598715,30.825067135899154
24.993013266168674,30.294880420469113
24.59537322959614,31.090160493614178
23.667546477593568,33.74109407076439
23.269906441021035,32.945813997619325
23.269906441021035,32.415627282189284
24.462826550738633,32.01798724561675
25.65574666045623,36.39202764791461
26.384753394172535,35.86184093248457
25.920840018171248,35.39792755648328
26.583573412458804,34.80146750162448
25.390653302741207,34.40382746505195
26.716120091316313,35.596747574769545
25.78829333931374,35.0665608593395
27.37885348560387,34.40382746505195
26.84866677017383,33.74109407076439
28.704320274178976,33.21090735533435
28.174133558748935,32.54817396104679
27.37885348560387,31.885440566759243
26.716120091316313,31.28898051190044
26.451026733601296,31.090160493614178
26.053386697028763,30.55997377818413
25.65574666045623,29.89724038389658
27.90904020103391,29.367053668466532
27.37885348560387,28.704320274178976
26.84866677017383,28.174133558748935
26.451026733601296,27.643946843318894
28.748502500464816,27.24630680674636
28.903140292465245,26.583573412458804
28.571773595321467,26.053386697028763
28.174133558748935,25.523199981598715
27.776493522176402,24.993013266168674
28.571773595321467,24.19773319302361
27.90904020103391,23.534999798736052
27.37885348560387,22.60717304673348
26.84866677017383,22.07698633130343
28.704320274178976,21.281706258158366
28.10786021932018,20.751519542728325
27.776493522176402,19.82369279072575
28.704320274178976,19.160959396438194
28.174133558748935,18.89586603872317
27.511400164461378,18.498226002150638
26.981213449031337,18.100585965578105
26.451026733601296,19.42605275415322
28.704320274178976,18.89586603872317
28.174133558748935,20.022512809012014
27.710220182747648,19.82369279072575
26.716120091316313,19.359779414724457
26.451026733601296,20.088786148440768
26.053386697028763,19.359779414724457
25.65574666045623,20.751519542728325
26.384753394172535,21.149159579300857
25.78829333931374,21.082886239872103
26.981213449031337,20.751519542728325
26.716120091316313,20.221332827298284
25.78829333931374,20.088786148440768
25.258106623883698,20.4864261850133
24.72791990845365,21.082886239872103
24.19773319302361,21.54679961587339
23.800093156451076,22.60717304673348
23.269906441021035,22.209533010160946
24.993013266168674,23.13735976216352
24.59537322959614,22.60717304673348
25.523199981598715,22.07698633130343
25.523199981598715,21.54679961587339
25.05928660559743,22.342079689018455
24.59537322959614,21.944439652445922
23.667546477593568,23.13735976216352
23.468726459307298,22.07698633130343
23.932639835308585,22.60717304673348
23.402453119878544,21.54679961587339
24.462826550738633,24.19773319302361
22.07698633130343,23.667546477593568
21.54679961587339,23.269906441021035
21.149159579300857,23.733819817022322
22.143259670732192,24.330279871881118
21.679346294730898,23.932639835308585
21.01661290044335,24.72791990845365
20.552699524442062,24.19773319302361
20.088786148440768,23.800093156451076
21.01661290044335,26.64984675188756
20.4864261850133,26.053386697028763
20.353879506155792,26.716120091316313
18.89586603872317,27.113760127888845
17.437852571290556,27.643946843318894
16.907665855860508,27.113760127888845
17.30530589243304,26.716120091316313
17.968039286720597,25.302288850169532
14.786918994140336,24.72791990845365
15.449652388427886,26.31848005474378
15.052012351855353,25.390653302741207
16.112385782715442,24.993013266168674
16.907665855860508,24.59537322959614
15.71474574614291,25.523199981598715
15.250832370141623,27.37885348560387
14.521825636425312,26.84866677017383
14.256732278710288,26.31848005474378
13.726545563280247,27.776493522176402
13.461452205565223,27.710220182747648
13.328905526707715,27.113760127888845
12.931265490135182,26.583573412458804
12.268532095847625,26.119660036457518
11.738345380417584,25.65574666045623
11.340705343845052,26.583573412458804
9.352505160982389,26.185933375886272
8.557225087837324,27.113760127888845
8.027038372407276,27.90904020103391
8.557225087837324,27.511400164461378
8.159585051264791,28.306680237606443
8.954865124409856,28.969413631894
8.2921317301223,29.764693705039065
,29.367053668466532
,28.969413631894
,28.43922691646396
,28.041586879891426
,27.643946843318894
,27.113760127888845
,27.24630680674636
,27.643946843318894
,26.583573412458804
,25.920840018171248
,26.31848005474378
,27.113760127888845
,26.716120091316313
,27.511400164461378
,26.782393430745074
,26.981213449031337
,27.445126825032624
,26.84866677017383
,26.384753394172535
,25.78829333931374
,25.125559945026183
,24.72791990845365
,26.053386697028763
,25.523199981598715
,25.125559945026183
,26.716120091316313
,26.31848005474378
,25.78829333931374
,25.125559945026183
,24.462826550738633
,23.99891317473734
,23.534999798736052
,25.258106623883698
,24.462826550738633
,23.800093156451076
,23.534999798736052
,24.19773319302361
,23.667546477593568
,22.739719725590987
,23.269906441021035
,22.872266404448496
,22.40835302844721
,22.474626367875963
,23.667546477593568
,23.13735976216352
,24.19773319302361
,23.402453119878544
,22.342079689018455
,21.679346294730898
,20.751519542728325
,19.691146111868235
,19.293506075295703
,19.95623946958326
,19.82369279072575
,18.89586603872317
,18.498226002150638
,17.968039286720597
,17.570399250148064
,16.907665855860508
,15.979839103857934
,15.582199067285401
,14.65437231528282
,15.184559030712869
,14.786918994140336
,16.377479140430466
,15.71474574614291
,15.979839103857934
,15.449652388427886
,15.052012351855353
,14.588098975854066
,14.389278957567804
,13.859092242137756
,13.06381216899269
,12.53362545356265
,11.738345380417584
,11.208158664987543
,10.677971949557495
,10.280331912984963
,11.075611986130028
,10.677971949557495
,10.015238555269946
,9.485051839839898
,8.822318445552341
,8.2921317301223
,7.894491693549767
,7.894491693549767
