Y(hoy),Y(ayer)
10.214058573556208,6.834118262689678
10.677971949557495,6.436478226117146
11.208158664987543,5.972564850115859
10.545425270699987,5.773744831829596
10.0815118946987,5.773744831829596
10.147785234127454,5.773744831829596
10.147785234127454,5.773744831829596
9.617598518697413,5.508651474114572
9.087411803267365,4.845918079827015
8.954865124409856,4.448278043254483
8.689771766694832,3.6529979701094177
8.159585051264791,3.3879046123944008
8.071220598693117,2.990264575821868
8.822318445552341,2.5263511998205814
8.358405069551054,2.2612578421055503
8.2921317301223,1.664797787246755
7.761945014692259,1.2671577506742295
7.099211620404702,1.2671577506742295
6.834118262689678,1.2671577506742295
6.70157158383217,1.2671577506742295
6.171384868402129,1.2671577506742295
5.84001817125835,1.0020643929591984
6.480660452402979,0.33933099867164174
6.436478226117146,0.20678431981413326
5.906291510687105,0.20678431981413326
5.906291510687105,0.20678431981413326
6.480660452402979,0.20678431981413326
6.70157158383217,0.20678431981413326
6.038838189544613,0.20678431981413326
5.773744831829596,0.20678431981413326
5.6411981529720805,0.20678431981413326
5.1110114375420395,0.20678431981413326
4.647098061540753,-0.1908557167583922
4.580824722111998,-0.654769092759679
4.580824722111998,-0.05830903790088371
4.580824722111998,-0.5884957533309318
4.05063800668195,-0.45594907447342337
3.5204512912519093,-0.8535891110459488
3.3879046123944008,-0.45594907447342337
3.1228112546793767,-0.05830903790088371
2.5926245392493286,-0.7210424321884403
2.46007786039182,-0.8535891110459488
2.46007786039182,-0.8535891110459488
2.46007786039182,-0.8535891110459488
2.46007786039182,-0.8535891110459488
2.46007786039182,-0.8535891110459488
1.7973444661042635,-0.8535891110459488
1.3334310901029767,-0.05830903790088371
1.5322511083892465,-0.5884957533309318
2.194984502676803,-0.45594907447342337
2.194984502676803,-0.8535891110459488
1.5322511083892465,-0.8535891110459488
1.2671577506742295,-0.8535891110459488
1.2671577506742295,-0.8535891110459488
1.5322511083892465,-0.8535891110459488
2.194984502676803,-0.8535891110459488
2.194984502676803,-0.8535891110459488
1.5322511083892465,-0.7210424321884403
1.2671577506742295,-0.1908557167583922
1.2671577506742295,0.20678431981413326
1.2671577506742295,0.20678431981413326
1.3334310901029767,0.20678431981413326
1.7310711266755163,0.20678431981413326
1.2671577506742295,0.20678431981413326
2.194984502676803,0.20678431981413326
1.7310711266755163,0.20678431981413326
1.3334310901029767,0.7369710352441814
1.2671577506742295,1.2671577506742295
1.2671577506742295,1.3334310901029767
1.2008844112454682,2.194984502676803
1.1346110718167068,2.725171218106837
0.47187767752916443,3.3879046123944008
0.38351322495748263,3.6529979701094177
1.1346110718167068,4.183184685539466
0.6044243563866729,3.918091327824442
1.2671577506742295,3.6529979701094177
1.2671577506742295,4.448278043254483
1.2671577506742295,4.713371400969507
1.2671577506742295,5.243558116399548
1.2671577506742295,4.713371400969507
1.2671577506742295,6.569024904974661
1.2671577506742295,5.906291510687105
1.5985244478179936,7.298031638690972
2.23916672896263,7.828218354121013
1.2671577506742295,8.424678408979808
1.7310711266755163,7.894491693549767
2.3275311815343116,10.280331912984963
2.46007786039182,9.617598518697413
2.46007786039182,9.087411803267365
2.46007786039182,11.539525362131315
2.46007786039182,10.94306530727252
2.504260086677661,12.069712077561363
3.3879046123944008,13.196358847850206
2.725171218106837,12.53362545356265
3.5204512912519093,14.521825636425312
3.6529979701094177,13.859092242137756
4.315731364396974,16.377479140430466
4.183184685539466,15.71474574614291
3.6529979701094177,15.184559030712869
4.580824722111998,17.570399250148064
4.05063800668195,17.106485874146777
5.1110114375420395,17.437852571290556
5.6411981529720805,16.907665855860508
4.978464758684531,18.630772681008153
4.514551382683237,18.100585965578105
4.580824722111998,19.691146111868235
5.177284776970794,19.160959396438194
4.713371400969507,20.751519542728325
5.6411981529720805,20.221332827298284
5.773744831829596,21.21543291872961
5.773744831829596,22.739719725590987
5.84001817125835,22.07698633130343
6.436478226117146,21.54679961587339
5.906291510687105,24.462826550738633
7.099211620404702,23.932639835308585
7.761945014692259,23.402453119878544
8.071220598693117,27.113760127888845
8.822318445552341,26.583573412458804
8.358405069551054,26.053386697028763
8.159585051264791,25.523199981598715
7.894491693549767,24.993013266168674
7.894491693549767,28.571773595321467
7.960765032978522,27.90904020103391
8.557225087837324,29.89724038389658
8.027038372407276,29.234506989609024
8.954865124409856,31.222707172471686
8.2921317301223,30.55997377818413
7.894491693549767,32.54817396104679
8.866500671838182,31.885440566759243
8.2921317301223,34.40382746505195
9.087411803267365,33.74109407076439
9.750145197554922,33.21090735533435
10.457060818128312,35.6630209141983
11.738345380417584,35.0665608593395
11.208158664987543,36.126934290199586
12.268532095847625,37.4524010787747
12.798718811277674,36.92221436334465
12.401078774705141,36.524574326772125
13.461452205565223,38.57904784906354
14.168367826138613,37.98258779420474
14.389278957567804,41.20789031307084
14.389278957567804,40.63352137135496
13.726545563280247,40.10333465592491
13.461452205565223,39.57314794049488
13.06381216899269,39.04296122506483
12.577807679848483,43.15190826964766
13.328905526707715,42.48917487536011
12.931265490135182,41.95898815993007
13.726545563280247,43.41700162736269
14.389278957567804,43.94718834279273
14.521825636425312,43.81464166393522
14.65437231528282,43.35072828793393
15.250832370141623,42.75426823307514
15.71474574614291,42.29035485707385
15.71474574614291,41.69389480221505
16.775119177003,41.16370808678501
16.244932461572958,41.03116140792749
15.71474574614291,40.63352137135496
17.879674834148922,40.16960799535367
17.30530589243304,39.57314794049488
18.630772681008153,39.10923456449358
18.630772681008153,38.51277450963478
18.100585965578105,38.048861133633494
17.570399250148064,37.58494775763221
17.040212534718023,36.92221436334465
16.775119177003,36.458300987343364
17.835492607863088,35.86184093248457
17.30530589243304,37.054761042202166
17.30530589243304,36.39202764791461
16.841392516431753,37.78376777591848
17.835492607863088,37.85004111534723
17.437852571290556,38.31395449134852
17.702945929005573,37.85004111534723
17.437852571290556,38.77786786734981
17.040212534718023,38.247681151919764
17.835492607863088,37.717494436489716
18.89586603872317,37.187307721059675
18.36567932329313,36.524574326772125
18.03431262614935,35.92811427191332
18.630772681008153,36.39202764791461
20.751519542728325,36.126934290199586
20.15505948786953,35.72929425362706
19.691146111868235,35.33165421705452
19.160959396438194,34.867740841053234
18.100585965578105,34.4701008044807
21.01661290044335,35.19910753819701
20.4864261850133,34.66892082276697
20.088786148440768,34.80146750162448
21.149159579300857,34.27128078619444
20.618972863870816,33.80736741019315
21.856075199874248,33.07836067647684
21.944439652445922,32.415627282189284
21.41425293701588,31.885440566759243
23.181541988449354,31.42152719075795
22.60717304673348,31.885440566759243
22.07698633130343,31.355253851329195
21.54679961587339,30.825067135899154
23.402453119878544,30.294880420469113
22.872266404448496,30.825067135899154
22.209533010160946,30.361153759897867
24.72791990845365,29.89724038389658
24.19773319302361,29.49960034732404
23.667546477593568,29.035686971322754
23.13735976216352,28.770593613607737
22.60717304673348,28.174133558748935
25.523199981598715,27.710220182747648
25.390653302741207,27.113760127888845
25.125559945026183,26.716120091316313
24.72791990845365,27.975313540462672
25.78829333931374,27.511400164461378
25.258106623883698,28.483409142749792
26.583573412458804,28.174133558748935
26.782393430745074,27.643946843318894
27.113760127888845,27.113760127888845
26.716120091316313,26.716120091316313
27.776493522176402,27.643946843318894
28.969413631894,27.24630680674636
28.43922691646396,29.101960310751508
29.89724038389658,28.43922691646396
29.367053668466532,28.041586879891426
29.101960310751508,29.764693705039065
28.83686695303649,29.367053668466532
29.764693705039065,28.969413631894
29.234506989609024,28.505500255892713
28.83686695303649,27.997404653605592
30.825067135899154,28.770593613607737
30.22860708104035,29.764693705039065
29.89724038389658,29.300780329037778
31.355253851329195,29.234506989609024
32.15053392447426,28.571773595321467
31.81916722733048,27.90904020103391
31.355253851329195,27.37885348560387
32.01798724561675,26.84866677017383
32.68072063990431,28.571773595321467
33.21090735533435,27.90904020103391
33.01208733704808,27.37885348560387
32.81326731876182,29.300780329037778
32.34935394276053,29.764693705039065
32.68072063990431,29.234506989609024
32.68072063990431,28.770593613607737
31.885440566759243,28.21831578503477
31.48780053018671,27.776493522176402
30.55997377818413,30.162333741611597
30.02978706275409,29.49960034732404
31.62034720904422,28.969413631894
31.090160493614178,30.825067135899154
30.55997377818413,30.294880420469113
30.162333741611597,29.764693705039065
34.27128078619444,29.300780329037778
33.74109407076439,30.957613814756662
33.21090735533435,30.294880420469113
32.68072063990431,29.89724038389658
32.216807263903014,31.222707172471686
31.62034720904422,31.222707172471686
31.222707172471686,31.42152719075795
32.415627282189284,31.885440566759243
31.885440566759243,32.283080603331776
32.945813997619325,31.885440566759243
32.945813997619325,31.42152719075795
32.415627282189284,31.951713906187997
31.885440566759243,31.48780053018671
31.355253851329195,33.07836067647684
32.194716150760094,32.415627282189284
31.62034720904422,34.27128078619444
33.52018293933521,33.74109407076439
32.945813997619325,33.21090735533435
34.27128078619444,32.68072063990431
33.74109407076439,32.15053392447426
33.34345403419186,31.62034720904422
34.27128078619444,31.090160493614178
33.80736741019315,30.626247117612884
34.006187428479414,30.162333741611597
33.47600071304937,32.15053392447426
33.21090735533435,33.2771806947631
32.68072063990431,32.68072063990431
32.34935394276053,33.21090735533435
33.07836067647684,32.68072063990431
33.74109407076439,33.21090735533435
34.27128078619444,34.27128078619444
33.60854739190688,33.80736741019315
33.07836067647684,33.47600071304937
32.415627282189284,33.34345403419186
32.084260585045506,33.34345403419186
32.15053392447426,32.68072063990431
31.48780053018671,32.15053392447426
31.222707172471686,31.62034720904422
30.825067135899154,31.222707172471686
30.294880420469113,32.945813997619325
29.764693705039065,32.415627282189284
29.234506989609024,31.885440566759243
28.704320274178976,31.355253851329195
28.174133558748935,36.39202764791461
27.776493522176402,35.86184093248457
28.704320274178976,35.39792755648328
28.174133558748935,34.80146750162448
27.643946843318894,34.27128078619444
26.981213449031337,33.74109407076439
26.583573412458804,35.596747574769545
26.583573412458804,35.0665608593395
26.119660036457518,34.66892082276697
25.722019999884985,36.98848770277341
25.125559945026183,36.39202764791461
24.462826550738633,35.86184093248457
23.932639835308585,39.04296122506483
23.269906441021035,38.446501170206034
23.00481308330601,37.98258779420474
22.60717304673348,37.4524010787747
22.07698633130343,39.838241298209894
21.54679961587339,38.77786786734981
23.13735976216352,38.247681151919764
22.474626367875963,37.717494436489716
21.944439652445922,37.187307721059675
21.54679961587339,36.657121005629634
22.07698633130343,36.126934290199586
21.54679961587339,35.72929425362706
21.01661290044335,37.58494775763221
20.4864261850133,36.92221436334465
20.088786148440768,36.524574326772125
21.01661290044335,38.84414120677856
20.618972863870816,38.247681151919764
21.082886239872103,39.705694619352386
20.4864261850133,39.2417812433511
20.022512809012014,38.976687885636075
19.42605275415322,38.91041454620732
18.763319359865662,38.91041454620732
18.23313264443562,38.976687885636075
17.835492607863088,41.097434747356246
17.901765947291842,40.10333465592491
18.36567932329313,39.57314794049488
18.89586603872317,43.32863717479101
18.23313264443562,42.75426823307514
17.769219268434327,42.22408151764509
17.835492607863088,41.69389480221505
17.835492607863088,40.63352137135496
17.835492607863088,44.676195076509046
17.30530589243304,44.079735021650244
16.841392516431753,45.14010845251033
17.63667258957682,45.53774848908286
17.040212534718023,45.53774848908286
18.23313264443562,45.47147514965411
18.89586603872317,44.87501509479531
18.36567932329313,44.34482837936527
18.03431262614935,43.81464166393522
18.674954907293987,43.28445494850518
18.89586603872317,42.75426823307514
18.564499341579392,42.3566281965026
18.14476819186394,44.34482837936527
19.42605275415322,46.33302856222792
18.89586603872317,45.80284184679789
18.36567932329313,45.338928470796596
21.281706258158366,44.87501509479531
20.751519542728325,45.14010845251033
20.221332827298284,44.609921737080285
22.209533010160946,44.146008361079
22.209533010160946,43.5495483062202
21.944439652445922,43.15190826964766
21.54679961587339,42.3566281965026
21.149159579300857,41.56134812335753
22.07698633130343,41.16370808678501
21.613072955302144,41.82644148107256
21.811892973588414,41.49507478392878
21.347979597587127,41.03116140792749
22.60717304673348,42.02526149935882
22.07698633130343,42.55544821478887
23.13735976216352,43.019361590790155
22.872266404448496,42.48917487536011
22.342079689018455,42.02526149935882
23.402453119878544,41.428801444500024
23.00481308330601,41.03116140792749
23.269906441021035,40.898614729069976
23.00481308330601,40.36842801363994
22.60717304673348,39.838241298209894
23.932639835308585,39.308054582779846
23.468726459307298,38.77786786734981
25.523199981598715,38.247681151919764
24.993013266168674,37.58494775763221
24.529099890167387,37.054761042202166
24.993013266168674,36.2594809690571
24.59537322959614,35.6630209141983
25.523199981598715,35.19910753819701
25.125559945026183,34.536374143909455
26.053386697028763,34.006187428479414
25.65574666045623,33.40972737362062
26.583573412458804,33.21090735533435
26.053386697028763,32.54817396104679
25.722019999884985,31.885440566759243
26.31848005474378,31.28898051190044
26.31848005474378,30.957613814756662
25.78829333931374,30.294880420469113
25.258106623883698,29.764693705039065
24.72791990845365,29.234506989609024
26.583573412458804,31.62034720904422
26.053386697028763,31.090160493614178
25.523199981598715,30.55997377818413
25.125559945026183,30.02978706275409
27.180033467317607,29.632147026181556
27.643946843318894,32.15053392447426
27.113760127888845,31.885440566759243
26.64984675188756,31.355253851329195
26.451026733601296,30.692520457041645
26.185933375886272,30.42742709932662
25.832475565599573,30.02978706275409
26.84866677017383,29.49960034732404
26.31848005474378,29.035686971322754
27.423035711889703,28.83686695303649
27.643946843318894,28.903140292465245
27.113760127888845,30.55997377818413
26.716120091316313,30.02978706275409
27.643946843318894,29.49960034732404
27.113760127888845,29.101960310751508
27.643946843318894,32.01798724561675
27.113760127888845,31.554073869615465
26.782393430745074,31.090160493614178
27.113760127888845,31.28898051190044
26.716120091316313,31.222707172471686
27.643946843318894,31.222707172471686
27.180033467317607,31.222707172471686
26.583573412458804,31.222707172471686
26.053386697028763,32.194716150760094
25.523199981598715,31.62034720904422
25.05928660559743,34.006187428479414
24.529099890167387,33.40972737362062
24.462826550738633,32.945813997619325
25.523199981598715,33.21090735533435
24.993013266168674,32.68072063990431
24.59537322959614,32.283080603331776
26.583573412458804,33.21090735533435
26.053386697028763,34.006187428479414
26.053386697028763,33.47600071304937
25.65574666045623,33.47600071304937
26.716120091316313,32.945813997619325
27.180033467317607,32.415627282189284
26.716120091316313,31.885440566759243
27.643946843318894,31.355253851329195
27.180033467317607,34.006187428479414
26.782393430745074,33.47600071304937
27.423035711889703,32.945813997619325
26.84866677017383,32.54817396104679
28.704320274178976,34.33755412562319
28.174133558748935,33.93991408905066
28.43922691646396,33.47600071304937
27.90904020103391,32.945813997619325
27.24630680674636,32.283080603331776
26.782393430745074,32.01798724561675
26.583573412458804,31.62034720904422
25.920840018171248,31.222707172471686
25.65574666045623,31.222707172471686
25.125559945026183,32.216807263903014
24.529099890167387,31.62034720904422
24.462826550738633,31.222707172471686
23.800093156451076,33.21090735533435
23.33617978044979,32.68072063990431
23.402453119878544,34.07246076790817
23.402453119878544,33.60854739190688
23.402453119878544,34.60264748333822
22.739719725590987,35.19910753819701
22.2758063495897,34.80146750162448
22.342079689018455,34.27128078619444
22.342079689018455,33.74109407076439
21.811892973588414,33.2771806947631
21.149159579300857,32.68072063990431
20.4864261850133,32.283080603331776
22.07698633130343,33.07836067647684
21.41425293701588,32.415627282189284
20.884066221585833,32.283080603331776
20.4864261850133,32.74699397933306
20.088786148440768,33.2771806947631
21.811892973588414,33.21090735533435
21.281706258158366,32.74699397933306
20.618972863870816,32.15053392447426
20.088786148440768,31.62034720904422
19.558599433010727,31.090160493614178
19.09468605700944,30.626247117612884
21.01661290044335,30.162333741611597
20.4864261850133,31.664529435330053
19.95623946958326,31.090160493614178
19.95623946958326,30.55997377818413
19.42605275415322,32.945813997619325
18.763319359865662,32.415627282189284
18.498226002150638,33.34345403419186
17.968039286720597,33.40972737362062
17.437852571290556,34.27128078619444
16.907665855860508,33.80736741019315
18.89586603872317,33.2771806947631
18.36567932329313,32.68072063990431
17.835492607863088,32.283080603331776
17.30530589243304,33.21090735533435
16.907665855860508,34.050369654765255
18.100585965578105,33.60854739190688
17.570399250148064,33.74109407076439
17.040212534718023,33.21090735533435
16.64257249814549,32.68072063990431
17.835492607863088,32.283080603331776
17.437852571290556,32.945813997619325
17.835492607863088,33.2771806947631
17.437852571290556,32.68072063990431
15.184559030712869,32.216807263903014
14.12418559985278,31.62034720904422
13.593998884422739,31.090160493614178
12.931265490135182,30.55997377818413
12.53362545356265,30.02978706275409
13.107994395278524,29.49960034732404
12.53362545356265,29.035686971322754
13.461452205565223,28.43922691646396
13.461452205565223,27.90904020103391
13.726545563280247,32.68072063990431
14.389278957567804,32.15053392447426
,31.686620548472973
,31.090160493614178
,30.55997377818413
,30.02978706275409
,29.49960034732404
,29.101960310751508
,33.21090735533435
,31.885440566759243
,31.355253851329195
,30.825067135899154
,30.294880420469113
,32.45980950847512
,34.13873410733692
,33.60854739190688
,33.07836067647684
,33.25508958162019
,32.68072063990431
,32.283080603331776
,35.11074308562534
,34.536374143909455
,34.006187428479414
,34.80146750162448
,34.27128078619444
,33.74109407076439
,33.2771806947631
,32.72490286619014
,32.283080603331776
,33.60854739190688
,34.33755412562319
,34.27128078619444
,33.74109407076439
,33.34345403419186
,34.13873410733692
,33.873640749621906
,33.47600071304937
,32.945813997619325
,32.283080603331776
,31.62034720904422
,30.957613814756662
,30.42742709932662
,30.02978706275409
,31.222707172471686
,30.55997377818413
,30.162333741611597
,31.885440566759243
,31.355253851329195
,30.891340475327908
,30.162333741611597
,29.632147026181556
,29.035686971322754
,28.43922691646396
,27.90904020103391
,27.37885348560387
,26.84866677017383
,26.31848005474378
,25.78829333931374
,27.511400164461378
,27.04748678846009
,26.84866677017383
,26.31848005474378
,25.78829333931374
,25.258106623883698
,24.72791990845365
,24.19773319302361
,23.667546477593568
,23.00481308330601
,22.474626367875963
,22.143259670732192
,21.613072955302144
,20.884066221585833
,20.221332827298284
,19.558599433010727
,19.160959396438194
,19.691146111868235
,20.552699524442062
,20.088786148440768
,21.01661290044335
,20.552699524442062
,20.088786148440768
,19.691146111868235
,19.22723273586695
,18.498226002150638
,18.23313264443562
,17.835492607863088
,17.437852571290556
,16.510025819287975
,15.449652388427886
,15.052012351855353
,14.389278957567804
,13.90327446842359
,13.461452205565223
,14.389278957567804
,13.925365581566517
,13.328905526707715
,12.666172132420158
,11.870892059275093
,11.340705343845052
,12.31271432213346
,11.738345380417584
,13.06381216899269
,12.53362545356265
,12.003438738132608
,11.539525362131315
,12.003438738132608
