Y(hoy),Y(ayer)
-1.9802358813347922,-0.8535891110459488
-1.7814158630485224,-0.8535891110459488
-2.179055899621062,-1.5163225053335054
-1.383775826475997,-1.913962541906045
-2.1127825601923007,-1.648869184191014
-2.0465092207635536,-1.2512291476184885
-2.0465092207635536,-1.7151425236197753
-2.0465092207635536,-1.7151425236197753
-2.179055899621062,-1.11868246876098
-2.0465092207635536,-0.8535891110459488
-2.0465092207635536,-1.2512291476184885
-2.0023269944777127,-1.648869184191014
-1.2070469213326476,-0.9198624504747102
-1.7814158630485224,-0.8535891110459488
-0.9198624504747102,-0.8535891110459488
-0.8535891110459488,-0.45594907447342337
-0.8535891110459488,0.4056043381004031
-0.7210424321884403,-0.05830903790088371
-0.05830903790088371,1.0020643929591984
0.20678431981413326,1.2671577506742295
0.20678431981413326,1.399704429531738
0.20678431981413326,2.0624378238192946
0.2730576592428946,2.3275311815343116
0.67069769581542,2.3275311815343116
0.20678431981413326,2.5263511998205814
1.1346110718167068,3.0565379152506154
0.6044243563866729,3.5867246306806635
0.2730576592428946,4.05063800668195
1.0020643929591984,4.647098061540753
1.4438866558175647,5.508651474114572
2.3275311815343116,4.845918079827015
1.7973444661042635,6.767844923260924
2.990264575821868,6.171384868402129
3.3879046123944008,7.231758299262211
2.725171218106837,8.093311711836037
2.3938045209630587,7.629398335834743
2.46007786039182,8.623498427266078
2.46007786039182,9.087411803267365
3.0565379152506154,9.948965215841184
2.5926245392493286,9.485051839839898
3.5204512912519093,11.517434248988394
3.918091327824442,10.94306530727252
3.3879046123944008,10.412878591842478
4.580824722111998,13.395178866136469
4.845918079827015,12.798718811277674
4.448278043254483,12.268532095847625
5.420287021542897,13.859092242137756
5.707471492400835,14.786918994140336
5.773744831829596,14.256732278710288
5.906291510687105,16.112385782715442
6.480660452402979,15.449652388427886
6.70157158383217,16.775119177003
6.237658207830883,17.570399250148064
6.70157158383217,17.17275921357553
5.84001817125835,17.30530589243304
5.906291510687105,16.841392516431753
6.480660452402979,17.17275921357553
6.767844923260924,16.64257249814549
7.0108471678330275,18.962139378151925
7.761945014692259,18.36567932329313
7.364304978119726,17.835492607863088
8.093311711836037,20.618972863870816
8.623498427266078,19.95623946958326
9.087411803267365,19.42605275415322
9.485051839839898,21.878166313017168
8.954865124409856,21.281706258158366
10.147785234127454,23.534999798736052
10.74424528898625,22.872266404448496
11.208158664987543,22.342079689018455
11.208158664987543,25.390653302741207
11.208158664987543,24.72791990845365
11.252340891273377,24.19773319302361
12.047620964418442,26.716120091316313
11.47325202270256,26.053386697028763
12.33480543527638,27.975313540462672
12.798718811277674,27.37885348560387
13.328905526707715,30.02978706275409
13.461452205565223,29.49960034732404
13.527725544993984,28.969413631894
14.919465672997845,28.43922691646396
14.389278957567804,31.090160493614178
13.859092242137756,30.55997377818413
13.461452205565223,31.951713906187997
16.55420804557381,31.48780053018671
15.979839103857934,33.01208733704808
15.449652388427886,32.415627282189284
17.30530589243304,34.006187428479414
17.835492607863088,33.47600071304937
17.17275921357553,36.17111651648543
16.708845837574245,35.596747574769545
16.775119177003,35.0665608593395
16.64257249814549,34.536374143909455
16.112385782715442,37.4524010787747
15.582199067285401,36.98848770277341
17.084394761003857,36.92221436334465
16.510025819287975,36.524574326772125
15.979839103857934,36.126934290199586
17.702945929005573,35.596747574769545
17.040212534718023,35.0665608593395
17.702945929005573,34.40382746505195
17.040212534718023,33.74109407076439
18.36567932329313,33.21090735533435
18.89586603872317,32.54817396104679
18.36567932329313,32.283080603331776
18.03431262614935,31.752893887901728
18.674954907293987,31.222707172471686
19.205141622724028,30.957613814756662
18.763319359865662,30.42742709932662
19.95623946958326,30.02978706275409
21.01661290044335,29.565873686752802
20.4864261850133,29.16823365018027
21.21543291872961,29.83096704446782
21.856075199874248,30.825067135899154
21.281706258158366,30.361153759897867
23.13735976216352,30.162333741611597
22.540899707304725,30.02978706275409
22.872266404448496,30.891340475327908
22.342079689018455,30.42742709932662
22.651355273019313,31.355253851329195
22.209533010160946,32.216807263903014
23.932639835308585,31.752893887901728
23.468726459307298,32.74699397933306
24.462826550738633,33.07836067647684
24.462826550738633,32.48190062161804
25.05928660559743,32.01798724561675
24.59537322959614,31.62034720904422
25.65574666045623,31.156433833042932
26.31848005474378,30.626247117612884
26.981213449031337,30.162333741611597
27.643946843318894,29.764693705039065
28.24040689817769,29.300780329037778
28.83686695303649,28.83686695303649
28.83686695303649,28.306680237606443
28.571773595321467,27.90904020103391
28.174133558748935,28.704320274178976
28.748502500464816,28.306680237606443
28.174133558748935,28.21831578503477
28.969413631894,27.776493522176402
28.43922691646396,28.770593613607737
27.842766861605156,28.903140292465245
30.02978706275409,29.234506989609024
29.565873686752802,29.764693705039065
28.969413631894,29.300780329037778
28.43922691646396,28.571773595321467
30.957613814756662,27.90904020103391
30.42742709932662,27.24630680674636
30.294880420469113,26.84866677017383
29.764693705039065,26.716120091316313
29.234506989609024,27.180033467317607
28.83686695303649,27.643946843318894
30.02978706275409,28.483409142749792
31.090160493614178,28.041586879891426
30.55997377818413,28.43922691646396
30.118151515325764,27.90904020103391
30.073969289039923,27.24630680674636
30.957613814756662,26.716120091316313
30.42742709932662,27.710220182747648
31.62034720904422,27.113760127888845
32.15053392447426,26.716120091316313
31.62034720904422,28.704320274178976
31.156433833042932,28.24040689817769
31.48780053018671,28.174133558748935
30.957613814756662,27.776493522176402
32.15053392447426,28.505500255892713
31.62034720904422,27.90904020103391
32.45980950847512,29.632147026181556
31.885440566759243,28.969413631894
31.355253851329195,30.294880420469113
33.21090735533435,30.825067135899154
33.21090735533435,30.294880420469113
32.54817396104679,29.83096704446782
32.283080603331776,29.234506989609024
32.415627282189284,28.83686695303649
33.52018293933521,28.43922691646396
32.945813997619325,28.969413631894
34.27128078619444,27.90904020103391
34.27128078619444,30.604156004469964
33.60854739190688,30.02978706275409
33.52018293933521,29.49960034732404
34.27128078619444,28.571773595321467
33.74109407076439,30.55997377818413
33.2771806947631,30.162333741611597
32.68072063990431,30.825067135899154
32.15053392447426,31.28898051190044
31.62034720904422,31.929622793045077
31.222707172471686,31.48780053018671
33.21090735533435,31.62034720904422
32.68072063990431,31.222707172471686
32.15053392447426,31.885440566759243
32.945813997619325,32.34935394276053
32.283080603331776,33.07836067647684
31.686620548472973,32.54817396104679
31.156433833042932,33.34345403419186
30.957613814756662,33.80736741019315
30.42742709932662,34.27128078619444
29.632147026181556,33.74109407076439
29.367053668466532,33.21090735533435
28.969413631894,32.72490286619014
28.306680237606443,32.283080603331776
28.041586879891426,33.2771806947631
27.643946843318894,33.34345403419186
26.981213449031337,33.74109407076439
26.716120091316313,34.33755412562319
26.583573412458804,34.13873410733692
26.053386697028763,33.56436516562104
25.523199981598715,34.27128078619444
25.05928660559743,33.873640749621906
24.330279871881118,33.54227405247813
23.800093156451076,34.13873410733692
23.00481308330601,34.006187428479414
22.739719725590987,33.47600071304937
22.342079689018455,35.33165421705452
22.342079689018455,34.867740841053234
21.811892973588414,34.40382746505195
21.149159579300857,34.80146750162448
20.4864261850133,34.40382746505195
19.95623946958326,35.464200895912036
19.42605275415322,34.80146750162448
19.028412717580686,34.40382746505195
19.95623946958326,37.231489947345516
19.42605275415322,36.657121005629634
19.09468605700944,36.126934290199586
18.630772681008153,37.187307721059675
18.100585965578105,36.78966768448714
17.769219268434327,37.4524010787747
17.835492607863088,37.85004111534723
17.50412591071931,37.916314454775986
16.907665855860508,38.51277450963478
16.311205801001712,38.91041454620732
15.71474574614291,38.976687885636075
15.847292425000418,39.639421279923624
16.510025819287975,39.17550790392234
16.377479140430466,40.10333465592491
15.847292425000418,40.96488806849874
16.64257249814549,40.50097469249745
16.112385782715442,41.49507478392878
16.775119177003,41.95898815993007
16.244932461572958,41.428801444500024
15.781019085571664,40.898614729069976
16.55420804557381,40.36842801363994
15.979839103857934,39.9707879770674
16.775119177003,42.62172155421762
16.775119177003,41.95898815993007
16.775119177003,41.428801444500024
16.775119177003,40.898614729069976
16.775119177003,44.477375058222776
17.570399250148064,43.81464166393522
17.040212534718023,43.28445494850518
17.570399250148064,46.244664109656256
17.040212534718023,45.670295167940374
16.708845837574245,45.14010845251033
16.775119177003,45.9353885256554
16.775119177003,45.53774848908286
16.244932461572958,46.46557524108544
15.847292425000418,46.00166186508415
16.55420804557381,45.40520181022535
16.775119177003,44.87501509479531
16.841392516431753,44.34482837936527
17.30530589243304,43.68209498507771
17.702945929005573,43.019361590790155
17.040212534718023,42.48917487536011
16.708845837574245,44.079735021650244
17.30530589243304,43.61582164564895
16.775119177003,43.15190826964766
17.835492607863088,43.5495483062202
18.36567932329313,43.15190826964766
18.89586603872317,42.75426823307514
18.36567932329313,42.22408151764509
17.901765947291842,41.56134812335753
18.763319359865662,40.898614729069976
18.100585965578105,40.23588133478243
19.42605275415322,39.44060126163736
20.088786148440768,38.6453211884923
21.325888484444206,37.98258779420474
20.751519542728325,37.51867441820345
22.651355273019313,37.054761042202166
22.07698633130343,38.31395449134852
23.932639835308585,37.717494436489716
23.468726459307298,39.37432792220861
25.037195492454508,38.77786786734981
24.462826550738633,40.898614729069976
26.362662281029614,40.36842801363994
25.78829333931374,39.90451463763865
26.716120091316313,40.10333465592491
26.84866677017383,39.57314794049488
27.423035711889703,38.91041454620732
27.643946843318894,38.38022783077727
26.981213449031337,37.98258779420474
26.31848005474378,37.51867441820345
25.65574666045623,37.054761042202166
25.05928660559743,36.657121005629634
24.462826550738633,36.126934290199586
23.99891317473734,35.6630209141983
23.269906441021035,35.0665608593395
23.00481308330601,34.536374143909455
22.60717304673348,33.873640749621906
22.07698633130343,33.21090735533435
21.41425293701588,32.74699397933306
21.149159579300857,32.216807263903014
20.884066221585833,31.752893887901728
20.353879506155792,31.355253851329195
19.82369279072575,30.891340475327908
19.028412717580686,30.361153759897867
18.763319359865662,29.89724038389658
18.36567932329313,29.49960034732404
18.03431262614935,29.035686971322754
18.763319359865662,28.571773595321467
18.89586603872317,28.174133558748935
18.431952662721883,27.643946843318894
17.968039286720597,27.180033467317607
18.431952662721883,26.716120091316313
18.89586603872317,26.914940109602583
18.763319359865662,27.37885348560387
18.23313264443562,27.776493522176402
17.570399250148064,27.643946843318894
17.040212534718023,27.180033467317607
16.708845837574245,26.84866677017383
17.371579231861794,28.041586879891426
16.907665855860508,27.37885348560387
17.835492607863088,28.571773595321467
17.702945929005573,27.90904020103391
17.17275921357553,27.24630680674636
16.510025819287975,26.716120091316313
15.979839103857934,27.180033467317607
15.582199067285401,26.716120091316313
16.510025819287975,27.710220182747648
15.979839103857934,27.511400164461378
16.244932461572958,27.24630680674636
15.781019085571664,26.84866677017383
16.775119177003,26.185933375886272
16.377479140430466,25.78829333931374
16.775119177003,26.362662281029614
16.311205801001712,26.053386697028763
15.71474574614291,25.65574666045623
15.052012351855353,25.78829333931374
14.588098975854066,26.451026733601296
14.389278957567804,26.716120091316313
13.726545563280247,26.716120091316313
13.461452205565223,26.716120091316313
13.328905526707715,26.451026733601296
12.798718811277674,25.854566678742493
12.401078774705141,26.384753394172535
12.798718811277674,27.37885348560387
12.401078774705141,26.84866677017383
13.328905526707715,27.776493522176402
13.925365581566517,27.24630680674636
14.389278957567804,26.84866677017383
13.859092242137756,28.571773595321467
13.527725544993984,27.90904020103391
14.256732278710288,27.37885348560387
14.521825636425312,26.981213449031337
14.521825636425312,29.101960310751508
14.521825636425312,30.869249362184988
14.389278957567804,30.294880420469113
13.726545563280247,29.764693705039065
13.461452205565223,32.15053392447426
13.328905526707715,31.62034720904422
12.798718811277674,32.68072063990431
12.135985416990117,34.07246076790817
11.870892059275093,33.47600071304937
11.47325202270256,33.07836067647684
10.94306530727252,36.17111651648543
10.412878591842478,35.596747574769545
9.88269187641243,35.0665608593395
9.418778500411143,34.536374143909455
8.689771766694832,36.524574326772125
8.027038372407276,35.86184093248457
7.496851656977235,35.39792755648328
6.966664941547194,34.80146750162448
6.436478226117146,34.33755412562319
5.906291510687105,33.80736741019315
5.243558116399548,33.21090735533435
4.978464758684531,32.74699397933306
4.448278043254483,32.15053392447426
3.8518179883956876,31.62034720904422
3.454177951823155,31.156433833042932
3.5204512912519093,30.692520457041645
3.0565379152506154,30.294880420469113
2.46007786039182,29.764693705039065
1.7973444661042635,29.234506989609024
1.3334310901029767,28.704320274178976
1.2671577506742295,28.041586879891426
0.8695177141016899,27.776493522176402
0.33933099867164174,27.37885348560387
0.20678431981413326,26.782393430745074
0.20678431981413326,26.583573412458804
,26.053386697028763
,25.65574666045623
,25.258106623883698
,24.794193247882404
,24.59537322959614
,24.330279871881118
,23.534999798736052
,22.872266404448496
,22.474626367875963
,23.269906441021035
,23.00481308330601
,22.540899707304725
,23.13735976216352
,22.739719725590987
,22.60717304673348
,22.209533010160946
,21.679346294730898
,20.884066221585833
,20.309697279869958
,21.01661290044335
,22.07698633130343
,21.613072955302144
,21.54679961587339
,21.149159579300857
,20.751519542728325
,20.287606166727038
,20.751519542728325
,20.353879506155792
,20.221332827298284
,19.691146111868235
,19.028412717580686
,18.498226002150638
,18.14476819186394
,18.763319359865662
,18.36567932329313
,17.835492607863088
,17.371579231861794
,16.841392516431753
,16.64257249814549
,16.046112443286688
,15.582199067285401
,15.781019085571664
,16.819301403288833
,16.244932461572958
,17.702945929005573
,17.968039286720597
,17.901765947291842
,17.570399250148064
,16.907665855860508
,16.244932461572958
,15.847292425000418
,16.64257249814549
,16.377479140430466
,15.781019085571664
,15.515925727856647
,14.919465672997845
,14.256732278710288
,13.593998884422739
,12.931265490135182
,12.268532095847625
,11.738345380417584
,11.340705343845052
,10.94306530727252
,10.412878591842478
,10.015238555269946
,9.617598518697413
,9.15368514269612
,8.689771766694832
,8.2921317301223
,7.828218354121013
,7.231758299262211
,6.834118262689678
,6.436478226117146
,5.906291510687105
,5.3761047952570635
,4.91219141925577
,4.713371400969507
,4.183184685539466
,3.6529979701094177
,3.255357933536885
,2.725171218106837
,2.3275311815343116
,1.929891144961772
,1.2671577506742295
,1.2671577506742295
,1.0020643929591984
,0.47187767752916443
