Y(hoy),Y(ayer)
14.455552296996558,13.461452205565223
13.925365581566517,13.06381216899269
13.527725544993984,12.599898792991404
13.461452205565223,11.870892059275093
13.461452205565223,11.47325202270256
13.461452205565223,12.931265490135182
13.395178866136469,12.268532095847625
13.328905526707715,11.870892059275093
12.798718811277674,12.798718811277674
12.003438738132608,12.33480543527638
11.47325202270256,11.870892059275093
11.738345380417584,11.517434248988394
12.401078774705141,12.33480543527638
11.274432004416298,12.401078774705141
11.340705343845052,12.401078774705141
10.677971949557495,11.870892059275093
10.191967460413288,11.340705343845052
10.94306530727252,10.545425270699987
10.412878591842478,10.677971949557495
10.94306530727252,9.617598518697413
10.280331912984963,8.954865124409856
10.015238555269946,8.358405069551054
9.617598518697413,7.894491693549767
9.087411803267365,7.894491693549767
8.557225087837324,7.761945014692259
8.027038372407276,7.298031638690972
8.822318445552341,6.834118262689678
8.358405069551054,6.436478226117146
9.617598518697413,5.972564850115859
9.087411803267365,5.773744831829596
8.623498427266078,5.773744831829596
8.027038372407276,5.3761047952570635
12.268532095847625,4.845918079827015
11.738345380417584,4.382004703825729
11.208158664987543,3.8518179883956876
10.677971949557495,4.315731364396974
10.147785234127454,3.918091327824442
9.683871858126167,4.05063800668195
10.677971949557495,3.5867246306806635
10.147785234127454,3.5204512912519093
9.087411803267365,3.5204512912519093
8.424678408979808,3.5204512912519093
7.894491693549767,3.255357933536885
7.298031638690972,2.769353444392678
6.789936036403844,3.1228112546793767
6.70157158383217,2.5263511998205814
6.171384868402129,2.3275311815343116
5.508651474114572,2.3275311815343116
5.044738098113285,2.3938045209630587
4.713371400969507,2.3275311815343116
5.6411981529720805,2.3275311815343116
5.1110114375420395,2.3275311815343116
5.773744831829596,2.3275311815343116
5.773744831829596,2.2612578421055503
5.707471492400835,1.664797787246755
5.6411981529720805,1.2671577506742295
5.1110114375420395,1.2671577506742295
4.779644740398261,1.2671577506742295
5.420287021542897,1.2671577506742295
5.3761047952570635,1.2671577506742295
4.845918079827015,1.2671577506742295
4.514551382683237,1.2671577506742295
4.580824722111998,1.2671577506742295
4.580824722111998,1.2671577506742295
4.580824722111998,1.2671577506742295
3.918091327824442,1.2671577506742295
3.5204512912519093,1.2671577506742295
3.5204512912519093,1.2671577506742295
4.05063800668195,1.2671577506742295
4.580824722111998,1.2671577506742295
4.580824722111998,1.2671577506742295
4.05063800668195,1.3334310901029767
3.5204512912519093,2.194984502676803
5.6411981529720805,1.7973444661042635
5.1110114375420395,1.664797787246755
4.580824722111998,1.2671577506742295
4.183184685539466,1.2671577506742295
5.1110114375420395,1.2671577506742295
4.647098061540753,1.7973444661042635
4.580824722111998,2.5926245392493286
3.918091327824442,3.189084594108131
3.6529979701094177,2.5926245392493286
3.1228112546793767,2.3275311815343116
2.5263511998205814,2.5926245392493286
2.46007786039182,3.1228112546793767
2.5926245392493286,4.05063800668195
3.299540159822719,4.448278043254483
3.5204512912519093,5.1110114375420395
2.990264575821868,4.713371400969507
2.46007786039182,6.237658207830883
2.990264575821868,6.70157158383217
3.3879046123944008,6.038838189544613
2.725171218106837,5.243558116399548
2.3938045209630587,4.845918079827015
2.46007786039182,5.420287021542897
2.46007786039182,5.1110114375420395
2.46007786039182,4.713371400969507
2.46007786039182,5.6411981529720805
2.46007786039182,5.1110114375420395
2.46007786039182,6.436478226117146
2.46007786039182,5.906291510687105
2.7914445575355984,6.436478226117146
2.3275311815343116,6.834118262689678
3.3879046123944008,6.9003916021184395
3.5204512912519093,7.496851656977235
2.990264575821868,7.099211620404702
2.5263511998205814,8.2921317301223
3.255357933536885,8.888591784981102
2.725171218106837,8.954865124409856
3.255357933536885,8.954865124409856
2.5926245392493286,8.954865124409856
2.5926245392493286,9.02113846383861
3.5867246306806635,9.750145197554922
3.5204512912519093,9.219958482124873
3.5204512912519093,10.147785234127454
3.0565379152506154,10.280331912984963
3.3879046123944008,11.075611986130028
5.1110114375420395,11.605798701560076
3.7855446489669333,12.931265490135182
7.761945014692259,12.268532095847625
7.231758299262211,13.660272223851493
6.70157158383217,14.12418559985278
6.171384868402129,14.588098975854066
5.6411981529720805,15.847292425000418
4.845918079827015,15.184559030712869
5.243558116399548,14.786918994140336
5.773744831829596,16.64257249814549
4.514551382683237,16.775119177003
4.514551382683237,16.775119177003
5.177284776970794,16.510025819287975
5.6411981529720805,16.046112443286688
6.569024904974661,17.17275921357553
6.834118262689678,16.510025819287975
5.773744831829596,15.979839103857934
6.569024904974661,17.835492607863088
7.099211620404702,18.697046020436908
7.629398335834743,18.23313264443562
7.894491693549767,19.160959396438194
7.761945014692259,19.691146111868235
7.298031638690972,20.088786148440768
6.767844923260924,20.884066221585833
6.171384868402129,20.353879506155792
5.773744831829596,20.751519542728325
6.038838189544613,20.287606166727038
6.70157158383217,21.149159579300857
6.237658207830883,20.618972863870816
5.84001817125835,22.916448630734337
5.773744831829596,22.342079689018455
5.773744831829596,21.811892973588414
6.171384868402129,24.19773319302361
5.773744831829596,23.733819817022322
6.70157158383217,23.667546477593568
6.966664941547194,23.269906441021035
7.629398335834743,22.872266404448496
7.894491693549767,22.474626367875963
8.027038372407276,24.19773319302361
8.601407314123158,23.667546477593568
9.131594029553199,23.13735976216352
9.88269187641243,23.534999798736052
9.352505160982389,23.534999798736052
9.617598518697413,23.932639835308585
9.087411803267365,24.529099890167387
10.147785234127454,24.72791990845365
9.617598518697413,25.258106623883698
10.147785234127454,25.65574666045623
10.147785234127454,25.65574666045623
10.677971949557495,26.185933375886272
10.147785234127454,27.511400164461378
11.340705343845052,26.84866677017383
12.047620964418442,28.24040689817769
12.33480543527638,28.704320274178976
12.798718811277674,28.24040689817769
13.328905526707715,27.511400164461378
13.925365581566517,26.84866677017383
14.389278957567804,26.31848005474378
14.389278957567804,25.78829333931374
13.859092242137756,27.511400164461378
13.461452205565223,26.84866677017383
14.389278957567804,26.31848005474378
13.925365581566517,28.24040689817769
13.859092242137756,28.704320274178976
13.461452205565223,28.372953577035204
14.521825636425312,27.90904020103391
13.991638920995271,30.869249362184988
14.919465672997845,30.294880420469113
14.521825636425312,29.764693705039065
15.493834614713727,29.234506989609024
15.71474574614291,28.704320274178976
15.847292425000418,28.306680237606443
16.510025819287975,32.15053392447426
15.91356576442918,31.48780053018671
16.510025819287975,30.825067135899154
15.449652388427886,30.294880420469113
14.786918994140336,29.764693705039065
14.521825636425312,29.300780329037778
16.819301403288833,32.01798724561675
16.244932461572958,31.355253851329195
15.71474574614291,30.825067135899154
15.317105709570377,30.294880420469113
18.14476819186394,32.01798724561675
17.570399250148064,31.355253851329195
18.89586603872317,30.825067135899154
18.36567932329313,30.294880420469113
17.901765947291842,32.68072063990431
18.89586603872317,32.15053392447426
21.01661290044335,31.62034720904422
20.4864261850133,31.090160493614178
19.95623946958326,30.692520457041645
19.492326093581973,33.2771806947631
18.36567932329313,33.80736741019315
20.221332827298284,34.27128078619444
19.691146111868235,33.80736741019315
19.160959396438194,33.34345403419186
20.4864261850133,35.11074308562534
20.022512809012014,34.536374143909455
19.558599433010727,34.006187428479414
21.590981842159223,35.0665608593395
21.01661290044335,34.66892082276697
22.342079689018455,34.27128078619444
22.673446386162233,33.80736741019315
22.209533010160946,33.34345403419186
23.269906441021035,35.33165421705452
23.534999798736052,34.80146750162448
24.19773319302361,34.27128078619444
24.19773319302361,33.74109407076439
23.667546477593568,36.39202764791461
23.33617978044979,35.86184093248457
25.258106623883698,35.33165421705452
24.72791990845365,34.80146750162448
24.19773319302361,34.13873410733692
23.667546477593568,33.40972737362062
23.269906441021035,34.33755412562319
26.583573412458804,33.74109407076439
26.053386697028763,33.34345403419186
25.390653302741207,35.33165421705452
25.125559945026183,34.867740841053234
24.72791990845365,34.80146750162448
24.330279871881118,34.13873410733692
25.302288850169532,33.47600071304937
24.72791990845365,32.945813997619325
24.330279871881118,32.415627282189284
26.583573412458804,34.050369654765255
26.053386697028763,33.47600071304937
25.523199981598715,32.945813997619325
24.772102134739484,33.74109407076439
26.053386697028763,33.34345403419186
25.58947332102747,34.60264748333822
26.583573412458804,34.13873410733692
26.64984675188756,35.13283419876826
26.583573412458804,36.2594809690571
25.920840018171248,35.596747574769545
25.390653302741207,37.4524010787747
24.72791990845365,36.92221436334465
24.39655321130987,36.657121005629634
24.462826550738633,36.126934290199586
24.529099890167387,35.6630209141983
24.993013266168674,35.99438761134208
25.523199981598715,35.464200895912036
24.993013266168674,37.717494436489716
24.529099890167387,37.187307721059675
25.523199981598715,36.657121005629634
25.05928660559743,38.77786786734981
24.462826550738633,38.115134473062255
27.643946843318894,37.4524010787747
27.113760127888845,36.92221436334465
26.583573412458804,36.2594809690571
26.119660036457518,35.99438761134208
26.84866677017383,35.53047423534079
26.31848005474378,35.464200895912036
25.78829333931374,35.464200895912036
26.84866677017383,35.99438761134208
26.31848005474378,37.31985439991719
27.511400164461378,36.657121005629634
27.643946843318894,37.187307721059675
27.312580146175115,36.78966768448714
26.84866677017383,37.717494436489716
27.37885348560387,38.6453211884923
27.953222427319744,38.115134473062255
28.704320274178976,37.4524010787747
28.704320274178976,36.78966768448714
28.041586879891426,36.524574326772125
27.776493522176402,36.19320762962835
27.90904020103391,35.72929425362706
28.505500255892713,38.291863378205605
29.54378257360988,37.717494436489716
28.969413631894,37.187307721059675
30.825067135899154,36.657121005629634
30.294880420469113,39.04296122506483
31.090160493614178,39.57314794049488
30.55997377818413,38.84414120677856
29.89724038389658,38.247681151919764
29.367053668466532,37.85004111534723
29.101960310751508,39.04296122506483
28.704320274178976,39.838241298209894
28.174133558748935,39.04296122506483
27.776493522176402,38.51277450963478
28.704320274178976,37.98258779420474
28.174133558748935,37.4524010787747
27.511400164461378,36.78966768448714
26.981213449031337,36.2594809690571
26.31848005474378,35.596747574769545
25.78829333931374,35.0665608593395
25.324379963312452,34.40382746505195
24.72791990845365,33.74109407076439
24.0651865141661,33.21090735533435
23.534999798736052,32.68072063990431
23.402453119878544,32.283080603331776
23.269906441021035,34.27128078619444
22.739719725590987,33.74109407076439
21.944439652445922,33.2771806947631
21.679346294730898,32.54817396104679
21.281706258158366,32.283080603331776
20.618972863870816,31.885440566759243
20.353879506155792,31.355253851329195
19.95623946958326,30.692520457041645
19.293506075295703,30.02978706275409
19.028412717580686,29.367053668466532
18.89586603872317,28.83686695303649
18.36567932329313,28.704320274178976
17.702945929005573,28.041586879891426
17.040212534718023,27.776493522176402
17.570399250148064,27.37885348560387
16.907665855860508,26.716120091316313
17.040212534718023,26.185933375886272
16.510025819287975,25.78829333931374
15.847292425000418,25.125559945026183
15.582199067285401,24.330279871881118
15.582199067285401,24.0651865141661
15.317105709570377,23.667546477593568
14.919465672997845,25.258106623883698
14.588098975854066,24.661646569024896
14.588098975854066,24.19773319302361
15.71474574614291,24.462826550738633
15.184559030712869,23.932639835308585
14.65437231528282,23.269906441021035
16.775119177003,22.60717304673348
16.244932461572958,22.143259670732192
16.64257249814549,21.590981842159223
16.112385782715442,21.149159579300857
15.317105709570377,22.07698633130343
14.786918994140336,21.41425293701588
15.71474574614291,20.751519542728325
15.184559030712869,20.221332827298284
14.786918994140336,19.558599433010727
16.775119177003,19.160959396438194
16.244932461572958,19.95623946958326
17.835492607863088,19.558599433010727
17.30530589243304,19.22723273586695
18.100585965578105,19.82369279072575
17.702945929005573,19.691146111868235
18.763319359865662,19.160959396438194
19.470234980439052,19.028412717580686
19.691146111868235,19.028412717580686
19.205141622724028,19.22723273586695
20.4864261850133,19.691146111868235
19.95623946958326,20.088786148440768
21.082886239872103,20.618972863870816
21.21543291872961,21.41425293701588
22.342079689018455,22.673446386162233
21.811892973588414,22.07698633130343
21.281706258158366,23.269906441021035
23.402453119878544,23.402453119878544
22.872266404448496,23.667546477593568
23.402453119878544,24.529099890167387
24.19773319302361,24.0651865141661
23.667546477593568,25.05928660559743
23.269906441021035,25.390653302741207
25.125559945026183,24.794193247882404
25.65574666045623,25.125559945026183
26.31848005474378,26.119660036457518
25.920840018171248,26.451026733601296
27.37885348560387,25.722019999884985
26.84866677017383,27.113760127888845
28.704320274178976,26.583573412458804
28.174133558748935,26.185933375886272
27.90904020103391,26.31848005474378
27.445126825032624,25.78829333931374
28.174133558748935,27.37885348560387
29.764693705039065,26.981213449031337
29.101960310751508,27.710220182747648
28.704320274178976,27.24630680674636
29.764693705039065,26.84866677017383
29.234506989609024,27.37885348560387
28.571773595321467,27.776493522176402
28.041586879891426,27.776493522176402
28.969413631894,27.776493522176402
28.43922691646396,27.710220182747648
28.041586879891426,27.180033467317607
29.49960034732404,26.716120091316313
29.89724038389658,26.31848005474378
29.16823365018027,25.854566678742493
28.571773595321467,26.451026733601296
28.174133558748935,25.920840018171248
28.748502500464816,26.583573412458804
28.174133558748935,25.987113357600002
28.969413631894,26.451026733601296
28.83686695303649,25.78829333931374
28.571773595321467,25.65574666045623
28.174133558748935,26.119660036457518
27.842766861605156,26.451026733601296
27.710220182747648,25.78829333931374
27.643946843318894,25.324379963312452
27.113760127888845,24.794193247882404
25.78829333931374,25.324379963312452
25.258106623883698,26.451026733601296
24.72791990845365,25.78829333931374
24.19773319302361,26.716120091316313
23.667546477593568,26.914940109602583
23.269906441021035,27.37885348560387
24.330279871881118,29.101960310751508
23.800093156451076,28.43922691646396
23.534999798736052,27.90904020103391
23.00481308330601,30.825067135899154
22.474626367875963,30.294880420469113
22.342079689018455,29.764693705039065
22.872266404448496,30.02978706275409
23.269906441021035,29.49960034732404
22.673446386162233,29.101960310751508
22.2758063495897,31.48780053018671
22.673446386162233,30.825067135899154
22.209533010160946,30.294880420469113
23.269906441021035,29.89724038389658
23.932639835308585,32.68072063990431
24.462826550738633,32.15053392447426
23.932639835308585,33.21090735533435
23.402453119878544,32.68072063990431
25.037195492454508,32.01798724561675
24.462826550738633,31.48780053018671
23.932639835308585,31.222707172471686
23.534999798736052,33.34345403419186
26.84866677017383,32.68072063990431
26.31848005474378,32.15053392447426
25.78829333931374,34.580556370195296
28.174133558748935,34.006187428479414
27.643946843318894,35.19910753819701
28.704320274178976,34.536374143909455
27.312580146175115,34.006187428479414
27.90904020103391,33.34345403419186
26.892848996459662,33.07836067647684
28.748502500464816,32.81326731876182
28.174133558748935,32.283080603331776
27.776493522176402,34.13873410733692
28.903140292465245,33.47600071304937
28.306680237606443,34.867740841053234
28.041586879891426,35.39792755648328
27.643946843318894,35.19910753819701
26.981213449031337,34.93401418048199
26.716120091316313,34.536374143909455
28.43922691646396,34.006187428479414
29.89724038389658,33.34345403419186
29.367053668466532,33.07836067647684
28.969413631894,32.81326731876182
27.90904020103391,32.283080603331776
29.101960310751508,34.050369654765255
28.83686695303649,33.47600071304937
29.234506989609024,33.74109407076439
28.83686695303649,33.21090735533435
29.89724038389658,32.68072063990431
30.02978706275409,32.15053392447426
30.02978706275409,31.62034720904422
29.49960034732404,31.222707172471686
28.969413631894,33.60854739190688
30.869249362184988,32.945813997619325
30.294880420469113,32.415627282189284
29.764693705039065,32.01798724561675
29.234506989609024,34.27128078619444
31.090160493614178,33.74109407076439
30.55997377818413,33.07836067647684
29.89724038389658,32.415627282189284
30.825067135899154,34.006187428479414
30.294880420469113,33.47600071304937
32.68072063990431,33.07836067647684
32.15053392447426,34.33755412562319
31.752893887901728,34.006187428479414
31.156433833042932,33.47600071304937
31.090160493614178,32.945813997619325
30.626247117612884,32.283080603331776
29.89724038389658,31.62034720904422
29.632147026181556,30.957613814756662
29.101960310751508,30.42742709932662
28.83686695303649,30.02978706275409
29.278689215894858,30.361153759897867
28.83686695303649,30.825067135899154
29.764693705039065,30.294880420469113
29.101960310751508,29.764693705039065
28.83686695303649,29.101960310751508
28.43922691646396,28.83686695303649
27.776493522176402,28.43922691646396
27.511400164461378,27.90904020103391
27.113760127888845,27.445126825032624
26.583573412458804,26.914940109602583
26.119660036457518,27.511400164461378
25.390653302741207,28.704320274178976
25.125559945026183,28.174133558748935
24.72791990845365,27.511400164461378
24.0651865141661,27.24630680674636
23.800093156451076,26.84866677017383
23.402453119878544,26.185933375886272
22.938539743877257,25.722019999884985
22.342079689018455,26.914940109602583
21.811892973588414,26.451026733601296
21.149159579300857,27.37885348560387
20.618972863870816,26.451026733601296
20.353879506155792,26.185933375886272
19.95623946958326,25.78829333931374
19.42605275415322,25.258106623883698
19.028412717580686,24.72791990845365
19.95623946958326,24.0651865141661
19.492326093581973,23.601273138164807
19.160959396438194,24.19773319302361
18.630772681008153,23.733819817022322
18.100585965578105,23.00481308330601
17.769219268434327,22.739719725590987
17.835492607863088,22.342079689018455
17.30530589243304,21.679346294730898
16.64257249814549,21.149159579300857
15.979839103857934,21.613072955302144
15.648472406714156,22.143259670732192
15.71474574614291,21.944439652445922
15.71474574614291,21.281706258158366
15.184559030712869,20.618972863870816
14.389278957567804,20.088786148440768
13.726545563280247,19.95623946958326
13.196358847850206,19.42605275415322
12.931265490135182,18.962139378151925
12.577807679848483,18.36567932329313
13.328905526707715,17.835492607863088
12.997538829563936,17.17275921357553
12.401078774705141,16.510025819287975
12.135985416990117,15.979839103857934
11.738345380417584,17.106485874146777
11.208158664987543,17.437852571290556
10.677971949557495,16.841392516431753
10.147785234127454,16.311205801001712
11.075611986130028,15.847292425000418
10.545425270699987,15.449652388427886
10.147785234127454,14.985739012426599
9.683871858126167,14.521825636425312
9.087411803267365,14.12418559985278
9.087411803267365,13.660272223851493
9.087411803267365,14.12418559985278
