Y(hoy),Y(ayer)
1.8956762755820833,2.1360429209722724
2.1360429209722724,2.1360429209722724
0.9943013553688544,1.535126307496789
1.0543930167164035,1.1745763394115016
0.9342096940213054,1.2947596621065998
1.4149429848016908,1.8956762755820833
1.8956762755820833,2.1360429209722724
2.1360429209722724,1.655309630191887
2.496592889057567,1.1745763394115016
2.9773261798379522,1.2346680007590507
2.556684550405109,1.7754929528869852
2.857142857142854,2.1360429209722724
3.4580594706183376,2.1360429209722724
3.998884422746272,2.1360429209722724
4.4796177135266575,2.1360429209722724
5.020442665654592,2.1360429209722724
5.501175956434977,2.1360429209722724
5.98190924721537,2.1360429209722724
6.222275892605559,2.2562262436673706
11.750708736580009,3.0975095025330504
12.832358640835878,3.0975095025330504
12.351625350055492,3.5181511319658867
14.034191867786845,3.938792761398723
19.562624711761288,4.419526052179108
20.524091293322066,4.900259342959494
20.16354132523677,5.020442665654592
25.571790846516123,5.441084295087435
25.091057555735738,5.861725924520272
24.610324264955345,6.582825860690853
27.254357364247475,7.183742474166337
26.77362407346709,7.664475764946722
26.292890782686705,8.385575701117297
25.93234081460141,8.86630899189769
28.456190591198443,9.347042282678075
27.975457300418057,9.82777557345846
27.614907332332763,10.548875509629042
30.37912375431999,11.029608800409427
29.8983904635396,11.63052541388491
32.66260688552683,12.832358640835878
32.06169027205134,12.351625350055492
37.3497564706356,11.991075381970198
39.03232298836694,14.51492515856723
38.67177302028166,14.034191867786845
42.27727270113456,13.67364189970155
42.6979143305674,15.716758385518197
43.17864762134778,16.678224967078968
43.238739282695335,17.519508225944648
42.27727270113456,18.12042483942013
41.19562279687869,18.721341452895615
40.594706183403204,19.202074743676
39.99378956992772,21.00482458410245
39.39287295645224,20.524091293322066
38.67177302028166,20.043358002541673
38.07085640680617,19.562624711761288
36.087831582337074,23.408491038004385
36.087831582337074,22.927757747223993
37.38981757820063,22.567207779138705
36.9892065025503,26.292890782686705
36.02773992098953,25.812157491906312
38.07085640680617,25.331424201125927
37.59012311602579,24.85069091034554
37.2295731479405,27.73509065502786
36.869023179855205,27.254357364247475
36.38828988907482,26.893807396162188
35.907556598294434,28.69655723658863
35.30663998481895,28.336007268503344
35.06627333942876,30.61949039971018
34.58554004864837,30.138757108929795
34.22499008056308,29.65802381814941
33.78431789734773,33.083248514959664
33.3837068216974,32.54242356283173
34.46535672595327,32.06169027205134
35.907556598294434,33.263523499002304
35.3667316461665,34.94609001673366
34.94609001673366,34.46535672595327
35.907556598294434,36.38828988907482
35.42682330751405,36.02773992098953
35.06627333942876,37.59012311602579
34.46535672595327,37.2295731479405
33.864440112477794,39.27268963375714
33.14334017630721,38.79195634297675
32.60251522417927,38.431406374891466
32.06169027205134,41.67635608765907
31.46077365857586,41.19562279687869
30.919948706447926,40.8350728287934
30.37912375431999,42.27727270113456
30.078665447582246,42.637822669219844
30.138757108929795,42.99837263730514
29.71811547949696,42.87818931461004
30.138757108929795,42.397456023829655
29.297473850064115,41.19562279687869
28.936923881978828,40.7148895060983
28.456190591198443,40.11397289262282
27.975457300418057,39.63323960184243
27.434632348290123,39.27268963375714
26.893807396162188,38.8520480043243
25.852218599471342,38.431406374891466
25.451607523821025,38.07085640680617
26.05252413729651,37.40984813198314
25.75206583055877,37.89058142276353
25.371485308690957,37.2295731479405
26.05252413729651,36.74883985716011
25.571790846516123,36.38828988907482
26.172707459991607,36.869023179855205
26.172707459991607,36.38828988907482
26.172707459991607,36.869023179855205
26.172707459991607,36.50847321176992
25.21124087843083,36.14792324368463
25.812157491906312,35.66718995290424
26.81368518103212,35.06627333942876
26.292890782686705,34.46535672595327
25.451607523821025,34.10480675786798
27.01399071885728,33.864440112477794
26.653440750771992,33.3837068216974
26.77362407346709,32.66260688552683
26.292890782686705,32.30205691744153
27.134174041552377,33.744256789782696
27.134174041552377,33.263523499002304
28.035548961765606,32.782790208221925
27.554815670985214,34.94609001673366
27.975457300418057,34.34517340325817
27.374540686942574,34.10480675786798
27.01399071885728,33.744256789782696
26.533257428076894,33.32361516034986
27.01399071885728,32.782790208221925
26.593349089424443,32.36214857878908
26.172707459991607,31.821323626661147
28.035548961765606,31.220407013185664
27.554815670985214,30.61949039971018
27.134174041552377,30.018573786234697
26.81368518103212,29.297473850064115
26.413074105381796,29.057107204673926
27.134174041552377,28.81674055928373
27.134174041552377,28.396098929850893
27.134174041552377,28.936923881978828
27.554815670985214,28.51628225254599
27.975457300418057,27.975457300418057
27.49472400963767,27.49472400963767
27.01399071885728,27.134174041552377
28.336007268503344,27.134174041552377
27.73509065502786,26.77362407346709
29.8983904635396,25.571790846516123
29.357565511411664,25.21124087843083
28.936923881978828,25.151149217083287
29.65802381814941,24.490140942260254
29.297473850064115,24.249774296870058
30.078665447582246,24.97087423304064
30.018573786234697,25.21124087843083
30.138757108929795,25.611851954081153
30.61949039971018,25.331424201125927
32.42224024013663,24.85069091034554
31.340590335880762,24.369957619565156
30.980040367795475,24.85069091034554
32.82285131578695,25.571790846516123
33.023156853612115,25.21124087843083
32.42224024013663,25.812157491906312
32.181873594746435,25.21124087843083
31.821323626661147,25.21124087843083
31.46077365857586,26.05252413729651
31.46077365857586,25.571790846516123
32.54242356283173,25.21124087843083
32.181873594746435,27.07408238020483
35.30663998481895,26.653440750771992
39.27268963375714,27.134174041552377
38.91213966567185,26.413074105381796
41.43598944226888,26.77362407346709
40.9552561514885,27.134174041552377
43.118555960000236,27.49472400963767
42.637822669219844,27.975457300418057
42.27727270113456,27.49472400963767
42.637822669219844,27.134174041552377
42.157089378439466,27.134174041552377
42.517639346524746,26.77362407346709
42.157089378439466,26.172707459991607
41.67635608765907,26.172707459991607
41.67635608765907,25.69197416921122
41.19562279687869,25.271332539778378
43.118555960000236,26.292890782686705
42.637822669219844,25.812157491906312
42.27727270113456,27.975457300418057
42.637822669219844,27.614907332332763
43.118555960000236,27.01399071885728
42.517639346524746,26.533257428076894
42.03690605574437,26.172707459991607
41.79653941035417,26.533257428076894
41.43598944226888,26.893807396162188
40.8350728287934,27.85527397772296
40.23415621531791,27.374540686942574
39.27268963375714,27.73509065502786
38.8520480043243,27.134174041552377
38.351284159761406,26.77362407346709
39.03232298836694,26.292890782686705
39.513056279147335,26.653440750771992
40.474522860708106,27.134174041552377
40.05388123127527,27.73509065502786
40.9552561514885,28.57637391389354
39.57314794049488,28.095640623113148
39.03232298836694,29.417657172759213
38.431406374891466,30.018573786234697
38.19103972950127,30.73967372240528
37.830489761415976,30.499307077015082
37.40984813198314,30.859857045100377
36.869023179855205,31.46077365857586
36.50847321176992,32.06169027205134
36.14792324368463,31.941506949356246
35.66718995290424,31.340590335880762
35.18645666212386,31.340590335880762
34.765815032691016,32.54242356283173
34.22499008056308,32.06169027205134
33.744256789782696,36.628656534465016
33.14334017630721,36.14792324368463
32.54242356283173,35.66718995290424
31.941506949356246,35.18645666212386
31.46077365857586,34.825906694038565
31.220407013185664,39.513056279147335
30.859857045100377,38.79195634297675
30.37912375431999,41.49608110361643
29.958482124887148,40.9552561514885
29.417657172759213,40.474522860708106
29.057107204673926,41.79653941035417
29.8983904635396,41.375897780921335
29.8983904635396,43.238739282695335
29.417657172759213,42.397456023829655
28.81674055928373,41.91672273304927
28.275915607155795,44.08002254156101
27.614907332332763,43.59928925078062
27.134174041552377,43.118555960000236
26.653440750771992,42.397456023829655
26.352982444034247,41.91672273304927
26.83371573481464,41.556172764963975
27.01399071885728,40.474522860708106
25.93234081460141,39.99378956992772
24.97087423304064,39.513056279147335
25.331424201125927,39.15250631106204
26.05252413729651,41.67635608765907
25.631882507863672,41.19562279687869
24.610324264955345,40.7148895060983
24.12959097417496,42.03690605574437
25.331424201125927,41.67635608765907
24.97087423304064,41.19562279687869
25.93234081460141,40.7148895060983
26.05252413729651,39.99378956992772
25.451607523821025,39.513056279147335
24.85069091034554,39.15250631106204
24.490140942260254,39.87360624723262
23.648857683394574,39.513056279147335
23.228216053961738,40.9552561514885
23.648857683394574,40.474522860708106
25.812157491906312,42.87818931461004
27.01399071885728,42.397456023829655
26.533257428076894,41.91672273304927
26.172707459991607,41.43598944226888
26.292890782686705,41.67635608765907
25.93234081460141,41.19562279687869
24.00940765147987,40.7148895060983
23.708949344742123,40.35433953801301
23.228216053961738,39.99378956992772
24.610324264955345,39.513056279147335
23.648857683394574,39.15250631106204
26.05252413729651,38.79195634297675
25.571790846516123,38.31122305219637
25.091057555735738,37.89058142276353
26.172707459991607,37.3497564706356
25.331424201125927,36.9892065025503
25.331424201125927,36.628656534465016
26.05252413729651,36.14792324368463
25.69197416921122,35.66718995290424
30.859857045100377,35.18645666212386
33.30358460656734,34.70572337134347
32.782790208221925,34.22499008056308
32.30205691744153,33.864440112477794
31.941506949356246,33.5038901443925
33.98462343517289,33.023156853612115
33.98462343517289,32.54242356283173
33.5038901443925,32.12178193339889
33.023156853612115,31.821323626661147
32.66260688552683,31.340590335880762
32.30205691744153,30.73967372240528
31.821323626661147,30.198848770277344
31.340590335880762,29.8983904635396
30.138757108929795,29.297473850064115
29.53784049545431,28.69655723658863
28.215823945808246,28.275915607155795
27.85527397772296,27.73509065502786
27.49472400963767,27.374540686942574
27.01399071885728,27.01399071885728
26.172707459991607,26.533257428076894
26.05252413729651,27.07408238020483
25.571790846516123,27.49472400963767
25.21124087843083,27.975457300418057
24.85069091034554,27.49472400963767
24.369957619565156,27.134174041552377
23.648857683394574,26.05252413729651
23.288307715309287,25.571790846516123
22.687391101833803,25.21124087843083
22.386932795096058,26.05252413729651
23.04794106991909,25.69197416921122
22.567207779138705,25.21124087843083
23.04794106991909,25.451607523821025
22.567207779138705,25.93234081460141
21.966291165663222,26.533257428076894
21.605741197577935,27.01399071885728
20.403907970626967,26.533257428076894
19.923174679846582,25.812157491906312
19.44244138906619,25.331424201125927
18.721341452895615,24.85069091034554
18.240608162115223,24.369957619565156
20.043358002541673,24.249774296870058
19.562624711761288,24.610324264955345
19.562624711761288,25.21124087843083
18.48097480750542,25.812157491906312
18.240608162115223,25.451607523821025
17.759874871334837,24.85069091034554
17.27914158055445,24.249774296870058
16.678224967078968,25.21124087843083
16.197491676298583,24.610324264955345
17.158958257859354,24.249774296870058
18.12042483942013,25.812157491906312
17.639691548639746,25.331424201125927
16.798408289774066,24.730507587650443
18.601158130200517,24.369957619565156
19.3222580663711,25.812157491906312
18.961708098285804,25.331424201125927
20.16354132523677,24.85069091034554
19.14198308232845,26.413074105381796
18.48097480750542,26.893807396162188
18.000241516725033,28.215823945808246
15.836941708213295,27.73509065502786
15.836941708213295,29.8983904635396
14.995658449347616,29.417657172759213
14.57501681991478,31.100223690490566
14.154375190481943,30.73967372240528
14.154375190481943,32.30205691744153
14.394741835872132,31.821323626661147
14.995658449347616,31.46077365857586
14.454833497219681,33.5038901443925
13.67364189970155,33.023156853612115
13.132816947573616,32.66260688552683
12.952541963530976,33.98462343517289
12.952541963530976,33.023156853612115
11.750708736580009,32.54242356283173
10.90942547771433,32.181873594746435
10.548875509629042,31.58095698127095
9.467225605373173,31.100223690490566
8.205300717074657,30.61949039971018
8.02502573303201,29.8983904635396
7.604384103599173,29.417657172759213
7.123650812818788,29.057107204673926
7.063559151471239,28.215823945808246
6.582825860690853,27.73509065502786
6.222275892605559,27.01399071885728
5.741542601825174,26.533257428076894
5.260809311044788,25.812157491906312
4.29934272948401,25.331424201125927
3.3378761479232395,25.091057555735738
3.3979678092707886,24.610324264955345
3.938792761398723,24.12959097417496
,23.769041006089672
,23.408491038004385
,23.04794106991909
,22.567207779138705
,22.08647448835832
,22.08647448835832
,22.447024456443607
,22.927757747223993
,22.927757747223993
,22.447024456443607
,21.725924520273026
,20.764457938712255
,20.28372464793187
,20.16354132523677
,19.562624711761288
,19.202074743676
,19.202074743676
,19.14198308232845
,18.48097480750542
,18.240608162115223
,18.841524775590706
,19.44244138906619
,19.802991357151484
,19.081891420980902
,18.601158130200517
,18.240608162115223
,17.880058194029935
,17.519508225944648
,16.678224967078968
,16.31767499899368
,15.476391740128001
,16.077308353603485
,15.716758385518197
,15.356208417432903
,14.75529180395742
,14.274558513177034
,14.154375190481943
,13.793825222396649
,13.373183592963812
,13.253000270268714
,13.793825222396649
,13.433275254311361
,14.394741835872132
,14.815383465304969
,14.214466851829485
,14.154375190481943
,13.67364189970155
,13.192908608921165
,12.952541963530976
,12.471808672750583
,11.8708920592751
,11.390158768494715
,10.66905883232414
,10.308508864238846
,9.467225605373173
,8.505759023812395
,7.424109119556526
,7.183742474166337
,6.8231925060810426
,6.342459215300657
,5.861725924520272
,5.260809311044788
,4.900259342959494
,4.179159406788919
,4.058976084093821
,3.2176928252281414
,3.0975095025330504
,3.0975095025330504
