Y(hoy),Y(ayer)
-2.70924261505111,-2.0465092207635536
-2.974335972766127,-2.5766959361935875
-1.913962541906045,-2.974335972766127
-1.913962541906045,-2.444149257336079
-2.974335972766127,-2.5766959361935875
-2.0465092207635536,-2.8417892939086187
-1.648869184191014,-2.245329239049809
-1.450049165904744,-2.70924261505111
-0.9861357899034573,-2.3116025784785705
-0.8535891110459488,-1.913962541906045
-0.5884957533309318,-1.2512291476184885
-0.1466734904725655,-1.7814158630485224
0.20678431981413326,-1.913962541906045
1.0020643929591984,-1.913962541906045
1.2671577506742295,-1.5163225053335054
2.3938045209630587,-0.8535891110459488
3.0565379152506154,-0.8535891110459488
2.46007786039182,-0.8535891110459488
5.508651474114572,-0.45594907447342337
7.563124996405989,0.8695177141016899
7.099211620404702,1.2671577506742295
8.027038372407276,1.664797787246755
13.859092242137756,2.3275311815343116
13.328905526707715,2.725171218106837
15.184559030712869,3.3879046123944008
14.65437231528282,3.6529979701094177
16.311205801001712,4.580824722111998
15.71474574614291,5.6411981529720805
17.702945929005573,6.038838189544613
18.100585965578105,6.70157158383217
18.630772681008153,7.099211620404702
19.95623946958326,7.761945014692259
26.583573412458804,9.087411803267365
26.053386697028763,10.412878591842478
28.969413631894,10.015238555269946
28.43922691646396,12.003438738132608
27.90904020103391,11.605798701560076
27.37885348560387,14.389278957567804
30.825067135899154,13.859092242137756
30.294880420469113,13.328905526707715
29.89724038389658,15.71474574614291
32.415627282189284,15.184559030712869
32.01798724561675,16.510025819287975
38.51277450963478,16.112385782715442
40.898614729069976,16.907665855860508
40.36842801363994,17.437852571290556
39.838241298209894,17.968039286720597
46.53184858051419,18.36567932329313
45.9353885256554,18.763319359865662
43.019361590790155,19.95623946958326
42.62172155421762,19.558599433010727
46.46557524108544,21.281706258158366
45.40520181022535,20.884066221585833
44.609921737080285,23.13735976216352
44.079735021650244,22.60717304673348
43.28445494850518,24.72791990845365
42.62172155421762,26.053386697028763
41.95898815993007,25.65574666045623
41.36252810507127,28.174133558748935
41.20789031307084,27.643946843318894
41.95898815993007,27.113760127888845
41.428801444500024,26.583573412458804
40.898614729069976,30.55997377818413
40.23588133478243,30.02978706275409
39.9707879770674,29.49960034732404
40.23588133478243,28.969413631894
40.898614729069976,32.68072063990431
41.03116140792749,32.15053392447426
40.898614729069976,31.62034720904422
40.36842801363994,34.66892082276697
39.90451463763865,34.006187428479414
39.308054582779846,36.39202764791461
38.91041454620732,35.86184093248457
37.717494436489716,39.57314794049488
38.38022783077727,39.04296122506483
36.92221436334465,38.51277450963478
36.524574326772125,37.98258779420474
37.58494775763221,37.58494775763221
37.054761042202166,41.69389480221505
36.657121005629634,41.16370808678501
37.4524010787747,40.63352137135496
36.8559410239159,40.10333465592491
37.4524010787747,43.019361590790155
36.92221436334465,42.62172155421762
36.126934290199586,44.87501509479531
35.0665608593395,44.477375058222776
34.40382746505195,45.9353885256554
34.27128078619444,46.33302856222792
33.74109407076439,47.260855314230504
33.07836067647684,46.86321527765797
32.81326731876182,47.12830863537299
32.283080603331776,45.9353885256554
32.01798724561675,45.40520181022535
31.752893887901728,44.87501509479531
31.39943607761503,44.079735021650244
32.15053392447426,43.5495483062202
31.62034720904422,42.75426823307514
30.957613814756662,42.09153483878758
30.692520457041645,41.56134812335753
30.294880420469113,41.097434747356246
29.764693705039065,40.898614729069976
29.101960310751508,40.43470135306869
28.505500255892713,39.838241298209894
28.041586879891426,39.308054582779846
27.113760127888845,38.91041454620732
27.643946843318894,39.838241298209894
27.180033467317607,39.37432792220861
27.113760127888845,38.6453211884923
26.716120091316313,37.98258779420474
27.643946843318894,37.51867441820345
27.776493522176402,37.010578815916325
27.643946843318894,38.57904784906354
27.180033467317607,37.98258779420474
26.583573412458804,37.4524010787747
25.920840018171248,39.04296122506483
27.643946843318894,39.838241298209894
27.180033467317607,39.44060126163736
26.583573412458804,39.04296122506483
26.053386697028763,38.38022783077727
28.24040689817769,37.85004111534723
28.704320274178976,37.054761042202166
28.24040689817769,36.657121005629634
27.842766861605156,36.126934290199586
27.643946843318894,35.6630209141983
27.113760127888845,34.93401418048199
26.716120091316313,34.66892082276697
27.643946843318894,35.6630209141983
28.748502500464816,35.19910753819701
28.174133558748935,36.2594809690571
28.969413631894,35.99438761134208
29.234506989609024,35.33165421705452
29.764693705039065,34.80146750162448
29.632147026181556,34.13873410733692
29.101960310751508,33.47600071304937
28.83686695303649,32.945813997619325
30.02978706275409,32.415627282189284
29.49960034732404,31.885440566759243
30.02978706275409,31.355253851329195
30.42742709932662,30.891340475327908
29.89724038389658,30.361153759897867
31.090160493614178,30.825067135899154
30.55997377818413,30.42742709932662
29.89724038389658,30.294880420469113
29.300780329037778,29.764693705039065
28.704320274178976,29.101960310751508
28.174133558748935,28.306680237606443
30.096060402182843,27.776493522176402
30.825067135899154,27.37885348560387
30.294880420469113,26.914940109602583
30.825067135899154,27.37885348560387
30.42742709932662,26.84866677017383
29.367053668466532,26.185933375886272
28.83686695303649,25.523199981598715
29.49960034732404,24.993013266168674
30.02978706275409,24.59537322959614
30.096060402182843,25.58947332102747
30.361153759897867,25.125559945026183
30.825067135899154,25.65574666045623
28.969413631894,26.119660036457518
30.02978706275409,25.65574666045623
29.49960034732404,26.583573412458804
31.885440566759243,26.185933375886272
31.28898051190044,25.78829333931374
30.825067135899154,25.324379963312452
31.752893887901728,24.794193247882404
31.28898051190044,25.258106623883698
32.15053392447426,24.860466587311166
31.752893887901728,25.78829333931374
32.15053392447426,26.31848005474378
31.686620548472973,26.716120091316313
31.222707172471686,26.31848005474378
31.686620548472973,25.854566678742493
32.15053392447426,26.31848005474378
34.13873410733692,25.920840018171248
34.40382746505195,26.981213449031337
33.47600071304937,27.467217938175544
34.006187428479414,27.113760127888845
34.80146750162448,26.716120091316313
42.48917487536011,28.24040689817769
45.80284184679789,27.643946843318894
46.200481883370415,28.571773595321467
46.46557524108544,27.975313540462672
45.9353885256554,27.776493522176402
45.53774848908286,28.174133558748935
44.079735021650244,28.770593613607737
43.68209498507771,28.83686695303649
43.28445494850518,28.306680237606443
44.34482837936527,27.90904020103391
43.81464166393522,28.770593613607737
45.40520181022535,28.306680237606443
44.87501509479531,28.770593613607737
45.53774848908286,28.306680237606443
44.609921737080285,27.842766861605156
44.21228170050775,28.174133558748935
43.81464166393522,29.234506989609024
43.28445494850518,29.764693705039065
42.62172155421762,29.278689215894858
41.16370808678501,29.764693705039065
40.63352137135496,29.89724038389658
40.10333465592491,29.49960034732404
41.428801444500024,28.83686695303649
40.898614729069976,29.035686971322754
42.75426823307514,29.54378257360988
42.22408151764509,29.234506989609024
44.079735021650244,28.704320274178976
45.53774848908286,28.174133558748935
42.22408151764509,27.776493522176402
41.82644148107256,30.825067135899154
40.36842801363994,30.294880420469113
36.657121005629634,29.764693705039065
36.2594809690571,29.367053668466532
33.74109407076439,28.43922691646396
33.34345403419186,27.842766861605156
32.945813997619325,27.90904020103391
32.48190062161804,28.571773595321467
32.01798724561675,28.21831578503477
29.101960310751508,29.101960310751508
29.101960310751508,29.764693705039065
29.963513723325335,29.300780329037778
29.632147026181556,29.83096704446782
30.02978706275409,29.367053668466532
30.02978706275409,30.361153759897867
29.89724038389658,30.825067135899154
29.632147026181556,32.15053392447426
29.367053668466532,31.62034720904422
28.83686695303649,31.222707172471686
30.294880420469113,34.006187428479414
30.825067135899154,33.60854739190688
30.825067135899154,34.40382746505195
30.294880420469113,33.873640749621906
29.89724038389658,33.34345403419186
29.49960034732404,33.74109407076439
28.969413631894,34.27128078619444
28.969413631894,34.93401418048199
28.43922691646396,35.86184093248457
28.041586879891426,35.464200895912036
30.825067135899154,39.57314794049488
30.294880420469113,39.04296122506483
29.89724038389658,38.51277450963478
30.825067135899154,38.115134473062255
30.294880420469113,42.75426823307514
27.776493522176402,42.22408151764509
27.643946843318894,41.82644148107256
27.113760127888845,44.609921737080285
27.511400164461378,44.079735021650244
28.041586879891426,45.53774848908286
30.02978706275409,45.53774848908286
31.885440566759243,45.14010845251033
31.355253851329195,44.74246841593779
33.21090735533435,44.079735021650244
35.6630209141983,43.5495483062202
35.26538087762577,42.886814911932646
34.80146750162448,42.22408151764509
34.13873410733692,42.75426823307514
33.873640749621906,42.3566281965026
33.47600071304937,44.079735021650244
32.945813997619325,43.5495483062202
32.283080603331776,43.15190826964766
31.62034720904422,45.00756177365282
30.957613814756662,44.477375058222776
30.55997377818413,44.609921737080285
30.096060402182843,44.079735021650244
29.69842036561031,43.68209498507771
29.101960310751508,43.28445494850518
28.83686695303649,42.62172155421762
28.83686695303649,41.95898815993007
28.571773595321467,41.428801444500024
28.174133558748935,40.76606805021247
27.511400164461378,40.16960799535367
27.24630680674636,41.16370808678501
26.84866677017383,40.63352137135496
26.185933375886272,42.48917487536011
25.920840018171248,41.95898815993007
25.390653302741207,41.56134812335753
25.125559945026183,44.3890106056511
24.772102134739484,43.81464166393522
25.523199981598715,43.28445494850518
26.583573412458804,45.14010845251033
26.053386697028763,42.75426823307514
26.716120091316313,42.22408151764509
26.31848005474378,41.69389480221505
25.78829333931374,41.296254765642516
25.523199981598715,40.36842801363994
24.993013266168674,39.308054582779846
24.529099890167387,37.98258779420474
24.330279871881118,37.58494775763221
24.0651865141661,36.92221436334465
23.534999798736052,36.39202764791461
23.534999798736052,35.99438761134208
22.60717304673348,34.536374143909455
22.07698633130343,34.006187428479414
21.54679961587339,33.47600071304937
21.01661290044335,32.81326731876182
22.07698633130343,32.283080603331776
21.54679961587339,32.68072063990431
23.13735976216352,32.283080603331776
22.540899707304725,33.07836067647684
22.872266404448496,34.050369654765255
22.474626367875963,33.60854739190688
23.269906441021035,33.74109407076439
22.739719725590987,33.21090735533435
22.474626367875963,32.68072063990431
22.07698633130343,32.01798724561675
21.54679961587339,31.48780053018671
21.01661290044335,30.825067135899154
20.552699524442062,30.162333741611597
19.95623946958326,29.632147026181556
19.293506075295703,29.101960310751508
17.968039286720597,30.692520457041645
17.570399250148064,30.02978706275409
17.040212534718023,30.55997377818413
17.570399250148064,29.764693705039065
17.040212534718023,29.101960310751508
16.377479140430466,28.83686695303649
15.71474574614291,28.571773595321467
15.383379048999132,28.041586879891426
14.919465672997845,28.43922691646396
14.389278957567804,29.49960034732404
13.925365581566517,28.969413631894
13.527725544993984,29.764693705039065
14.256732278710288,29.367053668466532
14.389278957567804,28.704320274178976
13.792818902709001,28.174133558748935
12.666172132420158,27.511400164461378
12.268532095847625,26.782393430745074
11.738345380417584,27.24630680674636
11.340705343845052,26.716120091316313
9.352505160982389,27.776493522176402
8.822318445552341,28.969413631894
8.2921317301223,28.571773595321467
7.496851656977235,29.764693705039065
7.099211620404702,29.764693705039065
6.569024904974661,29.367053668466532
3.3879046123944008,28.43922691646396
2.8577178969643597,27.37885348560387
2.46007786039182,26.782393430745074
2.3275311815343116,26.716120091316313
1.2671577506742295,26.981213449031337
0.7369710352441814,27.643946843318894
0.20678431981413326,27.776493522176402
1.1346110718167068,27.90904020103391
0.67069769581542,28.571773595321467
0.47187767752916443,30.294880420469113
,29.764693705039065
,29.367053668466532
,31.885440566759243
,31.355253851329195
,33.21090735533435
,32.81326731876182
,34.27128078619444
,35.0665608593395
,34.536374143909455
,34.006187428479414
,33.60854739190688
,32.945813997619325
,32.415627282189284
,31.885440566759243
,31.48780053018671
,31.090160493614178
,30.55997377818413
,30.096060402182843
,29.89724038389658
,29.49960034732404
,29.035686971322754
,28.43922691646396
,27.975313540462672
,27.37885348560387
,26.914940109602583
,26.716120091316313
,26.31848005474378
,25.78829333931374
,25.324379963312452
,24.860466587311166
,24.462826550738633
,23.99891317473734
,23.601273138164807
,24.529099890167387
,24.0651865141661
,25.05928660559743
,25.523199981598715
,26.053386697028763
,26.716120091316313
,26.583573412458804
,26.053386697028763
,25.65574666045623
,25.05928660559743
,24.462826550738633
,23.932639835308585
,23.534999798736052
,23.13735976216352
,22.673446386162233
,22.209533010160946
,22.209533010160946
,22.673446386162233
,23.00481308330601
,22.342079689018455
,21.54679961587339
,21.149159579300857
,20.618972863870816
,20.221332827298284
,20.618972863870816
,21.149159579300857
,21.54679961587339
,21.944439652445922
,21.281706258158366
,20.81779288215708
,20.353879506155792
,19.82369279072575
,19.293506075295703
,18.36567932329313
,17.835492607863088
,16.510025819287975
,15.847292425000418
,15.71474574614291
,16.244932461572958
,15.449652388427886
,14.786918994140336
,13.991638920995271
,13.461452205565223
,13.06381216899269
,12.599898792991404
,13.06381216899269
,14.389278957567804
,14.521825636425312
,14.12418559985278
,13.527725544993984
,12.798718811277674
,11.870892059275093
,11.340705343845052
,11.075611986130028
,10.412878591842478
,9.617598518697413
,9.087411803267365
,8.689771766694832
,8.2921317301223
,7.894491693549767
,7.364304978119726
,6.834118262689678
,6.569024904974661
,6.038838189544613
,5.1110114375420395
,4.05063800668195
,3.6529979701094177
,3.3879046123944008
,2.990264575821868
,2.3275311815343116
,1.664797787246755
,1.2671577506742295
,0.8695177141016899
,0.2730576592428946
,0.20678431981413326
,0.20678431981413326
,0.20678431981413326
,0.20678431981413326
