Y(hoy),Y(ayer)
8.888591784981102,4.713371400969507
8.49095174840857,4.315731364396974
8.027038372407276,3.8518179883956876
8.623498427266078,4.05063800668195
9.087411803267365,3.6529979701094177
9.087411803267365,4.647098061540753
8.623498427266078,4.647098061540753
8.027038372407276,4.315731364396974
7.894491693549767,3.7855446489669333
7.761945014692259,3.3216312729656394
7.099211620404702,2.769353444392678
6.436478226117146,3.1228112546793767
5.906291510687105,2.5263511998205814
5.6411981529720805,1.9961644843905333
4.978464758684531,1.5985244478179936
4.514551382683237,2.194984502676803
4.978464758684531,1.7973444661042635
4.448278043254483,1.399704429531738
5.6411981529720805,0.8695177141016899
5.1110114375420395,0.4056043381004031
4.580824722111998,1.1346110718167068
4.05063800668195,0.7369710352441814
3.5204512912519093,0.6044243563866729
3.7855446489669333,0.20678431981413326
3.3879046123944008,0.20678431981413326
4.315731364396974,0.14051098038538612
3.719271309538172,-0.389675735044662
4.315731364396974,-0.8535891110459488
3.255357933536885,-0.45594907447342337
2.725171218106837,-0.05830903790088371
2.3938045209630587,-0.654769092759679
2.46007786039182,-0.8535891110459488
2.46007786039182,-0.8535891110459488
2.1287111632480418,-0.8535891110459488
1.664797787246755,-0.8535891110459488
1.2671577506742295,-0.8535891110459488
2.194984502676803,-0.8535891110459488
1.7973444661042635,-0.8535891110459488
1.5322511083892465,-0.8535891110459488
1.2671577506742295,-0.8535891110459488
1.2671577506742295,-1.11868246876098
1.2008844112454682,-1.7151425236197753
1.1346110718167068,-1.8476892024772837
0.67069769581542,-1.2512291476184885
0.2730576592428946,-1.648869184191014
1.0020643929591984,-1.8476892024772837
1.2671577506742295,-1.913962541906045
1.1346110718167068,-1.913962541906045
0.67069769581542,-1.913962541906045
0.2730576592428946,-1.913962541906045
0.20678431981413326,-1.913962541906045
0.20678431981413326,-1.913962541906045
0.20678431981413326,-1.913962541906045
0.20678431981413326,-1.913962541906045
0.20678431981413326,-1.913962541906045
0.20678431981413326,-1.913962541906045
0.20678431981413326,-1.913962541906045
0.20678431981413326,-1.8476892024772837
0.20678431981413326,-1.2512291476184885
0.20678431981413326,-1.648869184191014
0.20678431981413326,-0.8535891110459488
0.07423764095662477,-0.8535891110459488
-0.389675735044662,-0.8535891110459488
0.07423764095662477,-0.8535891110459488
-0.8535891110459488,-0.8535891110459488
-0.45594907447342337,-0.8535891110459488
0.07423764095662477,-0.8535891110459488
0.07423764095662477,-0.8535891110459488
-0.5884957533309318,-0.8535891110459488
-0.8535891110459488,-0.8535891110459488
-0.5222224139021705,-0.389675735044662
0.07423764095662477,0.14051098038538612
-0.389675735044662,0.20678431981413326
-0.45594907447342337,0.47187767752916443
0.07423764095662477,0.8695177141016899
0.20678431981413326,1.7310711266755163
0.20678431981413326,1.2671577506742295
0.07423764095662477,2.194984502676803
-0.5222224139021705,3.1228112546793767
-0.5884957533309318,2.5926245392493286
-0.1466734904725655,2.8577178969643597
0.07423764095662477,3.3216312729656394
-0.36758462190174157,2.8577178969643597
-0.8535891110459488,3.7855446489669333
-0.7210424321884403,4.448278043254483
-0.12458237732964506,4.713371400969507
0.20678431981413326,4.91219141925577
0.33933099867164174,5.3761047952570635
0.9136999403875308,5.906291510687105
1.1346110718167068,6.767844923260924
0.47187767752916443,6.303931547259637
0.38351322495748263,7.231758299262211
1.1346110718167068,8.159585051264791
0.67069769581542,7.629398335834743
0.6044243563866729,9.485051839839898
0.20678431981413326,8.822318445552341
1.664797787246755,10.147785234127454
1.1346110718167068,11.009338646701273
2.23916672896263,10.545425270699987
2.46007786039182,12.135985416990117
2.46007786039182,11.47325202270256
2.46007786039182,13.461452205565223
2.8577178969643597,12.798718811277674
2.3275311815343116,14.786918994140336
3.5204512912519093,14.12418559985278
4.05063800668195,15.515925727856647
4.580824722111998,16.244932461572958
3.918091327824442,15.71474574614291
3.454177951823155,17.437852571290556
3.5204512912519093,16.775119177003
3.5204512912519093,18.100585965578105
4.315731364396974,18.630772681008153
3.7855446489669333,19.558599433010727
4.845918079827015,19.028412717580686
5.508651474114572,20.353879506155792
5.773744831829596,21.613072955302144
5.773744831829596,21.01661290044335
5.906291510687105,23.667546477593568
6.569024904974661,23.13735976216352
7.0108471678330275,22.60717304673348
7.761945014692259,22.07698633130343
7.364304978119726,26.84866677017383
7.761945014692259,26.31848005474378
7.298031638690972,25.78829333931374
6.70157158383217,25.258106623883698
6.038838189544613,24.72791990845365
5.773744831829596,24.19773319302361
7.761945014692259,28.24040689817769
7.231758299262211,27.643946843318894
6.70157158383217,28.83686695303649
6.171384868402129,30.604156004469964
6.966664941547194,30.02978706275409
6.436478226117146,29.49960034732404
5.906291510687105,32.48190062161804
5.906291510687105,31.885440566759243
6.569024904974661,31.355253851329195
7.0108471678330275,33.60854739190688
7.761945014692259,32.945813997619325
7.364304978119726,34.93401418048199
8.027038372407276,34.27128078619444
8.623498427266078,36.2594809690571
9.087411803267365,35.596747574769545
9.418778500411143,36.72339434505839
8.954865124409856,38.77786786734981
10.015238555269946,38.247681151919764
10.147785234127454,37.717494436489716
10.015238555269946,37.187307721059675
9.750145197554922,40.96488806849874
9.352505160982389,40.36842801363994
9.926874102698264,39.838241298209894
8.954865124409856,39.308054582779846
11.208158664987543,41.03116140792749
10.677971949557495,41.16370808678501
10.214058573556208,41.95898815993007
10.677971949557495,41.49507478392878
10.147785234127454,40.96488806849874
10.191967460413288,40.36842801363994
11.208158664987543,39.9707879770674
10.677971949557495,39.57314794049488
11.208158664987543,39.10923456449358
11.47325202270256,39.57314794049488
11.075611986130028,39.04296122506483
12.135985416990117,38.38022783077727
12.577807679848483,37.916314454775986
12.135985416990117,38.84414120677856
13.328905526707715,38.38022783077727
12.931265490135182,39.308054582779846
13.461452205565223,39.838241298209894
13.859092242137756,40.63352137135496
13.461452205565223,40.10333465592491
14.389278957567804,40.10333465592491
13.925365581566517,39.57314794049488
13.527725544993984,39.04296122506483
14.168367826138613,38.38022783077727
14.919465672997845,37.98258779420474
16.510025819287975,37.85004111534723
15.847292425000418,38.84414120677856
15.449652388427886,38.247681151919764
16.510025819287975,39.705694619352386
15.847292425000418,39.17550790392234
15.317105709570377,38.51277450963478
14.786918994140336,37.98258779420474
14.521825636425312,37.51867441820345
16.775119177003,36.98848770277341
16.244932461572958,37.58494775763221
15.71474574614291,37.58494775763221
15.317105709570377,36.92221436334465
17.30530589243304,36.458300987343364
16.775119177003,35.86184093248457
18.630772681008153,36.92221436334465
17.968039286720597,36.39202764791461
18.498226002150638,37.31985439991719
17.968039286720597,36.657121005629634
17.437852571290556,35.99438761134208
16.907665855860508,35.464200895912036
19.95623946958326,35.39792755648328
19.42605275415322,35.00028751991075
18.89586603872317,34.536374143909455
18.36567932329313,34.006187428479414
17.968039286720597,33.47600071304937
19.95623946958326,32.81326731876182
19.42605275415322,32.54817396104679
19.028412717580686,32.15053392447426
19.95623946958326,31.686620548472973
22.07698633130343,31.222707172471686
21.54679961587339,32.74699397933306
21.01661290044335,33.2771806947631
20.4864261850133,33.80736741019315
19.42605275415322,34.27128078619444
21.811892973588414,33.74109407076439
21.281706258158366,33.21090735533435
21.811892973588414,32.68072063990431
21.281706258158366,32.216807263903014
23.667546477593568,31.62034720904422
23.13735976216352,31.090160493614178
22.60717304673348,30.626247117612884
24.330279871881118,30.02978706275409
23.667546477593568,29.367053668466532
24.462826550738633,29.101960310751508
23.932639835308585,29.764693705039065
23.932639835308585,29.367053668466532
23.402453119878544,29.234506989609024
23.402453119878544,30.294880420469113
23.800093156451076,29.764693705039065
23.269906441021035,30.825067135899154
24.507008777024467,31.156433833042932
25.78829333931374,30.55997377818413
25.258106623883698,30.02978706275409
26.583573412458804,29.49960034732404
25.920840018171248,28.83686695303649
25.390653302741207,28.306680237606443
24.860466587311166,27.90904020103391
26.31848005474378,29.764693705039065
25.78829333931374,29.234506989609024
25.258106623883698,28.83686695303649
24.72791990845365,30.692520457041645
26.185933375886272,30.162333741611597
25.722019999884985,31.222707172471686
26.716120091316313,31.28898051190044
26.185933375886272,32.216807263903014
27.423035711889703,31.752893887901728
27.643946843318894,32.74699397933306
26.981213449031337,33.07836067647684
26.185933375886272,32.415627282189284
25.920840018171248,31.885440566759243
25.390653302741207,31.355253851329195
24.860466587311166,32.98999622390516
24.59537322959614,32.415627282189284
25.523199981598715,31.885440566759243
24.993013266168674,32.68072063990431
25.65574666045623,32.216807263903014
25.722019999884985,31.686620548472973
26.583573412458804,31.222707172471686
26.119660036457518,32.68072063990431
25.65574666045623,32.15053392447426
27.643946843318894,31.62034720904422
27.113760127888845,33.07836067647684
26.583573412458804,32.415627282189284
26.053386697028763,32.283080603331776
25.58947332102747,32.283080603331776
24.860466587311166,32.48190062161804
24.462826550738633,33.01208733704808
25.523199981598715,33.47600071304937
25.05928660559743,34.006187428479414
24.462826550738633,34.33755412562319
27.643946843318894,34.006187428479414
27.113760127888845,33.34345403419186
26.583573412458804,33.07836067647684
26.053386697028763,32.72490286619014
26.583573412458804,32.283080603331776
26.053386697028763,34.13873410733692
25.523199981598715,33.47600071304937
24.860466587311166,33.07836067647684
24.462826550738633,35.33165421705452
24.72791990845365,34.80146750162448
24.330279871881118,34.27128078619444
25.258106623883698,33.80736741019315
25.125559945026183,33.21090735533435
24.661646569024896,32.54817396104679
25.523199981598715,32.283080603331776
24.993013266168674,35.11074308562534
25.523199981598715,34.536374143909455
24.860466587311166,34.006187428479414
24.39655321130987,36.39202764791461
24.330279871881118,35.92811427191332
24.0651865141661,35.596747574769545
23.534999798736052,35.13283419876826
23.269906441021035,34.62473859648113
22.872266404448496,35.39792755648328
22.342079689018455,34.93401418048199
22.342079689018455,35.464200895912036
22.60717304673348,35.19910753819701
22.209533010160946,34.60264748333822
23.13735976216352,34.40382746505195
22.342079689018455,34.006187428479414
21.811892973588414,33.40972737362062
21.347979597587127,34.27128078619444
20.751519542728325,33.74109407076439
20.15505948786953,33.34345403419186
21.01661290044335,36.39202764791461
20.4864261850133,35.86184093248457
19.95623946958326,35.33165421705452
19.42605275415322,34.80146750162448
18.763319359865662,35.596747574769545
18.498226002150638,34.93401418048199
18.100585965578105,34.66892082276697
17.769219268434327,35.6630209141983
17.835492607863088,35.19910753819701
17.17275921357553,36.17111651648543
16.708845837574245,35.86184093248457
16.64257249814549,35.33165421705452
16.377479140430466,34.80146750162448
15.847292425000418,34.40382746505195
15.582199067285401,36.524574326772125
15.317105709570377,35.86184093248457
14.919465672997845,35.464200895912036
14.389278957567804,37.78376777591848
13.859092242137756,37.187307721059675
13.461452205565223,38.6453211884923
14.389278957567804,38.115134473062255
14.256732278710288,37.31985439991719
13.991638920995271,36.92221436334465
13.461452205565223,37.51867441820345
12.798718811277674,37.98258779420474
12.135985416990117,38.51277450963478
11.539525362131315,37.98258779420474
11.141885325558782,37.51867441820345
11.738345380417584,36.98848770277341
11.340705343845052,37.98258779420474
12.268532095847625,37.51867441820345
11.738345380417584,41.16370808678501
11.406978683273806,40.63352137135496
12.047620964418442,40.10333465592491
12.33480543527638,39.57314794049488
12.401078774705141,39.04296122506483
12.401078774705141,38.51277450963478
12.842901037563507,42.55544821478887
12.401078774705141,41.95898815993007
14.168367826138613,43.019361590790155
13.593998884422739,42.48917487536011
14.521825636425312,42.02526149935882
14.65437231528282,41.428801444500024
15.250832370141623,42.48917487536011
15.71474574614291,41.95898815993007
15.71474574614291,42.886814911932646
15.052012351855353,42.22408151764509
14.786918994140336,41.56134812335753
14.389278957567804,40.898614729069976
13.726545563280247,40.36842801363994
13.461452205565223,40.96488806849874
15.493834614713727,39.9707879770674
14.919465672997845,42.02526149935882
14.389278957567804,41.428801444500024
15.582199067285401,42.09153483878758
15.317105709570377,41.69389480221505
14.786918994140336,41.229981426213755
14.698554541568662,40.69979471078371
15.582199067285401,40.10333465592491
15.052012351855353,39.705694619352386
15.582199067285401,39.04296122506483
15.317105709570377,38.57904784906354
14.919465672997845,38.048861133633494
14.521825636425312,38.6453211884923
15.493834614713727,39.37432792220861
14.919465672997845,40.898614729069976
15.71474574614291,40.36842801363994
15.847292425000418,39.90451463763865
16.510025819287975,40.10333465592491
16.377479140430466,39.57314794049488
15.847292425000418,38.91041454620732
16.775119177003,38.38022783077727
16.244932461572958,37.916314454775986
16.775119177003,37.717494436489716
16.64257249814549,37.054761042202166
16.377479140430466,36.39202764791461
15.847292425000418,35.92811427191332
15.184559030712869,35.33165421705452
14.65437231528282,34.84564972791032
15.228741256998703,35.72929425362706
15.317105709570377,36.39202764791461
14.786918994140336,35.86184093248457
16.510025819287975,35.19910753819701
15.91356576442918,34.4701008044807
15.449652388427886,34.27128078619444
14.919465672997845,33.60854739190688
16.510025819287975,32.945813997619325
15.847292425000418,32.34935394276053
15.582199067285401,32.283080603331776
15.184559030712869,32.68072063990431
14.521825636425312,33.2771806947631
17.040212534718023,33.47600071304937
16.44375247985922,34.27128078619444
15.979839103857934,33.80736741019315
15.449652388427886,33.2771806947631
14.919465672997845,32.68072063990431
17.702945929005573,32.283080603331776
17.040212534718023,33.2771806947631
16.377479140430466,33.21090735533435
15.71474574614291,32.68072063990431
16.244932461572958,32.283080603331776
16.64257249814549,33.80736741019315
15.979839103857934,33.21090735533435
16.510025819287975,35.33165421705452
15.71474574614291,34.867740841053234
17.349488118718874,34.27128078619444
18.23313264443562,34.4701008044807
18.940048265009004,34.40382746505195
20.221332827298284,34.27128078619444
19.691146111868235,33.74109407076439
21.01661290044335,33.2771806947631
20.4864261850133,32.68072063990431
20.088786148440768,32.283080603331776
21.01661290044335,33.2771806947631
20.4864261850133,34.13873410733692
22.07698633130343,33.47600071304937
21.613072955302144,35.33165421705452
23.13735976216352,34.80146750162448
22.474626367875963,34.536374143909455
21.811892973588414,34.006187428479414
21.01661290044335,33.47600071304937
20.4864261850133,33.873640749621906
20.088786148440768,33.34345403419186
21.54679961587339,35.596747574769545
22.474626367875963,35.0665608593395
23.13735976216352,34.536374143909455
22.342079689018455,36.39202764791461
21.54679961587339,35.596747574769545
20.884066221585833,35.0665608593395
20.353879506155792,34.40382746505195
20.088786148440768,33.873640749621906
23.402453119878544,33.47600071304937
22.872266404448496,35.39792755648328
22.342079689018455,34.80146750162448
21.878166313017168,34.40382746505195
21.281706258158366,35.92811427191332
21.944439652445922,36.2594809690571
21.41425293701588,35.596747574769545
21.149159579300857,35.0665608593395
22.342079689018455,34.536374143909455
21.944439652445922,34.006187428479414
22.342079689018455,33.47600071304937
22.342079689018455,32.945813997619325
21.679346294730898,32.415627282189284
21.21543291872961,34.13873410733692
21.01661290044335,33.47600071304937
20.353879506155792,34.40382746505195
20.088786148440768,34.80146750162448
19.691146111868235,35.33165421705452
19.028412717580686,34.867740841053234
18.36567932329313,34.536374143909455
18.03431262614935,35.0665608593395
18.630772681008153,35.464200895912036
18.630772681008153,35.33165421705452
18.100585965578105,34.867740841053234
17.437852571290556,34.536374143909455
16.907665855860508,35.19910753819701
16.775119177003,35.0665608593395
16.775119177003,34.60264748333822
16.311205801001712,34.13873410733692
15.582199067285401,33.74109407076439
15.052012351855353,35.11074308562534
14.521825636425312,34.536374143909455
15.449652388427886,36.39202764791461
14.919465672997845,35.86184093248457
15.317105709570377,35.33165421705452
14.786918994140336,34.66892082276697
14.521825636425312,34.40382746505195
15.582199067285401,34.050369654765255
15.052012351855353,33.47600071304937
15.582199067285401,35.86184093248457
15.317105709570377,35.33165421705452
14.786918994140336,34.80146750162448
14.521825636425312,36.2594809690571
14.12418559985278,35.79556759305581
13.859092242137756,36.39202764791461
13.395178866136469,37.31985439991719
12.798718811277674,36.78966768448714
12.33480543527638,37.85004111534723
12.135985416990117,37.58494775763221
11.870892059275093,36.78966768448714
11.47325202270256,36.126934290199586
11.141885325558782,35.72929425362706
11.208158664987543,37.717494436489716
11.208158664987543,37.25358106048843
10.545425270699987,36.657121005629634
10.147785234127454,36.2594809690571
10.147785234127454,40.898614729069976
10.677971949557495,40.43470135306869
11.208158664987543,39.838241298209894
10.214058573556208,39.308054582779846
10.677971949557495,38.77786786734981
9.683871858126167,38.247681151919764
10.147785234127454,41.95898815993007
9.087411803267365,41.296254765642516
9.087411803267365,40.63352137135496
9.087411803267365,39.9707879770674
8.557225087837324,39.44060126163736
8.027038372407276,39.04296122506483
8.027038372407276,40.898614729069976
8.623498427266078,40.43470135306869
9.087411803267365,39.838241298209894
9.087411803267365,40.36842801363994
9.087411803267365,39.9707879770674
8.424678408979808,39.57314794049488
7.960765032978522,39.10923456449358
7.894491693549767,40.63352137135496
,40.10333465592491
,39.57314794049488
,40.10333465592491
,39.57314794049488
,38.91041454620732
,38.38022783077727
,38.02677002049058
,38.6453211884923
,38.247681151919764
,37.78376777591848
,37.4524010787747
,36.92221436334465
,36.39202764791461
,35.92811427191332
,35.33165421705452
,34.735194162195725
,34.40382746505195
,36.657121005629634
,36.126934290199586
,37.4524010787747
,36.657121005629634
,36.126934290199586
,35.596747574769545
,35.0665608593395
,34.40382746505195
,34.13873410733692
,33.74109407076439
,33.34345403419186
,32.81326731876182
,32.01798724561675
,31.752893887901728
,31.355253851329195
,30.825067135899154
,30.162333741611597
,29.89724038389658
,29.49960034732404
,28.969413631894
,28.903140292465245
,29.300780329037778
,29.764693705039065
,29.234506989609024
,28.704320274178976
,28.041586879891426
,27.776493522176402
,27.37885348560387
,26.84866677017383
,26.384753394172535
,25.854566678742493
,25.65574666045623
,25.258106623883698
,24.72791990845365
,24.19773319302361
,23.667546477593568
,23.13735976216352
,22.673446386162233
,22.07698633130343
,21.54679961587339
,20.884066221585833
,20.420152845584546
,20.088786148440768
,20.884066221585833
,20.287606166727038
,19.691146111868235
,19.22723273586695
,18.498226002150638
,18.03431262614935
,18.630772681008153
,18.36567932329313
,17.835492607863088
,17.371579231861794
,16.775119177003
,16.311205801001712
,15.979839103857934
,16.57629915871673
,17.040212534718023
,17.570399250148064
,17.040212534718023
,16.377479140430466
,15.71474574614291
,15.250832370141623
,14.588098975854066
,14.389278957567804
,13.726545563280247
,13.06381216899269
,12.53362545356265
,12.135985416990117
,11.539525362131315
,12.003438738132608
,11.605798701560076
,11.47325202270256
,10.94306530727252
,10.280331912984963
,10.280331912984963
,11.539525362131315
,10.94306530727252
,12.599898792991404
,12.003438738132608
,13.06381216899269
