Y(hoy),Y(ayer)
6.237658207830883,5.773744831829596
6.70157158383217,5.6411981529720805
6.171384868402129,5.3761047952570635
6.70157158383217,4.845918079827015
6.237658207830883,4.448278043254483
5.773744831829596,3.6529979701094177
6.436478226117146,3.454177951823155
5.773744831829596,3.5204512912519093
5.1110114375420395,3.3879046123944008
4.647098061540753,2.990264575821868
4.580824722111998,2.5926245392493286
3.984364667253196,2.0624378238192946
2.990264575821868,1.2671577506742295
2.46007786039182,1.2671577506742295
2.3938045209630587,1.2008844112454682
1.9961644843905333,0.8695177141016899
1.4659777689604852,0.33933099867164174
1.2671577506742295,0.20678431981413326
0.9357910535304512,0.20678431981413326
0.4056043381004031,0.20678431981413326
0.20678431981413326,-0.05830903790088371
-0.05830903790088371,-0.7210424321884403
-0.389675735044662,-0.8535891110459488
0.07423764095662477,-0.8535891110459488
-0.5222224139021705,-0.8535891110459488
-0.9861357899034573,-0.8535891110459488
-1.5825958447622668,-0.8535891110459488
-2.0465092207635536,-0.8535891110459488
-1.9802358813347922,-1.2512291476184885
-1.383775826475997,-1.8476892024772837
-1.11868246876098,-1.7151425236197753
-0.7210424321884403,-1.11868246876098
-0.1908557167583922,-0.8535891110459488
0.47187767752916443,-0.8535891110459488
1.0020643929591984,-0.8535891110459488
1.2671577506742295,-0.8535891110459488
2.8577178969643597,-0.8535891110459488
3.3879046123944008,-0.8535891110459488
3.6529979701094177,-0.8535891110459488
4.05063800668195,-0.389675735044662
5.1110114375420395,0.14051098038538612
4.713371400969507,0.20678431981413326
5.906291510687105,0.33933099867164174
7.298031638690972,0.8695177141016899
7.894491693549767,1.2671577506742295
8.557225087837324,1.664797787246755
9.617598518697413,2.3275311815343116
9.087411803267365,2.3275311815343116
11.47325202270256,2.7914445575355984
11.075611986130028,3.255357933536885
12.53362545356265,4.05063800668195
14.919465672997845,4.845918079827015
16.775119177003,4.448278043254483
16.377479140430466,5.906291510687105
19.42605275415322,5.3761047952570635
20.4864261850133,6.834118262689678
19.95623946958326,7.231758299262211
21.01661290044335,8.027038372407276
20.884066221585833,7.629398335834743
20.618972863870816,9.617598518697413
20.088786148440768,9.087411803267365
19.293506075295703,8.557225087837324
18.763319359865662,11.208158664987543
18.14476819186394,10.677971949557495
19.470234980439052,10.280331912984963
18.89586603872317,12.53362545356265
20.751519542728325,12.003438738132608
20.287606166727038,13.859092242137756
21.856075199874248,15.184559030712869
21.281706258158366,14.786918994140336
23.181541988449354,16.775119177003
22.60717304673348,16.244932461572958
24.462826550738633,15.847292425000418
23.932639835308585,18.630772681008153
25.125559945026183,18.100585965578105
25.832475565599573,19.028412717580686
27.15794235417468,18.962139378151925
26.583573412458804,18.431952662721883
28.43922691646396,17.968039286720597
27.975313540462672,17.570399250148064
29.54378257360988,17.084394761003857
28.969413631894,18.431952662721883
30.42742709932662,17.835492607863088
31.156433833042932,19.558599433010727
32.15053392447426,18.89586603872317
31.62034720904422,20.884066221585833
33.74109407076439,20.221332827298284
33.21090735533435,22.143259670732192
32.81326731876182,21.54679961587339
35.596747574769545,22.60717304673348
35.13283419876826,23.534999798736052
34.536374143909455,23.00481308330601
34.13873410733692,24.794193247882404
36.524574326772125,24.19773319302361
35.99438761134208,25.854566678742493
36.126934290199586,25.258106623883698
35.596747574769545,26.384753394172535
36.657121005629634,27.511400164461378
36.126934290199586,26.84866677017383
35.464200895912036,28.770593613607737
34.93401418048199,28.174133558748935
34.27128078619444,30.361153759897867
33.60854739190688,29.764693705039065
33.34345403419186,29.234506989609024
33.60854739190688,31.885440566759243
34.27128078619444,31.355253851329195
33.80736741019315,30.825067135899154
34.27128078619444,33.21090735533435
33.40972737362062,32.68072063990431
32.81326731876182,32.283080603331776
32.34935394276053,34.13873410733692
32.68072063990431,33.674820731335636
32.283080603331776,33.40972737362062
34.006187428479414,33.21090735533435
33.47600071304937,32.68072063990431
34.27128078619444,32.15053392447426
33.74109407076439,31.686620548472973
33.34345403419186,31.090160493614178
34.536374143909455,30.55997377818413
34.006187428479414,29.89724038389658
35.596747574769545,29.234506989609024
35.0665608593395,28.704320274178976
36.524574326772125,28.041586879891426
35.99438761134208,27.37885348560387
35.86184093248457,26.914940109602583
35.33165421705452,27.511400164461378
34.66892082276697,26.981213449031337
34.40382746505195,26.583573412458804
34.006187428479414,26.119660036457518
33.47600071304937,25.65574666045623
32.945813997619325,25.78829333931374
32.415627282189284,26.384753394172535
31.951713906187997,26.914940109602583
31.222707172471686,27.37885348560387
30.957613814756662,27.842766861605156
30.55997377818413,29.101960310751508
30.02978706275409,28.43922691646396
31.090160493614178,28.041586879891426
30.692520457041645,29.764693705039065
30.957613814756662,29.367053668466532
30.692520457041645,28.969413631894
30.162333741611597,28.505500255892713
29.89724038389658,27.975313540462672
29.49960034732404,27.511400164461378
29.013595858179833,27.113760127888845
29.764693705039065,26.64984675188756
29.764693705039065,26.119660036457518
29.101960310751508,25.65574666045623
28.969413631894,27.113760127888845
29.49960034732404,26.583573412458804
29.89724038389658,26.053386697028763
29.300780329037778,27.511400164461378
28.571773595321467,26.914940109602583
28.306680237606443,26.451026733601296
27.90904020103391,26.053386697028763
27.37885348560387,25.65574666045623
26.914940109602583,26.64984675188756
27.643946843318894,26.185933375886272
27.113760127888845,26.716120091316313
27.643946843318894,26.716120091316313
27.113760127888845,27.180033467317607
28.704320274178976,27.643946843318894
28.10786021932018,27.24630680674636
27.643946843318894,26.84866677017383
27.113760127888845,26.185933375886272
26.716120091316313,25.920840018171248
28.704320274178976,25.523199981598715
28.041586879891426,24.993013266168674
27.776493522176402,24.330279871881118
27.643946843318894,23.800093156451076
27.113760127888845,24.330279871881118
26.782393430745074,23.800093156451076
27.511400164461378,24.59537322959614
27.953222427319744,25.05928660559743
28.704320274178976,25.58947332102747
28.306680237606443,25.65574666045623
28.43922691646396,25.65574666045623
27.90904020103391,25.65574666045623
29.234506989609024,25.65574666045623
28.704320274178976,25.722019999884985
29.764693705039065,26.31848005474378
29.49960034732404,26.716120091316313
28.969413631894,26.31848005474378
29.035686971322754,25.854566678742493
29.632147026181556,26.31848005474378
30.294880420469113,25.920840018171248
30.957613814756662,27.180033467317607
31.156433833042932,26.716120091316313
31.62034720904422,27.643946843318894
32.15053392447426,27.180033467317607
31.62034720904422,26.84866677017383
31.156433833042932,27.511400164461378
32.01798724561675,27.776493522176402
31.355253851329195,28.704320274178976
32.283080603331776,28.174133558748935
32.283080603331776,29.764693705039065
32.283080603331776,29.300780329037778
32.68072063990431,29.278689215894858
32.283080603331776,29.89724038389658
33.21090735533435,29.632147026181556
33.47600071304937,29.101960310751508
34.006187428479414,30.162333741611597
34.27128078619444,29.49960034732404
33.74109407076439,30.825067135899154
33.21090735533435,30.294880420469113
32.68072063990431,29.764693705039065
32.283080603331776,29.367053668466532
32.283080603331776,30.626247117612884
32.283080603331776,30.02978706275409
32.34935394276053,31.090160493614178
33.21090735533435,30.825067135899154
32.68072063990431,30.339062646754947
33.34345403419186,30.825067135899154
33.34345403419186,31.090160493614178
33.40972737362062,30.55997377818413
34.27128078619444,30.096060402182843
33.74109407076439,30.096060402182843
33.34345403419186,30.692520457041645
35.33165421705452,31.222707172471686
34.80146750162448,31.222707172471686
35.0665608593395,30.692520457041645
34.4701008044807,30.096060402182843
35.33165421705452,30.162333741611597
34.867740841053234,30.55997377818413
34.536374143909455,31.156433833042932
35.11074308562534,31.156433833042932
34.536374143909455,30.825067135899154
35.596747574769545,30.339062646754947
35.596747574769545,31.156433833042932
35.596747574769545,31.222707172471686
36.126934290199586,31.752893887901728
36.657121005629634,31.222707172471686
37.4524010787747,32.283080603331776
36.98848770277341,32.283080603331776
36.524574326772125,32.283080603331776
39.57314794049488,32.283080603331776
38.976687885636075,33.21090735533435
38.51277450963478,32.68072063990431
37.98258779420474,32.283080603331776
41.428801444500024,35.90602315877041
40.898614729069976,35.33165421705452
40.36842801363994,34.80146750162448
43.019361590790155,34.27128078619444
42.3566281965026,33.74109407076439
41.89271482050131,37.85004111534723
42.22408151764509,37.187307721059675
41.69389480221505,36.657121005629634
41.16370808678501,39.61733016678071
42.75426823307514,39.04296122506483
43.15190826964766,38.51277450963478
42.22408151764509,39.308054582779846
41.82644148107256,38.91041454620732
41.428801444500024,38.77786786734981
40.898614729069976,38.31395449134852
40.36842801363994,37.717494436489716
39.9707879770674,37.054761042202166
40.898614729069976,36.2594809690571
40.36842801363994,35.79556759305581
40.898614729069976,36.524574326772125
40.36842801363994,36.2594809690571
39.92660575078156,35.596747574769545
39.838241298209894,34.93401418048199
39.37432792220861,34.13873410733692
38.976687885636075,33.47600071304937
38.51277450963478,33.34345403419186
37.98258779420474,33.74109407076439
37.51867441820345,35.11074308562534
36.92221436334465,34.536374143909455
36.524574326772125,34.13873410733692
37.49658330506054,36.96639658963049
37.717494436489716,36.39202764791461
38.51277450963478,35.86184093248457
39.838241298209894,37.717494436489716
39.308054582779846,38.446501170206034
38.91041454620732,37.98258779420474
39.57314794049488,37.58494775763221
38.91041454620732,37.187307721059675
38.6453211884923,36.657121005629634
38.247681151919764,35.99438761134208
37.717494436489716,35.72929425362706
37.187307721059675,35.33165421705452
36.657121005629634,34.80146750162448
36.59084766620087,34.13873410733692
35.99438761134208,33.47600071304937
35.464200895912036,32.81326731876182
34.80146750162448,32.15053392447426
34.13873410733692,31.62034720904422
33.60854739190688,31.090160493614178
32.81326731876182,30.55997377818413
32.216807263903014,30.02978706275409
31.62034720904422,29.49960034732404
30.957613814756662,28.969413631894
30.692520457041645,28.43922691646396
30.294880420469113,27.90904020103391
29.764693705039065,27.37885348560387
29.300780329037778,26.914940109602583
28.704320274178976,26.31848005474378
28.174133558748935,25.65574666045623
27.710220182747648,25.125559945026183
27.113760127888845,24.661646569024896
26.451026733601296,24.462826550738633
25.920840018171248,23.800093156451076
25.258106623883698,23.13735976216352
24.72791990845365,22.673446386162233
24.19773319302361,22.07698633130343
23.534999798736052,21.54679961587339
23.402453119878544,21.01661290044335
22.872266404448496,20.4864261850133
22.40835302844721,20.088786148440768
23.13735976216352,19.691146111868235
22.60717304673348,19.22723273586695
23.711728703879402,19.82369279072575
24.462826550738633,19.293506075295703
23.932639835308585,20.088786148440768
23.402453119878544,19.558599433010727
22.872266404448496,19.028412717580686
22.40835302844721,19.22723273586695
21.811892973588414,19.82369279072575
21.21543291872961,19.42605275415322
22.342079689018455,19.028412717580686
21.944439652445922,19.95623946958326
22.342079689018455,19.558599433010727
22.872266404448496,20.4864261850133
22.342079689018455,21.082886239872103
23.402453119878544,20.884066221585833
23.402453119878544,20.221332827298284
23.269906441021035,20.088786148440768
23.00481308330601,20.287606166727038
22.474626367875963,20.884066221585833
22.342079689018455,21.149159579300857
22.938539743877257,21.613072955302144
23.402453119878544,22.143259670732192
23.733819817022322,22.209533010160946
23.269906441021035,22.2758063495897
24.330279871881118,23.203633101592274
24.462826550738633,22.60717304673348
24.72791990845365,24.19773319302361
24.330279871881118,23.667546477593568
25.258106623883698,23.534999798736052
25.125559945026183,23.402453119878544
24.661646569024896,23.00481308330601
25.58947332102747,22.540899707304725
24.993013266168674,23.468726459307298
26.119660036457518,23.00481308330601
26.583573412458804,23.932639835308585
26.583573412458804,24.462826550738633
25.920840018171248,25.302288850169532
25.65574666045623,24.860466587311166
25.258106623883698,24.993013266168674
24.72791990845365,24.59537322959614
25.78829333931374,24.59537322959614
25.258106623883698,24.993013266168674
26.84866677017383,25.58947332102747
26.31848005474378,25.65574666045623
27.445126825032624,25.65574666045623
28.483409142749792,25.65574666045623
27.90904020103391,25.58947332102747
29.764693705039065,24.860466587311166
29.234506989609024,24.59537322959614
30.02978706275409,25.58947332102747
29.49960034732404,25.125559945026183
28.969413631894,26.053386697028763
29.234506989609024,26.64984675188756
28.83686695303649,26.84866677017383
29.764693705039065,27.37885348560387
29.764693705039065,27.776493522176402
29.101960310751508,27.776493522176402
28.83686695303649,27.842766861605156
28.969413631894,28.43922691646396
29.565873686752802,28.83686695303649
30.02978706275409,28.704320274178976
29.89724038389658,28.174133558748935
29.632147026181556,27.643946843318894
29.101960310751508,27.113760127888845
28.969413631894,26.716120091316313
29.565873686752802,26.31848005474378
30.02978706275409,25.854566678742493
30.361153759897867,25.722019999884985
29.89724038389658,26.31848005474378
30.825067135899154,26.716120091316313
30.55997377818413,26.716120091316313
30.02978706275409,26.716120091316313
29.367053668466532,26.716120091316313
28.903140292465245,26.185933375886272
29.035686971322754,25.78829333931374
29.433327007895286,26.981213449031337
30.02978706275409,26.31848005474378
29.367053668466532,27.511400164461378
28.903140292465245,26.914940109602583
29.234506989609024,26.716120091316313
28.83686695303649,26.716120091316313
29.764693705039065,26.31848005474378
29.49960034732404,25.78829333931374
28.969413631894,25.324379963312452
30.02978706275409,24.794193247882404
29.49960034732404,25.258106623883698
29.89724038389658,24.860466587311166
29.632147026181556,25.65574666045623
29.101960310751508,25.58947332102747
28.969413631894,25.258106623883698
28.969413631894,24.72791990845365
28.969413631894,24.330279871881118
28.969413631894,23.800093156451076
28.969413631894,22.872266404448496
28.306680237606443,21.811892973588414
27.710220182747648,21.281706258158366
27.113760127888845,20.81779288215708
26.782393430745074,20.221332827298284
26.782393430745074,19.558599433010727
27.180033467317607,18.89586603872317
26.716120091316313,18.23313264443562
27.643946843318894,17.968039286720597
27.643946843318894,18.697046020436908
27.180033467317607,18.36567932329313
26.583573412458804,17.702945929005573
26.053386697028763,17.17275921357553
25.58947332102747,16.775119177003
25.523199981598715,16.046112443286688
24.993013266168674,16.510025819287975
24.59537322959614,16.112385782715442
24.19773319302361,15.71474574614291
22.209533010160946,15.184559030712869
21.944439652445922,13.991638920995271
21.41425293701588,13.196358847850206
20.618972863870816,12.666172132420158
20.353879506155792,12.135985416990117
19.95623946958326,11.47325202270256
19.293506075295703,10.545425270699987
18.89586603872317,10.677971949557495
17.835492607863088,9.88269187641243
17.17275921357553,9.219958482124873
16.57629915871673,
15.979839103857934,
15.582199067285401,
16.708845837574245,
16.907665855860508,
16.64257249814549,
16.377479140430466,
15.979839103857934,
15.317105709570377,
11.274432004416298,
11.340705343845052,
10.94306530727252,
10.147785234127454,
9.683871858126167,
