Y(hoy),Y(ayer)
,2.3275311815343116
,2.3275311815343116
,2.3275311815343116
,2.3275311815343116
,2.2612578421055503
,1.7973444661042635
,1.399704429531738
,0.9357910535304512
,0.4056043381004031
,0.20678431981413326
,0.20678431981413326
,0.20678431981413326
,0.20678431981413326
,0.20678431981413326
,-0.1908557167583922
,-0.7873157716172017
,-0.8535891110459488
,-0.8535891110459488
,-0.8535891110459488
,-0.8535891110459488
,-0.8535891110459488
,-0.8535891110459488
,-1.11868246876098
,-1.7151425236197753
,-1.8476892024772837
,-1.2512291476184885
,-0.8535891110459488
,-0.8535891110459488
,-0.9198624504747102
,-1.450049165904744
,-1.913962541906045
,-1.913962541906045
,-1.913962541906045
,-1.7151425236197753
,-1.2512291476184885
,-1.7372336367626815
,-1.11868246876098
,-1.5163225053335054
,-1.7151425236197753
,-1.2070469213326476
,-1.5163225053335054
,-1.913962541906045
,-1.913962541906045
,-1.913962541906045
,-1.913962541906045
,-1.913962541906045
,-1.913962541906045
,-1.913962541906045
,-1.913962541906045
,-1.913962541906045
,-1.913962541906045
,-1.913962541906045
,-1.913962541906045
,-1.913962541906045
,-1.913962541906045
,-1.913962541906045
,-1.383775826475997
,-0.8535891110459488
,-0.8535891110459488
,-0.8535891110459488
,-0.8535891110459488
,-0.8535891110459488
,-0.8535891110459488
,-0.389675735044662
,-0.8535891110459488
,0.14051098038538612
,0.4056043381004031
,1.0020643929591984
,1.2671577506742295
,1.4659777689604852
,2.5926245392493286
,1.929891144961772
,3.3879046123944008
,3.5204512912519093
,3.7855446489669333
,4.315731364396974
,3.8518179883956876
,4.05063800668195
,3.6529979701094177
,4.91219141925577
,4.448278043254483
,5.3761047952570635
,5.906291510687105
,6.436478226117146
,6.834118262689678
,7.2759405255480445
,9.15368514269612
,8.557225087837324
,8.027038372407276
,10.147785234127454
,9.617598518697413
,11.009338646701273
,10.545425270699987
,11.47325202270256
,12.401078774705141
,11.870892059275093
,14.256732278710288
,13.593998884422739
,13.06381216899269
,15.515925727856647
,14.919465672997845
,15.71474574614291
,16.57629915871673
,16.112385782715442
,17.106485874146777
,17.570399250148064
,18.498226002150638
,17.968039286720597
,19.22723273586695
,21.325888484444206
,20.751519542728325
,20.221332827298284
,19.691146111868235
,23.181541988449354
,22.60717304673348
,22.07698633130343
,25.037195492454508
,24.462826550738633
,23.932639835308585
,26.892848996459662
,26.31848005474378
,25.78829333931374
,28.748502500464816
,28.174133558748935
,27.643946843318894
,30.162333741611597
,29.49960034732404
,31.48780053018671
,30.825067135899154
,33.34345403419186
,32.68072063990431
,32.15053392447426
,34.60264748333822
,34.006187428479414
,35.0665608593395
,36.2594809690571
,35.596747574769545
,37.51867441820345
,36.92221436334465
,40.63352137135496
,40.10333465592491
,39.57314794049488
,39.04296122506483
,38.51277450963478
,37.98258779420474
,43.15190826964766
,42.48917487536011
,41.95898815993007
,41.428801444500024
,43.41700162736269
,43.81464166393522
,44.34482837936527
,44.079735021650244
,43.41700162736269
,42.75426823307514
,42.29035485707385
,41.82644148107256
,41.16370808678501
,40.50097469249745
,39.838241298209894
,39.17550790392234
,38.51277450963478
,37.98258779420474
,39.838241298209894
,39.37432792220861
,38.77786786734981
,39.10923456449358
,39.705694619352386
,39.57314794049488
,39.04296122506483
,38.91041454620732
,39.37432792220861
,39.705694619352386
,39.04296122506483
,38.51277450963478
,37.98258779420474
,37.51867441820345
,36.78966768448714
,36.39202764791461
,35.72929425362706
,34.93401418048199
,34.66892082276697
,35.6630209141983
,35.19910753819701
,36.126934290199586
,35.86184093248457
,35.33165421705452
,34.80146750162448
,34.13873410733692
,33.873640749621906
,33.40972737362062
,32.945813997619325
,32.283080603331776
,31.62034720904422
,31.222707172471686
,31.090160493614178
,30.55997377818413
,30.02978706275409
,29.49960034732404
,29.035686971322754
,28.306680237606443
,28.041586879891426
,28.704320274178976
,28.24040689817769
,27.511400164461378
,26.84866677017383
,26.384753394172535
,25.854566678742493
,26.31848005474378
,25.58947332102747
,24.993013266168674
,24.59537322959614
,25.523199981598715
,25.125559945026183
,26.451026733601296
,25.920840018171248
,26.64984675188756
,26.119660036457518
,25.65574666045623
,25.258106623883698
,24.794193247882404
,25.324379963312452
,25.854566678742493
,26.31848005474378
,26.716120091316313
,28.041586879891426
,27.37885348560387
,26.981213449031337
,28.571773595321467
,27.90904020103391
,27.24630680674636
,26.716120091316313
,26.583573412458804
,26.119660036457518
,25.65574666045623
,26.119660036457518
,26.64984675188756
,26.451026733601296
,25.854566678742493
,26.31848005474378
,27.180033467317607
,26.716120091316313
,27.643946843318894
,28.571773595321467
,28.041586879891426
,28.43922691646396
,27.975313540462672
,29.89724038389658
,29.234506989609024
,28.704320274178976
,29.89724038389658
,29.632147026181556
,29.234506989609024
,28.704320274178976
,28.174133558748935
,27.643946843318894
,27.113760127888845
,26.583573412458804
,26.119660036457518
,25.65574666045623
,28.174133558748935
,27.643946843318894
,27.113760127888845
,28.770593613607737
,28.704320274178976
,28.174133558748935
,27.710220182747648
,27.15794235417468
,26.716120091316313
,27.975313540462672
,29.101960310751508
,28.43922691646396
,29.764693705039065
,29.49960034732404
,29.035686971322754
,28.83686695303649
,28.83686695303649
,28.83686695303649
,28.83686695303649
,28.704320274178976
,28.24040689817769
,27.776493522176402
,27.37885348560387
,26.84866677017383
,29.764693705039065
,29.234506989609024
,28.704320274178976
,28.174133558748935
,27.643946843318894
,30.096060402182843
,30.626247117612884
,31.090160493614178
,31.62034720904422
,32.15053392447426
,31.090160493614178
,30.55997377818413
,30.02978706275409
,29.49960034732404
,28.969413631894
,28.43922691646396
,27.90904020103391
,30.073969289039923
,29.49960034732404
,28.969413631894
,31.929622793045077
,31.355253851329195
,30.825067135899154
,33.07836067647684
,32.61444730047555
,32.48190062161804
,32.945813997619325
,32.01798724561675
,31.355253851329195
,30.692520457041645
,30.22860708104035
,30.957613814756662
,30.55997377818413
,31.355253851329195
,30.891340475327908
,30.294880420469113
,34.536374143909455
,34.07246076790817
,33.47600071304937
,32.945813997619325
,32.415627282189284
,31.885440566759243
,37.231489947345516
,36.657121005629634
,36.126934290199586
,35.596747574769545
,35.0665608593395
,39.57314794049488
,38.91041454620732
,38.38022783077727
,37.98258779420474
,38.247681151919764
,37.717494436489716
,37.187307721059675
,36.78966768448714
,37.4524010787747
,37.054761042202166
,36.657121005629634
,36.126934290199586
,35.464200895912036
,34.80146750162448
,34.13873410733692
,33.60854739190688
,35.596747574769545
,37.58494775763221
,36.92221436334465
,36.39202764791461
,37.58494775763221
,37.054761042202166
,36.657121005629634
,36.19320762962835
,35.6630209141983
,35.0665608593395
,34.536374143909455
,33.873640749621906
,33.40972737362062
,34.867740841053234
,34.27128078619444
,35.99438761134208
,35.33165421705452
,37.76167666277556
,37.187307721059675
,36.657121005629634
,39.57314794049488
,38.976687885636075
,38.51277450963478
,38.77786786734981
,38.247681151919764
,37.85004111534723
,37.4524010787747
,36.98848770277341
,36.2594809690571
,35.596747574769545
,35.0665608593395
,34.536374143909455
,34.006187428479414
,33.34345403419186
,33.07836067647684
,32.68072063990431
,32.15053392447426
,31.62034720904422
,30.957613814756662
,30.42742709932662
,30.957613814756662
,30.42742709932662
,30.957613814756662
,30.383244873040788
,31.885440566759243
,31.28898051190044
,30.825067135899154
,31.355253851329195
,30.825067135899154
,30.162333741611597
,29.89724038389658
,29.49960034732404
,28.83686695303649
,28.174133558748935
,27.776493522176402
,28.306680237606443
,29.632147026181556
,28.969413631894
,30.02978706275409
,29.89724038389658
,29.300780329037778
,28.571773595321467
,28.306680237606443
,27.90904020103391
,27.24630680674636
,26.716120091316313
,27.776493522176402
,27.24630680674636
,30.073969289039923
,29.49960034732404
,28.969413631894
,28.43922691646396
,32.01798724561675
,31.355253851329195
,30.825067135899154
,32.15053392447426
,31.62034720904422
,31.090160493614178
,30.55997377818413
,29.89724038389658
,29.632147026181556
,29.101960310751508
,28.83686695303649
,28.704320274178976
,28.174133558748935
,27.776493522176402
,28.24040689817769
,29.367053668466532
,28.704320274178976
,30.692520457041645
,30.02978706275409
,31.885440566759243
,31.222707172471686
,30.7587937964704
,30.294880420469113
,29.764693705039065
,29.101960310751508
,29.035686971322754
,29.632147026181556
,29.49960034732404
,29.101960310751508
,30.339062646754947
,32.216807263903014
,31.62034720904422
,31.090160493614178
,32.74699397933306
,33.07836067647684
,32.415627282189284
,31.752893887901728
,31.222707172471686
,31.222707172471686
,32.216807263903014
,31.62034720904422
,31.222707172471686
,33.21090735533435
,32.68072063990431
,34.13873410733692
,33.60854739190688
,34.93401418048199
,36.2594809690571
,35.596747574769545
,36.98848770277341
,37.4524010787747
,36.92221436334465
,36.39202764791461
,35.86184093248457
,35.33165421705452
,34.80146750162448
,34.27128078619444
,33.74109407076439
,33.34345403419186
,35.33165421705452
,34.80146750162448
,34.27128078619444
,33.80736741019315
,33.34345403419186
,33.80736741019315
,34.33755412562319
,34.27128078619444
,33.80736741019315
,33.21090735533435
,32.74699397933306
,32.15053392447426
,31.62034720904422
,31.222707172471686
,32.68072063990431
,32.15053392447426
,34.27128078619444
,33.74109407076439
,33.21090735533435
,32.945813997619325
,32.48190062161804
,33.47600071304937
,33.07836067647684
,34.27128078619444
,33.80736741019315
,33.07836067647684
,32.81326731876182
,32.415627282189284
,31.885440566759243
,31.355253851329195
,30.692520457041645
,30.294880420469113
,32.415627282189284
,31.885440566759243
,31.355253851329195
,30.825067135899154
,30.42742709932662
,33.21090735533435
,32.415627282189284
,31.885440566759243
,31.355253851329195
,30.825067135899154
,30.361153759897867
,29.963513723325335
,29.89724038389658
,29.764693705039065
,29.234506989609024
,28.571773595321467
,28.306680237606443
,27.842766861605156
,28.770593613607737
,28.174133558748935
,27.776493522176402
,29.89724038389658
,29.234506989609024
,30.692520457041645
,30.825067135899154
,30.294880420469113
,29.764693705039065
,29.234506989609024
,30.825067135899154
,30.294880420469113
,29.764693705039065
,29.764693705039065
,29.234506989609024
,28.704320274178976
,28.041586879891426
,27.37885348560387
,26.84866677017383
,26.185933375886272
,25.920840018171248
,25.523199981598715
,24.860466587311166
,24.59537322959614
,26.451026733601296
,25.987113357600002
,25.65574666045623
,25.258106623883698
,24.72791990845365
,24.264006532452363
,23.667546477593568
,23.00481308330601
,22.342079689018455
,22.2758063495897
,22.60717304673348
,23.13735976216352
,22.673446386162233
,21.944439652445922
,21.281706258158366
,20.618972863870816
,20.088786148440768
,19.95623946958326
,19.42605275415322
,18.89586603872317
,18.23313264443562
,17.968039286720597
,17.570399250148064
,17.040212534718023
,16.377479140430466
,15.91356576442918
,16.64257249814549
,16.510025819287975
,15.847292425000418
,15.582199067285401
,15.184559030712869
,14.65437231528282
,13.991638920995271
,13.726545563280247
,13.328905526707715
,12.864992150706428
,12.401078774705141
,12.003438738132608
,11.47325202270256
,11.009338646701273
,10.501243044414153
,12.069712077561363
,11.47325202270256
,10.94306530727252
,13.196358847850206
,12.53362545356265
,14.389278957567804
,13.925365581566517
,13.859092242137756
,13.461452205565223
,13.06381216899269
,12.599898792991404
,11.870892059275093
,11.208158664987543
,10.545425270699987
,9.750145197554922
,9.219958482124873
,8.822318445552341
,8.358405069551054
,7.828218354121013
,7.298031638690972
,6.70157158383217
,6.038838189544613
,5.773744831829596
,5.3761047952570635
,4.890100306112849
,5.707471492400835
